,v,p,t
0,50.341209074947756,190.0,500.0
1,50.341209074947756,190.02,500.020672080913
2,50.341209074947756,190.04000000000002,500.0413416801604
3,50.341209074947756,190.06000000000003,500.06200880098123
4,50.341209074947756,190.08000000000004,500.0826734435241
5,50.341209074947756,190.10000000000005,500.10333560793737
6,50.341209074947756,190.12000000000006,500.1239952943695
7,50.341209074947756,190.14000000000007,500.14465250296877
8,50.341209074947756,190.16000000000008,500.1653072338836
9,50.341209074947756,190.1800000000001,500.1859594872623
10,50.341209074947756,190.2000000000001,500.2066092632532
11,50.341209074947756,190.2200000000001,500.22725656200447
12,50.341209074947756,190.24000000000012,500.24790138366444
13,50.341209074947756,190.26000000000013,500.2685437283813
14,50.341209074947756,190.28000000000014,500.28918359630325
15,50.341209074947756,190.30000000000015,500.30982098757846
16,50.341209074947756,190.32000000000016,500.330455902355
17,50.341209074947756,190.34000000000017,500.35108834078113
18,50.341209074947756,190.36000000000018,500.3717183030048
19,50.341209074947756,190.3800000000002,500.39234578917416
20,50.341209074947756,190.4000000000002,500.4129707994372
21,50.341209074947756,190.42000000000021,500.43359333394193
22,50.341209074947756,190.44000000000023,500.4542133928364
23,50.341209074947756,190.46000000000024,500.47483097626844
24,50.341209074947756,190.48000000000025,500.49544608438606
25,50.341209074947756,190.50000000000026,500.5160587173372
26,50.341209074947756,190.52000000000027,500.5366688752697
27,50.341209074947756,190.54000000000028,500.5572765583314
28,50.341209074947756,190.5600000000003,500.57788176667015
29,50.341209074947756,190.5800000000003,500.59848450043376
30,50.341209074947756,190.6000000000003,500.61908475977
31,50.341209074947756,190.62000000000032,500.6396825448266
32,50.341209074947756,190.64000000000033,500.6602778557513
33,50.341209074947756,190.66000000000034,500.6808706926918
34,50.341209074947756,190.68000000000035,500.7014610557958
35,50.341209074947756,190.70000000000036,500.7220489452109
36,50.341209074947756,190.72000000000037,500.7426343610847
37,50.341209074947756,190.74000000000038,500.76321730356483
38,50.341209074947756,190.7600000000004,500.7837977727989
39,50.341209074947756,190.7800000000004,500.8043757689344
40,50.341209074947756,190.8000000000004,500.82495129211884
41,50.341209074947756,190.82000000000042,500.84552434249974
42,50.341209074947756,190.84000000000043,500.86609492022455
43,50.341209074947756,190.86000000000044,500.8866630254407
44,50.341209074947756,190.88000000000045,500.90722865829565
45,50.341209074947756,190.90000000000046,500.9277918189367
46,50.341209074947756,190.92000000000047,500.9483525075113
47,50.341209074947756,190.94000000000048,500.96891072416673
48,50.341209074947756,190.9600000000005,500.9894664690503
49,50.341209074947756,190.9800000000005,501.0100197423093
50,50.341209074947756,191.0000000000005,501.030570544091
51,50.341209074947756,191.02000000000052,501.0511188745426
52,50.341209074947756,191.04000000000053,501.07166473685476
53,50.341209074947756,191.06000000000054,501.09220815314603
54,50.341209074947756,191.08000000000055,501.1127491256648
55,50.341209074947756,191.10000000000056,501.133287654556
56,50.341209074947756,191.12000000000057,501.15382373996465
57,50.341209074947756,191.14000000000058,501.1743573820357
58,50.341209074947756,191.1600000000006,501.19488858091404
59,50.341209074947756,191.1800000000006,501.2154173367446
60,50.341209074947756,191.2000000000006,501.23594364967227
61,50.341209074947756,191.22000000000062,501.25646751984186
62,50.341209074947756,191.24000000000063,501.27698894739825
63,50.25286490825595,191.26000000000064,501.2975079324862
64,50.25286490825595,191.28000000000065,501.31802447525047
65,50.25286490825595,191.30000000000067,501.33853857583586
66,50.25286490825595,191.32000000000068,501.35905023438704
67,50.25286490825595,191.34000000000069,501.37955945104875
68,50.25286490825595,191.3600000000007,501.4000662259656
69,50.25286490825595,191.3800000000007,501.4205705592823
70,50.25286490825595,191.40000000000072,501.44107245114344
71,50.25286490825595,191.42000000000073,501.4615719016936
72,50.25286490825595,191.44000000000074,501.4820689110774
73,50.25286490825595,191.46000000000075,501.5025634794394
74,50.25286490825595,191.48000000000076,501.52305560692406
75,50.25286490825595,191.50000000000077,501.5435452936759
76,50.25286490825595,191.52000000000078,501.5640325398394
77,50.25286490825595,191.5400000000008,501.584517345559
78,50.25286490825595,191.5600000000008,501.6049997109791
79,50.25286490825595,191.5800000000008,501.6254796362441
80,50.25286490825595,191.60000000000082,501.6459571214984
81,50.25286490825595,191.62000000000083,501.6664321668863
82,50.25286490825595,191.64000000000084,501.68690477255217
83,50.25286490825595,191.66000000000085,501.70737493864027
84,50.25286490825595,191.68000000000086,501.7278426652949
85,50.25286490825595,191.70000000000087,501.74830795266024
86,50.25286490825595,191.72000000000088,501.7687708008806
87,50.25286490825595,191.7400000000009,501.78923121010007
88,50.25286490825595,191.7600000000009,501.8096891804629
89,50.25286490825595,191.7800000000009,501.83014471211317
90,50.25286490825595,191.80000000000092,501.85059780519504
91,50.25286490825595,191.82000000000093,501.8710484598526
92,50.25286490825595,191.84000000000094,501.8914966762299
93,50.25286490825595,191.86000000000095,501.911942454471
94,50.25286490825595,191.88000000000096,501.9323857947199
95,50.25286490825595,191.90000000000097,501.9528266971206
96,50.25286490825595,191.92000000000098,501.9732651618171
97,50.25286490825595,191.940000000001,501.9937011889533
98,50.25286490825595,191.960000000001,502.0141347786731
99,50.25286490825595,191.980000000001,502.0345659311204
100,50.25286490825595,192.00000000000102,502.0549946464391
101,50.25286490825595,192.02000000000103,502.075420924773
102,50.25286490825595,192.04000000000104,502.095844766266
103,50.25286490825595,192.06000000000105,502.11626617558403
104,50.25286490825595,192.08000000000106,502.1366851730265
105,50.25286490825595,192.10000000000107,502.15710176047196
106,50.25286490825595,192.12000000000108,502.1775159380618
107,50.25286490825595,192.1400000000011,502.1979277059373
108,50.25286490825595,192.1600000000011,502.21833706423973
109,50.25286490825595,192.18000000000112,502.2387440131104
110,50.25286490825595,192.20000000000113,502.2591485526906
111,50.25286490825595,192.22000000000114,502.27955068312144
112,50.25286490825595,192.24000000000115,502.2999504045442
113,50.25286490825595,192.26000000000116,502.32034771709993
114,50.25286490825595,192.28000000000117,502.3407426209299
115,50.25286490825595,192.30000000000118,502.3611351161752
116,50.25286490825595,192.3200000000012,502.3815252029769
117,50.25286490825595,192.3400000000012,502.4019128814761
118,50.25286490825595,192.3600000000012,502.42229815181383
119,50.25286490825595,192.38000000000122,502.44268101413115
120,50.25286490825595,192.40000000000123,502.463061468569
121,50.25286490825595,192.42000000000124,502.48343951526834
122,50.25286490825595,192.44000000000125,502.5038151543702
123,50.25286490825595,192.46000000000126,502.52418838601545
124,50.25286490825595,192.48000000000127,502.544559210345
125,50.25286490825595,192.50000000000128,502.5649276274998
126,50.25286490825595,192.5200000000013,502.58529363762057
127,50.25286490825595,192.5400000000013,502.6056572408482
128,50.25286490825595,192.5600000000013,502.62601843732347
129,50.25286490825595,192.58000000000132,502.6463772271872
130,50.25286490825595,192.60000000000133,502.66673361058014
131,50.25286490825595,192.62000000000134,502.687087587643
132,50.25286490825595,192.64000000000135,502.70743915851654
133,50.25286490825595,192.66000000000136,502.7277883233413
134,50.25286490825595,192.68000000000137,502.7481350822581
135,50.25286490825595,192.70000000000138,502.76847943540747
136,50.25286490825595,192.7200000000014,502.78882138293005
137,50.25286490825595,192.7400000000014,502.8091609249664
138,50.25286490825595,192.7600000000014,502.82949806165715
139,50.25286490825595,192.78000000000142,502.84983279314275
140,50.25286490825595,192.80000000000143,502.87016511956375
141,50.25286490825595,192.82000000000144,502.8904950410606
142,50.25286490825595,192.84000000000145,502.91082255777377
143,50.25286490825595,192.86000000000146,502.9311476698437
144,50.25286490825595,192.88000000000147,502.9514703774109
145,50.25286490825595,192.90000000000148,502.9717906806156
146,50.25286490825595,192.9200000000015,502.9921085795982
147,50.25286490825595,192.9400000000015,503.0124240744991
148,50.25286490825595,192.96000000000151,503.0327371654586
149,50.25286490825595,192.98000000000152,503.053047852617
150,50.25286490825595,193.00000000000153,503.0733561361145
151,50.16477883267051,193.02000000000155,503.0936620160914
152,50.16477883267051,193.04000000000156,503.1139654926879
153,50.16477883267051,193.06000000000157,503.1342665660442
154,50.16477883267051,193.08000000000158,503.1545652422721
155,50.16477883267051,193.1000000000016,503.1748615400845
156,50.16477883267051,193.1200000000016,503.19515546102036
157,50.16477883267051,193.1400000000016,503.2154470052184
158,50.16477883267051,193.16000000000162,503.23573617281727
159,50.16477883267051,193.18000000000163,503.2560229639558
160,50.16477883267051,193.20000000000164,503.2763073787725
161,50.16477883267051,193.22000000000165,503.29658941740615
162,50.16477883267051,193.24000000000166,503.3168690799953
163,50.16477883267051,193.26000000000167,503.3371463666785
164,50.16477883267051,193.28000000000168,503.35742127759437
165,50.16477883267051,193.3000000000017,503.37769381288143
166,50.16477883267051,193.3200000000017,503.39796397267827
167,50.16477883267051,193.3400000000017,503.4182317571233
168,50.16477883267051,193.36000000000172,503.43849716635503
169,50.16477883267051,193.38000000000173,503.4587602005119
170,50.16477883267051,193.40000000000174,503.4790208597324
171,50.16477883267051,193.42000000000175,503.4992791441548
172,50.16477883267051,193.44000000000176,503.5195350539176
173,50.16477883267051,193.46000000000177,503.5397885891591
174,50.16477883267051,193.48000000000178,503.56003975001767
175,50.16477883267051,193.5000000000018,503.58028853663154
176,50.16477883267051,193.5200000000018,503.60053494913905
177,50.16477883267051,193.5400000000018,503.6207789876785
178,50.16477883267051,193.56000000000182,503.641020652388
179,50.16477883267051,193.58000000000183,503.66125994340587
180,50.16477883267051,193.60000000000184,503.68149686087025
181,50.16477883267051,193.62000000000185,503.7017314049193
182,50.16477883267051,193.64000000000186,503.7219635756912
183,50.16477883267051,193.66000000000187,503.742193373324
184,50.16477883267051,193.68000000000188,503.7624207979559
185,50.16477883267051,193.7000000000019,503.7826458497248
186,50.16477883267051,193.7200000000019,503.8028685287689
187,50.16477883267051,193.7400000000019,503.82308883522614
188,50.16477883267051,193.76000000000192,503.8433067692346
189,50.16477883267051,193.78000000000193,503.8635223309321
190,50.16477883267051,193.80000000000194,503.8837355204567
191,50.16477883267051,193.82000000000195,503.9039463379463
192,50.16477883267051,193.84000000000196,503.9241547835388
193,50.16477883267051,193.86000000000197,503.94436085737215
194,50.16477883267051,193.88000000000198,503.96456455958406
195,50.16477883267051,193.900000000002,503.9847658903125
196,50.16477883267051,193.920000000002,504.0049648496951
197,50.16477883267051,193.94000000000202,504.0251614378698
198,50.16477883267051,193.96000000000203,504.04535565497434
199,50.16477883267051,193.98000000000204,504.0655475011464
200,50.16477883267051,194.00000000000205,504.0857369765237
201,50.16477883267051,194.02000000000206,504.105924081244
202,50.16477883267051,194.04000000000207,504.1261088154448
203,50.16477883267051,194.06000000000208,504.14629117926387
204,50.16477883267051,194.0800000000021,504.1664711728388
205,50.16477883267051,194.1000000000021,504.18664880372586
206,50.16477883267051,194.1200000000021,504.20682408921897
207,50.16477883267051,194.14000000000212,504.2269970305357
208,50.16477883267051,194.16000000000213,504.24716762781134
209,50.16477883267051,194.18000000000214,504.2673358811813
210,50.16477883267051,194.20000000000215,504.2875017907809
211,50.16477883267051,194.22000000000216,504.3076653567455
212,50.16477883267051,194.24000000000217,504.3278265792103
213,50.16477883267051,194.26000000000218,504.34798545831063
214,50.16477883267051,194.2800000000022,504.3681419941817
215,50.16477883267051,194.3000000000022,504.3882961869587
216,50.16477883267051,194.3200000000022,504.4084480367769
217,50.16477883267051,194.34000000000222,504.42859754377145
218,50.16477883267051,194.36000000000223,504.4487447080774
219,50.16477883267051,194.38000000000224,504.46888952983
220,50.16477883267051,194.40000000000225,504.4890320091643
221,50.16477883267051,194.42000000000226,504.5091721462154
222,50.16477883267051,194.44000000000227,504.52930994111836
223,50.16477883267051,194.46000000000228,504.54944539400816
224,50.16477883267051,194.4800000000023,504.5695785050198
225,50.16477883267051,194.5000000000023,504.5897092742884
226,50.16477883267051,194.5200000000023,504.6098377019488
227,50.16477883267051,194.54000000000232,504.6299637881359
228,50.16477883267051,194.56000000000233,504.65008753298474
229,50.16477883267051,194.58000000000234,504.67020893663016
230,50.16477883267051,194.60000000000235,504.69032799920706
231,50.16477883267051,194.62000000000236,504.71044472085026
232,50.16477883267051,194.64000000000237,504.73055910169455
233,50.16477883267051,194.66000000000238,504.75067114187476
234,50.16477883267051,194.6800000000024,504.7707808415257
235,50.16477883267051,194.7000000000024,504.7908882007821
236,50.16477883267051,194.72000000000241,504.81099321977865
237,50.16477883267051,194.74000000000242,504.8310958986501
238,50.07694979383118,194.76000000000244,504.85119623753116
239,50.07694979383118,194.78000000000245,504.8712942365565
240,50.07694979383118,194.80000000000246,504.8913898958607
241,50.07694979383118,194.82000000000247,504.9114832155784
242,50.07694979383118,194.84000000000248,504.93157419584423
243,50.07694979383118,194.8600000000025,504.9516628367927
244,50.07694979383118,194.8800000000025,504.9717491385584
245,50.07694979383118,194.9000000000025,504.9918331012758
246,50.07694979383118,194.92000000000252,505.01191472507946
247,50.07694979383118,194.94000000000253,505.0319940101038
248,50.07694979383118,194.96000000000254,505.0520709564833
249,50.07694979383118,194.98000000000255,505.0721455643524
250,50.07694979383118,195.00000000000256,505.09221783384555
251,50.07694979383118,195.02000000000257,505.11228776509705
252,50.07694979383118,195.04000000000258,505.13235535824134
253,50.07694979383118,195.0600000000026,505.1524206134127
254,50.07694979383118,195.0800000000026,505.17248353074547
255,50.07694979383118,195.1000000000026,505.19254411037394
256,50.07694979383118,195.12000000000262,505.2126023611178
257,50.07694979383118,195.14000000000263,505.2326582986173
258,50.07694979383118,195.16000000000264,505.25271192376306
259,50.07694979383118,195.18000000000265,505.2727632366874
260,50.07694979383118,195.20000000000266,505.29281223752287
261,50.07694979383118,195.22000000000267,505.3128589264019
262,50.07694979383118,195.24000000000268,505.33290330345676
263,50.07694979383118,195.2600000000027,505.3529453688199
264,50.07694979383118,195.2800000000027,505.37298512262373
265,50.07694979383118,195.3000000000027,505.3930225650005
266,50.07694979383118,195.32000000000272,505.4130576960825
267,50.07694979383118,195.34000000000273,505.4330905160021
268,50.07694979383118,195.36000000000274,505.4531210248915
269,50.07694979383118,195.38000000000275,505.47314922288297
270,50.07694979383118,195.40000000000276,505.4931751101087
271,50.07694979383118,195.42000000000277,505.51319868670095
272,50.07694979383118,195.44000000000278,505.5332199527918
273,50.07694979383118,195.4600000000028,505.55323890851344
274,50.07694979383118,195.4800000000028,505.573255553998
275,50.07694979383118,195.5000000000028,505.5932698893776
276,50.07694979383118,195.52000000000282,505.6132819147843
277,50.07694979383118,195.54000000000283,505.6332916303502
278,50.07694979383118,195.56000000000284,505.6532990362073
279,50.07694979383118,195.58000000000285,505.67330413248754
280,50.07694979383118,195.60000000000286,505.69330691932305
281,50.07694979383118,195.62000000000288,505.7133073968457
282,50.07694979383118,195.64000000000289,505.73330556518755
283,50.07694979383118,195.6600000000029,505.7533014244804
284,50.07694979383118,195.6800000000029,505.77329497485624
285,50.07694979383118,195.70000000000292,505.7932862164469
286,50.07694979383118,195.72000000000293,505.81327514938425
287,50.07694979383118,195.74000000000294,505.83326177380013
288,50.07694979383118,195.76000000000295,505.8532460898263
289,50.07694979383118,195.78000000000296,505.8732280975946
290,50.07694979383118,195.80000000000297,505.89320779723687
291,50.07694979383118,195.82000000000298,505.9131851888847
292,50.07694979383118,195.840000000003,505.9331602726699
293,50.07694979383118,195.860000000003,505.95313304872417
294,50.07694979383118,195.880000000003,505.9731035171792
295,50.07694979383118,195.90000000000302,505.9930716781666
296,50.07694979383118,195.92000000000303,506.01303753181804
297,50.07694979383118,195.94000000000304,506.0330010782651
298,50.07694979383118,195.96000000000305,506.0529623176394
299,50.07694979383118,195.98000000000306,506.0729212500725
300,50.07694979383118,196.00000000000307,506.09287787569593
301,50.07694979383118,196.02000000000308,506.11283219464116
302,50.07694979383118,196.0400000000031,506.1327842070398
303,50.07694979383118,196.0600000000031,506.1527339130232
304,50.07694979383118,196.0800000000031,506.1726813127229
305,50.07694979383118,196.10000000000312,506.1926264062703
306,50.07694979383118,196.12000000000313,506.21256919379675
307,50.07694979383118,196.14000000000314,506.2325096855435
308,50.07694979383118,196.16000000000315,506.2524478959044
309,50.07694979383118,196.18000000000316,506.2723838254705
310,50.07694979383118,196.20000000000317,506.2923174743713
311,50.07694979383118,196.22000000000318,506.3122488427362
312,50.07694979383118,196.2400000000032,506.3321779306946
313,50.07694979383118,196.2600000000032,506.35210473837594
314,50.07694979383118,196.2800000000032,506.37202926590953
315,50.07694979383118,196.30000000000322,506.3919515134248
316,50.07694979383118,196.32000000000323,506.411871481051
317,50.07694979383118,196.34000000000324,506.4317891689174
318,50.07694979383118,196.36000000000325,506.4517045771534
319,50.07694979383118,196.38000000000326,506.4716177058882
320,50.07694979383118,196.40000000000327,506.4915285552511
321,50.07694979383118,196.42000000000328,506.5114371253712
322,50.07694979383118,196.4400000000033,506.53134341637775
323,50.07694979383118,196.4600000000033,506.55124742839996
324,50.07694979383118,196.48000000000332,506.57114916156695
325,50.07694979383118,196.50000000000333,506.59104861600787
326,50.07694979383118,196.52000000000334,506.6109457918518
327,49.98937674290933,196.54000000000335,506.63084068922785
328,49.98937674290933,196.56000000000336,506.65073330826505
329,49.98937674290933,196.58000000000337,506.6706236490925
330,49.98937674290933,196.60000000000338,506.6905117118391
331,49.98937674290933,196.6200000000034,506.710397496634
332,49.98937674290933,196.6400000000034,506.73028100360614
333,49.98937674290933,196.6600000000034,506.7501622328844
334,49.98937674290933,196.68000000000342,506.7700411845978
335,49.98937674290933,196.70000000000343,506.7899178588752
336,49.98937674290933,196.72000000000344,506.8097922558455
337,49.98937674290933,196.74000000000345,506.82966437563755
338,49.98937674290933,196.76000000000346,506.8495342183802
339,49.98937674290933,196.78000000000347,506.8694017842023
340,49.98937674290933,196.80000000000348,506.88926707323265
341,49.98937674290933,196.8200000000035,506.9091300856
342,49.98937674290933,196.8400000000035,506.9289908214331
343,49.98937674290933,196.8600000000035,506.9488492808607
344,49.98937674290933,196.88000000000352,506.9687054640116
345,49.98937674290933,196.90000000000353,506.98855937101433
346,49.98937674290933,196.92000000000354,507.0084110019977
347,49.98937674290933,196.94000000000355,507.0282603570903
348,49.98937674290933,196.96000000000356,507.04810743642076
349,49.98937674290933,196.98000000000357,507.0679522401177
350,49.98937674290933,197.00000000000358,507.08779476830966
351,49.98937674290933,197.0200000000036,507.10763502112525
352,49.98937674290933,197.0400000000036,507.127472998693
353,49.98937674290933,197.0600000000036,507.1473087011414
354,49.98937674290933,197.08000000000362,507.167142128599
355,49.98937674290933,197.10000000000363,507.18697328119424
356,49.98937674290933,197.12000000000364,507.2068021590556
357,49.98937674290933,197.14000000000365,507.22662876231146
358,49.98937674290933,197.16000000000366,507.24645310231574
359,49.98937674290933,197.18000000000367,507.26627519189327
360,49.98937674290933,197.20000000000368,507.2860950313341
361,49.98937674290933,197.2200000000037,507.3059126207648
362,49.98937674290933,197.2400000000037,507.3257279603118
363,49.98937674290933,197.2600000000037,507.34554105010164
364,49.98937674290933,197.28000000000372,507.36535189026074
365,49.98937674290933,197.30000000000373,507.38516048091554
366,49.98937674290933,197.32000000000374,507.4049668221925
367,49.98937674290933,197.34000000000376,507.42477091421796
368,49.98937674290933,197.36000000000377,507.44457275711835
369,49.98937674290933,197.38000000000378,507.46437235101996
370,49.98937674290933,197.40000000000379,507.48416969604915
371,49.98937674290933,197.4200000000038,507.5039647923322
372,49.98937674290933,197.4400000000038,507.52375763999544
373,49.98937674290933,197.46000000000382,507.5435482391651
374,49.98937674290933,197.48000000000383,507.56333658996743
375,49.98937674290933,197.50000000000384,507.58312269252866
376,49.98937674290933,197.52000000000385,507.602906546975
377,49.98937674290933,197.54000000000386,507.62268815343265
378,49.98937674290933,197.56000000000387,507.64246751202774
379,49.98937674290933,197.58000000000388,507.6622446228864
380,49.98937674290933,197.6000000000039,507.6820194861348
381,49.98937674290933,197.6200000000039,507.70179210189895
382,49.98937674290933,197.6400000000039,507.721562470305
383,49.98937674290933,197.66000000000392,507.74133059147897
384,49.98937674290933,197.68000000000393,507.76109646554687
385,49.98937674290933,197.70000000000394,507.7808600926348
386,49.98937674290933,197.72000000000395,507.8006214728686
387,49.98937674290933,197.74000000000396,507.8203806063744
388,49.98937674290933,197.76000000000397,507.840137493278
389,49.98937674290933,197.78000000000398,507.85989213370544
390,49.98937674290933,197.800000000004,507.8796445277826
391,49.98937674290933,197.820000000004,507.89939467563534
392,49.98937674290933,197.840000000004,507.9191425773895
393,49.98937674290933,197.86000000000402,507.938888233171
394,49.98937674290933,197.88000000000403,507.95863164310555
395,49.98937674290933,197.90000000000404,507.97837280731903
396,49.98937674290933,197.92000000000405,507.99811172593724
397,49.98937674290933,197.94000000000406,508.01784839908584
398,49.98937674290933,197.96000000000407,508.0375828268906
399,49.98937674290933,197.98000000000408,508.0573150094773
400,49.98937674290933,198.0000000000041,508.07704494697157
401,49.98937674290933,198.0200000000041,508.0967726394991
402,49.98937674290933,198.0400000000041,508.1164980871855
403,49.98937674290933,198.06000000000412,508.13622129015647
404,49.98937674290933,198.08000000000413,508.15594224853754
405,49.98937674290933,198.10000000000414,508.17566096245434
406,49.98937674290933,198.12000000000415,508.19537743203244
407,49.98937674290933,198.14000000000416,508.2150916573974
408,49.98937674290933,198.16000000000417,508.23480363879474
409,49.98937674290933,198.18000000000418,508.25451338882453
410,49.98937674290933,198.2000000000042,508.2742209190053
411,49.98937674290933,198.2200000000042,508.2939262294608
412,49.98937674290933,198.24000000000422,508.3136293203147
413,49.98937674290933,198.26000000000423,508.3333301916908
414,49.98937674290933,198.28000000000424,508.3530288437126
415,49.90205863657228,198.30000000000425,508.37272527650384
416,49.90205863657228,198.32000000000426,508.39241949018816
417,49.90205863657228,198.34000000000427,508.4121114848891
418,49.90205863657228,198.36000000000428,508.4318012607303
419,49.90205863657228,198.3800000000043,508.4514888178353
420,49.90205863657228,198.4000000000043,508.47117415632766
421,49.90205863657228,198.4200000000043,508.49085727633087
422,49.90205863657228,198.44000000000432,508.51053817796844
423,49.90205863657228,198.46000000000433,508.53021686136384
424,49.90205863657228,198.48000000000434,508.54989332664053
425,49.90205863657228,198.50000000000435,508.5695675739219
426,49.90205863657228,198.52000000000436,508.58923960333146
427,49.90205863657228,198.54000000000437,508.6089094149926
428,49.90205863657228,198.56000000000438,508.6285770090286
429,49.90205863657228,198.5800000000044,508.6482423855629
430,49.90205863657228,198.6000000000044,508.66790554471885
431,49.90205863657228,198.6200000000044,508.6875664866197
432,49.90205863657228,198.64000000000442,508.70722521138873
433,49.90205863657228,198.66000000000443,508.7268817191493
434,49.90205863657228,198.68000000000444,508.74653601002456
435,49.90205863657228,198.70000000000445,508.76618808413775
436,49.90205863657228,198.72000000000446,508.78583794161216
437,49.90205863657228,198.74000000000447,508.80548558257095
438,49.90205863657228,198.76000000000448,508.82513100713726
439,49.90205863657228,198.7800000000045,508.84477421543426
440,49.90205863657228,198.8000000000045,508.86441520758507
441,49.90205863657228,198.8200000000045,508.88405398371276
442,49.90205863657228,198.84000000000452,508.90369054394046
443,49.90205863657228,198.86000000000453,508.9233248883913
444,49.90205863657228,198.88000000000454,508.9429570171882
445,49.90205863657228,198.90000000000455,508.9625869304542
446,49.90205863657228,198.92000000000456,508.9822146283124
447,49.90205863657228,198.94000000000457,509.0018401108857
448,49.90205863657228,198.96000000000458,509.02146337829714
449,49.90205863657228,198.9800000000046,509.04108443066957
450,49.90205863657228,199.0000000000046,509.06070326812596
451,49.90205863657228,199.02000000000461,509.0803198907892
452,49.90205863657228,199.04000000000462,509.0999342987822
453,49.90205863657228,199.06000000000464,509.1195464922278
454,49.90205863657228,199.08000000000465,509.13915647124884
455,49.90205863657228,199.10000000000466,509.1587642359681
456,49.90205863657228,199.12000000000467,509.17836978650837
457,49.90205863657228,199.14000000000468,509.1979731229925
458,49.90205863657228,199.1600000000047,509.2175742455432
459,49.90205863657228,199.1800000000047,509.23717315467593
460,49.90205863657228,199.2000000000047,509.25676986377476
461,49.90205863657228,199.22000000000472,509.2763643826877
462,49.90205863657228,199.24000000000473,509.29595671153544
463,49.90205863657228,199.26000000000474,509.31554685043875
464,49.90205863657228,199.28000000000475,509.3351347995184
465,49.90205863657228,199.30000000000476,509.35472055889517
466,49.90205863657228,199.32000000000477,509.3743041286897
467,49.90205863657228,199.34000000000478,509.3938855090227
468,49.90205863657228,199.3600000000048,509.41346470001486
469,49.90205863657228,199.3800000000048,509.4330417017868
470,49.90205863657228,199.4000000000048,509.4526165144592
471,49.90205863657228,199.42000000000482,509.47218913815254
472,49.90205863657228,199.44000000000483,509.4917595729875
473,49.90205863657228,199.46000000000484,509.51132781908467
474,49.90205863657228,199.48000000000485,509.53089387656456
475,49.90205863657228,199.50000000000486,509.5504577455477
476,49.90205863657228,199.52000000000487,509.5700194261546
477,49.90205863657228,199.54000000000488,509.58957891850577
478,49.90205863657228,199.5600000000049,509.60913622272165
479,49.90205863657228,199.5800000000049,509.6286913389227
480,49.90205863657228,199.6000000000049,509.6482442672293
481,49.90205863657228,199.62000000000492,509.6677950077619
482,49.90205863657228,199.64000000000493,509.6873435606409
483,49.90205863657228,199.66000000000494,509.7068899259867
484,49.90205863657228,199.68000000000495,509.72643410391953
485,49.90205863657228,199.70000000000496,509.7459760945598
486,49.90205863657228,199.72000000000497,509.7655158980278
487,49.90205863657228,199.74000000000498,509.7850535144438
488,49.90205863657228,199.760000000005,509.80458894392814
489,49.90205863657228,199.780000000005,509.82412218660096
490,49.90205863657228,199.800000000005,509.84365324258255
491,49.90205863657228,199.82000000000502,509.8631821119931
492,49.90205863657228,199.84000000000503,509.88270879495286
493,49.90205863657228,199.86000000000504,509.9022332915819
494,49.90205863657228,199.88000000000505,509.9217556020004
495,49.90205863657228,199.90000000000506,509.9412757263285
496,49.90205863657228,199.92000000000507,509.9607936646863
497,49.90205863657228,199.94000000000509,509.9803094171939
498,49.90205863657228,199.9600000000051,509.99982298397134
499,49.90205863657228,199.9800000000051,510.0193343637183
500,49.90205863657228,200.00000000000512,510.0388435550957
501,49.90205863657228,200.02000000000513,510.05835055821996
502,49.90205863657228,200.04000000000514,510.07785537321183
503,49.90205863657228,200.06000000000515,510.0973580001921
504,49.90205863657228,200.08000000000516,510.1168584392816
505,49.90205863657228,200.10000000000517,510.13635669060096
506,49.90205863657228,200.12000000000518,510.1558527542709
507,49.90205863657228,200.1400000000052,510.1753466304121
508,49.90205863657228,200.1600000000052,510.1948383191452
509,49.81499443694832,200.1800000000052,510.21432782059094
510,49.81499443694832,200.20000000000522,510.23381513552783
511,49.81499443694832,200.22000000000523,510.25330027821394
512,49.81499443694832,200.24000000000524,510.272783256985
513,49.81499443694832,200.26000000000525,510.2922640719604
514,49.81499443694832,200.28000000000526,510.31174272325944
515,49.81499443694832,200.30000000000527,510.33121921100155
516,49.81499443694832,200.32000000000528,510.350693535306
517,49.81499443694832,200.3400000000053,510.37016569629213
518,49.81499443694832,200.3600000000053,510.38963569407923
519,49.81499443694832,200.3800000000053,510.40910352878655
520,49.81499443694832,200.40000000000532,510.4285692005333
521,49.81499443694832,200.42000000000533,510.44803270943873
522,49.81499443694832,200.44000000000534,510.46749405562207
523,49.81499443694832,200.46000000000535,510.4869532392025
524,49.81499443694832,200.48000000000536,510.50641026029916
525,49.81499443694832,200.50000000000537,510.52586511903127
526,49.81499443694832,200.52000000000538,510.5453178155179
527,49.81499443694832,200.5400000000054,510.56476834987814
528,49.81499443694832,200.5600000000054,510.58421672223113
529,49.81499443694832,200.5800000000054,510.6036629326959
530,49.81499443694832,200.60000000000542,510.6231069813915
531,49.81499443694832,200.62000000000543,510.642548868437
532,49.81499443694832,200.64000000000544,510.6619885939514
533,49.81499443694832,200.66000000000545,510.6814261580536
534,49.81499443694832,200.68000000000546,510.70086156086273
535,49.81499443694832,200.70000000000547,510.7202948024976
536,49.81499443694832,200.72000000000548,510.73972588307726
537,49.81499443694832,200.7400000000055,510.75915480272056
538,49.81499443694832,200.7600000000055,510.7785815615464
539,49.81499443694832,200.78000000000551,510.7980061596736
540,49.81499443694832,200.80000000000553,510.8174285972211
541,49.81499443694832,200.82000000000554,510.8368488743077
542,49.81499443694832,200.84000000000555,510.85626699105217
543,49.81499443694832,200.86000000000556,510.87568294757335
544,49.81499443694832,200.88000000000557,510.89509674399
545,49.81499443694832,200.90000000000558,510.9145083804209
546,49.81499443694832,200.9200000000056,510.93391785698475
547,49.81499443694832,200.9400000000056,510.9533251738003
548,49.81499443694832,200.9600000000056,510.9727303309862
549,49.81499443694832,200.98000000000562,510.99213332866117
550,49.81499443694832,201.00000000000563,511.0115341669438
551,49.81499443694832,201.02000000000564,511.0309328459528
552,49.81499443694832,201.04000000000565,511.05032936580676
553,49.81499443694832,201.06000000000566,511.06972372662426
554,49.81499443694832,201.08000000000567,511.08911592852394
555,49.81499443694832,201.10000000000568,511.1085059716243
556,49.81499443694832,201.1200000000057,511.1278938560439
557,49.81499443694832,201.1400000000057,511.1472795819012
558,49.81499443694832,201.1600000000057,511.1666631493148
559,49.81499443694832,201.18000000000572,511.18604455840307
560,49.81499443694832,201.20000000000573,511.2054238092846
561,49.81499443694832,201.22000000000574,511.22480090299604
562,49.81499443694832,201.24000000000575,511.244175854698
563,49.81499443694832,201.26000000000576,511.263548671285
564,49.81499443694832,201.28000000000577,511.28291935287336
565,49.81499443694832,201.30000000000578,511.30228789957965
566,49.81499443694832,201.3200000000058,511.3216543115203
567,49.81499443694832,201.3400000000058,511.3410185888118
568,49.81499443694832,201.3600000000058,511.36038073157044
569,49.81499443694832,201.38000000000582,511.37974073991273
570,49.81499443694832,201.40000000000583,511.399098613955
571,49.81499443694832,201.42000000000584,511.4184543538136
572,49.81499443694832,201.44000000000585,511.43780795960487
573,49.81499443694832,201.46000000000586,511.4571594314451
574,49.81499443694832,201.48000000000587,511.4765087694507
575,49.81499443694832,201.50000000000588,511.49585597373783
576,49.81499443694832,201.5200000000059,511.51520104442284
577,49.81499443694832,201.5400000000059,511.53454398162194
578,49.81499443694832,201.5600000000059,511.5538847854513
579,49.81499443694832,201.58000000000592,511.5732234560272
580,49.81499443694832,201.60000000000593,511.59255999346584
581,49.81499443694832,201.62000000000594,511.6118943978833
582,49.81499443694832,201.64000000000595,511.6312266693958
583,49.81499443694832,201.66000000000597,511.6505568081194
584,49.81499443694832,201.68000000000598,511.66988481417025
585,49.81499443694832,201.70000000000599,511.68921068766446
586,49.81499443694832,201.720000000006,511.70853442871805
587,49.81499443694832,201.740000000006,511.7278560374471
588,49.81499443694832,201.76000000000602,511.74717551396765
589,49.81499443694832,201.78000000000603,511.76649285839574
590,49.81499443694832,201.80000000000604,511.7858080708473
591,49.81499443694832,201.82000000000605,511.8051211514383
592,49.81499443694832,201.84000000000606,511.82443210028475
593,49.81499443694832,201.86000000000607,511.8437409175026
594,49.81499443694832,201.88000000000608,511.86304760320775
595,49.81499443694832,201.9000000000061,511.88235215751604
596,49.81499443694832,201.9200000000061,511.90165458054344
597,49.81499443694832,201.9400000000061,511.92095487240573
598,49.72818311159177,201.96000000000612,511.9402530332188
599,49.72818311159177,201.98000000000613,511.9595490630985
600,49.72818311159177,202.00000000000614,511.97884296216057
601,49.72818311159177,202.02000000000615,511.9981347305208
602,49.72818311159177,202.04000000000616,512.017424368295
603,49.72818311159177,202.06000000000617,512.0367118755988
604,49.72818311159177,202.08000000000618,512.0559972525481
605,49.72818311159177,202.1000000000062,512.0752804992585
606,49.72818311159177,202.1200000000062,512.0945616158457
607,49.72818311159177,202.1400000000062,512.1138406024254
608,49.72818311159177,202.16000000000622,512.1331174591132
609,49.72818311159177,202.18000000000623,512.1523921860248
610,49.72818311159177,202.20000000000624,512.1716647832758
611,49.72818311159177,202.22000000000625,512.1909352509817
612,49.72818311159177,202.24000000000626,512.210203590412
613,49.72818311159177,202.26000000000627,512.229469817352
614,49.72818311159177,202.28000000000628,512.2487339372024
615,49.72818311159177,202.3000000000063,512.2679959500772
616,49.72818311159177,202.3200000000063,512.2872558560905
617,49.72818311159177,202.3400000000063,512.3065136553562
618,49.72818311159177,202.36000000000632,512.3257693479882
619,49.72818311159177,202.38000000000633,512.3450229341004
620,49.72818311159177,202.40000000000634,512.3642744138067
621,49.72818311159177,202.42000000000635,512.3835237872211
622,49.72818311159177,202.44000000000636,512.4027710544574
623,49.72818311159177,202.46000000000637,512.4220162156295
624,49.72818311159177,202.48000000000638,512.4412592708511
625,49.72818311159177,202.5000000000064,512.4605002202361
626,49.72818311159177,202.5200000000064,512.4797390638983
627,49.72818311159177,202.54000000000642,512.4989758019514
628,49.72818311159177,202.56000000000643,512.5182104345092
629,49.72818311159177,202.58000000000644,512.5374429616855
630,49.72818311159177,202.60000000000645,512.556673383594
631,49.72818311159177,202.62000000000646,512.5759017003483
632,49.72818311159177,202.64000000000647,512.5951279120621
633,49.72818311159177,202.66000000000648,512.6143520188492
634,49.72818311159177,202.6800000000065,512.6335740208231
635,49.72818311159177,202.7000000000065,512.6527939180974
636,49.72818311159177,202.7200000000065,512.6720117107858
637,49.72818311159177,202.74000000000652,512.6912273990018
638,49.72818311159177,202.76000000000653,512.7104409828592
639,49.72818311159177,202.78000000000654,512.7296524624712
640,49.72818311159177,202.80000000000655,512.7488618379516
641,49.72818311159177,202.82000000000656,512.7680691094138
642,49.72818311159177,202.84000000000657,512.7872742769713
643,49.72818311159177,202.86000000000658,512.8064773407376
644,49.72818311159177,202.8800000000066,512.8256783008261
645,49.72818311159177,202.9000000000066,512.8448771573503
646,49.72818311159177,202.9200000000066,512.8640739104236
647,49.72818311159177,202.94000000000662,512.8832685601594
648,49.72818311159177,202.96000000000663,512.9024611066711
649,49.72818311159177,202.98000000000664,512.921651550072
650,49.72818311159177,203.00000000000665,512.9408398904756
651,49.72818311159177,203.02000000000666,512.960026127995
652,49.72818311159177,203.04000000000667,512.9792102627437
653,49.72818311159177,203.06000000000668,512.9983922948348
654,49.72818311159177,203.0800000000067,513.0175722243819
655,49.72818311159177,203.1000000000067,513.036750051498
656,49.72818311159177,203.1200000000067,513.0559257762962
657,49.72818311159177,203.14000000000672,513.0750993988901
658,49.72818311159177,203.16000000000673,513.0942709193926
659,49.72818311159177,203.18000000000674,513.1134403379169
660,49.72818311159177,203.20000000000675,513.1326076545763
661,49.72818311159177,203.22000000000676,513.1517728694839
662,49.72818311159177,203.24000000000677,513.1709359827528
663,49.72818311159177,203.26000000000678,513.1900969959066
664,49.72818311159177,203.2800000000068,513.2092559257251
665,49.72818311159177,203.3000000000068,513.2284127762915
666,49.72818311159177,203.32000000000681,513.2475675477175
667,49.72818311159177,203.34000000000682,513.2667202401145
668,49.72818311159177,203.36000000000683,513.2858708535941
669,49.72818311159177,203.38000000000685,513.3050193882677
670,49.72818311159177,203.40000000000686,513.3241658442469
671,49.72818311159177,203.42000000000687,513.343310221643
672,49.72818311159177,203.44000000000688,513.3624525205676
673,49.72818311159177,203.4600000000069,513.381592741132
674,49.72818311159177,203.4800000000069,513.4007308834475
675,49.72818311159177,203.5000000000069,513.4198669476257
676,49.72818311159177,203.52000000000692,513.4390009337778
677,49.72818311159177,203.54000000000693,513.4581328420153
678,49.72818311159177,203.56000000000694,513.4772626724493
679,49.72818311159177,203.58000000000695,513.4963904251914
680,49.72818311159177,203.60000000000696,513.5155161003527
681,49.72818311159177,203.62000000000697,513.5346396980444
682,49.72818311159177,203.64000000000698,513.553761218378
683,49.72818311159177,203.660000000007,513.5728806614645
684,49.72818311159177,203.680000000007,513.5919980274153
685,49.72818311159177,203.700000000007,513.6111133163415
686,49.72818311159177,203.72000000000702,513.6302265283543
687,49.72818311159177,203.74000000000703,513.6493376635649
688,49.64162363344828,203.76000000000704,513.6684467220844
689,49.64162363344828,203.78000000000705,513.6875537040239
690,49.64162363344828,203.80000000000706,513.7066586094946
691,49.64162363344828,203.82000000000707,513.7257614386076
692,49.64162363344828,203.84000000000708,513.7448621914739
693,49.64162363344828,203.8600000000071,513.7639608682044
694,49.64162363344828,203.8800000000071,513.7830574689104
695,49.64162363344828,203.9000000000071,513.8021519937029
696,49.64162363344828,203.92000000000712,513.8212444426928
697,49.64162363344828,203.94000000000713,513.840334815991
698,49.64162363344828,203.96000000000714,513.8594231137087
699,49.64162363344828,203.98000000000715,513.8785093359567
700,49.64162363344828,204.00000000000716,513.8975934828459
701,49.64162363344828,204.02000000000717,513.9166755544873
702,49.64162363344828,204.04000000000718,513.9357555509916
703,49.64162363344828,204.0600000000072,513.95483347247
704,49.64162363344828,204.0800000000072,513.9739093190332
705,49.64162363344828,204.1000000000072,513.992983090792
706,49.64162363344828,204.12000000000722,514.0120547878572
707,49.64162363344828,204.14000000000723,514.0311244103397
708,49.64162363344828,204.16000000000724,514.0501919583502
709,49.64162363344828,204.18000000000725,514.0692574319995
710,49.64162363344828,204.20000000000726,514.0883208313984
711,49.64162363344828,204.22000000000727,514.1073821566575
712,49.64162363344828,204.24000000000729,514.1264414078877
713,49.64162363344828,204.2600000000073,514.1454985851996
714,49.64162363344828,204.2800000000073,514.1645536903236
715,49.64162363344828,204.30000000000732,514.1836067405391
716,49.64162363344828,204.32000000000733,514.2026577385453
717,49.64162363344828,204.34000000000734,514.2217066844516
718,49.64162363344828,204.36000000000735,514.240753578367
719,49.64162363344828,204.38000000000736,514.2597984204007
720,49.64162363344828,204.40000000000737,514.2788412106617
721,49.64162363344828,204.42000000000738,514.297881949259
722,49.64162363344828,204.4400000000074,514.3169206363019
723,49.64162363344828,204.4600000000074,514.3359572718992
724,49.64162363344828,204.4800000000074,514.3549918561602
725,49.64162363344828,204.50000000000742,514.3740243891936
726,49.64162363344828,204.52000000000743,514.3930548711085
727,49.64162363344828,204.54000000000744,514.4120833020138
728,49.64162363344828,204.56000000000745,514.4311096820186
729,49.64162363344828,204.58000000000746,514.4501340112317
730,49.64162363344828,204.60000000000747,514.4691562897622
731,49.64162363344828,204.62000000000748,514.4881765177187
732,49.64162363344828,204.6400000000075,514.5071946952103
733,49.64162363344828,204.6600000000075,514.5262108223458
734,49.64162363344828,204.6800000000075,514.545224899234
735,49.64162363344828,204.70000000000752,514.5642369259838
736,49.64162363344828,204.72000000000753,514.583246902704
737,49.64162363344828,204.74000000000754,514.6022548295033
738,49.64162363344828,204.76000000000755,514.6212607064906
739,49.64162363344828,204.78000000000756,514.6402645337746
740,49.64162363344828,204.80000000000757,514.659266311464
741,49.64162363344828,204.82000000000758,514.6782660396675
742,49.64162363344828,204.8400000000076,514.6972637184939
743,49.64162363344828,204.8600000000076,514.7162593480518
744,49.64162363344828,204.8800000000076,514.73525292845
745,49.64162363344828,204.90000000000762,514.7542444597971
746,49.64162363344828,204.92000000000763,514.7732339422016
747,49.64162363344828,204.94000000000764,514.7922213757722
748,49.64162363344828,204.96000000000765,514.8112067606176
749,49.64162363344828,204.98000000000766,514.8301900968462
750,49.64162363344828,205.00000000000767,514.8491713845667
751,49.64162363344828,205.02000000000768,514.8681506238876
752,49.64162363344828,205.0400000000077,514.8871278149174
753,49.64162363344828,205.0600000000077,514.9061029577647
754,49.64162363344828,205.08000000000771,514.9250760525379
755,49.64162363344828,205.10000000000773,514.9440470993454
756,49.64162363344828,205.12000000000774,514.9630160982958
757,49.64162363344828,205.14000000000775,514.9819830494976
758,49.64162363344828,205.16000000000776,515.000947953059
759,49.64162363344828,205.18000000000777,515.0199108090886
760,49.64162363344828,205.20000000000778,515.0388716176947
761,49.64162363344828,205.2200000000078,515.0578303789856
762,49.64162363344828,205.2400000000078,515.0767870930698
763,49.64162363344828,205.2600000000078,515.0957417600556
764,49.64162363344828,205.28000000000782,515.1146943800512
765,49.64162363344828,205.30000000000783,515.1336449553932
766,49.64162363344828,205.32000000000784,515.1525935036
767,49.64162363344828,205.34000000000785,515.1715400264653
768,49.64162363344828,205.36000000000786,515.1904845240961
769,49.64162363344828,205.38000000000787,515.2094269965991
770,49.64162363344828,205.40000000000788,515.228367444081
771,49.64162363344828,205.4200000000079,515.2473058666484
772,49.64162363344828,205.4400000000079,515.2662422644081
773,49.64162363344828,205.4600000000079,515.2851766374669
774,49.64162363344828,205.48000000000792,515.3041089859313
775,49.64162363344828,205.50000000000793,515.323039309908
776,49.64162363344828,205.52000000000794,515.3419676095037
777,49.64162363344828,205.54000000000795,515.360893884825
778,49.55531498082059,205.56000000000796,515.3798181359786
779,49.55531498082059,205.58000000000797,515.3987403630708
780,49.55531498082059,205.60000000000798,515.4176605662084
781,49.55531498082059,205.620000000008,515.4365787454979
782,49.55531498082059,205.640000000008,515.4554949010458
783,49.55531498082059,205.660000000008,515.4744090329586
784,49.55531498082059,205.68000000000802,515.4933211413429
785,49.55531498082059,205.70000000000803,515.5122312263051
786,49.55531498082059,205.72000000000804,515.5311392879516
787,49.55531498082059,205.74000000000805,515.5500453263891
788,49.55531498082059,205.76000000000806,515.5689493417237
789,49.55531498082059,205.78000000000807,515.5878513340621
790,49.55531498082059,205.80000000000808,515.6067513035105
791,49.55531498082059,205.8200000000081,515.6256492501752
792,49.55531498082059,205.8400000000081,515.6445451741628
793,49.55531498082059,205.8600000000081,515.6634390755795
794,49.55531498082059,205.88000000000812,515.6823309545317
795,49.55531498082059,205.90000000000813,515.7012208111257
796,49.55531498082059,205.92000000000814,515.7201086454678
797,49.55531498082059,205.94000000000815,515.7389944576643
798,49.55531498082059,205.96000000000816,515.7578782478213
799,49.55531498082059,205.98000000000818,515.7767600160452
800,49.55531498082059,206.00000000000819,515.7956397624422
801,49.55531498082059,206.0200000000082,515.8145174871185
802,49.55531498082059,206.0400000000082,515.8333931901802
803,49.55531498082059,206.06000000000822,515.8522668717336
804,49.55531498082059,206.08000000000823,515.8711385318849
805,49.55531498082059,206.10000000000824,515.8900081707401
806,49.55531498082059,206.12000000000825,515.9088757884053
807,49.55531498082059,206.14000000000826,515.9277413849868
808,49.55531498082059,206.16000000000827,515.9466049605904
809,49.55531498082059,206.18000000000828,515.9654665153224
810,49.55531498082059,206.2000000000083,515.9843260492888
811,49.55531498082059,206.2200000000083,516.0031835625957
812,49.55531498082059,206.2400000000083,516.0220390553491
813,49.55531498082059,206.26000000000832,516.0408925276548
814,49.55531498082059,206.28000000000833,516.059743979619
815,49.55531498082059,206.30000000000834,516.0785934113476
816,49.55531498082059,206.32000000000835,516.097440826331
817,49.55531498082059,206.34000000000836,516.1162862406023
818,49.55531498082059,206.36000000000837,516.1351296556597
819,49.55531498082059,206.38000000000838,516.1539710716074
820,49.55531498082059,206.4000000000084,516.1728104885498
821,49.55531498082059,206.4200000000084,516.1916479065909
822,49.55531498082059,206.4400000000084,516.2104833258352
823,49.55531498082059,206.46000000000842,516.2293167463868
824,49.55531498082059,206.48000000000843,516.2481481683498
825,49.55531498082059,206.50000000000844,516.2669775918284
826,49.55531498082059,206.52000000000845,516.285805016927
827,49.55531498082059,206.54000000000846,516.3046304437496
828,49.55531498082059,206.56000000000847,516.3234538724003
829,49.55531498082059,206.58000000000848,516.3422753029832
830,49.55531498082059,206.6000000000085,516.3610947356025
831,49.55531498082059,206.6200000000085,516.3799121703622
832,49.55531498082059,206.6400000000085,516.3987276073665
833,49.55531498082059,206.66000000000852,516.4175410467193
834,49.55531498082059,206.68000000000853,516.4363524885247
835,49.55531498082059,206.70000000000854,516.4551619328867
836,49.55531498082059,206.72000000000855,516.4739693799092
837,49.55531498082059,206.74000000000856,516.4927748296964
838,49.55531498082059,206.76000000000857,516.511578282352
839,49.55531498082059,206.78000000000858,516.5303797379803
840,49.55531498082059,206.8000000000086,516.5491791966849
841,49.55531498082059,206.8200000000086,516.5679766585699
842,49.55531498082059,206.84000000000862,516.5867721237391
843,49.55531498082059,206.86000000000863,516.6055655922966
844,49.55531498082059,206.88000000000864,516.624357064346
845,49.55531498082059,206.90000000000865,516.6431465399912
846,49.55531498082059,206.92000000000866,516.6619340193362
847,49.55531498082059,206.94000000000867,516.6807195024846
848,49.55531498082059,206.96000000000868,516.6995029895404
849,49.55531498082059,206.9800000000087,516.7182844806073
850,49.55531498082059,207.0000000000087,516.737063975789
851,49.55531498082059,207.0200000000087,516.7558414751894
852,49.55531498082059,207.04000000000872,516.7746169789121
853,49.55531498082059,207.06000000000873,516.793390487061
854,49.55531498082059,207.08000000000874,516.8121619997395
855,49.55531498082059,207.10000000000875,516.8309315170516
856,49.55531498082059,207.12000000000876,516.8496990391008
857,49.55531498082059,207.14000000000877,516.8684645659907
858,49.55531498082059,207.16000000000878,516.8872280978251
859,49.55531498082059,207.1800000000088,516.9059896347075
860,49.55531498082059,207.2000000000088,516.9247491767414
861,49.55531498082059,207.2200000000088,516.9435067240307
862,49.55531498082059,207.24000000000882,516.9622622766788
863,49.55531498082059,207.26000000000883,516.9810158347891
864,49.55531498082059,207.28000000000884,516.9997673984653
865,49.55531498082059,207.30000000000885,517.018516967811
866,49.55531498082059,207.32000000000886,517.0372645429296
867,49.55531498082059,207.34000000000887,517.05601012851
868,49.55531498082059,207.36000000000888,517.0747537395415
869,49.469256137334284,207.3800000000089,517.0934953772709
870,49.469256137334284,207.4000000000089,517.1122350418003
871,49.469256137334284,207.4200000000089,517.130972733232
872,49.469256137334284,207.44000000000892,517.1497084516684
873,49.469256137334284,207.46000000000893,517.1684421972113
874,49.469256137334284,207.48000000000894,517.1871739699632
875,49.469256137334284,207.50000000000895,517.205903770026
876,49.469256137334284,207.52000000000896,517.2246315975019
877,49.469256137334284,207.54000000000897,517.2433574524931
878,49.469256137334284,207.56000000000898,517.2620813351017
879,49.469256137334284,207.580000000009,517.2808032454298
880,49.469256137334284,207.600000000009,517.2995231835793
881,49.469256137334284,207.62000000000901,517.3182411496523
882,49.469256137334284,207.64000000000902,517.336957143751
883,49.469256137334284,207.66000000000903,517.3556711659772
884,49.469256137334284,207.68000000000904,517.3743832164331
885,49.469256137334284,207.70000000000906,517.3930932952205
886,49.469256137334284,207.72000000000907,517.4118014024416
887,49.469256137334284,207.74000000000908,517.4305075381982
888,49.469256137334284,207.7600000000091,517.4492117025922
889,49.469256137334284,207.7800000000091,517.4679138957256
890,49.469256137334284,207.8000000000091,517.4866141177002
891,49.469256137334284,207.82000000000912,517.5053123686181
892,49.469256137334284,207.84000000000913,517.524008648581
893,49.469256137334284,207.86000000000914,517.5427029576908
894,49.469256137334284,207.88000000000915,517.5613952960495
895,49.469256137334284,207.90000000000916,517.5800856637586
896,49.469256137334284,207.92000000000917,517.5987740609202
897,49.469256137334284,207.94000000000918,517.6174604876359
898,49.469256137334284,207.9600000000092,517.6361449440076
899,49.469256137334284,207.9800000000092,517.654827430137
900,49.469256137334284,208.0000000000092,517.6735079461258
901,49.469256137334284,208.02000000000922,517.6921864920758
902,49.469256137334284,208.04000000000923,517.7108630680888
903,49.469256137334284,208.06000000000924,517.7295376742663
904,49.469256137334284,208.08000000000925,517.7482103107102
905,49.469256137334284,208.10000000000926,517.766880977522
906,49.469256137334284,208.12000000000927,517.7855496748033
907,49.469256137334284,208.14000000000928,517.8042164026558
908,49.469256137334284,208.1600000000093,517.8228811611813
909,49.469256137334284,208.1800000000093,517.8415439504811
910,49.469256137334284,208.2000000000093,517.8602047706569
911,49.469256137334284,208.22000000000932,517.8788636218103
912,49.469256137334284,208.24000000000933,517.8975205040429
913,49.469256137334284,208.26000000000934,517.9161754174561
914,49.469256137334284,208.28000000000935,517.9348283621515
915,49.469256137334284,208.30000000000936,517.9534793382306
916,49.469256137334284,208.32000000000937,517.9721283457949
917,49.469256137334284,208.34000000000938,517.9907753849458
918,49.469256137334284,208.3600000000094,518.0094204614553
919,49.469256137334284,208.3800000000094,518.0280635890246
920,49.469256137334284,208.4000000000094,518.0467047686345
921,49.469256137334284,208.42000000000942,518.0653440003849
922,49.469256137334284,208.44000000000943,518.0839812843757
923,49.469256137334284,208.46000000000944,518.1026166207066
924,49.469256137334284,208.48000000000945,518.1212500094775
925,49.469256137334284,208.50000000000946,518.1398814507883
926,49.469256137334284,208.52000000000947,518.1585109447385
927,49.469256137334284,208.54000000000948,518.1771384914281
928,49.469256137334284,208.5600000000095,518.1957640909567
929,49.469256137334284,208.5800000000095,518.2143877434241
930,49.469256137334284,208.60000000000952,518.23300944893
931,49.469256137334284,208.62000000000953,518.2516292075742
932,49.469256137334284,208.64000000000954,518.2702470194562
933,49.469256137334284,208.66000000000955,518.2888628846757
934,49.469256137334284,208.68000000000956,518.3074768033325
935,49.469256137334284,208.70000000000957,518.326088775526
936,49.469256137334284,208.72000000000958,518.3446988013561
937,49.469256137334284,208.7400000000096,518.3633068809222
938,49.469256137334284,208.7600000000096,518.3819130143239
939,49.469256137334284,208.7800000000096,518.4005172016608
940,49.469256137334284,208.80000000000962,518.4191194430325
941,49.469256137334284,208.82000000000963,518.4377197385386
942,49.469256137334284,208.84000000000964,518.4563180882785
943,49.469256137334284,208.86000000000965,518.4749144923518
944,49.469256137334284,208.88000000000966,518.4935089508579
945,49.469256137334284,208.90000000000967,518.5121014638962
946,49.469256137334284,208.92000000000968,518.5306920315663
947,49.469256137334284,208.9400000000097,518.5492806539677
948,49.469256137334284,208.9600000000097,518.5678673311997
949,49.469256137334284,208.9800000000097,518.5864520633619
950,49.469256137334284,209.00000000000972,518.6050348505535
951,49.469256137334284,209.02000000000973,518.623615692874
952,49.469256137334284,209.04000000000974,518.6421945904226
953,49.469256137334284,209.06000000000975,518.6607715432989
954,49.469256137334284,209.08000000000976,518.6793465516021
955,49.469256137334284,209.10000000000977,518.6979196154315
956,49.469256137334284,209.12000000000978,518.7164907348864
957,49.469256137334284,209.1400000000098,518.7350599100662
958,49.469256137334284,209.1600000000098,518.7536271410701
959,49.469256137334284,209.1800000000098,518.7721924279973
960,49.38344609190403,209.20000000000982,518.7907557709472
961,49.38344609190403,209.22000000000983,518.8093171700189
962,49.38344609190403,209.24000000000984,518.8278766253115
963,49.38344609190403,209.26000000000985,518.8464341369245
964,49.38344609190403,209.28000000000986,518.8649897049568
965,49.38344609190403,209.30000000000987,518.8835433295077
966,49.38344609190403,209.32000000000988,518.9020950106764
967,49.38344609190403,209.3400000000099,518.9206447485618
968,49.38344609190403,209.3600000000099,518.9391925432633
969,49.38344609190403,209.38000000000991,518.9577384015894
970,49.38344609190403,209.40000000000992,518.9762823360127
971,49.38344609190403,209.42000000000994,518.9948243472603
972,49.38344609190403,209.44000000000995,519.0133644354302
973,49.38344609190403,209.46000000000996,519.0319026006201
974,49.38344609190403,209.48000000000997,519.050438842928
975,49.38344609190403,209.50000000000998,519.0689731624516
976,49.38344609190403,209.52000000001,519.0875055592887
977,49.38344609190403,209.54000000001,519.1060360335371
978,49.38344609190403,209.56000000001,519.1245645852945
979,49.38344609190403,209.58000000001002,519.1430912146586
980,49.38344609190403,209.60000000001003,519.1616159217273
981,49.38344609190403,209.62000000001004,519.1801387065981
982,49.38344609190403,209.64000000001005,519.1986595693688
983,49.38344609190403,209.66000000001006,519.2171785101372
984,49.38344609190403,209.68000000001007,519.2356955290007
985,49.38344609190403,209.70000000001008,519.2542106260572
986,49.38344609190403,209.7200000000101,519.2727238014043
987,49.38344609190403,209.7400000000101,519.2912350551394
988,49.38344609190403,209.7600000000101,519.3097443873603
989,49.38344609190403,209.78000000001012,519.3282517981646
990,49.38344609190403,209.80000000001013,519.3467572876498
991,49.38344609190403,209.82000000001014,519.3652608559134
992,49.38344609190403,209.84000000001015,519.3837625030532
993,49.38344609190403,209.86000000001016,519.4022622291665
994,49.38344609190403,209.88000000001017,519.4207600343508
995,49.38344609190403,209.90000000001018,519.4392559187037
996,49.38344609190403,209.9200000000102,519.4577498823227
997,49.38344609190403,209.9400000000102,519.4762419253051
998,49.38344609190403,209.9600000000102,519.4947320477485
999,49.38344609190403,209.98000000001022,519.5132202497502
1000,49.38344609190403,210.00000000001023,519.5317065314078
1001,49.38344609190403,210.02000000001024,519.5501908928187
1002,49.38344609190403,210.04000000001025,519.5686733340801
1003,49.38344609190403,210.06000000001026,519.5871538552896
1004,49.38344609190403,210.08000000001027,519.6056324565443
1005,49.38344609190403,210.10000000001028,519.6241091379418
1006,49.38344609190403,210.1200000000103,519.6425838995793
1007,49.38344609190403,210.1400000000103,519.6610567415541
1008,49.38344609190403,210.1600000000103,519.6795276639637
1009,49.38344609190403,210.18000000001032,519.697996666905
1010,49.38344609190403,210.20000000001033,519.7164637504757
1011,49.38344609190403,210.22000000001034,519.7349289147727
1012,49.38344609190403,210.24000000001035,519.7533921598933
1013,49.38344609190403,210.26000000001036,519.7718534859349
1014,49.38344609190403,210.28000000001038,519.7903128929945
1015,49.38344609190403,210.30000000001039,519.8087703811694
1016,49.38344609190403,210.3200000000104,519.8272259505568
1017,49.38344609190403,210.3400000000104,519.8456796012538
1018,49.38344609190403,210.36000000001042,519.8641313333576
1019,49.38344609190403,210.38000000001043,519.8825811469653
1020,49.38344609190403,210.40000000001044,519.901029050017
1021,49.38344609190403,210.42000000001045,519.9194750540106
1022,49.38344609190403,210.44000000001046,519.9379191594373
1023,49.38344609190403,210.46000000001047,519.956361366393
1024,49.38344609190403,210.48000000001048,519.9748016749734
1025,49.38344609190403,210.5000000000105,519.9932400852741
1026,49.38344609190403,210.5200000000105,520.0116765969409
1027,49.38344609190403,210.5400000000105,520.0301112083463
1028,49.38344609190403,210.56000000001052,520.0485439194449
1029,49.38344609190403,210.58000000001053,520.0669747303328
1030,49.38344609190403,210.60000000001054,520.0854036411062
1031,49.38344609190403,210.62000000001055,520.1038306518609
1032,49.38344609190403,210.64000000001056,520.1222557626932
1033,49.38344609190403,210.66000000001057,520.1406789736989
1034,49.38344609190403,210.68000000001058,520.1591002849741
1035,49.38344609190403,210.7000000000106,520.1775196966149
1036,49.38344609190403,210.7200000000106,520.1959372087172
1037,49.38344609190403,210.7400000000106,520.2143528213769
1038,49.38344609190403,210.76000000001062,520.2327665346901
1039,49.38344609190403,210.78000000001063,520.2511783487525
1040,49.38344609190403,210.80000000001064,520.2695882636604
1041,49.38344609190403,210.82000000001065,520.2879962795093
1042,49.38344609190403,210.84000000001066,520.3064023963954
1043,49.38344609190403,210.86000000001067,520.3248066144143
1044,49.38344609190403,210.88000000001068,520.3432089336621
1045,49.38344609190403,210.9000000000107,520.3616093542346
1046,49.38344609190403,210.9200000000107,520.3800078762275
1047,49.38344609190403,210.9400000000107,520.3984044997367
1048,49.38344609190403,210.96000000001072,520.416799224858
1049,49.38344609190403,210.98000000001073,520.4351920516872
1050,49.38344609190403,211.00000000001074,520.45358298032
1051,49.38344609190403,211.02000000001075,520.4719720108523
1052,49.38344609190403,211.04000000001076,520.4903591433796
1053,49.38344609190403,211.06000000001077,520.5087443779978
1054,49.38344609190403,211.08000000001078,520.5271277148026
1055,49.38344609190403,211.1000000000108,520.5455091538897
1056,49.29788383869991,211.1200000000108,520.5638886953549
1057,49.29788383869991,211.14000000001082,520.5822663392936
1058,49.29788383869991,211.16000000001083,520.6006420858016
1059,49.29788383869991,211.18000000001084,520.6190159349745
1060,49.29788383869991,211.20000000001085,520.637387886908
1061,49.29788383869991,211.22000000001086,520.6557579416976
1062,49.29788383869991,211.24000000001087,520.674126099439
1063,49.29788383869991,211.26000000001088,520.6924923602277
1064,49.29788383869991,211.2800000000109,520.7108567241593
1065,49.29788383869991,211.3000000000109,520.7292191913292
1066,49.29788383869991,211.3200000000109,520.7475797618332
1067,49.29788383869991,211.34000000001092,520.7659384357667
1068,49.29788383869991,211.36000000001093,520.784295213225
1069,49.29788383869991,211.38000000001094,520.8026500943039
1070,49.29788383869991,211.40000000001095,520.8210030790987
1071,49.29788383869991,211.42000000001096,520.839354176439
1072,49.29788383869991,211.44000000001097,520.8577033965839
1073,49.29788383869991,211.46000000001098,520.8760507397868
1074,49.29788383869991,211.480000000011,520.8943962061418
1075,49.29788383869991,211.500000000011,520.9127397957429
1076,49.29788383869991,211.520000000011,520.9310815086845
1077,49.29788383869991,211.54000000001102,520.9494213450608
1078,49.29788383869991,211.56000000001103,520.967759304966
1079,49.29788383869991,211.58000000001104,520.9860953884939
1080,49.29788383869991,211.60000000001105,521.004429595739
1081,49.29788383869991,211.62000000001106,521.0227619267953
1082,49.29788383869991,211.64000000001107,521.0410923817569
1083,49.29788383869991,211.66000000001108,521.059420960718
1084,49.29788383869991,211.6800000000111,521.0777476637724
1085,49.29788383869991,211.7000000000111,521.0960724910143
1086,49.29788383869991,211.7200000000111,521.1143954425379
1087,49.29788383869991,211.74000000001112,521.1327165184371
1088,49.29788383869991,211.76000000001113,521.1510357188058
1089,49.29788383869991,211.78000000001114,521.1693530437382
1090,49.29788383869991,211.80000000001115,521.1876684933281
1091,49.29788383869991,211.82000000001116,521.2059820676697
1092,49.29788383869991,211.84000000001117,521.2242937668567
1093,49.29788383869991,211.86000000001118,521.2426035909833
1094,49.29788383869991,211.8800000000112,521.2609115401433
1095,49.29788383869991,211.9000000000112,521.2792176144306
1096,49.29788383869991,211.9200000000112,521.2975218139392
1097,49.29788383869991,211.94000000001122,521.3158241387628
1098,49.29788383869991,211.96000000001123,521.3341245889953
1099,49.29788383869991,211.98000000001124,521.3524231647308
1100,49.29788383869991,212.00000000001125,521.3707198660629
1101,49.29788383869991,212.02000000001127,521.3890146930855
1102,49.29788383869991,212.04000000001128,521.4073076458924
1103,49.29788383869991,212.06000000001129,521.4255987245774
1104,49.29788383869991,212.0800000000113,521.4438879292343
1105,49.29788383869991,212.1000000000113,521.4621752599568
1106,49.29788383869991,212.12000000001132,521.4804607168387
1107,49.29788383869991,212.14000000001133,521.4987442999739
1108,49.29788383869991,212.16000000001134,521.5170260094558
1109,49.29788383869991,212.18000000001135,521.5353058453784
1110,49.29788383869991,212.20000000001136,521.5535838078353
1111,49.29788383869991,212.22000000001137,521.57185989692
1112,49.29788383869991,212.24000000001138,521.5901341127264
1113,49.29788383869991,212.2600000000114,521.6084064553481
1114,49.29788383869991,212.2800000000114,521.6266769248788
1115,49.29788383869991,212.3000000000114,521.644945521412
1116,49.29788383869991,212.32000000001142,521.6632122450412
1117,49.29788383869991,212.34000000001143,521.6814770958603
1118,49.29788383869991,212.36000000001144,521.6997400739626
1119,49.29788383869991,212.38000000001145,521.7180011794419
1120,49.29788383869991,212.40000000001146,521.7362604123915
1121,49.29788383869991,212.42000000001147,521.7545177729709
1122,49.29788383869991,212.44000000001148,521.7727732710517
1123,49.29788383869991,212.4600000000115,521.7910269159133
1124,49.29788383869991,212.4800000000115,521.8092787076479
1125,49.29788383869991,212.5000000000115,521.8275286463476
1126,49.29788383869991,212.52000000001152,521.8457767321046
1127,49.29788383869991,212.54000000001153,521.8640229650111
1128,49.29788383869991,212.56000000001154,521.8822673451594
1129,49.29788383869991,212.58000000001155,521.9005098726416
1130,49.29788383869991,212.60000000001156,521.9187505475496
1131,49.29788383869991,212.62000000001157,521.9369893699758
1132,49.29788383869991,212.64000000001158,521.9552263400122
1133,49.29788383869991,212.6600000000116,521.973461457751
1134,49.29788383869991,212.6800000000116,521.9916947232841
1135,49.29788383869991,212.7000000000116,522.0099261367037
1136,49.29788383869991,212.72000000001162,522.0281556981018
1137,49.29788383869991,212.74000000001163,522.0463834075705
1138,49.29788383869991,212.76000000001164,522.0646092652017
1139,49.29788383869991,212.78000000001165,522.0828332710877
1140,49.29788383869991,212.80000000001166,522.1010554253202
1141,49.29788383869991,212.82000000001167,522.1192757279912
1142,49.29788383869991,212.84000000001168,522.1374941791928
1143,49.29788383869991,212.8600000000117,522.1557107790169
1144,49.29788383869991,212.8800000000117,522.1739255275554
1145,49.29788383869991,212.90000000001172,522.1921384249003
1146,49.29788383869991,212.92000000001173,522.2103494711436
1147,49.29788383869991,212.94000000001174,522.2285586663769
1148,49.21256837711415,212.96000000001175,522.2467660106923
1149,49.21256837711415,212.98000000001176,522.2649715041817
1150,49.21256837711415,213.00000000001177,522.283175146937
1151,49.21256837711415,213.02000000001178,522.3013769390498
1152,49.21256837711415,213.0400000000118,522.319576880612
1153,49.21256837711415,213.0600000000118,522.3377749717155
1154,49.21256837711415,213.0800000000118,522.3559712124521
1155,49.21256837711415,213.10000000001182,522.3741656029135
1156,49.21256837711415,213.12000000001183,522.3923581431916
1157,49.21256837711415,213.14000000001184,522.410548833378
1158,49.21256837711415,213.16000000001185,522.4287376735646
1159,49.21256837711415,213.18000000001186,522.446924663843
1160,49.21256837711415,213.20000000001187,522.4651098043049
1161,49.21256837711415,213.22000000001188,522.4832930950421
1162,49.21256837711415,213.2400000000119,522.5014745361462
1163,49.21256837711415,213.2600000000119,522.519654127709
1164,49.21256837711415,213.2800000000119,522.5378318698221
1165,49.21256837711415,213.30000000001192,522.556007762577
1166,49.21256837711415,213.32000000001193,522.5741818060656
1167,49.21256837711415,213.34000000001194,522.5923540003793
1168,49.21256837711415,213.36000000001195,522.6105243456096
1169,49.21256837711415,213.38000000001196,522.6286928418484
1170,49.21256837711415,213.40000000001197,522.6468594891871
1171,49.21256837711415,213.42000000001198,522.6650242877173
1172,49.21256837711415,213.440000000012,522.6831872378117
1173,49.21256837711415,213.460000000012,522.7013483499059
1174,49.21256837711415,213.480000000012,522.719507631904
1175,49.21256837711415,213.50000000001202,522.7376650838963
1176,49.21256837711415,213.52000000001203,522.7558207059731
1177,49.21256837711415,213.54000000001204,522.7739744982243
1178,49.21256837711415,213.56000000001205,522.7921264607404
1179,49.21256837711415,213.58000000001206,522.8102765936114
1180,49.21256837711415,213.60000000001207,522.8284248969276
1181,49.21256837711415,213.62000000001208,522.846571370779
1182,49.21256837711415,213.6400000000121,522.8647160152557
1183,49.21256837711415,213.6600000000121,522.882858830448
1184,49.21256837711415,213.68000000001211,522.9009998164457
1185,49.21256837711415,213.70000000001212,522.9191389733393
1186,49.21256837711415,213.72000000001213,522.9372763012185
1187,49.21256837711415,213.74000000001215,522.9554118001736
1188,49.21256837711415,213.76000000001216,522.9735454702945
1189,49.21256837711415,213.78000000001217,522.9916773116714
1190,49.21256837711415,213.80000000001218,523.0098073243942
1191,49.21256837711415,213.8200000000122,523.0279355085528
1192,49.21256837711415,213.8400000000122,523.0460618642373
1193,49.21256837711415,213.8600000000122,523.0641863915378
1194,49.21256837711415,213.88000000001222,523.0823090905441
1195,49.21256837711415,213.90000000001223,523.1004299613462
1196,49.21256837711415,213.92000000001224,523.1185490040341
1197,49.21256837711415,213.94000000001225,523.1366662186975
1198,49.21256837711415,213.96000000001226,523.1547816054266
1199,49.21256837711415,213.98000000001227,523.1728951643112
1200,49.21256837711415,214.00000000001228,523.1910068954411
1201,49.21256837711415,214.0200000000123,523.2091167989062
1202,49.21256837711415,214.0400000000123,523.2272248747963
1203,49.21256837711415,214.0600000000123,523.2453311232014
1204,49.21256837711415,214.08000000001232,523.2634355442111
1205,49.21256837711415,214.10000000001233,523.2815381379154
1206,49.21256837711415,214.12000000001234,523.299638904404
1207,49.21256837711415,214.14000000001235,523.3177378437667
1208,49.21256837711415,214.16000000001236,523.3358349560933
1209,49.21256837711415,214.18000000001237,523.3539302414736
1210,49.21256837711415,214.20000000001238,523.3720236999973
1211,49.21256837711415,214.2200000000124,523.390115331754
1212,49.21256837711415,214.2400000000124,523.4082051368337
1213,49.21256837711415,214.2600000000124,523.4262931153258
1214,49.21256837711415,214.28000000001242,523.4443792673202
1215,49.21256837711415,214.30000000001243,523.4624635929065
1216,49.21256837711415,214.32000000001244,523.4805460921743
1217,49.21256837711415,214.34000000001245,523.4986267652133
1218,49.21256837711415,214.36000000001246,523.5167056121131
1219,49.21256837711415,214.38000000001247,523.5347826329634
1220,49.21256837711415,214.40000000001248,523.5528578278537
1221,49.21256837711415,214.4200000000125,523.5709311968736
1222,49.21256837711415,214.4400000000125,523.5890027401128
1223,49.21256837711415,214.4600000000125,523.6070724581593
1224,49.21256837711415,214.48000000001252,523.6251403623128
1225,49.21256837711415,214.50000000001253,523.6432064593856
1226,49.21256837711415,214.52000000001254,523.6612707494661
1227,49.21256837711415,214.54000000001255,523.6793332326425
1228,49.21256837711415,214.56000000001256,523.697393909003
1229,49.21256837711415,214.58000000001257,523.715452778636
1230,49.21256837711415,214.60000000001259,523.7335098416295
1231,49.21256837711415,214.6200000000126,523.7515650980718
1232,49.21256837711415,214.6400000000126,523.769618548051
1233,49.21256837711415,214.66000000001262,523.7876701916553
1234,49.21256837711415,214.68000000001263,523.8057200289728
1235,49.21256837711415,214.70000000001264,523.8237680600918
1236,49.21256837711415,214.72000000001265,523.8418142851003
1237,49.21256837711415,214.74000000001266,523.8598587040865
1238,49.21256837711415,214.76000000001267,523.8779013171384
1239,49.21256837711415,214.78000000001268,523.8959421243442
1240,49.12749871172796,214.8000000000127,523.9139811257918
1241,49.12749871172796,214.8200000000127,523.9320183215694
1242,49.12749871172796,214.8400000000127,523.9500537117651
1243,49.12749871172796,214.86000000001272,523.9680872964668
1244,49.12749871172796,214.88000000001273,523.9861190757625
1245,49.12749871172796,214.90000000001274,524.0041490497404
1246,49.12749871172796,214.92000000001275,524.0221772184882
1247,49.12749871172796,214.94000000001276,524.040203582094
1248,49.12749871172796,214.96000000001277,524.058228140646
1249,49.12749871172796,214.98000000001278,524.0762508942317
1250,49.12749871172796,215.0000000000128,524.0942718429395
1251,49.12749871172796,215.0200000000128,524.112290986857
1252,49.12749871172796,215.0400000000128,524.1303083260723
1253,49.12749871172796,215.06000000001282,524.1483238606731
1254,49.12749871172796,215.08000000001283,524.1663375907475
1255,49.12749871172796,215.10000000001284,524.1843495163832
1256,49.12749871172796,215.12000000001285,524.2023596376682
1257,49.12749871172796,215.14000000001286,524.2203679546902
1258,49.12749871172796,215.16000000001287,524.2383744675373
1259,49.12749871172796,215.18000000001288,524.256379176297
1260,49.12749871172796,215.2000000000129,524.2743820810572
1261,49.12749871172796,215.2200000000129,524.2923831819057
1262,49.12749871172796,215.2400000000129,524.3103824789304
1263,49.12749871172796,215.26000000001292,524.3283799722188
1264,49.12749871172796,215.28000000001293,524.3463756618589
1265,49.12749871172796,215.30000000001294,524.3643695479384
1266,49.12749871172796,215.32000000001295,524.3823616305449
1267,49.12749871172796,215.34000000001296,524.4003519097662
1268,49.12749871172796,215.36000000001297,524.4183403856899
1269,49.12749871172796,215.38000000001298,524.4363270584039
1270,49.12749871172796,215.400000000013,524.4543119279956
1271,49.12749871172796,215.420000000013,524.4722949945528
1272,49.12749871172796,215.44000000001301,524.4902762581632
1273,49.12749871172796,215.46000000001303,524.5082557189144
1274,49.12749871172796,215.48000000001304,524.526233377588
1275,49.12749871172796,215.50000000001305,524.544209245984
1276,49.12749871172796,215.52000000001306,524.5621833296545
1277,49.12749871172796,215.54000000001307,524.5801556286859
1278,49.12749871172796,215.56000000001308,524.5981261431644
1279,49.12749871172796,215.5800000000131,524.6160948731765
1280,49.12749871172796,215.6000000000131,524.6340618188084
1281,49.12749871172796,215.6200000000131,524.6520269801465
1282,49.12749871172796,215.64000000001312,524.669990357277
1283,49.12749871172796,215.66000000001313,524.6879519502863
1284,49.12749871172796,215.68000000001314,524.7059117592606
1285,49.12749871172796,215.70000000001315,524.7238697842862
1286,49.12749871172796,215.72000000001316,524.7418260254493
1287,49.12749871172796,215.74000000001317,524.7597804828362
1288,49.12749871172796,215.76000000001318,524.777733156533
1289,49.12749871172796,215.7800000000132,524.795684046626
1290,49.12749871172796,215.8000000000132,524.8136331532013
1291,49.12749871172796,215.8200000000132,524.8315804763452
1292,49.12749871172796,215.84000000001322,524.8495260161437
1293,49.12749871172796,215.86000000001323,524.8674697726832
1294,49.12749871172796,215.88000000001324,524.8854117460496
1295,49.12749871172796,215.90000000001325,524.9033519363292
1296,49.12749871172796,215.92000000001326,524.921290343608
1297,49.12749871172796,215.94000000001327,524.9392269679721
1298,49.12749871172796,215.96000000001328,524.9571618095076
1299,49.12749871172796,215.9800000000133,524.9750948683006
1300,49.12749871172796,216.0000000000133,524.9930261444372
1301,49.12749871172796,216.0200000000133,525.0109556380033
1302,49.12749871172796,216.04000000001332,525.0288833490852
1303,49.12749871172796,216.06000000001333,525.0468092777687
1304,49.12749871172796,216.08000000001334,525.06473342414
1305,49.12749871172796,216.10000000001335,525.0826557882848
1306,49.12749871172796,216.12000000001336,525.1005763702893
1307,49.12749871172796,216.14000000001337,525.1184951702394
1308,49.12749871172796,216.16000000001338,525.136412188221
1309,49.12749871172796,216.1800000000134,525.1543274243202
1310,49.12749871172796,216.2000000000134,525.1722408786228
1311,49.12749871172796,216.2200000000134,525.1901525512149
1312,49.12749871172796,216.24000000001342,525.2080624421822
1313,49.12749871172796,216.26000000001343,525.2259705516105
1314,49.12749871172796,216.28000000001344,525.243876879586
1315,49.12749871172796,216.30000000001345,525.2617814261944
1316,49.12749871172796,216.32000000001347,525.2796841915215
1317,49.12749871172796,216.34000000001348,525.2975851756531
1318,49.12749871172796,216.36000000001349,525.3154843786753
1319,49.12749871172796,216.3800000000135,525.3333818006736
1320,49.12749871172796,216.4000000000135,525.3512774417339
1321,49.12749871172796,216.42000000001352,525.3691713019422
1322,49.12749871172796,216.44000000001353,525.387063381384
1323,49.12749871172796,216.46000000001354,525.4049536801451
1324,49.12749871172796,216.48000000001355,525.4228421983113
1325,49.12749871172796,216.50000000001356,525.4407289368727
1326,49.12749871172796,216.52000000001357,525.4586139084633
1327,49.12749871172796,216.54000000001358,525.4764971175771
1328,49.12749871172796,216.5600000000136,525.4943785642985
1329,49.12749871172796,216.5800000000136,525.5122582487122
1330,49.12749871172796,216.6000000000136,525.5301361709028
1331,49.12749871172796,216.62000000001362,525.5480123309549
1332,49.12749871172796,216.64000000001363,525.5658867289529
1333,49.042673852278675,216.66000000001364,525.5837593649816
1334,49.042673852278675,216.68000000001365,525.6016302391254
1335,49.042673852278675,216.70000000001366,525.6194993514688
1336,49.042673852278675,216.72000000001367,525.6373667020963
1337,49.042673852278675,216.74000000001368,525.6552322910925
1338,49.042673852278675,216.7600000000137,525.6730961185418
1339,49.042673852278675,216.7800000000137,525.6909581845288
1340,49.042673852278675,216.8000000000137,525.7088184891377
1341,49.042673852278675,216.82000000001372,525.7266770324532
1342,49.042673852278675,216.84000000001373,525.7445338145595
1343,49.042673852278675,216.86000000001374,525.7623888355413
1344,49.042673852278675,216.88000000001375,525.7802420954829
1345,49.042673852278675,216.90000000001376,525.7980935944686
1346,49.042673852278675,216.92000000001377,525.8159433325828
1347,49.042673852278675,216.94000000001378,525.83379130991
1348,49.042673852278675,216.9600000000138,525.8516375265344
1349,49.042673852278675,216.9800000000138,525.8694819825405
1350,49.042673852278675,217.0000000000138,525.8873246780125
1351,49.042673852278675,217.02000000001382,525.9051656130349
1352,49.042673852278675,217.04000000001383,525.9230047876919
1353,49.042673852278675,217.06000000001384,525.9408422020676
1354,49.042673852278675,217.08000000001385,525.9586778562466
1355,49.042673852278675,217.10000000001386,525.976511750313
1356,49.042673852278675,217.12000000001387,525.9943438843511
1357,49.042673852278675,217.14000000001388,526.0121742584452
1358,49.042673852278675,217.1600000000139,526.0300028726793
1359,49.042673852278675,217.1800000000139,526.0478297271379
1360,49.042673852278675,217.20000000001392,526.0656548219051
1361,49.042673852278675,217.22000000001393,526.0834781570651
1362,49.042673852278675,217.24000000001394,526.101299732702
1363,49.042673852278675,217.26000000001395,526.1191195489001
1364,49.042673852278675,217.28000000001396,526.1369376057435
1365,49.042673852278675,217.30000000001397,526.1547539033162
1366,49.042673852278675,217.32000000001398,526.1725684417025
1367,49.042673852278675,217.340000000014,526.1903812209865
1368,49.042673852278675,217.360000000014,526.2081922412523
1369,49.042673852278675,217.380000000014,526.2260015025839
1370,49.042673852278675,217.40000000001402,526.2438090050655
1371,49.042673852278675,217.42000000001403,526.2616147487811
1372,49.042673852278675,217.44000000001404,526.2794187338147
1373,49.042673852278675,217.46000000001405,526.2972209602505
1374,49.042673852278675,217.48000000001406,526.3150214281723
1375,49.042673852278675,217.50000000001407,526.3328201376643
1376,49.042673852278675,217.52000000001408,526.3506170898937
1377,49.042673852278675,217.5400000000141,526.3684122979544
1378,49.042673852278675,217.5600000000141,526.3862057651894
1379,49.042673852278675,217.5800000000141,526.4039974916814
1380,49.042673852278675,217.60000000001412,526.4217874775129
1381,49.042673852278675,217.62000000001413,526.4395757227666
1382,49.042673852278675,217.64000000001414,526.4573622275251
1383,49.042673852278675,217.66000000001415,526.475146991871
1384,49.042673852278675,217.68000000001416,526.4929300158869
1385,49.042673852278675,217.70000000001417,526.5107112996554
1386,49.042673852278675,217.72000000001418,526.5284908432591
1387,49.042673852278675,217.7400000000142,526.5462686467804
1388,49.042673852278675,217.7600000000142,526.5640447103019
1389,49.042673852278675,217.7800000000142,526.5818190339062
1390,49.042673852278675,217.80000000001422,526.5995916176757
1391,49.042673852278675,217.82000000001423,526.6173624616931
1392,49.042673852278675,217.84000000001424,526.6351315660407
1393,49.042673852278675,217.86000000001425,526.652898930801
1394,49.042673852278675,217.88000000001426,526.6706645560565
1395,49.042673852278675,217.90000000001427,526.6884284418898
1396,49.042673852278675,217.92000000001428,526.706190588383
1397,49.042673852278675,217.9400000000143,526.7239509956188
1398,49.042673852278675,217.9600000000143,526.7417096636794
1399,49.042673852278675,217.98000000001431,526.7594665926475
1400,49.042673852278675,218.00000000001432,526.7772217826052
1401,49.042673852278675,218.02000000001433,526.7949752336351
1402,49.042673852278675,218.04000000001435,526.8127269458195
1403,49.042673852278675,218.06000000001436,526.8304769192406
1404,49.042673852278675,218.08000000001437,526.8482251539808
1405,49.042673852278675,218.10000000001438,526.8659716501226
1406,49.042673852278675,218.1200000000144,526.8837164077481
1407,49.042673852278675,218.1400000000144,526.9014594269398
1408,49.042673852278675,218.1600000000144,526.9192007077799
1409,49.042673852278675,218.18000000001442,526.9369402503505
1410,49.042673852278675,218.20000000001443,526.9546780547341
1411,49.042673852278675,218.22000000001444,526.972414121013
1412,49.042673852278675,218.24000000001445,526.9901484492692
1413,49.042673852278675,218.26000000001446,527.0078810395852
1414,49.042673852278675,218.28000000001447,527.025611892043
1415,49.042673852278675,218.30000000001448,527.0433410067249
1416,49.042673852278675,218.3200000000145,527.061068383713
1417,49.042673852278675,218.3400000000145,527.0787940230896
1418,49.042673852278675,218.3600000000145,527.0965179249367
1419,49.042673852278675,218.38000000001452,527.1142400893367
1420,49.042673852278675,218.40000000001453,527.1319605163716
1421,49.042673852278675,218.42000000001454,527.1496792061236
1422,49.042673852278675,218.44000000001455,527.1673961586746
1423,49.042673852278675,218.46000000001456,527.1851113741069
1424,49.042673852278675,218.48000000001457,527.2028248525025
1425,49.042673852278675,218.50000000001458,527.2205365939437
1426,48.958092813627204,218.5200000000146,527.2382465985124
1427,48.958092813627204,218.5400000000146,527.2559548675711
1428,48.958092813627204,218.5600000000146,527.2736614149488
1429,48.958092813627204,218.58000000001462,527.291366242951
1430,48.958092813627204,218.60000000001463,527.3090693516589
1431,48.958092813627204,218.62000000001464,527.326770741154
1432,48.958092813627204,218.64000000001465,527.3444704115176
1433,48.958092813627204,218.66000000001466,527.3621683628312
1434,48.958092813627204,218.68000000001467,527.3798645951761
1435,48.958092813627204,218.70000000001468,527.3975591086336
1436,48.958092813627204,218.7200000000147,527.415251903285
1437,48.958092813627204,218.7400000000147,527.4329429792117
1438,48.958092813627204,218.7600000000147,527.450632336495
1439,48.958092813627204,218.78000000001472,527.4683199752161
1440,48.958092813627204,218.80000000001473,527.4860058954564
1441,48.958092813627204,218.82000000001474,527.5036900972971
1442,48.958092813627204,218.84000000001475,527.5213725808194
1443,48.958092813627204,218.86000000001476,527.5390533461047
1444,48.958092813627204,218.88000000001477,527.556732393234
1445,48.958092813627204,218.90000000001478,527.5744097222888
1446,48.958092813627204,218.9200000000148,527.5920853333502
1447,48.958092813627204,218.9400000000148,527.6097592264992
1448,48.958092813627204,218.96000000001482,527.6274314018174
1449,48.958092813627204,218.98000000001483,527.6451018593856
1450,48.958092813627204,219.00000000001484,527.6627705992851
1451,48.958092813627204,219.02000000001485,527.680437621597
1452,48.958092813627204,219.04000000001486,527.6981029264025
1453,48.958092813627204,219.06000000001487,527.7157665137828
1454,48.958092813627204,219.08000000001488,527.7334283838188
1455,48.958092813627204,219.1000000000149,527.7510885365917
1456,48.958092813627204,219.1200000000149,527.7687469721827
1457,48.958092813627204,219.1400000000149,527.7864036906727
1458,48.958092813627204,219.16000000001492,527.8040586921429
1459,48.958092813627204,219.18000000001493,527.8217119766744
1460,48.958092813627204,219.20000000001494,527.839363544348
1461,48.958092813627204,219.22000000001495,527.8570133952448
1462,48.958092813627204,219.24000000001496,527.874661529446
1463,48.958092813627204,219.26000000001497,527.8923079470325
1464,48.958092813627204,219.28000000001498,527.9099526480852
1465,48.958092813627204,219.300000000015,527.9275956326851
1466,48.958092813627204,219.320000000015,527.9452369009133
1467,48.958092813627204,219.340000000015,527.9628764528507
1468,48.958092813627204,219.36000000001502,527.9805142885781
1469,48.958092813627204,219.38000000001503,527.9981504081766
1470,48.958092813627204,219.40000000001504,528.015784811727
1471,48.958092813627204,219.42000000001505,528.0334174993103
1472,48.958092813627204,219.44000000001506,528.0510484710073
1473,48.958092813627204,219.46000000001507,528.0686777268991
1474,48.958092813627204,219.48000000001508,528.0863052670662
1475,48.958092813627204,219.5000000000151,528.1039310915897
1476,48.958092813627204,219.5200000000151,528.1215552005506
1477,48.958092813627204,219.5400000000151,528.1391775940294
1478,48.958092813627204,219.56000000001512,528.1567982737437
1479,48.958092813627204,219.58000000001513,528.1744172536906
1480,48.958092813627204,219.60000000001514,528.1920345353144
1481,48.958092813627204,219.62000000001515,528.2096501186943
1482,48.958092813627204,219.64000000001516,528.2272640039097
1483,48.958092813627204,219.66000000001517,528.24487619104
1484,48.958092813627204,219.68000000001518,528.2624866801648
1485,48.958092813627204,219.7000000000152,528.2800954713632
1486,48.958092813627204,219.7200000000152,528.2977025647148
1487,48.958092813627204,219.74000000001521,528.3153079602988
1488,48.958092813627204,219.76000000001522,528.3329116581946
1489,48.958092813627204,219.78000000001524,528.3505136584815
1490,48.958092813627204,219.80000000001525,528.3681139612389
1491,48.958092813627204,219.82000000001526,528.3857125665461
1492,48.958092813627204,219.84000000001527,528.4033094744823
1493,48.958092813627204,219.86000000001528,528.4209046851267
1494,48.958092813627204,219.8800000000153,528.4384981985588
1495,48.958092813627204,219.9000000000153,528.4560900148578
1496,48.958092813627204,219.9200000000153,528.4736801341028
1497,48.958092813627204,219.94000000001532,528.4912685563733
1498,48.958092813627204,219.96000000001533,528.5088552817483
1499,48.958092813627204,219.98000000001534,528.5264403103071
1500,48.958092813627204,220.00000000001535,528.5440236421289
1501,48.958092813627204,220.02000000001536,528.5616052772929
1502,48.958092813627204,220.04000000001537,528.5791852158782
1503,48.958092813627204,220.06000000001538,528.596763457964
1504,48.958092813627204,220.0800000000154,528.6143400036295
1505,48.958092813627204,220.1000000000154,528.6319148529539
1506,48.958092813627204,220.1200000000154,528.6494880060162
1507,48.958092813627204,220.14000000001542,528.6670594628956
1508,48.958092813627204,220.16000000001543,528.6846292236712
1509,48.958092813627204,220.18000000001544,528.7021972884221
1510,48.958092813627204,220.20000000001545,528.7197636572273
1511,48.958092813627204,220.22000000001546,528.737328330166
1512,48.958092813627204,220.24000000001547,528.7548913073172
1513,48.958092813627204,220.26000000001548,528.7724525887598
1514,48.958092813627204,220.2800000000155,528.7900121745731
1515,48.958092813627204,220.3000000000155,528.807570064836
1516,48.958092813627204,220.3200000000155,528.8251262596275
1517,48.958092813627204,220.34000000001552,528.8426807590266
1518,48.958092813627204,220.36000000001553,528.8602335631124
1519,48.958092813627204,220.38000000001554,528.8777846719638
1520,48.87375461572565,220.40000000001555,528.8953340856598
1521,48.87375461572565,220.42000000001556,528.9128818042792
1522,48.87375461572565,220.44000000001557,528.9304278279011
1523,48.87375461572565,220.46000000001558,528.9479721566045
1524,48.87375461572565,220.4800000000156,528.9655147904681
1525,48.87375461572565,220.5000000000156,528.983055729571
1526,48.87375461572565,220.5200000000156,529.000594973992
1527,48.87375461572565,220.54000000001562,529.01813252381
1528,48.87375461572565,220.56000000001563,529.0356683791039
1529,48.87375461572565,220.58000000001564,529.0532025425251
1530,48.87375461572565,220.60000000001565,529.0707350269641
1531,48.87375461572565,220.62000000001566,529.0882658336363
1532,48.87375461572565,220.64000000001568,529.1057949626194
1533,48.87375461572565,220.66000000001569,529.123322413991
1534,48.87375461572565,220.6800000000157,529.1408481878289
1535,48.87375461572565,220.7000000000157,529.1583722842107
1536,48.87375461572565,220.72000000001572,529.1758947032141
1537,48.87375461572565,220.74000000001573,529.1934154449168
1538,48.87375461572565,220.76000000001574,529.2109345093963
1539,48.87375461572565,220.78000000001575,529.2284518967305
1540,48.87375461572565,220.80000000001576,529.2459676069967
1541,48.87375461572565,220.82000000001577,529.2634816402726
1542,48.87375461572565,220.84000000001578,529.2809939966359
1543,48.87375461572565,220.8600000000158,529.298504676164
1544,48.87375461572565,220.8800000000158,529.3160136789347
1545,48.87375461572565,220.9000000000158,529.3335210050254
1546,48.87375461572565,220.92000000001582,529.3510266545137
1547,48.87375461572565,220.94000000001583,529.3685306274771
1548,48.87375461572565,220.96000000001584,529.3860329239931
1549,48.87375461572565,220.98000000001585,529.4035335441392
1550,48.87375461572565,221.00000000001586,529.421032487993
1551,48.87375461572565,221.02000000001587,529.4385297556319
1552,48.87375461572565,221.04000000001588,529.4560253471334
1553,48.87375461572565,221.0600000000159,529.473519262575
1554,48.87375461572565,221.0800000000159,529.4910115020341
1555,48.87375461572565,221.1000000000159,529.5085020655882
1556,48.87375461572565,221.12000000001592,529.5259909533147
1557,48.87375461572565,221.14000000001593,529.543478165291
1558,48.87375461572565,221.16000000001594,529.5609637015946
1559,48.87375461572565,221.18000000001595,529.5784475623027
1560,48.87375461572565,221.20000000001596,529.5959297474928
1561,48.87375461572565,221.22000000001597,529.6134102572424
1562,48.87375461572565,221.24000000001598,529.6308890916288
1563,48.87375461572565,221.260000000016,529.6483662507292
1564,48.87375461572565,221.280000000016,529.665841734621
1565,48.87375461572565,221.300000000016,529.6833155433817
1566,48.87375461572565,221.32000000001602,529.7007876770884
1567,48.87375461572565,221.34000000001603,529.7182581358186
1568,48.87375461572565,221.36000000001604,529.7357269196494
1569,48.87375461572565,221.38000000001605,529.7531940286583
1570,48.87375461572565,221.40000000001606,529.7706594629224
1571,48.87375461572565,221.42000000001607,529.788123222519
1572,48.87375461572565,221.44000000001608,529.8055853075252
1573,48.87375461572565,221.4600000000161,529.8230457180185
1574,48.87375461572565,221.4800000000161,529.840504454076
1575,48.87375461572565,221.50000000001612,529.857961515775
1576,48.87375461572565,221.52000000001613,529.8754169031926
1577,48.87375461572565,221.54000000001614,529.892870616406
1578,48.87375461572565,221.56000000001615,529.9103226554923
1579,48.87375461572565,221.58000000001616,529.9277730205289
1580,48.87375461572565,221.60000000001617,529.9452217151371
1581,48.87375461572565,221.62000000001618,529.962668751417
1582,48.87375461572565,221.6400000000162,529.9801141303869
1583,48.87375461572565,221.6600000000162,529.9975578521229
1584,48.87375461572565,221.6800000000162,530.0149999159828
1585,48.87375461572565,221.70000000001622,530.0324403209312
1586,48.87375461572565,221.72000000001623,530.0498790670007
1587,48.87375461572565,221.74000000001624,530.0673161542677
1588,48.87375461572565,221.76000000001625,530.0847515828084
1589,48.87375461572565,221.78000000001626,530.1021853526992
1590,48.87375461572565,221.80000000001627,530.1196174640162
1591,48.87375461572565,221.82000000001628,530.1370479168359
1592,48.87375461572565,221.8400000000163,530.1544767112343
1593,48.87375461572565,221.8600000000163,530.1719038472879
1594,48.87375461572565,221.8800000000163,530.1893293250729
1595,48.87375461572565,221.90000000001632,530.2067531446654
1596,48.87375461572565,221.92000000001633,530.2241753061418
1597,48.87375461572565,221.94000000001634,530.2415958095781
1598,48.87375461572565,221.96000000001635,530.2590146550507
1599,48.87375461572565,221.98000000001636,530.2764318426357
1600,48.87375461572565,222.00000000001637,530.2938473724092
1601,48.87375461572565,222.02000000001638,530.3112612444475
1602,48.87375461572565,222.0400000000164,530.3286734588266
1603,48.87375461572565,222.0600000000164,530.3460840156228
1604,48.87375461572565,222.0800000000164,530.3634929149121
1605,48.87375461572565,222.10000000001642,530.3809001567706
1606,48.87375461572565,222.12000000001643,530.3983057412746
1607,48.87375461572565,222.14000000001644,530.4157096685001
1608,48.87375461572565,222.16000000001645,530.4331119385231
1609,48.87375461572565,222.18000000001646,530.4505125514197
1610,48.87375461572565,222.20000000001647,530.4679115072661
1611,48.87375461572565,222.22000000001648,530.4853088061382
1612,48.87375461572565,222.2400000000165,530.502704448112
1613,48.87375461572565,222.2600000000165,530.5200984332637
1614,48.87375461572565,222.2800000000165,530.5374907616692
1615,48.87375461572565,222.30000000001652,530.5548814334046
1616,48.87375461572565,222.32000000001653,530.5722704485459
1617,48.87375461572565,222.34000000001654,530.5896578071689
1618,48.87375461572565,222.36000000001656,530.6070435093498
1619,48.78965828358509,222.38000000001657,530.6244275551644
1620,48.78965828358509,222.40000000001658,530.6418099446887
1621,48.78965828358509,222.42000000001659,530.6591906779987
1622,48.78965828358509,222.4400000000166,530.6765697551702
1623,48.78965828358509,222.4600000000166,530.6939471762794
1624,48.78965828358509,222.48000000001662,530.7113229414018
1625,48.78965828358509,222.50000000001663,530.7286970506136
1626,48.78965828358509,222.52000000001664,530.7460695039906
1627,48.78965828358509,222.54000000001665,530.7634403016086
1628,48.78965828358509,222.56000000001666,530.7808094435436
1629,48.78965828358509,222.58000000001667,530.7981769298714
1630,48.78965828358509,222.60000000001668,530.8155427606678
1631,48.78965828358509,222.6200000000167,530.8329069403928
1632,48.78965828358509,222.6400000000167,530.8502694800341
1633,48.78965828358509,222.6600000000167,530.8676303803915
1634,48.78965828358509,222.68000000001672,530.88498964154
1635,48.78965828358509,222.70000000001673,530.9023472635542
1636,48.78965828358509,222.72000000001674,530.9197032465091
1637,48.78965828358509,222.74000000001675,530.9370575904794
1638,48.78965828358509,222.76000000001676,530.9544102955398
1639,48.78965828358509,222.78000000001677,530.9717613617651
1640,48.78965828358509,222.80000000001678,530.9891107892299
1641,48.78965828358509,222.8200000000168,531.0064585780091
1642,48.78965828358509,222.8400000000168,531.0238047281772
1643,48.78965828358509,222.8600000000168,531.0411492398091
1644,48.78965828358509,222.88000000001682,531.0584921129794
1645,48.78965828358509,222.90000000001683,531.0758333477628
1646,48.78965828358509,222.92000000001684,531.093172944234
1647,48.78965828358509,222.94000000001685,531.1105109024676
1648,48.78965828358509,222.96000000001686,531.1278472225382
1649,48.78965828358509,222.98000000001687,531.1451819045205
1650,48.78965828358509,223.00000000001688,531.1625149484892
1651,48.78965828358509,223.0200000000169,531.1798463545188
1652,48.78965828358509,223.0400000000169,531.1971761226839
1653,48.78965828358509,223.0600000000169,531.2145042530592
1654,48.78965828358509,223.08000000001692,531.2318307457191
1655,48.78965828358509,223.10000000001693,531.2491556007383
1656,48.78965828358509,223.12000000001694,531.2664788181913
1657,48.78965828358509,223.14000000001695,531.2838003981527
1658,48.78965828358509,223.16000000001696,531.301120340697
1659,48.78965828358509,223.18000000001697,531.3184386458988
1660,48.78965828358509,223.20000000001698,531.3357553138326
1661,48.78965828358509,223.220000000017,531.3530703445728
1662,48.78965828358509,223.240000000017,531.3703837381939
1663,48.78965828358509,223.26000000001702,531.3876954947705
1664,48.78965828358509,223.28000000001703,531.4050056143769
1665,48.78965828358509,223.30000000001704,531.4223140970878
1666,48.78965828358509,223.32000000001705,531.4396209429774
1667,48.78965828358509,223.34000000001706,531.4569261521203
1668,48.78965828358509,223.36000000001707,531.4742297245909
1669,48.78965828358509,223.38000000001708,531.4915316604636
1670,48.78965828358509,223.4000000000171,531.5088319598127
1671,48.78965828358509,223.4200000000171,531.5261306227128
1672,48.78965828358509,223.4400000000171,531.5434276492381
1673,48.78965828358509,223.46000000001712,531.560723039463
1674,48.78965828358509,223.48000000001713,531.578016793462
1675,48.78965828358509,223.50000000001714,531.5953089113093
1676,48.78965828358509,223.52000000001715,531.6125993930793
1677,48.78965828358509,223.54000000001716,531.6298882388464
1678,48.78965828358509,223.56000000001717,531.6471754486848
1679,48.78965828358509,223.58000000001718,531.6644610226689
1680,48.78965828358509,223.6000000000172,531.681744960873
1681,48.78965828358509,223.6200000000172,531.6990272633712
1682,48.78965828358509,223.6400000000172,531.7163079355734
1683,48.78965828358509,223.66000000001722,531.7335869877207
1684,48.78965828358509,223.68000000001723,531.7508644204238
1685,48.78965828358509,223.70000000001724,531.7681402337556
1686,48.78965828358509,223.72000000001725,531.7854144277893
1687,48.78965828358509,223.74000000001726,531.8026870025982
1688,48.78965828358509,223.76000000001727,531.8199579582554
1689,48.78965828358509,223.78000000001728,531.8372272948341
1690,48.78965828358509,223.8000000000173,531.8544950124074
1691,48.78965828358509,223.8200000000173,531.8717611110484
1692,48.78965828358509,223.8400000000173,531.8890255908303
1693,48.78965828358509,223.86000000001732,531.9062884518262
1694,48.78965828358509,223.88000000001733,531.9235496941092
1695,48.78965828358509,223.90000000001734,531.9408093177524
1696,48.78965828358509,223.92000000001735,531.9580673228288
1697,48.78965828358509,223.94000000001736,531.9753237094116
1698,48.78965828358509,223.96000000001737,531.9925784775737
1699,48.78965828358509,223.98000000001738,532.0098316273884
1700,48.78965828358509,224.0000000000174,532.0270831589286
1701,48.78965828358509,224.0200000000174,532.0443330722672
1702,48.78965828358509,224.04000000001741,532.0615813674775
1703,48.78965828358509,224.06000000001742,532.0788280446324
1704,48.78965828358509,224.08000000001744,532.0960731038048
1705,48.78965828358509,224.10000000001745,532.1133165450677
1706,48.78965828358509,224.12000000001746,532.1305583684942
1707,48.78965828358509,224.14000000001747,532.1477985741572
1708,48.78965828358509,224.16000000001748,532.1650371621296
1709,48.78965828358509,224.1800000000175,532.1822741324844
1710,48.78965828358509,224.2000000000175,532.1995094852946
1711,48.78965828358509,224.2200000000175,532.216743220633
1712,48.78965828358509,224.24000000001752,532.2339753385726
1713,48.70580284724392,224.26000000001753,532.2512058391862
1714,48.70580284724392,224.28000000001754,532.2684347225469
1715,48.70580284724392,224.30000000001755,532.2856619887274
1716,48.70580284724392,224.32000000001756,532.3028876378006
1717,48.70580284724392,224.34000000001757,532.3201116698394
1718,48.70580284724392,224.36000000001758,532.3373340849166
1719,48.70580284724392,224.3800000000176,532.3545548831052
1720,48.70580284724392,224.4000000000176,532.3717740644778
1721,48.70580284724392,224.4200000000176,532.3889916291073
1722,48.70580284724392,224.44000000001762,532.4062075770665
1723,48.70580284724392,224.46000000001763,532.4234219084283
1724,48.70580284724392,224.48000000001764,532.4406346232654
1725,48.70580284724392,224.50000000001765,532.4578457216506
1726,48.70580284724392,224.52000000001766,532.4750552036567
1727,48.70580284724392,224.54000000001767,532.4922630693563
1728,48.70580284724392,224.56000000001768,532.5094693188224
1729,48.70580284724392,224.5800000000177,532.5266739521276
1730,48.70580284724392,224.6000000000177,532.5438769693445
1731,48.70580284724392,224.6200000000177,532.5610783705459
1732,48.70580284724392,224.64000000001772,532.5782781558047
1733,48.70580284724392,224.66000000001773,532.5954763312751
1734,48.70580284724392,224.68000000001774,532.6126729061419
1735,48.70580284724392,224.70000000001775,532.6298678808135
1736,48.70580284724392,224.72000000001776,532.6470612553616
1737,48.70580284724392,224.74000000001777,532.6642530298577
1738,48.70580284724392,224.76000000001778,532.6814432043735
1739,48.70580284724392,224.7800000000178,532.6986317789807
1740,48.70580284724392,224.8000000000178,532.7158187537509
1741,48.70580284724392,224.8200000000178,532.7330041287556
1742,48.70580284724392,224.84000000001782,532.7501879040665
1743,48.70580284724392,224.86000000001783,532.7673700797551
1744,48.70580284724392,224.88000000001784,532.7845506558931
1745,48.70580284724392,224.90000000001785,532.801729632552
1746,48.70580284724392,224.92000000001786,532.8189070098033
1747,48.70580284724392,224.94000000001787,532.8360827877186
1748,48.70580284724392,224.96000000001789,532.8532569663694
1749,48.70580284724392,224.9800000000179,532.8704295458272
1750,48.70580284724392,225.0000000000179,532.8876005261635
1751,48.70580284724392,225.02000000001792,532.9047699074499
1752,48.70580284724392,225.04000000001793,532.9219376897579
1753,48.70580284724392,225.06000000001794,532.939103873159
1754,48.70580284724392,225.08000000001795,532.9562684577245
1755,48.70580284724392,225.10000000001796,532.9734314435259
1756,48.70580284724392,225.12000000001797,532.9905928306348
1757,48.70580284724392,225.14000000001798,533.0077526191225
1758,48.70580284724392,225.160000000018,533.0249108090604
1759,48.70580284724392,225.180000000018,533.0420674005201
1760,48.70580284724392,225.200000000018,533.0592223935728
1761,48.70580284724392,225.22000000001802,533.0763757882901
1762,48.70580284724392,225.24000000001803,533.0935275847432
1763,48.70580284724392,225.26000000001804,533.1106777830037
1764,48.70580284724392,225.28000000001805,533.1278263831427
1765,48.70580284724392,225.30000000001806,533.1449733852318
1766,48.70580284724392,225.32000000001807,533.1621187893421
1767,48.70580284724392,225.34000000001808,533.1792625955452
1768,48.70580284724392,225.3600000000181,533.1964048039123
1769,48.70580284724392,225.3800000000181,533.2135454145147
1770,48.70580284724392,225.4000000000181,533.2306844274236
1771,48.70580284724392,225.42000000001812,533.2478218427106
1772,48.70580284724392,225.44000000001813,533.2649576604466
1773,48.70580284724392,225.46000000001814,533.2820918807032
1774,48.70580284724392,225.48000000001815,533.2992245035515
1775,48.70580284724392,225.50000000001816,533.3163555290628
1776,48.70580284724392,225.52000000001817,533.3334849573083
1777,48.70580284724392,225.54000000001818,533.3506127883593
1778,48.70580284724392,225.5600000000182,533.367739022287
1779,48.70580284724392,225.5800000000182,533.3848636591625
1780,48.70580284724392,225.6000000000182,533.4019866990573
1781,48.70580284724392,225.62000000001822,533.4191081420422
1782,48.70580284724392,225.64000000001823,533.4362279881886
1783,48.70580284724392,225.66000000001824,533.4533462375678
1784,48.70580284724392,225.68000000001825,533.4704628972527
1785,48.70580284724392,225.70000000001826,533.4875779756991
1786,48.70580284724392,225.72000000001827,533.5046914731308
1787,48.70580284724392,225.74000000001828,533.5218033896182
1788,48.70580284724392,225.7600000000183,533.5389137252314
1789,48.70580284724392,225.7800000000183,533.5560224800406
1790,48.70580284724392,225.80000000001831,533.573129654116
1791,48.70580284724392,225.82000000001833,533.5902352475277
1792,48.70580284724392,225.84000000001834,533.6073392603461
1793,48.70580284724392,225.86000000001835,533.6244416926412
1794,48.70580284724392,225.88000000001836,533.6415425444832
1795,48.70580284724392,225.90000000001837,533.6586418159422
1796,48.70580284724392,225.92000000001838,533.6757395070885
1797,48.70580284724392,225.9400000000184,533.692835617992
1798,48.70580284724392,225.9600000000184,533.7099301487231
1799,48.70580284724392,225.9800000000184,533.7270230993515
1800,48.70580284724392,226.00000000001842,533.7441144699477
1801,48.70580284724392,226.02000000001843,533.7612042605816
1802,48.70580284724392,226.04000000001844,533.7782924713233
1803,48.70580284724392,226.06000000001845,533.7953791022429
1804,48.70580284724392,226.08000000001846,533.8124641534104
1805,48.70580284724392,226.10000000001847,533.8295476248958
1806,48.70580284724392,226.12000000001848,533.8466295167692
1807,48.70580284724392,226.1400000000185,533.8637098291007
1808,48.62218734173595,226.1600000000185,533.8807885619602
1809,48.62218734173595,226.1800000000185,533.8978657154179
1810,48.62218734173595,226.20000000001852,533.9149412895435
1811,48.62218734173595,226.22000000001853,533.9320152844073
1812,48.62218734173595,226.24000000001854,533.9490877000791
1813,48.62218734173595,226.26000000001855,533.9661585366289
1814,48.62218734173595,226.28000000001856,533.9832277941266
1815,48.62218734173595,226.30000000001857,534.0002954726422
1816,48.62218734173595,226.32000000001858,534.0173615722456
1817,48.62218734173595,226.3400000000186,534.0344260930068
1818,48.62218734173595,226.3600000000186,534.0514890349957
1819,48.62218734173595,226.3800000000186,534.0685503982821
1820,48.62218734173595,226.40000000001862,534.0856101829361
1821,48.62218734173595,226.42000000001863,534.1026683890274
1822,48.62218734173595,226.44000000001864,534.1197250166259
1823,48.62218734173595,226.46000000001865,534.1367800658015
1824,48.62218734173595,226.48000000001866,534.1538335366241
1825,48.62218734173595,226.50000000001867,534.1708854291635
1826,48.62218734173595,226.52000000001868,534.1879357434896
1827,48.62218734173595,226.5400000000187,534.204984479672
1828,48.62218734173595,226.5600000000187,534.2220316377808
1829,48.62218734173595,226.5800000000187,534.2390772178857
1830,48.62218734173595,226.60000000001872,534.2561212200565
1831,48.62218734173595,226.62000000001873,534.2731636443629
1832,48.62218734173595,226.64000000001874,534.2902044908748
1833,48.62218734173595,226.66000000001875,534.3072437596619
1834,48.62218734173595,226.68000000001877,534.3242814508227
1835,48.62218734173595,226.70000000001878,534.3413175720694
1836,48.62218734173595,226.72000000001879,534.3583521308556
1837,48.62218734173595,226.7400000000188,534.37538512725
1838,48.62218734173595,226.7600000000188,534.3924165613215
1839,48.62218734173595,226.78000000001882,534.409446433139
1840,48.62218734173595,226.80000000001883,534.4264747427712
1841,48.62218734173595,226.82000000001884,534.443501490287
1842,48.62218734173595,226.84000000001885,534.4605266757551
1843,48.62218734173595,226.86000000001886,534.4775502992443
1844,48.62218734173595,226.88000000001887,534.4945723608234
1845,48.62218734173595,226.90000000001888,534.5115928605612
1846,48.62218734173595,226.9200000000189,534.5286117985265
1847,48.62218734173595,226.9400000000189,534.545629174788
1848,48.62218734173595,226.9600000000189,534.5626449894144
1849,48.62218734173595,226.98000000001892,534.5796592424743
1850,48.62218734173595,227.00000000001893,534.5966719340367
1851,48.62218734173595,227.02000000001894,534.6136830641702
1852,48.62218734173595,227.04000000001895,534.6306926329435
1853,48.62218734173595,227.06000000001896,534.6477006404252
1854,48.62218734173595,227.08000000001897,534.6647070866841
1855,48.62218734173595,227.10000000001898,534.6817119717888
1856,48.62218734173595,227.120000000019,534.6987152958079
1857,48.62218734173595,227.140000000019,534.7157170588102
1858,48.62218734173595,227.160000000019,534.7327172608643
1859,48.62218734173595,227.18000000001902,534.7497159020388
1860,48.62218734173595,227.20000000001903,534.7667129824023
1861,48.62218734173595,227.22000000001904,534.7837085020234
1862,48.62218734173595,227.24000000001905,534.8007024609707
1863,48.62218734173595,227.26000000001906,534.8176948593128
1864,48.62218734173595,227.28000000001907,534.8346856971184
1865,48.62218734173595,227.30000000001908,534.8516749744559
1866,48.62218734173595,227.3200000000191,534.868662691394
1867,48.62218734173595,227.3400000000191,534.8856488480011
1868,48.62218734173595,227.3600000000191,534.9026334443458
1869,48.62218734173595,227.38000000001912,534.9196164804968
1870,48.62218734173595,227.40000000001913,534.9365979565223
1871,48.62218734173595,227.42000000001914,534.9535778724911
1872,48.62218734173595,227.44000000001915,534.9705562284715
1873,48.62218734173595,227.46000000001916,534.9875330245322
1874,48.62218734173595,227.48000000001917,535.0045082607415
1875,48.62218734173595,227.50000000001918,535.021481937168
1876,48.62218734173595,227.5200000000192,535.0384540538801
1877,48.62218734173595,227.5400000000192,535.0554246109461
1878,48.62218734173595,227.56000000001922,535.0723936084348
1879,48.62218734173595,227.58000000001923,535.0893610464144
1880,48.62218734173595,227.60000000001924,535.1063269249534
1881,48.62218734173595,227.62000000001925,535.1232912441201
1882,48.62218734173595,227.64000000001926,535.1402540039829
1883,48.62218734173595,227.66000000001927,535.1572152046103
1884,48.62218734173595,227.68000000001928,535.1741748460707
1885,48.62218734173595,227.7000000000193,535.1911329286393
1886,48.62218734173595,227.7200000000193,535.2080894607575
1887,48.62218734173595,227.7400000000193,535.2250444490055
1888,48.62218734173595,227.76000000001932,535.2419978934506
1889,48.62218734173595,227.78000000001933,535.2589497941603
1890,48.62218734173595,227.80000000001934,535.275900151202
1891,48.62218734173595,227.82000000001935,535.292848964643
1892,48.62218734173595,227.84000000001936,535.3097962345506
1893,48.62218734173595,227.86000000001937,535.3267419609923
1894,48.62218734173595,227.88000000001938,535.3436861440354
1895,48.62218734173595,227.9000000000194,535.3606287837471
1896,48.62218734173595,227.9200000000194,535.3775698801949
1897,48.62218734173595,227.9400000000194,535.394509433446
1898,48.62218734173595,227.96000000001942,535.4114474435679
1899,48.62218734173595,227.98000000001943,535.4283839106278
1900,48.62218734173595,228.00000000001944,535.4453188346928
1901,48.62218734173595,228.02000000001945,535.4622522158304
1902,48.62218734173595,228.04000000001946,535.4791840541078
1903,48.53881080705915,228.06000000001947,535.4961143495923
1904,48.53881080705915,228.08000000001948,535.513043102351
1905,48.53881080705915,228.1000000000195,535.5299703124514
1906,48.53881080705915,228.1200000000195,535.5468959799605
1907,48.53881080705915,228.1400000000195,535.5638201049456
1908,48.53881080705915,228.16000000001952,535.5807426874741
1909,48.53881080705915,228.18000000001953,535.5976637276128
1910,48.53881080705915,228.20000000001954,535.6145832254292
1911,48.53881080705915,228.22000000001955,535.6315011809904
1912,48.53881080705915,228.24000000001956,535.6484175943637
1913,48.53881080705915,228.26000000001957,535.665332465616
1914,48.53881080705915,228.28000000001958,535.6822457948147
1915,48.53881080705915,228.3000000000196,535.6991575820267
1916,48.53881080705915,228.3200000000196,535.7160678273194
1917,48.53881080705915,228.34000000001961,535.7329765307599
1918,48.53881080705915,228.36000000001962,535.7498836924151
1919,48.53881080705915,228.38000000001963,535.7667893123522
1920,48.53881080705915,228.40000000001965,535.7836933906384
1921,48.53881080705915,228.42000000001966,535.8005959273407
1922,48.53881080705915,228.44000000001967,535.8174969225262
1923,48.53881080705915,228.46000000001968,535.8343963762619
1924,48.53881080705915,228.4800000000197,535.851294288615
1925,48.53881080705915,228.5000000000197,535.8681906596524
1926,48.53881080705915,228.5200000000197,535.8850854894413
1927,48.53881080705915,228.54000000001972,535.9019787780486
1928,48.53881080705915,228.56000000001973,535.9188705255414
1929,48.53881080705915,228.58000000001974,535.9357607319866
1930,48.53881080705915,228.60000000001975,535.9526493974514
1931,48.53881080705915,228.62000000001976,535.9695365220026
1932,48.53881080705915,228.64000000001977,535.9864221057072
1933,48.53881080705915,228.66000000001978,536.0033061486323
1934,48.53881080705915,228.6800000000198,536.0201886508447
1935,48.53881080705915,228.7000000000198,536.0370696124115
1936,48.53881080705915,228.7200000000198,536.0539490337723
1937,48.53881080705915,228.74000000001982,536.0708269237913
1938,48.53881080705915,228.76000000001983,536.087703287979
1939,48.53881080705915,228.78000000001984,536.1045781264015
1940,48.53881080705915,228.80000000001985,536.1214514391247
1941,48.53881080705915,228.82000000001986,536.1383232262147
1942,48.53881080705915,228.84000000001987,536.1551934877372
1943,48.53881080705915,228.86000000001988,536.1720622237583
1944,48.53881080705915,228.8800000000199,536.1889294343439
1945,48.53881080705915,228.9000000000199,536.2057951195599
1946,48.53881080705915,228.9200000000199,536.2226592794722
1947,48.53881080705915,228.94000000001992,536.2395219141467
1948,48.53881080705915,228.96000000001993,536.2563830236494
1949,48.53881080705915,228.98000000001994,536.2732426080461
1950,48.53881080705915,229.00000000001995,536.2901006674027
1951,48.53881080705915,229.02000000001996,536.306957201785
1952,48.53881080705915,229.04000000001997,536.3238122112591
1953,48.53881080705915,229.06000000001998,536.3406656958906
1954,48.53881080705915,229.08000000002,536.3575176557454
1955,48.53881080705915,229.10000000002,536.3743680908893
1956,48.53881080705915,229.12000000002,536.3912170013882
1957,48.53881080705915,229.14000000002002,536.4080643873078
1958,48.53881080705915,229.16000000002003,536.424910248714
1959,48.53881080705915,229.18000000002004,536.4417545856726
1960,48.53881080705915,229.20000000002005,536.4585973982493
1961,48.53881080705915,229.22000000002006,536.4754386865098
1962,48.53881080705915,229.24000000002007,536.4922784505202
1963,48.53881080705915,229.26000000002009,536.5091166903459
1964,48.53881080705915,229.2800000000201,536.5259534060527
1965,48.53881080705915,229.3000000000201,536.5427885977066
1966,48.53881080705915,229.32000000002012,536.559622265373
1967,48.53881080705915,229.34000000002013,536.5764544091179
1968,48.53881080705915,229.36000000002014,536.5932850290068
1969,48.53881080705915,229.38000000002015,536.6101141251055
1970,48.53881080705915,229.40000000002016,536.6269416974797
1971,48.53881080705915,229.42000000002017,536.643767746195
1972,48.53881080705915,229.44000000002018,536.660592271317
1973,48.53881080705915,229.4600000000202,536.6774152729115
1974,48.53881080705915,229.4800000000202,536.6942367510442
1975,48.53881080705915,229.5000000000202,536.7110567057806
1976,48.53881080705915,229.52000000002022,536.7278751371865
1977,48.53881080705915,229.54000000002023,536.7446920453274
1978,48.53881080705915,229.56000000002024,536.7615074302689
1979,48.53881080705915,229.58000000002025,536.7783212920767
1980,48.53881080705915,229.60000000002026,536.7951336308164
1981,48.53881080705915,229.62000000002027,536.8119444465534
1982,48.53881080705915,229.64000000002028,536.8287537393535
1983,48.53881080705915,229.6600000000203,536.8455615092821
1984,48.53881080705915,229.6800000000203,536.8623677564049
1985,48.53881080705915,229.7000000000203,536.8791724807874
1986,48.53881080705915,229.72000000002032,536.8959756824951
1987,48.53881080705915,229.74000000002033,536.9127773621392
1988,48.53881080705915,229.76000000002034,536.9295775292843
1989,48.53881080705915,229.78000000002035,536.9463761885836
1990,48.53881080705915,229.80000000002036,536.9631733401015
1991,48.53881080705915,229.82000000002037,536.9799689839028
1992,48.53881080705915,229.84000000002038,536.9967631200522
1993,48.53881080705915,229.8600000000204,537.013555748614
1994,48.53881080705915,229.8800000000204,537.0303468696528
1995,48.53881080705915,229.9000000000204,537.0471364832334
1996,48.53881080705915,229.92000000002042,537.0639245894203
1997,48.53881080705915,229.94000000002043,537.0807111882779
1998,48.53881080705915,229.96000000002044,537.0974962798708
1999,48.45567228814446,229.98000000002045,537.1142798642637
2000,48.45567228814446,230.00000000002046,537.131061941521
2001,48.45567228814446,230.02000000002047,537.1478425117073
2002,48.45567228814446,230.04000000002048,537.164621574887
2003,48.45567228814446,230.0600000000205,537.1813991311245
2004,48.45567228814446,230.0800000000205,537.1981751804846
2005,48.45567228814446,230.10000000002051,537.2149497230315
2006,48.45567228814446,230.12000000002053,537.2317227588298
2007,48.45567228814446,230.14000000002054,537.248494287944
2008,48.45567228814446,230.16000000002055,537.2652643104385
2009,48.45567228814446,230.18000000002056,537.2820328263778
2010,48.45567228814446,230.20000000002057,537.2987998358261
2011,48.45567228814446,230.22000000002058,537.3155653388482
2012,48.45567228814446,230.2400000000206,537.3323293355082
2013,48.45567228814446,230.2600000000206,537.3490918258707
2014,48.45567228814446,230.2800000000206,537.36585281
2015,48.45567228814446,230.30000000002062,537.3826122879606
2016,48.45567228814446,230.32000000002063,537.3993702598167
2017,48.45567228814446,230.34000000002064,537.4161267256328
2018,48.45567228814446,230.36000000002065,537.4328816854733
2019,48.45567228814446,230.38000000002066,537.4496351394024
2020,48.45567228814446,230.40000000002067,537.4663870874847
2021,48.45567228814446,230.42000000002068,537.4831375297844
2022,48.45567228814446,230.4400000000207,537.4998864663656
2023,48.45567228814446,230.4600000000207,537.516633897293
2024,48.45567228814446,230.4800000000207,537.5333798226306
2025,48.45567228814446,230.50000000002072,537.550124242443
2026,48.45567228814446,230.52000000002073,537.5668671567943
2027,48.45567228814446,230.54000000002074,537.5836085657487
2028,48.45567228814446,230.56000000002075,537.6003484693706
2029,48.45567228814446,230.58000000002076,537.6170868677243
2030,48.45567228814446,230.60000000002077,537.6338237608741
2031,48.45567228814446,230.62000000002078,537.650559148884
2032,48.45567228814446,230.6400000000208,537.6672930318184
2033,48.45567228814446,230.6600000000208,537.6840254097416
2034,48.45567228814446,230.6800000000208,537.7007562827176
2035,48.45567228814446,230.70000000002082,537.7174856508109
2036,48.45567228814446,230.72000000002083,537.7342135140855
2037,48.45567228814446,230.74000000002084,537.7509398726056
2038,48.45567228814446,230.76000000002085,537.7676647271312
2039,48.45567228814446,230.78000000002086,537.784388087598
2040,48.45567228814446,230.80000000002087,537.8011099576785
2041,48.45567228814446,230.82000000002088,537.8178303374359
2042,48.45567228814446,230.8400000000209,537.8345492269336
2043,48.45567228814446,230.8600000000209,537.8512666262349
2044,48.45567228814446,230.8800000000209,537.8679825354028
2045,48.45567228814446,230.90000000002092,537.8846969545008
2046,48.45567228814446,230.92000000002093,537.901409883592
2047,48.45567228814446,230.94000000002094,537.9181213227398
2048,48.45567228814446,230.96000000002095,537.9348312720073
2049,48.45567228814446,230.98000000002096,537.9515397314576
2050,48.45567228814446,231.00000000002098,537.9682467011542
2051,48.45567228814446,231.02000000002099,537.98495218116
2052,48.45567228814446,231.040000000021,538.0016561715383
2053,48.45567228814446,231.060000000021,538.0183586723523
2054,48.45567228814446,231.08000000002102,538.0350596836652
2055,48.45567228814446,231.10000000002103,538.05175920554
2056,48.45567228814446,231.12000000002104,538.06845723804
2057,48.45567228814446,231.14000000002105,538.0851537812282
2058,48.45567228814446,231.16000000002106,538.1018488351679
2059,48.45567228814446,231.18000000002107,538.1185423999221
2060,48.45567228814446,231.20000000002108,538.1352344755541
2061,48.45567228814446,231.2200000000211,538.1519250621267
2062,48.45567228814446,231.2400000000211,538.1686141597032
2063,48.45567228814446,231.2600000000211,538.1853017683467
2064,48.45567228814446,231.28000000002112,538.2019878881202
2065,48.45567228814446,231.30000000002113,538.2186725190869
2066,48.45567228814446,231.32000000002114,538.2353556613097
2067,48.45567228814446,231.34000000002115,538.2520373148517
2068,48.45567228814446,231.36000000002116,538.268717479776
2069,48.45567228814446,231.38000000002117,538.2853961561456
2070,48.45567228814446,231.40000000002118,538.3020733440235
2071,48.45567228814446,231.4200000000212,538.3187490434727
2072,48.45567228814446,231.4400000000212,538.3354232545563
2073,48.45567228814446,231.4600000000212,538.3520959773372
2074,48.45567228814446,231.48000000002122,538.3687672118784
2075,48.45567228814446,231.50000000002123,538.385436958243
2076,48.45567228814446,231.52000000002124,538.4021052164939
2077,48.45567228814446,231.54000000002125,538.418771986694
2078,48.45567228814446,231.56000000002126,538.4354372689063
2079,48.45567228814446,231.58000000002127,538.4521010631937
2080,48.45567228814446,231.60000000002128,538.4687633696193
2081,48.45567228814446,231.6200000000213,538.4854241882458
2082,48.45567228814446,231.6400000000213,538.5020835191364
2083,48.45567228814446,231.6600000000213,538.5187413623537
2084,48.45567228814446,231.68000000002132,538.5353977179608
2085,48.45567228814446,231.70000000002133,538.5520525860205
2086,48.45567228814446,231.72000000002134,538.5687059665959
2087,48.45567228814446,231.74000000002135,538.5853578597496
2088,48.45567228814446,231.76000000002136,538.6020082655446
2089,48.45567228814446,231.78000000002137,538.61865718491
2090,48.45567228814446,231.80000000002138,538.6353046284894
2091,48.45567228814446,231.8200000000214,538.6519505991287
2092,48.45567228814446,231.8400000000214,538.6685950968898
2093,48.45567228814446,231.86000000002142,538.6852381218349
2094,48.45567228814446,231.88000000002143,538.701879674026
2095,48.372770834824806,231.90000000002144,538.7185197535252
2096,48.372770834824806,231.92000000002145,538.7351583603945
2097,48.372770834824806,231.94000000002146,538.7517954946958
2098,48.372770834824806,231.96000000002147,538.7684311564913
2099,48.372770834824806,231.98000000002148,538.7850653458428
2100,48.372770834824806,232.0000000000215,538.8016980628124
2101,48.372770834824806,232.0200000000215,538.8183293074621
2102,48.372770834824806,232.0400000000215,538.8349590798539
2103,48.372770834824806,232.06000000002152,538.8515873800496
2104,48.372770834824806,232.08000000002153,538.8682142081113
2105,48.372770834824806,232.10000000002154,538.884839564101
2106,48.372770834824806,232.12000000002155,538.9014634480804
2107,48.372770834824806,232.14000000002156,538.9180858601118
2108,48.372770834824806,232.16000000002157,538.9347068002568
2109,48.372770834824806,232.18000000002158,538.9513262685774
2110,48.372770834824806,232.2000000000216,538.9679442651355
2111,48.372770834824806,232.2200000000216,538.9845607899931
2112,48.372770834824806,232.2400000000216,539.0011758432121
2113,48.372770834824806,232.26000000002162,539.0177894248542
2114,48.372770834824806,232.28000000002163,539.0344015349814
2115,48.372770834824806,232.30000000002164,539.0510121736555
2116,48.372770834824806,232.32000000002165,539.0676213409384
2117,48.372770834824806,232.34000000002166,539.084229036892
2118,48.372770834824806,232.36000000002167,539.100835261578
2119,48.372770834824806,232.38000000002168,539.1174400150584
2120,48.372770834824806,232.4000000000217,539.1340432973948
2121,48.372770834824806,232.4200000000217,539.1506451086492
2122,48.372770834824806,232.4400000000217,539.1672454488832
2123,48.372770834824806,232.46000000002172,539.1838443181589
2124,48.372770834824806,232.48000000002173,539.2004417165379
2125,48.372770834824806,232.50000000002174,539.2170376440819
2126,48.372770834824806,232.52000000002175,539.2336321008528
2127,48.372770834824806,232.54000000002176,539.2502250869122
2128,48.372770834824806,232.56000000002177,539.266816602322
2129,48.372770834824806,232.58000000002178,539.2834066471439
2130,48.372770834824806,232.6000000000218,539.2999952214398
2131,48.372770834824806,232.6200000000218,539.3165823252712
2132,48.372770834824806,232.64000000002181,539.3331679586997
2133,48.372770834824806,232.66000000002182,539.3497521217873
2134,48.372770834824806,232.68000000002183,539.3663348145957
2135,48.372770834824806,232.70000000002184,539.3829160371864
2136,48.372770834824806,232.72000000002186,539.3994957896211
2137,48.372770834824806,232.74000000002187,539.4160740719616
2138,48.372770834824806,232.76000000002188,539.4326508842695
2139,48.372770834824806,232.7800000000219,539.4492262266064
2140,48.372770834824806,232.8000000000219,539.4658001000361
2141,48.372770834824806,232.8200000000219,539.4823725155229
2142,48.372770834824806,232.84000000002192,539.4989434750119
2143,48.372770834824806,232.86000000002193,539.5155129785636
2144,48.372770834824806,232.88000000002194,539.5320810262389
2145,48.372770834824806,232.90000000002195,539.5486476180982
2146,48.372770834824806,232.92000000002196,539.5652127542024
2147,48.372770834824806,232.94000000002197,539.581776434612
2148,48.372770834824806,232.96000000002198,539.5983386593877
2149,48.372770834824806,232.980000000022,539.61489942859
2150,48.372770834824806,233.000000000022,539.6314587422796
2151,48.372770834824806,233.020000000022,539.6480166005172
2152,48.372770834824806,233.04000000002202,539.6645730033633
2153,48.372770834824806,233.06000000002203,539.6811279508786
2154,48.372770834824806,233.08000000002204,539.6976814431235
2155,48.372770834824806,233.10000000002205,539.7142334801588
2156,48.372770834824806,233.12000000002206,539.7307840620449
2157,48.372770834824806,233.14000000002207,539.7473331888424
2158,48.372770834824806,233.16000000002208,539.7638808606118
2159,48.372770834824806,233.1800000000221,539.7804270774138
2160,48.372770834824806,233.2000000000221,539.7969718393089
2161,48.372770834824806,233.2200000000221,539.8135151463575
2162,48.372770834824806,233.24000000002212,539.8300569986203
2163,48.372770834824806,233.26000000002213,539.8465973961577
2164,48.372770834824806,233.28000000002214,539.8631363390301
2165,48.372770834824806,233.30000000002215,539.8796738272981
2166,48.372770834824806,233.32000000002216,539.8962098610223
2167,48.372770834824806,233.34000000002217,539.9127444402629
2168,48.372770834824806,233.36000000002218,539.9292775650807
2169,48.372770834824806,233.3800000000222,539.945809235536
2170,48.372770834824806,233.4000000000222,539.9623394516892
2171,48.372770834824806,233.4200000000222,539.9788682136008
2172,48.372770834824806,233.44000000002222,539.9953955213311
2173,48.372770834824806,233.46000000002223,540.0119213745319
2174,48.372770834824806,233.48000000002224,540.0284457722162
2175,48.372770834824806,233.50000000002225,540.0449687143736
2176,48.372770834824806,233.52000000002226,540.0614902010645
2177,48.372770834824806,233.54000000002227,540.0780102323496
2178,48.372770834824806,233.56000000002228,540.0945288082892
2179,48.372770834824806,233.5800000000223,540.1110459289436
2180,48.372770834824806,233.6000000000223,540.1275615943732
2181,48.372770834824806,233.62000000002232,540.1440758046386
2182,48.372770834824806,233.64000000002233,540.1605885598002
2183,48.372770834824806,233.66000000002234,540.1770998599183
2184,48.372770834824806,233.68000000002235,540.1936097050532
2185,48.372770834824806,233.70000000002236,540.2101180952653
2186,48.372770834824806,233.72000000002237,540.2266250306151
2187,48.372770834824806,233.74000000002238,540.2431305111628
2188,48.372770834824806,233.7600000000224,540.2596345369689
2189,48.372770834824806,233.7800000000224,540.2761371080935
2190,48.372770834824806,233.8000000000224,540.2926382245971
2191,48.372770834824806,233.82000000002242,540.309137887768
2192,48.372770834824806,233.84000000002243,540.3256361091014
2193,48.372770834824806,233.86000000002244,540.3421328897912
2194,48.372770834824806,233.88000000002245,540.3586282298967
2195,48.372770834824806,233.90000000002246,540.3751221294776
2196,48.2901055018044,233.92000000002247,540.3916145885934
2197,48.2901055018044,233.94000000002248,540.4081056073035
2198,48.2901055018044,233.9600000000225,540.4245951856674
2199,48.2901055018044,233.9800000000225,540.4410833237446
2200,48.2901055018044,234.0000000000225,540.4575700215945
2201,48.2901055018044,234.02000000002252,540.4740552792766
2202,48.2901055018044,234.04000000002253,540.4905390968505
2203,48.2901055018044,234.06000000002254,540.5070214743755
2204,48.2901055018044,234.08000000002255,540.523502411911
2205,48.2901055018044,234.10000000002256,540.5399819095164
2206,48.2901055018044,234.12000000002257,540.5564599672513
2207,48.2901055018044,234.14000000002258,540.572936585175
2208,48.2901055018044,234.1600000000226,540.5894117633468
2209,48.2901055018044,234.1800000000226,540.6058855018263
2210,48.2901055018044,234.2000000000226,540.6223578006727
2211,48.2901055018044,234.22000000002262,540.6388286599456
2212,48.2901055018044,234.24000000002263,540.6552980797042
2213,48.2901055018044,234.26000000002264,540.6717660600078
2214,48.2901055018044,234.28000000002265,540.688232600916
2215,48.2901055018044,234.30000000002266,540.7046977024879
2216,48.2901055018044,234.32000000002267,540.721161364783
2217,48.2901055018044,234.34000000002268,540.7376235878605
2218,48.2901055018044,234.3600000000227,540.7540843717799
2219,48.2901055018044,234.3800000000227,540.7705437166003
2220,48.2901055018044,234.40000000002271,540.7870016223811
2221,48.2901055018044,234.42000000002272,540.8034580891816
2222,48.2901055018044,234.44000000002274,540.8199131170611
2223,48.2901055018044,234.46000000002275,540.8363667060788
2224,48.2901055018044,234.48000000002276,540.8528188562941
2225,48.2901055018044,234.50000000002277,540.8692695677662
2226,48.2901055018044,234.52000000002278,540.8857188405543
2227,48.2901055018044,234.5400000000228,540.9021666747177
2228,48.2901055018044,234.5600000000228,540.9186130703157
2229,48.2901055018044,234.5800000000228,540.9350580274074
2230,48.2901055018044,234.60000000002282,540.9515015460521
2231,48.2901055018044,234.62000000002283,540.967943626309
2232,48.2901055018044,234.64000000002284,540.9843842682372
2233,48.2901055018044,234.66000000002285,541.0008234718962
2234,48.2901055018044,234.68000000002286,541.0172612373449
2235,48.2901055018044,234.70000000002287,541.0336975646426
2236,48.2901055018044,234.72000000002288,541.0501324538484
2237,48.2901055018044,234.7400000000229,541.0665659050215
2238,48.2901055018044,234.7600000000229,541.0829979182212
2239,48.2901055018044,234.7800000000229,541.0994284935064
2240,48.2901055018044,234.80000000002292,541.1158576309364
2241,48.2901055018044,234.82000000002293,541.1322853305703
2242,48.2901055018044,234.84000000002294,541.1487115944524
2243,48.2901055018044,234.86000000002295,541.1651364331279
2244,48.2901055018044,234.88000000002296,541.1815598475999
2245,48.2901055018044,234.90000000002297,541.1979818379265
2246,48.2901055018044,234.92000000002298,541.2144024041658
2247,48.2901055018044,234.940000000023,541.230821546376
2248,48.2901055018044,234.960000000023,541.2472392646152
2249,48.2901055018044,234.980000000023,541.2636555589417
2250,48.2901055018044,235.00000000002302,541.2800704294134
2251,48.2901055018044,235.02000000002303,541.2964838760886
2252,48.2901055018044,235.04000000002304,541.3128958990253
2253,48.2901055018044,235.06000000002305,541.3293064982817
2254,48.2901055018044,235.08000000002306,541.3457156739158
2255,48.2901055018044,235.10000000002307,541.3621234259858
2256,48.2901055018044,235.12000000002308,541.3785297545498
2257,48.2901055018044,235.1400000000231,541.3949346596659
2258,48.2901055018044,235.1600000000231,541.411338141392
2259,48.2901055018044,235.1800000000231,541.4277401997863
2260,48.2901055018044,235.20000000002312,541.4441408349069
2261,48.2901055018044,235.22000000002313,541.4605400468117
2262,48.2901055018044,235.24000000002314,541.4769378355588
2263,48.2901055018044,235.26000000002315,541.4933342012063
2264,48.2901055018044,235.28000000002316,541.5097291438121
2265,48.2901055018044,235.30000000002318,541.5261226634344
2266,48.2901055018044,235.32000000002319,541.5425147601311
2267,48.2901055018044,235.3400000000232,541.5589054339601
2268,48.2901055018044,235.3600000000232,541.5752946849796
2269,48.2901055018044,235.38000000002322,541.5916825132473
2270,48.2901055018044,235.40000000002323,541.6080689188215
2271,48.2901055018044,235.42000000002324,541.6244539017599
2272,48.2901055018044,235.44000000002325,541.6408374621207
2273,48.2901055018044,235.46000000002326,541.6572195999615
2274,48.2901055018044,235.48000000002327,541.6736003153407
2275,48.2901055018044,235.50000000002328,541.6899796083159
2276,48.2901055018044,235.5200000000233,541.706357478945
2277,48.2901055018044,235.5400000000233,541.7227339272862
2278,48.2901055018044,235.5600000000233,541.7391089533971
2279,48.2901055018044,235.58000000002332,541.7554825573359
2280,48.2901055018044,235.60000000002333,541.7718547391603
2281,48.2901055018044,235.62000000002334,541.7882254989282
2282,48.2901055018044,235.64000000002335,541.8045948366977
2283,48.2901055018044,235.66000000002336,541.8209627525264
2284,48.2901055018044,235.68000000002337,541.8373292464722
2285,48.2901055018044,235.70000000002338,541.853694318593
2286,48.2901055018044,235.7200000000234,541.8700579689468
2287,48.2901055018044,235.7400000000234,541.8864201975912
2288,48.2901055018044,235.7600000000234,541.9027810045842
2289,48.2901055018044,235.78000000002342,541.9191403899836
2290,48.2901055018044,235.80000000002343,541.9354983538472
2291,48.2901055018044,235.82000000002344,541.9518548962327
2292,48.2901055018044,235.84000000002345,541.968210017198
2293,48.207675348628236,235.86000000002346,541.9845637195576
2294,48.207675348628236,235.88000000002347,542.0009160131534
2295,48.207675348628236,235.90000000002348,542.0172668988236
2296,48.207675348628236,235.9200000000235,542.0336163766254
2297,48.207675348628236,235.9400000000235,542.0499644466165
2298,48.207675348628236,235.9600000000235,542.066311108854
2299,48.207675348628236,235.98000000002352,542.0826563633954
2300,48.207675348628236,236.00000000002353,542.0990002102978
2301,48.207675348628236,236.02000000002354,542.1153426496187
2302,48.207675348628236,236.04000000002355,542.1316836814154
2303,48.207675348628236,236.06000000002356,542.1480233057453
2304,48.207675348628236,236.08000000002357,542.1643615226654
2305,48.207675348628236,236.10000000002358,542.1806983322333
2306,48.207675348628236,236.1200000000236,542.1970337345062
2307,48.207675348628236,236.1400000000236,542.2133677295415
2308,48.207675348628236,236.16000000002362,542.2297003173961
2309,48.207675348628236,236.18000000002363,542.2460314981276
2310,48.207675348628236,236.20000000002364,542.2623612717932
2311,48.207675348628236,236.22000000002365,542.2786896384501
2312,48.207675348628236,236.24000000002366,542.2950165981556
2313,48.207675348628236,236.26000000002367,542.3113421509669
2314,48.207675348628236,236.28000000002368,542.3276662969412
2315,48.207675348628236,236.3000000000237,542.3439890361357
2316,48.207675348628236,236.3200000000237,542.3603103686077
2317,48.207675348628236,236.3400000000237,542.3766302944142
2318,48.207675348628236,236.36000000002372,542.3929488136126
2319,48.207675348628236,236.38000000002373,542.4092659262601
2320,48.207675348628236,236.40000000002374,542.4255816324138
2321,48.207675348628236,236.42000000002375,542.4418959321309
2322,48.207675348628236,236.44000000002376,542.4582088254685
2323,48.207675348628236,236.46000000002377,542.4745203124838
2324,48.207675348628236,236.48000000002378,542.490830393234
2325,48.207675348628236,236.5000000000238,542.5071390677762
2326,48.207675348628236,236.5200000000238,542.5234463361675
2327,48.207675348628236,236.5400000000238,542.5397521984651
2328,48.207675348628236,236.56000000002382,542.556056654726
2329,48.207675348628236,236.58000000002383,542.5723597050074
2330,48.207675348628236,236.60000000002384,542.5886613493664
2331,48.207675348628236,236.62000000002385,542.60496158786
2332,48.207675348628236,236.64000000002386,542.6212604205454
2333,48.207675348628236,236.66000000002387,542.6375578474796
2334,48.207675348628236,236.68000000002388,542.6538538687197
2335,48.207675348628236,236.7000000000239,542.6701484843228
2336,48.207675348628236,236.7200000000239,542.686441694346
2337,48.207675348628236,236.7400000000239,542.7027334988461
2338,48.207675348628236,236.76000000002392,542.7190238978804
2339,48.207675348628236,236.78000000002393,542.7353128915059
2340,48.207675348628236,236.80000000002394,542.7516004797795
2341,48.207675348628236,236.82000000002395,542.7678866627583
2342,48.207675348628236,236.84000000002396,542.7841714404992
2343,48.207675348628236,236.86000000002397,542.8004548130593
2344,48.207675348628236,236.88000000002398,542.816736783981
2345,48.207675348628236,236.900000000024,542.8330173623292
2346,48.207675348628236,236.920000000024,542.8492965487735
2347,48.207675348628236,236.940000000024,542.8655743433699
2348,48.207675348628236,236.96000000002402,542.8818507461742
2349,48.207675348628236,236.98000000002403,542.8981257572425
2350,48.207675348628236,237.00000000002404,542.9143993766305
2351,48.207675348628236,237.02000000002405,542.9306716043941
2352,48.207675348628236,237.04000000002407,542.9469424405892
2353,48.207675348628236,237.06000000002408,542.9632118852717
2354,48.207675348628236,237.08000000002409,542.9794799384973
2355,48.207675348628236,237.1000000000241,542.995746600322
2356,48.207675348628236,237.1200000000241,543.0120118708016
2357,48.207675348628236,237.14000000002412,543.0282757499921
2358,48.207675348628236,237.16000000002413,543.044538237949
2359,48.207675348628236,237.18000000002414,543.0607993347285
2360,48.207675348628236,237.20000000002415,543.0770590403861
2361,48.207675348628236,237.22000000002416,543.0933173549777
2362,48.207675348628236,237.24000000002417,543.1095742785591
2363,48.207675348628236,237.26000000002418,543.1258298111861
2364,48.207675348628236,237.2800000000242,543.1420839529145
2365,48.207675348628236,237.3000000000242,543.1583367038
2366,48.207675348628236,237.3200000000242,543.1745880638985
2367,48.207675348628236,237.34000000002422,543.1908380332655
2368,48.207675348628236,237.36000000002423,543.2070866119572
2369,48.207675348628236,237.38000000002424,543.2233338000289
2370,48.207675348628236,237.40000000002425,543.2395795975365
2371,48.207675348628236,237.42000000002426,543.2558240045357
2372,48.207675348628236,237.44000000002427,543.2720670210823
2373,48.207675348628236,237.46000000002428,543.288308647232
2374,48.207675348628236,237.4800000000243,543.3045488830405
2375,48.207675348628236,237.5000000000243,543.3207877285635
2376,48.207675348628236,237.5200000000243,543.3370251838566
2377,48.207675348628236,237.54000000002432,543.3532612489755
2378,48.207675348628236,237.56000000002433,543.369495923976
2379,48.207675348628236,237.58000000002434,543.3857292089137
2380,48.207675348628236,237.60000000002435,543.4019611038443
2381,48.207675348628236,237.62000000002436,543.4181916088233
2382,48.207675348628236,237.64000000002437,543.4344207239066
2383,48.207675348628236,237.66000000002438,543.4506484491495
2384,48.207675348628236,237.6800000000244,543.466874784608
2385,48.207675348628236,237.7000000000244,543.4830997303375
2386,48.207675348628236,237.7200000000244,543.4993232863936
2387,48.207675348628236,237.74000000002442,543.515545452832
2388,48.207675348628236,237.76000000002443,543.5317662297083
2389,48.207675348628236,237.78000000002444,543.547985617078
2390,48.207675348628236,237.80000000002445,543.5642036149967
2391,48.12547943965187,237.82000000002446,543.58042022352
2392,48.12547943965187,237.84000000002447,543.5966354427036
2393,48.12547943965187,237.86000000002448,543.612849272603
2394,48.12547943965187,237.8800000000245,543.6290617132736
2395,48.12547943965187,237.9000000000245,543.6452727689507
2396,48.12547943965187,237.92000000002452,543.6614824479248
2397,48.12547943965187,237.94000000002453,543.6776907507016
2398,48.12547943965187,237.96000000002454,543.6938976773362
2399,48.12547943965187,237.98000000002455,543.7101032278837
2400,48.12547943965187,238.00000000002456,543.7263074023992
2401,48.12547943965187,238.02000000002457,543.742510200938
2402,48.12547943965187,238.04000000002458,543.758711623555
2403,48.12547943965187,238.0600000000246,543.7749116703053
2404,48.12547943965187,238.0800000000246,543.791110341244
2405,48.12547943965187,238.1000000000246,543.8073076364261
2406,48.12547943965187,238.12000000002462,543.8235035559068
2407,48.12547943965187,238.14000000002463,543.839698099741
2408,48.12547943965187,238.16000000002464,543.8558912679839
2409,48.12547943965187,238.18000000002465,543.8720830606904
2410,48.12547943965187,238.20000000002466,543.8882734779156
2411,48.12547943965187,238.22000000002467,543.9044625197146
2412,48.12547943965187,238.24000000002468,543.9206501861422
2413,48.12547943965187,238.2600000000247,543.9368364772537
2414,48.12547943965187,238.2800000000247,543.9530213931039
2415,48.12547943965187,238.3000000000247,543.9692049337478
2416,48.12547943965187,238.32000000002472,543.9853870992405
2417,48.12547943965187,238.34000000002473,544.0015678896368
2418,48.12547943965187,238.36000000002474,544.0177473049919
2419,48.12547943965187,238.38000000002475,544.0339253453606
2420,48.12547943965187,238.40000000002476,544.0501020107978
2421,48.12547943965187,238.42000000002477,544.0662773013586
2422,48.12547943965187,238.44000000002478,544.0824512170979
2423,48.12547943965187,238.4600000000248,544.0986237580706
2424,48.12547943965187,238.4800000000248,544.1147949243317
2425,48.12547943965187,238.5000000000248,544.1309647159361
2426,48.12547943965187,238.52000000002482,544.1471331329386
2427,48.12547943965187,238.54000000002483,544.1633001753943
2428,48.12547943965187,238.56000000002484,544.179465843358
2429,48.12547943965187,238.58000000002485,544.1956301368846
2430,48.12547943965187,238.60000000002486,544.2117930560289
2431,48.12547943965187,238.62000000002487,544.2279546008459
2432,48.12547943965187,238.64000000002488,544.2441147713904
2433,48.12547943965187,238.6600000000249,544.2602735677173
2434,48.12547943965187,238.6800000000249,544.2764309898813
2435,48.12547943965187,238.70000000002491,544.2925870379374
2436,48.12547943965187,238.72000000002492,544.3087417119405
2437,48.12547943965187,238.74000000002493,544.3248950119453
2438,48.12547943965187,238.76000000002495,544.3410469380066
2439,48.12547943965187,238.78000000002496,544.3571974901793
2440,48.12547943965187,238.80000000002497,544.3733466685181
2441,48.12547943965187,238.82000000002498,544.389494473078
2442,48.12547943965187,238.840000000025,544.4056409039136
2443,48.12547943965187,238.860000000025,544.4217859610799
2444,48.12547943965187,238.880000000025,544.4379296446315
2445,48.12547943965187,238.90000000002502,544.4540719546233
2446,48.12547943965187,238.92000000002503,544.4702128960228
2447,48.12547943965187,238.94000000002504,544.486352476473
2448,48.12547943965187,238.96000000002505,544.5024906963251
2449,48.12547943965187,238.98000000002506,544.518627555633
2450,48.12547943965187,239.00000000002507,544.5347630544502
2451,48.12547943965187,239.02000000002508,544.5508971928305
2452,48.12547943965187,239.0400000000251,544.5670299708277
2453,48.12547943965187,239.0600000000251,544.5831613884955
2454,48.12547943965187,239.0800000000251,544.5992914458876
2455,48.12547943965187,239.10000000002512,544.6154201430578
2456,48.12547943965187,239.12000000002513,544.6315474800597
2457,48.12547943965187,239.14000000002514,544.647673456947
2458,48.12547943965187,239.16000000002515,544.6637980737736
2459,48.12547943965187,239.18000000002516,544.679921330593
2460,48.12547943965187,239.20000000002517,544.6960432274589
2461,48.12547943965187,239.22000000002518,544.712163764425
2462,48.12547943965187,239.2400000000252,544.7282829415449
2463,48.12547943965187,239.2600000000252,544.7444007588723
2464,48.12547943965187,239.2800000000252,544.7605172164609
2465,48.12547943965187,239.30000000002522,544.7766323143644
2466,48.12547943965187,239.32000000002523,544.7927460526363
2467,48.12547943965187,239.34000000002524,544.8088584313302
2468,48.12547943965187,239.36000000002525,544.8249694504999
2469,48.12547943965187,239.38000000002526,544.8410791101988
2470,48.12547943965187,239.40000000002527,544.8571874104807
2471,48.12547943965187,239.42000000002528,544.8732943513992
2472,48.12547943965187,239.4400000000253,544.8893999330078
2473,48.12547943965187,239.4600000000253,544.9055041553601
2474,48.12547943965187,239.4800000000253,544.9216070185096
2475,48.12547943965187,239.50000000002532,544.93770852251
2476,48.12547943965187,239.52000000002533,544.9538086674148
2477,48.12547943965187,239.54000000002534,544.9699074532776
2478,48.12547943965187,239.56000000002535,544.986004880152
2479,48.12547943965187,239.58000000002536,545.0021009480914
2480,48.12547943965187,239.60000000002537,545.0181956571494
2481,48.12547943965187,239.62000000002539,545.0342890073795
2482,48.12547943965187,239.6400000000254,545.0503809988353
2483,48.12547943965187,239.6600000000254,545.0664716315703
2484,48.12547943965187,239.68000000002542,545.0825609056379
2485,48.12547943965187,239.70000000002543,545.0986488210917
2486,48.12547943965187,239.72000000002544,545.1147353779852
2487,48.12547943965187,239.74000000002545,545.1308205763719
2488,48.12547943965187,239.76000000002546,545.1469044163051
2489,48.04351684401133,239.78000000002547,545.1629868978386
2490,48.04351684401133,239.80000000002548,545.1790680210255
2491,48.04351684401133,239.8200000000255,545.1951477859195
2492,48.04351684401133,239.8400000000255,545.2112261925739
2493,48.04351684401133,239.8600000000255,545.2273032410423
2494,48.04351684401133,239.88000000002552,545.243378931378
2495,48.04351684401133,239.90000000002553,545.2594532636344
2496,48.04351684401133,239.92000000002554,545.2755262378652
2497,48.04351684401133,239.94000000002555,545.2915978596403
2498,48.04351684401133,239.96000000002556,545.307668135812
2499,48.04351684401133,239.98000000002557,545.3237370665756
2500,48.04351684401133,240.00000000002558,545.3398046519837
2501,48.04351684401133,240.0200000000256,545.3558708920892
2502,48.04351684401133,240.0400000000256,545.3719357869446
2503,48.04351684401133,240.0600000000256,545.3879993366028
2504,48.04351684401133,240.08000000002562,545.4040615411162
2505,48.04351684401133,240.10000000002563,545.4201224005378
2506,48.04351684401133,240.12000000002564,545.4361819149201
2507,48.04351684401133,240.14000000002565,545.4522400843158
2508,48.04351684401133,240.16000000002566,545.4682969087776
2509,48.04351684401133,240.18000000002567,545.4843523883582
2510,48.04351684401133,240.20000000002568,545.5004065231101
2511,48.04351684401133,240.2200000000257,545.5164593130861
2512,48.04351684401133,240.2400000000257,545.5325107583388
2513,48.04351684401133,240.2600000000257,545.5485608589208
2514,48.04351684401133,240.28000000002572,545.5646096148848
2515,48.04351684401133,240.30000000002573,545.5806570262833
2516,48.04351684401133,240.32000000002574,545.596703093169
2517,48.04351684401133,240.34000000002575,545.6127478155945
2518,48.04351684401133,240.36000000002576,545.6287911936123
2519,48.04351684401133,240.38000000002577,545.6448332272751
2520,48.04351684401133,240.40000000002578,545.6608739166354
2521,48.04351684401133,240.4200000000258,545.6769132617459
2522,48.04351684401133,240.4400000000258,545.692951262659
2523,48.04351684401133,240.46000000002581,545.7089879194274
2524,48.04351684401133,240.48000000002583,545.7250232321036
2525,48.04351684401133,240.50000000002584,545.7410572007401
2526,48.04351684401133,240.52000000002585,545.7570898253896
2527,48.04351684401133,240.54000000002586,545.7731211061044
2528,48.04351684401133,240.56000000002587,545.7891510429373
2529,48.04351684401133,240.58000000002588,545.8051796359406
2530,48.04351684401133,240.6000000000259,545.8212068851668
2531,48.04351684401133,240.6200000000259,545.8372327906686
2532,48.04351684401133,240.6400000000259,545.8532573524983
2533,48.04351684401133,240.66000000002592,545.8692805707085
2534,48.04351684401133,240.68000000002593,545.8853024453516
2535,48.04351684401133,240.70000000002594,545.9013229764802
2536,48.04351684401133,240.72000000002595,545.9173421641467
2537,48.04351684401133,240.74000000002596,545.9333600084036
2538,48.04351684401133,240.76000000002597,545.9493765093033
2539,48.04351684401133,240.78000000002598,545.9653916668983
2540,48.04351684401133,240.800000000026,545.9814054812409
2541,48.04351684401133,240.820000000026,545.9974179523838
2542,48.04351684401133,240.840000000026,546.0134290803792
2543,48.04351684401133,240.86000000002602,546.0294388652795
2544,48.04351684401133,240.88000000002603,546.0454473071374
2545,48.04351684401133,240.90000000002604,546.0614544060049
2546,48.04351684401133,240.92000000002605,546.0774601619347
2547,48.04351684401133,240.94000000002606,546.0934645749836
2548,48.04351684401133,240.96000000002607,546.1094676514571
2549,48.04351684401133,240.98000000002608,546.1254693976198
2550,48.04351684401133,241.0000000000261,546.1414698135235
2551,48.04351684401133,241.0200000000261,546.1574688992197
2552,48.04351684401133,241.0400000000261,546.1734666547601
2553,48.04351684401133,241.06000000002612,546.1894630801962
2554,48.04351684401133,241.08000000002613,546.2054581755797
2555,48.04351684401133,241.10000000002614,546.2214519409621
2556,48.04351684401133,241.12000000002615,546.2374443763949
2557,48.04351684401133,241.14000000002616,546.2534354819298
2558,48.04351684401133,241.16000000002617,546.2694252576183
2559,48.04351684401133,241.18000000002618,546.285413703512
2560,48.04351684401133,241.2000000000262,546.3014008196624
2561,48.04351684401133,241.2200000000262,546.317386606121
2562,48.04351684401133,241.2400000000262,546.3333710629394
2563,48.04351684401133,241.26000000002622,546.349354190169
2564,48.04351684401133,241.28000000002623,546.3653359878615
2565,48.04351684401133,241.30000000002624,546.3813164560682
2566,48.04351684401133,241.32000000002625,546.3972955948408
2567,48.04351684401133,241.34000000002627,546.4132734042306
2568,48.04351684401133,241.36000000002628,546.4292498842893
2569,48.04351684401133,241.38000000002629,546.4452250350682
2570,48.04351684401133,241.4000000000263,546.4611988566189
2571,48.04351684401133,241.4200000000263,546.4771713489929
2572,48.04351684401133,241.44000000002632,546.4931425122415
2573,48.04351684401133,241.46000000002633,546.5091123464163
2574,48.04351684401133,241.48000000002634,546.5250808515685
2575,48.04351684401133,241.50000000002635,546.5410480277499
2576,48.04351684401133,241.52000000002636,546.5570138750116
2577,48.04351684401133,241.54000000002637,546.5729783934054
2578,48.04351684401133,241.56000000002638,546.5889415829823
2579,48.04351684401133,241.5800000000264,546.604903443794
2580,48.04351684401133,241.6000000000264,546.6208639758919
2581,48.04351684401133,241.6200000000264,546.6368231793273
2582,48.04351684401133,241.64000000002642,546.6527810541515
2583,48.04351684401133,241.66000000002643,546.6687376004161
2584,48.04351684401133,241.68000000002644,546.6846928181724
2585,48.04351684401133,241.70000000002645,546.7006467074717
2586,48.04351684401133,241.72000000002646,546.7165992683655
2587,47.96178663559333,241.74000000002647,546.732550500905
2588,47.96178663559333,241.76000000002648,546.7485004051416
2589,47.96178663559333,241.7800000000265,546.7644489811267
2590,47.96178663559333,241.8000000000265,546.7803962289116
2591,47.96178663559333,241.8200000000265,546.7963421485476
2592,47.96178663559333,241.84000000002652,546.8122867400862
2593,47.96178663559333,241.86000000002653,546.8282300035785
2594,47.96178663559333,241.88000000002654,546.8441719390759
2595,47.96178663559333,241.90000000002655,546.8601125466297
2596,47.96178663559333,241.92000000002656,546.8760518262911
2597,47.96178663559333,241.94000000002657,546.8919897781116
2598,47.96178663559333,241.96000000002658,546.9079264022891
2599,47.96178663559333,241.9800000000266,546.9238617055078
2600,47.96178663559333,242.0000000000266,546.9397956931285
2601,47.96178663559333,242.0200000000266,546.955728365202
2602,47.96178663559333,242.04000000002662,546.9716597217789
2603,47.96178663559333,242.06000000002663,546.9875897629097
2604,47.96178663559333,242.08000000002664,547.0035184886451
2605,47.96178663559333,242.10000000002665,547.0194458990358
2606,47.96178663559333,242.12000000002666,547.0353719941321
2607,47.96178663559333,242.14000000002667,547.0512967739849
2608,47.96178663559333,242.16000000002668,547.0672202386446
2609,47.96178663559333,242.1800000000267,547.0831423881618
2610,47.96178663559333,242.2000000000267,547.0990632225872
2611,47.96178663559333,242.22000000002672,547.1149827419713
2612,47.96178663559333,242.24000000002673,547.1309009463645
2613,47.96178663559333,242.26000000002674,547.1468178358175
2614,47.96178663559333,242.28000000002675,547.1627334103808
2615,47.96178663559333,242.30000000002676,547.178647670105
2616,47.96178663559333,242.32000000002677,547.1945606150405
2617,47.96178663559333,242.34000000002678,547.2104722452378
2618,47.96178663559333,242.3600000000268,547.2263825607477
2619,47.96178663559333,242.3800000000268,547.2422915616204
2620,47.96178663559333,242.4000000000268,547.2581992479065
2621,47.96178663559333,242.42000000002682,547.2741056196566
2622,47.96178663559333,242.44000000002683,547.290010676921
2623,47.96178663559333,242.46000000002684,547.3059144197504
2624,47.96178663559333,242.48000000002685,547.321816848195
2625,47.96178663559333,242.50000000002686,547.3377179623055
2626,47.96178663559333,242.52000000002687,547.3536177621323
2627,47.96178663559333,242.54000000002688,547.3695162477259
2628,47.96178663559333,242.5600000000269,547.3854134191365
2629,47.96178663559333,242.5800000000269,547.4013092764148
2630,47.96178663559333,242.6000000000269,547.4172038196112
2631,47.96178663559333,242.62000000002692,547.4330970487761
2632,47.96178663559333,242.64000000002693,547.4489889639599
2633,47.96178663559333,242.66000000002694,547.464879565213
2634,47.96178663559333,242.68000000002695,547.4807688525858
2635,47.96178663559333,242.70000000002696,547.4966568261287
2636,47.96178663559333,242.72000000002697,547.5125434858923
2637,47.96178663559333,242.74000000002698,547.5284288319267
2638,47.96178663559333,242.760000000027,547.5443128642823
2639,47.96178663559333,242.780000000027,547.5601955830097
2640,47.96178663559333,242.800000000027,547.576076988159
2641,47.96178663559333,242.82000000002702,547.5919570797807
2642,47.96178663559333,242.84000000002703,547.6078358579252
2643,47.96178663559333,242.86000000002704,547.6237133226429
2644,47.96178663559333,242.88000000002705,547.639589473984
2645,47.96178663559333,242.90000000002706,547.6554643119988
2646,47.96178663559333,242.92000000002707,547.6713378367377
2647,47.96178663559333,242.94000000002708,547.6872100482511
2648,47.96178663559333,242.9600000000271,547.7030809465892
2649,47.96178663559333,242.9800000000271,547.718950532093
2650,47.96178663559333,243.00000000002711,547.734818812043
2651,47.96178663559333,243.02000000002712,547.7506857911042
2652,47.96178663559333,243.04000000002713,547.766551469326
2653,47.96178663559333,243.06000000002715,547.7824158467582
2654,47.96178663559333,243.08000000002716,547.7982789234504
2655,47.96178663559333,243.10000000002717,547.8141406994522
2656,47.96178663559333,243.12000000002718,547.8300011748131
2657,47.96178663559333,243.1400000000272,547.8458603495828
2658,47.96178663559333,243.1600000000272,547.861718223811
2659,47.96178663559333,243.1800000000272,547.877574797547
2660,47.96178663559333,243.20000000002722,547.8934300708406
2661,47.96178663559333,243.22000000002723,547.9092840437413
2662,47.96178663559333,243.24000000002724,547.9251367162987
2663,47.96178663559333,243.26000000002725,547.9409880885622
2664,47.96178663559333,243.28000000002726,547.9568381605816
2665,47.96178663559333,243.30000000002727,547.9726869324063
2666,47.96178663559333,243.32000000002728,547.988534404086
2667,47.96178663559333,243.3400000000273,548.00438057567
2668,47.96178663559333,243.3600000000273,548.020225447208
2669,47.96178663559333,243.3800000000273,548.0360690187495
2670,47.96178663559333,243.40000000002732,548.0519112903439
2671,47.96178663559333,243.42000000002733,548.0677522620409
2672,47.96178663559333,243.44000000002734,548.0835919338899
2673,47.96178663559333,243.46000000002735,548.0994303059404
2674,47.96178663559333,243.48000000002736,548.1152673782418
2675,47.96178663559333,243.50000000002737,548.1311031508437
2676,47.96178663559333,243.52000000002738,548.1469376237956
2677,47.96178663559333,243.5400000000274,548.1627707971469
2678,47.96178663559333,243.5600000000274,548.178602670947
2679,47.96178663559333,243.5800000000274,548.1944332452456
2680,47.96178663559333,243.60000000002742,548.2102625200919
2681,47.96178663559333,243.62000000002743,548.2260904955353
2682,47.96178663559333,243.64000000002744,548.2419171716256
2683,47.96178663559333,243.66000000002745,548.2577425484119
2684,47.96178663559333,243.68000000002746,548.2735666259437
2685,47.96178663559333,243.70000000002747,548.2893894042704
2686,47.880287893005644,243.72000000002748,548.3052108834415
2687,47.880287893005644,243.7400000000275,548.3210310635063
2688,47.880287893005644,243.7600000000275,548.3368499445143
2689,47.880287893005644,243.7800000000275,548.3526675265148
2690,47.880287893005644,243.80000000002752,548.3684838095572
2691,47.880287893005644,243.82000000002753,548.384298793691
2692,47.880287893005644,243.84000000002754,548.4001124789654
2693,47.880287893005644,243.86000000002755,548.4159248654299
2694,47.880287893005644,243.88000000002756,548.4317359531339
2695,47.880287893005644,243.90000000002757,548.4475457421265
2696,47.880287893005644,243.92000000002758,548.4633542324573
2697,47.880287893005644,243.9400000000276,548.4791614241755
2698,47.880287893005644,243.9600000000276,548.4949673173304
2699,47.880287893005644,243.98000000002762,548.5107719119715
2700,47.880287893005644,244.00000000002763,548.5265752085679
2701,47.880287893005644,244.02000000002764,548.5423772147243
2702,47.880287893005644,244.04000000002765,548.5581779342649
2703,47.880287893005644,244.06000000002766,548.5739773672384
2704,47.880287893005644,244.08000000002767,548.5897755136934
2705,47.880287893005644,244.10000000002768,548.6055723736787
2706,47.880287893005644,244.1200000000277,548.6213679472429
2707,47.880287893005644,244.1400000000277,548.6371622344346
2708,47.880287893005644,244.1600000000277,548.6529552353026
2709,47.880287893005644,244.18000000002772,548.6687469498953
2710,47.880287893005644,244.20000000002773,548.6845373782616
2711,47.880287893005644,244.22000000002774,548.7003265204498
2712,47.880287893005644,244.24000000002775,548.7161143765088
2713,47.880287893005644,244.26000000002776,548.7319009464871
2714,47.880287893005644,244.28000000002777,548.7476862304334
2715,47.880287893005644,244.30000000002778,548.763470228396
2716,47.880287893005644,244.3200000000278,548.7792529404238
2717,47.880287893005644,244.3400000000278,548.7950343665653
2718,47.880287893005644,244.3600000000278,548.8108145068691
2719,47.880287893005644,244.38000000002782,548.8265933613836
2720,47.880287893005644,244.40000000002783,548.8423709301577
2721,47.880287893005644,244.42000000002784,548.8581472132397
2722,47.880287893005644,244.44000000002785,548.8739222106782
2723,47.880287893005644,244.46000000002786,548.8896959225218
2724,47.880287893005644,244.48000000002787,548.905468348819
2725,47.880287893005644,244.50000000002788,548.9212394896183
2726,47.880287893005644,244.5200000000279,548.9370093449684
2727,47.880287893005644,244.5400000000279,548.9527779149176
2728,47.880287893005644,244.5600000000279,548.9685451995146
2729,47.880287893005644,244.58000000002792,548.9843111988077
2730,47.880287893005644,244.60000000002793,549.0000759128457
2731,47.880287893005644,244.62000000002794,549.0158393416767
2732,47.880287893005644,244.64000000002795,549.0316014853496
2733,47.880287893005644,244.66000000002796,549.0473623439126
2734,47.880287893005644,244.68000000002797,549.0631219174143
2735,47.880287893005644,244.70000000002798,549.0788802059031
2736,47.880287893005644,244.720000000028,549.0946372094276
2737,47.880287893005644,244.740000000028,549.110392928036
2738,47.880287893005644,244.76000000002801,549.126147361777
2739,47.880287893005644,244.78000000002802,549.1419005106991
2740,47.880287893005644,244.80000000002804,549.1576523748505
2741,47.880287893005644,244.82000000002805,549.1734029542797
2742,47.880287893005644,244.84000000002806,549.1891522490353
2743,47.880287893005644,244.86000000002807,549.2049002591655
2744,47.880287893005644,244.88000000002808,549.2206469847188
2745,47.880287893005644,244.9000000000281,549.2363924257436
2746,47.880287893005644,244.9200000000281,549.2521365822884
2747,47.880287893005644,244.9400000000281,549.2678794544014
2748,47.880287893005644,244.96000000002812,549.2836210421311
2749,47.880287893005644,244.98000000002813,549.2993613455259
2750,47.880287893005644,245.00000000002814,549.3151003646341
2751,47.880287893005644,245.02000000002815,549.3308381000647
2752,47.880287893005644,245.04000000002816,549.3465745600054
2753,47.880287893005644,245.06000000002817,549.3623097475975
2754,47.880287893005644,245.08000000002818,549.3780436628888
2755,47.880287893005644,245.1000000000282,549.393776305927
2756,47.880287893005644,245.1200000000282,549.4095076767596
2757,47.880287893005644,245.1400000000282,549.4252377754344
2758,47.880287893005644,245.16000000002822,549.4409666019991
2759,47.880287893005644,245.18000000002823,549.4566941565013
2760,47.880287893005644,245.20000000002824,549.4724204389885
2761,47.880287893005644,245.22000000002825,549.4881454495085
2762,47.880287893005644,245.24000000002826,549.5038691881088
2763,47.880287893005644,245.26000000002827,549.5195916548371
2764,47.880287893005644,245.28000000002828,549.535312849741
2765,47.880287893005644,245.3000000000283,549.5510327728681
2766,47.880287893005644,245.3200000000283,549.566751424266
2767,47.880287893005644,245.3400000000283,549.5824688039824
2768,47.880287893005644,245.36000000002832,549.5981849120647
2769,47.880287893005644,245.38000000002833,549.6138997485605
2770,47.880287893005644,245.40000000002834,549.6296133135174
2771,47.880287893005644,245.42000000002835,549.6453256069831
2772,47.880287893005644,245.44000000002836,549.661036629005
2773,47.880287893005644,245.46000000002837,549.6767463796308
2774,47.880287893005644,245.48000000002838,549.6924548589079
2775,47.880287893005644,245.5000000000284,549.7081620668839
2776,47.880287893005644,245.5200000000284,549.7238680036064
2777,47.880287893005644,245.5400000000284,549.7395726691228
2778,47.880287893005644,245.56000000002842,549.7552760634808
2779,47.880287893005644,245.58000000002843,549.7709781867278
2780,47.880287893005644,245.60000000002844,549.7866790389113
2781,47.880287893005644,245.62000000002845,549.8023786200789
2782,47.880287893005644,245.64000000002846,549.818076930278
2783,47.880287893005644,245.66000000002848,549.8337739695562
2784,47.880287893005644,245.68000000002849,549.8494697379609
2785,47.799019699547756,245.7000000000285,549.8651642355396
2786,47.799019699547756,245.7200000000285,549.8808574623398
2787,47.799019699547756,245.74000000002852,549.896549418409
2788,47.799019699547756,245.76000000002853,549.9122401037946
2789,47.799019699547756,245.78000000002854,549.927929518544
2790,47.799019699547756,245.80000000002855,549.9436176627048
2791,47.799019699547756,245.82000000002856,549.9593045363243
2792,47.799019699547756,245.84000000002857,549.9749901394501
2793,47.799019699547756,245.86000000002858,549.9906744721295
2794,47.799019699547756,245.8800000000286,550.0063575343241
2795,47.799019699547756,245.9000000000286,550.0220393251026
2796,47.799019699547756,245.9200000000286,550.037719844306
2797,47.799019699547756,245.94000000002862,550.0533990919816
2798,47.799019699547756,245.96000000002863,550.0690770681767
2799,47.799019699547756,245.98000000002864,550.0847537729386
2800,47.799019699547756,246.00000000002865,550.1004292063144
2801,47.799019699547756,246.02000000002866,550.1161033683513
2802,47.799019699547756,246.04000000002867,550.1317762597739
2803,47.799019699547756,246.06000000002868,550.1474478890459
2804,47.799019699547756,246.0800000000287,550.1631182585355
2805,47.799019699547756,246.1000000000287,550.1787873682894
2806,47.799019699547756,246.1200000000287,550.194455218354
2807,47.799019699547756,246.14000000002872,550.2101218087763
2808,47.799019699547756,246.16000000002873,550.2257871396027
2809,47.799019699547756,246.18000000002874,550.2414512108799
2810,47.799019699547756,246.20000000002875,550.2571140226544
2811,47.799019699547756,246.22000000002876,550.2727755749729
2812,47.799019699547756,246.24000000002877,550.2884358678821
2813,47.799019699547756,246.26000000002878,550.3040949014284
2814,47.799019699547756,246.2800000000288,550.3197526756584
2815,47.799019699547756,246.3000000000288,550.3354091906189
2816,47.799019699547756,246.3200000000288,550.3510644463562
2817,47.799019699547756,246.34000000002882,550.3667184429171
2818,47.799019699547756,246.36000000002883,550.3823711803481
2819,47.799019699547756,246.38000000002884,550.3980226586956
2820,47.799019699547756,246.40000000002885,550.4136728780064
2821,47.799019699547756,246.42000000002886,550.4293218383269
2822,47.799019699547756,246.44000000002887,550.4449695397037
2823,47.799019699547756,246.46000000002888,550.4606159821833
2824,47.799019699547756,246.4800000000289,550.4762611658123
2825,47.799019699547756,246.5000000000289,550.4919050906371
2826,47.799019699547756,246.52000000002892,550.5075477567044
2827,47.799019699547756,246.54000000002893,550.5231891640606
2828,47.799019699547756,246.56000000002894,550.5388293127521
2829,47.799019699547756,246.58000000002895,550.5544682028255
2830,47.799019699547756,246.60000000002896,550.5701058343274
2831,47.799019699547756,246.62000000002897,550.5857422073041
2832,47.799019699547756,246.64000000002898,550.6013773218021
2833,47.799019699547756,246.660000000029,550.617011177868
2834,47.799019699547756,246.680000000029,550.6326437755482
2835,47.799019699547756,246.700000000029,550.6482751148892
2836,47.799019699547756,246.72000000002902,550.6639051959374
2837,47.799019699547756,246.74000000002903,550.6795340187393
2838,47.799019699547756,246.76000000002904,550.6951615833414
2839,47.799019699547756,246.78000000002905,550.7107878897899
2840,47.799019699547756,246.80000000002906,550.7264129381315
2841,47.799019699547756,246.82000000002907,550.7420367284125
2842,47.799019699547756,246.84000000002908,550.7576592606794
2843,47.799019699547756,246.8600000000291,550.7732805349784
2844,47.799019699547756,246.8800000000291,550.7889005513562
2845,47.799019699547756,246.9000000000291,550.8045193098591
2846,47.799019699547756,246.92000000002912,550.8201368105334
2847,47.799019699547756,246.94000000002913,550.8357530534256
2848,47.799019699547756,246.96000000002914,550.851368038582
2849,47.799019699547756,246.98000000002915,550.8669817660491
2850,47.799019699547756,247.00000000002916,550.8825942358732
2851,47.799019699547756,247.02000000002917,550.8982054481006
2852,47.799019699547756,247.04000000002918,550.9138154027777
2853,47.799019699547756,247.0600000000292,550.9294241007678
2854,47.799019699547756,247.0800000000292,550.9450315511285
2855,47.799019699547756,247.1000000000292,550.9606377555641
2856,47.799019699547756,247.12000000002922,550.9762427141203
2857,47.799019699547756,247.14000000002923,550.9918464268427
2858,47.799019699547756,247.16000000002924,551.007448893777
2859,47.799019699547756,247.18000000002925,551.0230501149689
2860,47.799019699547756,247.20000000002926,551.0386500904641
2861,47.799019699547756,247.22000000002927,551.0542488203082
2862,47.799019699547756,247.24000000002928,551.0698463045469
2863,47.799019699547756,247.2600000000293,551.0854425432259
2864,47.799019699547756,247.2800000000293,551.1010375363908
2865,47.799019699547756,247.3000000000293,551.1166312840871
2866,47.799019699547756,247.32000000002932,551.1322237863607
2867,47.799019699547756,247.34000000002933,551.147815043257
2868,47.799019699547756,247.36000000002934,551.1634050548217
2869,47.799019699547756,247.38000000002936,551.1789938211006
2870,47.799019699547756,247.40000000002937,551.194581342139
2871,47.799019699547756,247.42000000002938,551.2101676179827
2872,47.799019699547756,247.44000000002939,551.2257526486773
2873,47.799019699547756,247.4600000000294,551.2413364342682
2874,47.799019699547756,247.4800000000294,551.2569189748012
2875,47.799019699547756,247.50000000002942,551.2725002703219
2876,47.799019699547756,247.52000000002943,551.2880803208757
2877,47.799019699547756,247.54000000002944,551.3036591265083
2878,47.799019699547756,247.56000000002945,551.3192366872652
2879,47.799019699547756,247.58000000002946,551.3348130031919
2880,47.799019699547756,247.60000000002947,551.3503880743341
2881,47.799019699547756,247.62000000002948,551.3659619007373
2882,47.799019699547756,247.6400000000295,551.3815344824469
2883,47.799019699547756,247.6600000000295,551.3971058195086
2884,47.799019699547756,247.6800000000295,551.4126759119679
2885,47.799019699547756,247.70000000002952,551.4282447598703
2886,47.799019699547756,247.72000000002953,551.4438123632613
2887,47.799019699547756,247.74000000002954,551.4593787221863
2888,47.799019699547756,247.76000000002955,551.4749438366911
2889,47.71798114318167,247.78000000002956,551.490507706821
2890,47.71798114318167,247.80000000002957,551.5060703326214
2891,47.71798114318167,247.82000000002958,551.521631714138
2892,47.71798114318167,247.8400000000296,551.5371918514162
2893,47.71798114318167,247.8600000000296,551.5527507445014
2894,47.71798114318167,247.8800000000296,551.5683083934391
2895,47.71798114318167,247.90000000002962,551.5838647982748
2896,47.71798114318167,247.92000000002963,551.599419959054
2897,47.71798114318167,247.94000000002964,551.6149738758221
2898,47.71798114318167,247.96000000002965,551.6305265486245
2899,47.71798114318167,247.98000000002966,551.6460779775067
2900,47.71798114318167,248.00000000002967,551.6616281625141
2901,47.71798114318167,248.02000000002968,551.6771771036922
2902,47.71798114318167,248.0400000000297,551.6927248010863
2903,47.71798114318167,248.0600000000297,551.7082712547419
2904,47.71798114318167,248.0800000000297,551.7238164656264
2905,47.71798114318167,248.10000000002972,551.7393604430326
2906,47.71798114318167,248.12000000002973,551.7549031879552
2907,47.71798114318167,248.14000000002974,551.7704447004387
2908,47.71798114318167,248.16000000002975,551.785984980528
2909,47.71798114318167,248.18000000002976,551.8015240282679
2910,47.71798114318167,248.20000000002977,551.817061843703
2911,47.71798114318167,248.22000000002978,551.8325984268779
2912,47.71798114318167,248.2400000000298,551.8481337778375
2913,47.71798114318167,248.2600000000298,551.8636678966265
2914,47.71798114318167,248.28000000002982,551.8792007832894
2915,47.71798114318167,248.30000000002983,551.8947324378712
2916,47.71798114318167,248.32000000002984,551.9102628604163
2917,47.71798114318167,248.34000000002985,551.9257920509696
2918,47.71798114318167,248.36000000002986,551.9413200095755
2919,47.71798114318167,248.38000000002987,551.956846736279
2920,47.71798114318167,248.40000000002988,551.9723722311245
2921,47.71798114318167,248.4200000000299,551.9878964941568
2922,47.71798114318167,248.4400000000299,552.0034195254204
2923,47.71798114318167,248.4600000000299,552.0189413249601
2924,47.71798114318167,248.48000000002992,552.0344618928204
2925,47.71798114318167,248.50000000002993,552.0499812290461
2926,47.71798114318167,248.52000000002994,552.0654993336817
2927,47.71798114318167,248.54000000002995,552.0810162067719
2928,47.71798114318167,248.56000000002996,552.0965318483612
2929,47.71798114318167,248.58000000002997,552.1120462584944
2930,47.71798114318167,248.60000000002998,552.127559437216
2931,47.71798114318167,248.62000000003,552.1430713845705
2932,47.71798114318167,248.64000000003,552.1585821006026
2933,47.71798114318167,248.66000000003,552.1740915853569
2934,47.71798114318167,248.68000000003002,552.1895998388779
2935,47.71798114318167,248.70000000003003,552.2051068612103
2936,47.71798114318167,248.72000000003004,552.2206126523986
2937,47.71798114318167,248.74000000003005,552.2361172124873
2938,47.71798114318167,248.76000000003006,552.2516205415211
2939,47.71798114318167,248.78000000003007,552.2671226395445
2940,47.71798114318167,248.80000000003008,552.2826235066019
2941,47.71798114318167,248.8200000000301,552.2981231427381
2942,47.71798114318167,248.8400000000301,552.3136215479974
2943,47.71798114318167,248.8600000000301,552.3291187224244
2944,47.71798114318167,248.88000000003012,552.3446146660636
2945,47.71798114318167,248.90000000003013,552.3601093789597
2946,47.71798114318167,248.92000000003014,552.3756028611571
2947,47.71798114318167,248.94000000003015,552.3910951127002
2948,47.71798114318167,248.96000000003016,552.4065861336336
2949,47.71798114318167,248.98000000003017,552.4220759240018
2950,47.71798114318167,249.00000000003018,552.4375644838492
2951,47.71798114318167,249.0200000000302,552.4530518132204
2952,47.71798114318167,249.0400000000302,552.4685379121598
2953,47.71798114318167,249.06000000003021,552.4840227807119
2954,47.71798114318167,249.08000000003022,552.4995064189212
2955,47.71798114318167,249.10000000003024,552.514988828399
2956,47.71798114318167,249.12000000003025,552.5304700179935
2957,47.71798114318167,249.14000000003026,552.5459499885524
2958,47.71798114318167,249.16000000003027,552.5614287401196
2959,47.71798114318167,249.18000000003028,552.5769062727389
2960,47.71798114318167,249.2000000000303,552.5923825864543
2961,47.71798114318167,249.2200000000303,552.6078576813093
2962,47.71798114318167,249.2400000000303,552.6233315573478
2963,47.71798114318167,249.26000000003032,552.6388042146137
2964,47.71798114318167,249.28000000003033,552.6542756531508
2965,47.71798114318167,249.30000000003034,552.6697458730027
2966,47.71798114318167,249.32000000003035,552.6852148742133
2967,47.71798114318167,249.34000000003036,552.7006826568264
2968,47.71798114318167,249.36000000003037,552.7161492208858
2969,47.71798114318167,249.38000000003038,552.731614566435
2970,47.71798114318167,249.4000000000304,552.7470786935181
2971,47.71798114318167,249.4200000000304,552.7625416021787
2972,47.71798114318167,249.4400000000304,552.7780032924604
2973,47.71798114318167,249.46000000003042,552.7934637644072
2974,47.71798114318167,249.48000000003043,552.8089230180626
2975,47.71798114318167,249.50000000003044,552.8243810534705
2976,47.71798114318167,249.52000000003045,552.8398378706745
2977,47.71798114318167,249.54000000003046,552.8552934697184
2978,47.71798114318167,249.56000000003047,552.8707478506458
2979,47.71798114318167,249.58000000003048,552.8862010135005
2980,47.71798114318167,249.6000000000305,552.9016529583262
2981,47.71798114318167,249.6200000000305,552.9171036851665
2982,47.71798114318167,249.6400000000305,552.9325531940651
2983,47.71798114318167,249.66000000003052,552.9480014850658
2984,47.71798114318167,249.68000000003053,552.9634485582122
2985,47.71798114318167,249.70000000003054,552.978894413548
2986,47.71798114318167,249.72000000003055,552.9943390511169
2987,47.71798114318167,249.74000000003056,553.0097824709624
2988,47.71798114318167,249.76000000003057,553.0252246731283
2989,47.71798114318167,249.78000000003058,553.0406656576582
2990,47.637171316502965,249.8000000000306,553.0561054245958
2991,47.637171316502965,249.8200000000306,553.0715439739846
2992,47.637171316502965,249.8400000000306,553.0869813058683
2993,47.637171316502965,249.86000000003062,553.1024174202906
2994,47.637171316502965,249.88000000003063,553.117852317295
2995,47.637171316502965,249.90000000003064,553.1332859969252
2996,47.637171316502965,249.92000000003065,553.1487184592248
2997,47.637171316502965,249.94000000003066,553.1641497042374
2998,47.637171316502965,249.96000000003067,553.1795797320066
2999,47.637171316502965,249.98000000003069,553.1950085425759
3000,47.637171316502965,250.0000000000307,553.210436135989
3001,47.637171316502965,250.0200000000307,553.2258625122894
3002,47.637171316502965,250.04000000003072,553.2412876715207
3003,47.637171316502965,250.06000000003073,553.2567116137266
3004,47.637171316502965,250.08000000003074,553.2721343389504
3005,47.637171316502965,250.10000000003075,553.2875558472359
3006,47.637171316502965,250.12000000003076,553.3029761407778
3007,47.637171316502965,250.14000000003077,553.318395227618
3008,47.637171316502965,250.16000000003078,553.3338131084494
3009,47.637171316502965,250.1800000000308,553.3492297833147
3010,47.637171316502965,250.2000000000308,553.3646452522572
3011,47.637171316502965,250.2200000000308,553.3800595153197
3012,47.637171316502965,250.24000000003082,553.395472572545
3013,47.637171316502965,250.26000000003083,553.4108844239762
3014,47.637171316502965,250.28000000003084,553.4262950696562
3015,47.637171316502965,250.30000000003085,553.441704509628
3016,47.637171316502965,250.32000000003086,553.4571127439344
3017,47.637171316502965,250.34000000003087,553.4725197726184
3018,47.637171316502965,250.36000000003088,553.4879255957229
3019,47.637171316502965,250.3800000000309,553.5033302132907
3020,47.637171316502965,250.4000000000309,553.5187336253649
3021,47.637171316502965,250.4200000000309,553.5341358319882
3022,47.637171316502965,250.44000000003092,553.5495368332037
3023,47.637171316502965,250.46000000003093,553.564936629054
3024,47.637171316502965,250.48000000003094,553.5803352195824
3025,47.637171316502965,250.50000000003095,553.5957326048314
3026,47.637171316502965,250.52000000003096,553.611128784844
3027,47.637171316502965,250.54000000003097,553.6265237596631
3028,47.637171316502965,250.56000000003098,553.6419175293315
3029,47.637171316502965,250.580000000031,553.6573100938921
3030,47.637171316502965,250.600000000031,553.6727014533876
3031,47.637171316502965,250.620000000031,553.6880916078611
3032,47.637171316502965,250.64000000003102,553.7034805573553
3033,47.637171316502965,250.66000000003103,553.7188683019131
3034,47.637171316502965,250.68000000003104,553.7342548415771
3035,47.637171316502965,250.70000000003105,553.7496401763904
3036,47.637171316502965,250.72000000003106,553.7650243063956
3037,47.637171316502965,250.74000000003107,553.7804072316356
3038,47.637171316502965,250.76000000003108,553.7957889521533
3039,47.637171316502965,250.7800000000311,553.8111694679914
3040,47.637171316502965,250.8000000000311,553.8265487791926
3041,47.637171316502965,250.82000000003111,553.8419268857999
3042,47.637171316502965,250.84000000003113,553.8573037878559
3043,47.637171316502965,250.86000000003114,553.8726794854035
3044,47.637171316502965,250.88000000003115,553.8880539784855
3045,47.637171316502965,250.90000000003116,553.9034272671445
3046,47.637171316502965,250.92000000003117,553.9187993514233
3047,47.637171316502965,250.94000000003118,553.9341702313648
3048,47.637171316502965,250.9600000000312,553.9495399070115
3049,47.637171316502965,250.9800000000312,553.9649083784063
3050,47.637171316502965,251.0000000000312,553.9802756455921
3051,47.637171316502965,251.02000000003122,553.9956417086114
3052,47.637171316502965,251.04000000003123,554.011006567507
3053,47.637171316502965,251.06000000003124,554.0263702223216
3054,47.637171316502965,251.08000000003125,554.041732673098
3055,47.637171316502965,251.10000000003126,554.0570939198788
3056,47.637171316502965,251.12000000003127,554.0724539627066
3057,47.637171316502965,251.14000000003128,554.0878128044277
3058,47.637171316502965,251.1600000000313,554.1031704526148
3059,47.637171316502965,251.1800000000313,554.1185269078353
3060,47.637171316502965,251.2000000000313,554.1338821701313
3061,47.637171316502965,251.22000000003132,554.149236239545
3062,47.637171316502965,251.24000000003133,554.1645891161185
3063,47.637171316502965,251.26000000003134,554.1799407998939
3064,47.637171316502965,251.28000000003135,554.1952912909134
3065,47.637171316502965,251.30000000003136,554.210640589219
3066,47.637171316502965,251.32000000003137,554.225988694853
3067,47.637171316502965,251.34000000003138,554.2413356078574
3068,47.637171316502965,251.3600000000314,554.2566813282745
3069,47.637171316502965,251.3800000000314,554.2720258561461
3070,47.637171316502965,251.4000000000314,554.2873691915145
3071,47.637171316502965,251.42000000003142,554.3027113344217
3072,47.637171316502965,251.44000000003143,554.3180522849099
3073,47.637171316502965,251.46000000003144,554.333392043021
3074,47.637171316502965,251.48000000003145,554.3487306087973
3075,47.637171316502965,251.50000000003146,554.3640679822806
3076,47.637171316502965,251.52000000003147,554.3794041635132
3077,47.637171316502965,251.54000000003148,554.394739152537
3078,47.637171316502965,251.5600000000315,554.4100729493941
3079,47.637171316502965,251.5800000000315,554.4254055541267
3080,47.637171316502965,251.6000000000315,554.4407369667766
3081,47.637171316502965,251.62000000003152,554.4560671873861
3082,47.637171316502965,251.64000000003153,554.4713962159971
3083,47.637171316502965,251.66000000003154,554.4867240526515
3084,47.637171316502965,251.68000000003155,554.5020506973916
3085,47.637171316502965,251.70000000003157,554.5173761502592
3086,47.637171316502965,251.72000000003158,554.5327004112964
3087,47.637171316502965,251.74000000003159,554.5480234805452
3088,47.637171316502965,251.7600000000316,554.5633453580476
3089,47.637171316502965,251.7800000000316,554.5786660438456
3090,47.55658931671203,251.80000000003162,554.5939855379811
3091,47.55658931671203,251.82000000003163,554.6093038404962
3092,47.55658931671203,251.84000000003164,554.6246209514328
3093,47.55658931671203,251.86000000003165,554.6399368708329
3094,47.55658931671203,251.88000000003166,554.6552515987386
3095,47.55658931671203,251.90000000003167,554.6705651351916
3096,47.55658931671203,251.92000000003168,554.6858774802341
3097,47.55658931671203,251.9400000000317,554.7011886339079
3098,47.55658931671203,251.9600000000317,554.7164985962551
3099,47.55658931671203,251.9800000000317,554.7318073673175
3100,47.55658931671203,252.00000000003172,554.7471149471371
3101,47.55658931671203,252.02000000003173,554.7624213357558
3102,47.55658931671203,252.04000000003174,554.7777265332155
3103,47.55658931671203,252.06000000003175,554.7930305395582
3104,47.55658931671203,252.08000000003176,554.8083333548259
3105,47.55658931671203,252.10000000003177,554.8236349790603
3106,47.55658931671203,252.12000000003178,554.8389354123035
3107,47.55658931671203,252.1400000000318,554.8542346545972
3108,47.55658931671203,252.1600000000318,554.8695327093159
3109,47.55658931671203,252.1800000000318,554.8848295832926
3110,47.55658931671203,252.20000000003182,554.900125276953
3111,47.55658931671203,252.22000000003183,554.9154197903384
3112,47.55658931671203,252.24000000003184,554.9307131234904
3113,47.55658931671203,252.26000000003185,554.9460052764501
3114,47.55658931671203,252.28000000003186,554.9612962492591
3115,47.55658931671203,252.30000000003187,554.9765860419586
3116,47.55658931671203,252.32000000003188,554.9918746545901
3117,47.55658931671203,252.3400000000319,555.0071620871948
3118,47.55658931671203,252.3600000000319,555.0224483398142
3119,47.55658931671203,252.3800000000319,555.0377334124896
3120,47.55658931671203,252.40000000003192,555.0530173052623
3121,47.55658931671203,252.42000000003193,555.0683000181737
3122,47.55658931671203,252.44000000003194,555.083581551265
3123,47.55658931671203,252.46000000003195,555.0988619045776
3124,47.55658931671203,252.48000000003196,555.1141410781528
3125,47.55658931671203,252.50000000003197,555.129419072032
3126,47.55658931671203,252.52000000003198,555.1446958862564
3127,47.55658931671203,252.540000000032,555.1599715208673
3128,47.55658931671203,252.560000000032,555.1752459759061
3129,47.55658931671203,252.58000000003202,555.190519251414
3130,47.55658931671203,252.60000000003203,555.2057913474323
3131,47.55658931671203,252.62000000003204,555.2210622640023
3132,47.55658931671203,252.64000000003205,555.2363320011652
3133,47.55658931671203,252.66000000003206,555.2516005589624
3134,47.55658931671203,252.68000000003207,555.2668679374351
3135,47.55658931671203,252.70000000003208,555.2821341366246
3136,47.55658931671203,252.7200000000321,555.297399156572
3137,47.55658931671203,252.7400000000321,555.3126629973189
3138,47.55658931671203,252.7600000000321,555.3279256589061
3139,47.55658931671203,252.78000000003212,555.3431871413751
3140,47.55658931671203,252.80000000003213,555.3584474447671
3141,47.55658931671203,252.82000000003214,555.3737065691233
3142,47.55658931671203,252.84000000003215,555.388964514485
3143,47.55658931671203,252.86000000003216,555.4042212808934
3144,47.55658931671203,252.88000000003217,555.4194768683896
3145,47.55658931671203,252.90000000003218,555.4347312770149
3146,47.55658931671203,252.9200000000322,555.4499845068104
3147,47.55658931671203,252.9400000000322,555.4652365578174
3148,47.55658931671203,252.9600000000322,555.4804874300771
3149,47.55658931671203,252.98000000003222,555.4957371236306
3150,47.55658931671203,253.00000000003223,555.5109856385193
3151,47.55658931671203,253.02000000003224,555.5262329747841
3152,47.55658931671203,253.04000000003225,555.5414791324663
3153,47.55658931671203,253.06000000003226,555.5567241116071
3154,47.55658931671203,253.08000000003227,555.5719679122475
3155,47.55658931671203,253.10000000003228,555.5872105344288
3156,47.55658931671203,253.1200000000323,555.6024519781921
3157,47.55658931671203,253.1400000000323,555.6176922435786
3158,47.55658931671203,253.1600000000323,555.6329313306294
3159,47.55658931671203,253.18000000003232,555.6481692433644
3160,47.55658931671203,253.20000000003233,555.6634059881624
3161,47.55658931671203,253.22000000003234,555.6786415653261
3162,47.55658931671203,253.24000000003235,555.693875974896
3163,47.55658931671203,253.26000000003236,555.7091092169126
3164,47.55658931671203,253.28000000003237,555.7243412914164
3165,47.55658931671203,253.30000000003238,555.7395721984481
3166,47.55658931671203,253.3200000000324,555.754801938048
3167,47.55658931671203,253.3400000000324,555.7700305102567
3168,47.55658931671203,253.36000000003241,555.7852579151147
3169,47.55658931671203,253.38000000003242,555.8004841526625
3170,47.55658931671203,253.40000000003243,555.8157092229407
3171,47.55658931671203,253.42000000003245,555.8309331259895
3172,47.55658931671203,253.44000000003246,555.8461558618498
3173,47.55658931671203,253.46000000003247,555.8613774305617
3174,47.55658931671203,253.48000000003248,555.8765978321658
3175,47.55658931671203,253.5000000000325,555.8918170667026
3176,47.55658931671203,253.5200000000325,555.9070351342126
3177,47.55658931671203,253.5400000000325,555.9222520347362
3178,47.55658931671203,253.56000000003252,555.9374677683138
3179,47.55658931671203,253.58000000003253,555.952682334986
3180,47.55658931671203,253.60000000003254,555.967895734793
3181,47.55658931671203,253.62000000003255,555.9831079677755
3182,47.55658931671203,253.64000000003256,555.9983190339738
3183,47.55658931671203,253.66000000003257,556.0135289334282
3184,47.55658931671203,253.68000000003258,556.0287376661794
3185,47.55658931671203,253.7000000000326,556.0439452322676
3186,47.55658931671203,253.7200000000326,556.0591516317332
3187,47.55658931671203,253.7400000000326,556.0743568646168
3188,47.55658931671203,253.76000000003262,556.0895609309587
3189,47.55658931671203,253.78000000003263,556.1047638307992
3190,47.55658931671203,253.80000000003264,556.1199655641789
3191,47.47623424558563,253.82000000003265,556.135166131138
3192,47.47623424558563,253.84000000003266,556.150365531717
3193,47.47623424558563,253.86000000003267,556.1655637659561
3194,47.47623424558563,253.88000000003268,556.1807608338959
3195,47.47623424558563,253.9000000000327,556.1959567355766
3196,47.47623424558563,253.9200000000327,556.2111514710386
3197,47.47623424558563,253.9400000000327,556.2263450403224
3198,47.47623424558563,253.96000000003272,556.2415374434681
3199,47.47623424558563,253.98000000003273,556.2567286805162
3200,47.47623424558563,254.00000000003274,556.271918751507
3201,47.47623424558563,254.02000000003275,556.2871076564808
3202,47.47623424558563,254.04000000003276,556.3022953954779
3203,47.47623424558563,254.06000000003277,556.3174819685388
3204,47.47623424558563,254.08000000003278,556.3326673757037
3205,47.47623424558563,254.1000000000328,556.347851617013
3206,47.47623424558563,254.1200000000328,556.3630346925069
3207,47.47623424558563,254.1400000000328,556.3782166022257
3208,47.47623424558563,254.16000000003282,556.3933973462098
3209,47.47623424558563,254.18000000003283,556.4085769244994
3210,47.47623424558563,254.20000000003284,556.4237553415828
3211,47.47623424558563,254.22000000003285,556.4389326031431
3212,47.47623424558563,254.24000000003286,556.4541087093527
3213,47.47623424558563,254.26000000003287,556.469283660251
3214,47.47623424558563,254.28000000003289,556.4844574558779
3215,47.47623424558563,254.3000000000329,556.499630096273
3216,47.47623424558563,254.3200000000329,556.5148015814759
3217,47.47623424558563,254.34000000003292,556.5299719115263
3218,47.47623424558563,254.36000000003293,556.5451410864639
3219,47.47623424558563,254.38000000003294,556.5603091063283
3220,47.47623424558563,254.40000000003295,556.5754759711591
3221,47.47623424558563,254.42000000003296,556.5906416809959
3222,47.47623424558563,254.44000000003297,556.6058062358784
3223,47.47623424558563,254.46000000003298,556.6209696358461
3224,47.47623424558563,254.480000000033,556.6361318809388
3225,47.47623424558563,254.500000000033,556.651292971196
3226,47.47623424558563,254.520000000033,556.6664529066572
3227,47.47623424558563,254.54000000003302,556.6816116873622
3228,47.47623424558563,254.56000000003303,556.6967693133505
3229,47.47623424558563,254.58000000003304,556.7119257846617
3230,47.47623424558563,254.60000000003305,556.7270811013354
3231,47.47623424558563,254.62000000003306,556.7422352634112
3232,47.47623424558563,254.64000000003307,556.7573882709286
3233,47.47623424558563,254.66000000003308,556.7725401239272
3234,47.47623424558563,254.6800000000331,556.7876908224466
3235,47.47623424558563,254.7000000000331,556.8028403665263
3236,47.47623424558563,254.7200000000331,556.8179887562059
3237,47.47623424558563,254.74000000003312,556.8331359915248
3238,47.47623424558563,254.76000000003313,556.8482820725228
3239,47.47623424558563,254.78000000003314,556.8634269992393
3240,47.47623424558563,254.80000000003315,556.878570771714
3241,47.47623424558563,254.82000000003316,556.8937133899861
3242,47.47623424558563,254.84000000003317,556.9088548540955
3243,47.47623424558563,254.86000000003318,556.9239951640814
3244,47.47623424558563,254.8800000000332,556.9391343199834
3245,47.47623424558563,254.9000000000332,556.9542723218411
3246,47.47623424558563,254.9200000000332,556.969409169694
3247,47.47623424558563,254.94000000003322,556.9845448635815
3248,47.47623424558563,254.96000000003323,556.9996794035432
3249,47.47623424558563,254.98000000003324,557.0148127896185
3250,47.47623424558563,255.00000000003325,557.029945021847
3251,47.47623424558563,255.02000000003326,557.045076100268
3252,47.47623424558563,255.04000000003327,557.0602060249212
3253,47.47623424558563,255.06000000003328,557.0753347958458
3254,47.47623424558563,255.0800000000333,557.0904624130816
3255,47.47623424558563,255.1000000000333,557.1055888766678
3256,47.47623424558563,255.12000000003331,557.1207141866439
3257,47.47623424558563,255.14000000003333,557.1358383430495
3258,47.47623424558563,255.16000000003334,557.1509613459239
3259,47.47623424558563,255.18000000003335,557.1660831953066
3260,47.47623424558563,255.20000000003336,557.1812038912369
3261,47.47623424558563,255.22000000003337,557.1963234388428
3262,47.47623424558563,255.24000000003338,557.2114418433622
3263,47.47623424558563,255.2600000000334,557.2265591048462
3264,47.47623424558563,255.2800000000334,557.2416752233336
3265,47.47623424558563,255.3000000000334,557.2567901988633
3266,47.47623424558563,255.32000000003342,557.2719040314743
3267,47.47623424558563,255.34000000003343,557.2870167212053
3268,47.47623424558563,255.36000000003344,557.3021282680952
3269,47.47623424558563,255.38000000003345,557.317238672183
3270,47.47623424558563,255.40000000003346,557.3323479335073
3271,47.47623424558563,255.42000000003347,557.3474560521071
3272,47.47623424558563,255.44000000003348,557.3625630280212
3273,47.47623424558563,255.4600000000335,557.3776688612885
3274,47.47623424558563,255.4800000000335,557.3927735519477
3275,47.47623424558563,255.5000000000335,557.4078771000377
3276,47.47623424558563,255.52000000003352,557.4229795055973
3277,47.47623424558563,255.54000000003353,557.4380807686653
3278,47.47623424558563,255.56000000003354,557.4531808892805
3279,47.47623424558563,255.58000000003355,557.4682798674817
3280,47.47623424558563,255.60000000003356,557.4833777033077
3281,47.47623424558563,255.62000000003357,557.4984743967974
3282,47.47623424558563,255.64000000003358,557.5135699479895
3283,47.47623424558563,255.6600000000336,557.5286643569227
3284,47.47623424558563,255.6800000000336,557.5437576236359
3285,47.47623424558563,255.7000000000336,557.5588497481677
3286,47.47623424558563,255.72000000003362,557.5739407305572
3287,47.47623424558563,255.74000000003363,557.5890305708429
3288,47.47623424558563,255.76000000003364,557.6041192690635
3289,47.47623424558563,255.78000000003365,557.619206825258
3290,47.47623424558563,255.80000000003366,557.6342932394649
3291,47.47623424558563,255.82000000003367,557.6493785117232
3292,47.47623424558563,255.84000000003368,557.6644626420715
3293,47.396105209448436,255.8600000000337,557.6795456305485
3294,47.396105209448436,255.8800000000337,557.6946274771931
3295,47.396105209448436,255.9000000000337,557.7097081820438
3296,47.396105209448436,255.92000000003372,557.7247877451393
3297,47.396105209448436,255.94000000003373,557.7398661665186
3298,47.396105209448436,255.96000000003374,557.7549434462202
3299,47.396105209448436,255.98000000003375,557.7700195842829
3300,47.396105209448436,256.00000000003376,557.7850945807453
3301,47.396105209448436,256.02000000003375,557.8001684356461
3302,47.396105209448436,256.04000000003373,557.8152411490241
3303,47.396105209448436,256.0600000000337,557.830312720918
3304,47.396105209448436,256.0800000000337,557.8453831513663
3305,47.396105209448436,256.1000000000337,557.8604524404078
3306,47.396105209448436,256.12000000003366,557.8755205880813
3307,47.396105209448436,256.14000000003364,557.8905875944251
3308,47.396105209448436,256.1600000000336,557.9056534594782
3309,47.396105209448436,256.1800000000336,557.9207181832792
3310,47.396105209448436,256.2000000000336,557.9357817658666
3311,47.396105209448436,256.22000000003356,557.9508442073849
3312,47.396105209448436,256.24000000003355,557.9659055132751
3313,47.396105209448436,256.26000000003353,557.9809656880276
3314,47.396105209448436,256.2800000000335,557.9960247316806
3315,47.396105209448436,256.3000000000335,558.0110826442722
3316,47.396105209448436,256.3200000000335,558.0261394258405
3317,47.396105209448436,256.34000000003346,558.0411950764237
3318,47.396105209448436,256.36000000003344,558.05624959606
3319,47.396105209448436,256.3800000000334,558.0713029847874
3320,47.396105209448436,256.4000000000334,558.086355242644
3321,47.396105209448436,256.4200000000334,558.101406369668
3322,47.396105209448436,256.44000000003336,558.1164563658974
3323,47.396105209448436,256.46000000003335,558.1315052313705
3324,47.396105209448436,256.48000000003333,558.1465529661252
3325,47.396105209448436,256.5000000000333,558.1615995701997
3326,47.396105209448436,256.5200000000333,558.176645043632
3327,47.396105209448436,256.5400000000333,558.1916893864602
3328,47.396105209448436,256.56000000003326,558.2067325987224
3329,47.396105209448436,256.58000000003324,558.2217746804566
3330,47.396105209448436,256.6000000000332,558.236815631701
3331,47.396105209448436,256.6200000000332,558.2518554524936
3332,47.396105209448436,256.6400000000332,558.2668941428725
3333,47.396105209448436,256.66000000003316,558.2819317028757
3334,47.396105209448436,256.68000000003315,558.2969681325412
3335,47.396105209448436,256.7000000000331,558.3120034319072
3336,47.396105209448436,256.7200000000331,558.3270376010116
3337,47.396105209448436,256.7400000000331,558.3420706398925
3338,47.396105209448436,256.7600000000331,558.3571025485879
3339,47.396105209448436,256.78000000003306,558.3721333271359
3340,47.396105209448436,256.80000000003304,558.3871629755744
3341,47.396105209448436,256.820000000033,558.4021914939415
3342,47.396105209448436,256.840000000033,558.4172188822752
3343,47.396105209448436,256.860000000033,558.4322451406134
3344,47.396105209448436,256.88000000003296,558.4472702689943
3345,47.396105209448436,256.90000000003295,558.4622942674557
3346,47.396105209448436,256.9200000000329,558.4773171360357
3347,47.396105209448436,256.9400000000329,558.4923388747723
3348,47.396105209448436,256.9600000000329,558.5073594837035
3349,47.396105209448436,256.9800000000329,558.5223789628672
3350,47.396105209448436,257.00000000003286,558.5373973123013
3351,47.396105209448436,257.02000000003284,558.5524145320439
3352,47.396105209448436,257.0400000000328,558.5674306221331
3353,47.396105209448436,257.0600000000328,558.5824455826066
3354,47.396105209448436,257.0800000000328,558.5974594135025
3355,47.396105209448436,257.10000000003276,558.6124721148586
3356,47.396105209448436,257.12000000003275,558.627483686713
3357,47.396105209448436,257.1400000000327,558.6424941291036
3358,47.396105209448436,257.1600000000327,558.6575034420683
3359,47.396105209448436,257.1800000000327,558.672511625645
3360,47.396105209448436,257.2000000000327,558.6875186798717
3361,47.396105209448436,257.22000000003266,558.7025246047863
3362,47.396105209448436,257.24000000003264,558.7175294006514
3363,47.396105209448436,257.2600000000326,558.7325330734199
3364,47.396105209448436,257.2800000000326,558.7475356270219
3365,47.396105209448436,257.3000000000326,558.7625370614949
3366,47.396105209448436,257.32000000003256,558.7775373768762
3367,47.396105209448436,257.34000000003255,558.7925365732034
3368,47.396105209448436,257.3600000000325,558.8075346505137
3369,47.396105209448436,257.3800000000325,558.8225316088447
3370,47.396105209448436,257.4000000000325,558.8375274482336
3371,47.396105209448436,257.4200000000325,558.8525221687179
3372,47.396105209448436,257.44000000003246,558.867515770335
3373,47.396105209448436,257.46000000003244,558.8825082531223
3374,47.396105209448436,257.4800000000324,558.8974996171171
3375,47.396105209448436,257.5000000000324,558.9124898623568
3376,47.396105209448436,257.5200000000324,558.9274789888788
3377,47.396105209448436,257.54000000003236,558.9424669967204
3378,47.396105209448436,257.56000000003235,558.9574538859191
3379,47.396105209448436,257.5800000000323,558.972439656512
3380,47.396105209448436,257.6000000000323,558.9874243085368
3381,47.396105209448436,257.6200000000323,559.0024078420305
3382,47.396105209448436,257.6400000000323,559.0173902570306
3383,47.396105209448436,257.66000000003226,559.0323715535744
3384,47.396105209448436,257.68000000003224,559.0473517316993
3385,47.396105209448436,257.7000000000322,559.0623307914426
3386,47.396105209448436,257.7200000000322,559.0773087328416
3387,47.396105209448436,257.7400000000322,559.0922855559337
3388,47.396105209448436,257.76000000003216,559.1072612607561
3389,47.396105209448436,257.78000000003215,559.1222358473461
3390,47.396105209448436,257.8000000000321,559.1372093157411
3391,47.396105209448436,257.8200000000321,559.1521816659782
3392,47.396105209448436,257.8400000000321,559.167152898095
3393,47.396105209448436,257.8600000000321,559.1821230121285
3394,47.31620131914504,257.88000000003206,559.1970920081162
3395,47.31620131914504,257.90000000003204,559.2120598860953
3396,47.31620131914504,257.920000000032,559.227026646103
3397,47.31620131914504,257.940000000032,559.2419922881767
3398,47.31620131914504,257.960000000032,559.2569568123536
3399,47.31620131914504,257.98000000003196,559.271920218671
3400,47.31620131914504,258.00000000003195,559.2868825071661
3401,47.31620131914504,258.0200000000319,559.3018436778761
3402,47.31620131914504,258.0400000000319,559.3168037308385
3403,47.31620131914504,258.0600000000319,559.3317626660903
3404,47.31620131914504,258.0800000000319,559.3467204836688
3405,47.31620131914504,258.10000000003186,559.3616771836113
3406,47.31620131914504,258.12000000003184,559.3766327659549
3407,47.31620131914504,258.1400000000318,559.391587230737
3408,47.31620131914504,258.1600000000318,559.4065405779946
3409,47.31620131914504,258.1800000000318,559.421492807765
3410,47.31620131914504,258.20000000003176,559.4364439200856
3411,47.31620131914504,258.22000000003175,559.4513939149933
3412,47.31620131914504,258.2400000000317,559.4663427925256
3413,47.31620131914504,258.2600000000317,559.4812905530512
3414,47.31620131914504,258.2800000000317,559.4962372027852
3415,47.31620131914504,258.3000000000317,559.5111827449567
3416,47.31620131914504,258.32000000003165,559.5261271796026
3417,47.31620131914504,258.34000000003164,559.5410705067593
3418,47.31620131914504,258.3600000000316,559.5560127264638
3419,47.31620131914504,258.3800000000316,559.5709538387526
3420,47.31620131914504,258.4000000000316,559.5858938436626
3421,47.31620131914504,258.42000000003156,559.6008327412303
3422,47.31620131914504,258.44000000003155,559.6157705314926
3423,47.31620131914504,258.4600000000315,559.6307072144859
3424,47.31620131914504,258.4800000000315,559.6456427902472
3425,47.31620131914504,258.5000000000315,559.660577258813
3426,47.31620131914504,258.5200000000315,559.6755106202199
3427,47.31620131914504,258.54000000003145,559.6904428745048
3428,47.31620131914504,258.56000000003144,559.7053740217042
3429,47.31620131914504,258.5800000000314,559.7203040618547
3430,47.31620131914504,258.6000000000314,559.735232994993
3431,47.31620131914504,258.6200000000314,559.7501608211559
3432,47.31620131914504,258.64000000003136,559.7650875403799
3433,47.31620131914504,258.66000000003135,559.7800131527017
3434,47.31620131914504,258.6800000000313,559.7949376581579
3435,47.31620131914504,258.7000000000313,559.809861056785
3436,47.31620131914504,258.7200000000313,559.8247833486199
3437,47.31620131914504,258.7400000000313,559.8397045336991
3438,47.31620131914504,258.76000000003125,559.8546246120592
3439,47.31620131914504,258.78000000003124,559.8695435837368
3440,47.31620131914504,258.8000000000312,559.8844614487684
3441,47.31620131914504,258.8200000000312,559.8993782071908
3442,47.31620131914504,258.8400000000312,559.9142938590405
3443,47.31620131914504,258.86000000003116,559.9292084043542
3444,47.31620131914504,258.88000000003115,559.9441218431684
3445,47.31620131914504,258.9000000000311,559.9590341755197
3446,47.31620131914504,258.9200000000311,559.9739454014447
3447,47.31620131914504,258.9400000000311,559.9888555209799
3448,47.31620131914504,258.9600000000311,560.0037645341168
3449,47.31620131914504,258.98000000003105,560.0186724401755
3450,47.31620131914504,259.00000000003104,560.0335792388817
3451,47.31620131914504,259.020000000031,560.0484849302717
3452,47.31620131914504,259.040000000031,560.0633895143818
3453,47.31620131914504,259.060000000031,560.0782929912482
3454,47.31620131914504,259.08000000003096,560.0931953609071
3455,47.31620131914504,259.10000000003095,560.1080966233947
3456,47.31620131914504,259.1200000000309,560.1229967787472
3457,47.31620131914504,259.1400000000309,560.1378958270009
3458,47.31620131914504,259.1600000000309,560.1527937681919
3459,47.31620131914504,259.1800000000309,560.1676906023565
3460,47.31620131914504,259.20000000003085,560.1825863295309
3461,47.31620131914504,259.22000000003084,560.1974809497511
3462,47.31620131914504,259.2400000000308,560.2123744630536
3463,47.31620131914504,259.2600000000308,560.2272668694744
3464,47.31620131914504,259.2800000000308,560.2421581694987
3465,47.31620131914504,259.30000000003076,560.2570483698413
3466,47.31620131914504,259.32000000003075,560.2719374731753
3467,47.31620131914504,259.3400000000307,560.2868254795363
3468,47.31620131914504,259.3600000000307,560.30171238896
3469,47.31620131914504,259.3800000000307,560.3165982014821
3470,47.31620131914504,259.4000000000307,560.3314829171381
3471,47.31620131914504,259.42000000003065,560.346366535964
3472,47.31620131914504,259.44000000003064,560.361249057995
3473,47.31620131914504,259.4600000000306,560.376130483267
3474,47.31620131914504,259.4800000000306,560.3910108118157
3475,47.31620131914504,259.5000000000306,560.4058900436765
3476,47.31620131914504,259.52000000003056,560.4207681788853
3477,47.31620131914504,259.54000000003055,560.4356452174775
3478,47.31620131914504,259.5600000000305,560.4505211594889
3479,47.31620131914504,259.5800000000305,560.465396004955
3480,47.31620131914504,259.6000000000305,560.4802697539114
3481,47.31620131914504,259.6200000000305,560.4951424063938
3482,47.31620131914504,259.64000000003045,560.5100139624378
3483,47.31620131914504,259.66000000003044,560.5248844220789
3484,47.31620131914504,259.6800000000304,560.5397537853528
3485,47.31620131914504,259.7000000000304,560.554622052295
3486,47.31620131914504,259.7200000000304,560.5694892229412
3487,47.31620131914504,259.74000000003036,560.584355297327
3488,47.31620131914504,259.76000000003035,560.5992202754878
3489,47.31620131914504,259.7800000000303,560.6140841574593
3490,47.31620131914504,259.8000000000303,560.628946943277
3491,47.31620131914504,259.8200000000303,560.6438086329765
3492,47.31620131914504,259.8400000000303,560.6586692265935
3493,47.31620131914504,259.86000000003025,560.6735287241634
3494,47.31620131914504,259.88000000003024,560.6883871257216
3495,47.31620131914504,259.9000000000302,560.703244431304
3496,47.31620131914504,259.9200000000302,560.718100640946
3497,47.31620131914504,259.9400000000302,560.7329557546831
3498,47.31620131914504,259.96000000003016,560.7478097725508
3499,47.31620131914504,259.98000000003015,560.7626626945847
3500,47.31620131914504,260.0000000000301,560.7775145208203
3501,47.236521690011976,260.0200000000301,560.7923652512932
3502,47.236521690011976,260.0400000000301,560.8072148860388
3503,47.236521690011976,260.0600000000301,560.8220634250927
3504,47.236521690011976,260.08000000003005,560.8369108684903
3505,47.236521690011976,260.10000000003004,560.8517572162673
3506,47.236521690011976,260.12000000003,560.866602468459
3507,47.236521690011976,260.14000000003,560.8814466251009
3508,47.236521690011976,260.16000000003,560.8962896862287
3509,47.236521690011976,260.18000000002996,560.9111316518777
3510,47.236521690011976,260.20000000002995,560.9259725220834
3511,47.236521690011976,260.2200000000299,560.9408122968813
3512,47.236521690011976,260.2400000000299,560.955650976307
3513,47.236521690011976,260.2600000000299,560.9704885603958
3514,47.236521690011976,260.2800000000299,560.9853250491832
3515,47.236521690011976,260.30000000002985,561.0001604432496
3516,47.236521690011976,260.32000000002984,561.0149947495252
3517,47.236521690011976,260.3400000000298,561.0298279700357
3518,47.236521690011976,260.3600000000298,561.0446601048163
3519,47.236521690011976,260.3800000000298,561.059491153902
3520,47.236521690011976,260.40000000002976,561.0743211173277
3521,47.236521690011976,260.42000000002975,561.0891499951285
3522,47.236521690011976,260.4400000000297,561.1039777873394
3523,47.236521690011976,260.4600000000297,561.1188044939954
3524,47.236521690011976,260.4800000000297,561.1336301151315
3525,47.236521690011976,260.5000000000297,561.1484546507827
3526,47.236521690011976,260.52000000002965,561.1632781009839
3527,47.236521690011976,260.54000000002964,561.1781004657703
3528,47.236521690011976,260.5600000000296,561.1929217451767
3529,47.236521690011976,260.5800000000296,561.2077419392381
3530,47.236521690011976,260.6000000000296,561.2225610479894
3531,47.236521690011976,260.62000000002956,561.2373790714657
3532,47.236521690011976,260.64000000002954,561.2521960097021
3533,47.236521690011976,260.6600000000295,561.2670118627332
3534,47.236521690011976,260.6800000000295,561.2818266305942
3535,47.236521690011976,260.7000000000295,561.29664031332
3536,47.236521690011976,260.7200000000295,561.3114529109456
3537,47.236521690011976,260.74000000002945,561.3262644235058
3538,47.236521690011976,260.76000000002944,561.3410748510356
3539,47.236521690011976,260.7800000000294,561.35588419357
3540,47.236521690011976,260.8000000000294,561.3706924511438
3541,47.236521690011976,260.8200000000294,561.385499623792
3542,47.236521690011976,260.84000000002936,561.4003057115497
3543,47.236521690011976,260.86000000002934,561.4151107144515
3544,47.236521690011976,260.8800000000293,561.4299146325326
3545,47.236521690011976,260.9000000000293,561.4447174658277
3546,47.236521690011976,260.9200000000293,561.4595192143718
3547,47.236521690011976,260.9400000000293,561.4743198781997
3548,47.236521690011976,260.96000000002925,561.4891194573464
3549,47.236521690011976,260.98000000002924,561.5039179518467
3550,47.236521690011976,261.0000000000292,561.5187153617355
3551,47.236521690011976,261.0200000000292,561.5335116870478
3552,47.236521690011976,261.0400000000292,561.5483069278184
3553,47.236521690011976,261.06000000002916,561.5631010840822
3554,47.236521690011976,261.08000000002914,561.577894155874
3555,47.236521690011976,261.1000000000291,561.5926861432288
3556,47.236521690011976,261.1200000000291,561.6074770461813
3557,47.236521690011976,261.1400000000291,561.6222668647664
3558,47.236521690011976,261.1600000000291,561.637055599019
3559,47.236521690011976,261.18000000002905,561.651843248974
3560,47.236521690011976,261.20000000002904,561.6666298146662
3561,47.236521690011976,261.220000000029,561.6814152961304
3562,47.236521690011976,261.240000000029,561.6961996934014
3563,47.236521690011976,261.260000000029,561.7109830065141
3564,47.236521690011976,261.28000000002896,561.7257652355033
3565,47.236521690011976,261.30000000002894,561.7405463804039
3566,47.236521690011976,261.3200000000289,561.7553264419121
3567,47.236521690011976,261.3400000000289,561.7701054274632
3568,47.236521690011976,261.3600000000289,561.7848833385383
3569,47.236521690011976,261.3800000000289,561.7996601751715
3570,47.236521690011976,261.40000000002885,561.8144359373974
3571,47.236521690011976,261.42000000002884,561.8292106252502
3572,47.236521690011976,261.4400000000288,561.8439842387642
3573,47.236521690011976,261.4600000000288,561.8587567779737
3574,47.236521690011976,261.4800000000288,561.8735282429132
3575,47.236521690011976,261.50000000002876,561.8882986336168
3576,47.236521690011976,261.52000000002874,561.903067950119
3577,47.236521690011976,261.5400000000287,561.9178361924539
3578,47.236521690011976,261.5600000000287,561.932603360656
3579,47.236521690011976,261.5800000000287,561.9473694547595
3580,47.236521690011976,261.6000000000287,561.9621344747987
3581,47.236521690011976,261.62000000002865,561.9768984208081
3582,47.236521690011976,261.64000000002864,561.9916612928217
3583,47.236521690011976,261.6600000000286,562.0064230908739
3584,47.236521690011976,261.6800000000286,562.021183814999
3585,47.236521690011976,261.7000000000286,562.0359434652312
3586,47.236521690011976,261.72000000002856,562.0507020416048
3587,47.236521690011976,261.74000000002854,562.0654595441542
3588,47.236521690011976,261.7600000000285,562.0802159729135
3589,47.236521690011976,261.7800000000285,562.094971327917
3590,47.236521690011976,261.8000000000285,562.109725609199
3591,47.236521690011976,261.8200000000285,562.1244788167937
3592,47.236521690011976,261.84000000002845,562.1392309507354
3593,47.236521690011976,261.86000000002844,562.1539820110582
3594,47.236521690011976,261.8800000000284,562.1687319977966
3595,47.236521690011976,261.9000000000284,562.1834809109847
3596,47.236521690011976,261.9200000000284,562.1982287506567
3597,47.236521690011976,261.94000000002836,562.2129755168468
3598,47.236521690011976,261.96000000002834,562.2277212095893
3599,47.236521690011976,261.9800000000283,562.2424658289183
3600,47.236521690011976,262.0000000000283,562.2572093748681
3601,47.236521690011976,262.0200000000283,562.271951847473
3602,47.236521690011976,262.0400000000283,562.2866932467671
3603,47.236521690011976,262.06000000002825,562.3014335727846
3604,47.15706544185007,262.08000000002824,562.3161728255598
3605,47.15706544185007,262.1000000000282,562.3309110051267
3606,47.15706544185007,262.1200000000282,562.3456481115196
3607,47.15706544185007,262.1400000000282,562.3603841447728
3608,47.15706544185007,262.16000000002816,562.3751191049203
3609,47.15706544185007,262.18000000002814,562.3898529919962
3610,47.15706544185007,262.2000000000281,562.4045858060349
3611,47.15706544185007,262.2200000000281,562.4193175470705
3612,47.15706544185007,262.2400000000281,562.4340482151371
3613,47.15706544185007,262.26000000002807,562.4487778102689
3614,47.15706544185007,262.28000000002805,562.4635063325001
3615,47.15706544185007,262.30000000002804,562.4782337818648
3616,47.15706544185007,262.320000000028,562.4929601583971
3617,47.15706544185007,262.340000000028,562.5076854628793
3618,47.15706544185007,262.360000000028,562.5224097029354
3619,47.15706544185007,262.38000000002796,562.5371328794557
3620,47.15706544185007,262.40000000002794,562.5518549924739
3621,47.15706544185007,262.4200000000279,562.5665760420235
3622,47.15706544185007,262.4400000000279,562.5812960281382
3623,47.15706544185007,262.4600000000279,562.5960149508518
3624,47.15706544185007,262.48000000002787,562.6107328101979
3625,47.15706544185007,262.50000000002785,562.6254496062102
3626,47.15706544185007,262.52000000002784,562.6401653389222
3627,47.15706544185007,262.5400000000278,562.6548800083677
3628,47.15706544185007,262.5600000000278,562.6695936145803
3629,47.15706544185007,262.5800000000278,562.6843061575937
3630,47.15706544185007,262.60000000002776,562.6990176374416
3631,47.15706544185007,262.62000000002774,562.7137280541574
3632,47.15706544185007,262.6400000000277,562.7284374077749
3633,47.15706544185007,262.6600000000277,562.7431456983277
3634,47.15706544185007,262.6800000000277,562.7578529258494
3635,47.15706544185007,262.70000000002767,562.7725590903736
3636,47.15706544185007,262.72000000002765,562.787264191934
3637,47.15706544185007,262.74000000002763,562.8019682305642
3638,47.15706544185007,262.7600000000276,562.8166712062977
3639,47.15706544185007,262.7800000000276,562.8313731191681
3640,47.15706544185007,262.8000000000276,562.8460739692092
3641,47.15706544185007,262.82000000002756,562.8607737564545
3642,47.15706544185007,262.84000000002754,562.8754724809374
3643,47.15706544185007,262.8600000000275,562.8901701426918
3644,47.15706544185007,262.8800000000275,562.904866741751
3645,47.15706544185007,262.9000000000275,562.9195622781488
3646,47.15706544185007,262.92000000002747,562.9342567519186
3647,47.15706544185007,262.94000000002745,562.9489501630941
3648,47.15706544185007,262.96000000002743,562.9636425117087
3649,47.15706544185007,262.9800000000274,562.9783337977962
3650,47.15706544185007,263.0000000000274,562.9930240213899
3651,47.15706544185007,263.0200000000274,563.0077131825236
3652,47.15706544185007,263.04000000002736,563.0224012812307
3653,47.15706544185007,263.06000000002734,563.0370883175448
3654,47.15706544185007,263.0800000000273,563.0517742914994
3655,47.15706544185007,263.1000000000273,563.0664592031281
3656,47.15706544185007,263.1200000000273,563.0811430524644
3657,47.15706544185007,263.14000000002727,563.0958258395418
3658,47.15706544185007,263.16000000002725,563.1105075643939
3659,47.15706544185007,263.18000000002723,563.1251882270541
3660,47.15706544185007,263.2000000000272,563.139867827556
3661,47.15706544185007,263.2200000000272,563.1545463659331
3662,47.15706544185007,263.2400000000272,563.1692238422189
3663,47.15706544185007,263.26000000002716,563.1839002564469
3664,47.15706544185007,263.28000000002714,563.1985756086507
3665,47.15706544185007,263.3000000000271,563.2132498988636
3666,47.15706544185007,263.3200000000271,563.2279231271193
3667,47.15706544185007,263.3400000000271,563.2425952934512
3668,47.15706544185007,263.36000000002707,563.2572663991205
3669,47.15706544185007,263.38000000002705,563.271936451518
3670,47.15706544185007,263.40000000002703,563.2866054513579
3671,47.15706544185007,263.420000000027,563.3012733986733
3672,47.15706544185007,263.440000000027,563.3159402934972
3673,47.15706544185007,263.460000000027,563.3306061358626
3674,47.15706544185007,263.48000000002696,563.3452709258025
3675,47.15706544185007,263.50000000002694,563.3599346633499
3676,47.15706544185007,263.5200000000269,563.3745973485379
3677,47.15706544185007,263.5400000000269,563.3892589813994
3678,47.15706544185007,263.5600000000269,563.4039195619673
3679,47.15706544185007,263.58000000002687,563.4185790902748
3680,47.15706544185007,263.60000000002685,563.4332375663547
3681,47.15706544185007,263.62000000002683,563.4478949902401
3682,47.15706544185007,263.6400000000268,563.4625513619638
3683,47.15706544185007,263.6600000000268,563.477206681559
3684,47.15706544185007,263.6800000000268,563.4918609490585
3685,47.15706544185007,263.70000000002676,563.5065141644953
3686,47.15706544185007,263.72000000002674,563.5211663279025
3687,47.15706544185007,263.7400000000267,563.5358174393128
3688,47.15706544185007,263.7600000000267,563.5504674987594
3689,47.15706544185007,263.7800000000267,563.5651165062751
3690,47.15706544185007,263.80000000002667,563.5797644618929
3691,47.15706544185007,263.82000000002665,563.5944113656457
3692,47.15706544185007,263.84000000002663,563.6090572175664
3693,47.15706544185007,263.8600000000266,563.623702017688
3694,47.15706544185007,263.8800000000266,563.6383457660434
3695,47.15706544185007,263.9000000000266,563.6529884626655
3696,47.15706544185007,263.92000000002656,563.6676301075872
3697,47.15706544185007,263.94000000002654,563.6822707008416
3698,47.15706544185007,263.9600000000265,563.6969102424615
3699,47.15706544185007,263.9800000000265,563.7115487324797
3700,47.15706544185007,264.0000000000265,563.7261861709293
3701,47.15706544185007,264.02000000002647,563.740822557843
3702,47.15706544185007,264.04000000002645,563.7554578932537
3703,47.15706544185007,264.06000000002643,563.7700921771944
3704,47.15706544185007,264.0800000000264,563.784725409698
3705,47.15706544185007,264.1000000000264,563.7993575907973
3706,47.15706544185007,264.1200000000264,563.8139887205252
3707,47.077831698896865,264.14000000002636,563.8286187989147
3708,47.077831698896865,264.16000000002634,563.8432478259986
3709,47.077831698896865,264.1800000000263,563.8578758018095
3710,47.077831698896865,264.2000000000263,563.8725027263806
3711,47.077831698896865,264.2200000000263,563.8871285997448
3712,47.077831698896865,264.24000000002627,563.9017534219347
3713,47.077831698896865,264.26000000002625,563.9163771929833
3714,47.077831698896865,264.28000000002623,563.9309999129234
3715,47.077831698896865,264.3000000000262,563.9456215817878
3716,47.077831698896865,264.3200000000262,563.9602421996094
3717,47.077831698896865,264.3400000000262,563.9748617664211
3718,47.077831698896865,264.36000000002616,563.9894802822556
3719,47.077831698896865,264.38000000002614,564.0040977488611
3720,47.077831698896865,264.4000000000261,564.0187141729618
3721,47.077831698896865,264.4200000000261,564.033329555143
3722,47.077831698896865,264.4400000000261,564.0479438954371
3723,47.077831698896865,264.46000000002607,564.0625571938765
3724,47.077831698896865,264.48000000002605,564.0771694504936
3725,47.077831698896865,264.50000000002603,564.0917806653206
3726,47.077831698896865,264.520000000026,564.10639083839
3727,47.077831698896865,264.540000000026,564.1209999697342
3728,47.077831698896865,264.560000000026,564.1356080593854
3729,47.077831698896865,264.58000000002596,564.1502151073761
3730,47.077831698896865,264.60000000002594,564.1648211137386
3731,47.077831698896865,264.6200000000259,564.1794260785053
3732,47.077831698896865,264.6400000000259,564.1940300017086
3733,47.077831698896865,264.6600000000259,564.2086328833807
3734,47.077831698896865,264.68000000002587,564.223234723554
3735,47.077831698896865,264.70000000002585,564.2378355222609
3736,47.077831698896865,264.72000000002583,564.2524352795336
3737,47.077831698896865,264.7400000000258,564.2670339954045
3738,47.077831698896865,264.7600000000258,564.281631669906
3739,47.077831698896865,264.7800000000258,564.2962283030703
3740,47.077831698896865,264.80000000002576,564.3108238949297
3741,47.077831698896865,264.82000000002574,564.3254184455166
3742,47.077831698896865,264.8400000000257,564.3400119548631
3743,47.077831698896865,264.8600000000257,564.3546044230019
3744,47.077831698896865,264.8800000000257,564.369195849965
3745,47.077831698896865,264.90000000002567,564.3837862357847
3746,47.077831698896865,264.92000000002565,564.3983755804934
3747,47.077831698896865,264.94000000002563,564.4129638841233
3748,47.077831698896865,264.9600000000256,564.4275511467067
3749,47.077831698896865,264.9800000000256,564.442137368276
3750,47.077831698896865,265.0000000000256,564.4567225488634
3751,47.077831698896865,265.02000000002556,564.471306688501
3752,47.077831698896865,265.04000000002554,564.4858897872214
3753,47.077831698896865,265.0600000000255,564.5004718450565
3754,47.077831698896865,265.0800000000255,564.5150528620388
3755,47.077831698896865,265.1000000000255,564.5296328382005
3756,47.077831698896865,265.12000000002547,564.5442117735739
3757,47.077831698896865,265.14000000002545,564.5587896681911
3758,47.077831698896865,265.16000000002543,564.5733665220845
3759,47.077831698896865,265.1800000000254,564.5879423352862
3760,47.077831698896865,265.2000000000254,564.6025171078286
3761,47.077831698896865,265.2200000000254,564.6170908397438
3762,47.077831698896865,265.24000000002536,564.6316635310642
3763,47.077831698896865,265.26000000002534,564.6462351818218
3764,47.077831698896865,265.2800000000253,564.6608057920489
3765,47.077831698896865,265.3000000000253,564.6753753617778
3766,47.077831698896865,265.3200000000253,564.6899438910407
3767,47.077831698896865,265.34000000002527,564.7045113798697
3768,47.077831698896865,265.36000000002525,564.7190778282971
3769,47.077831698896865,265.38000000002523,564.7336432363552
3770,47.077831698896865,265.4000000000252,564.7482076063377
3771,47.077831698896865,265.4200000000252,564.762770944596
3772,47.077831698896865,265.4400000000252,564.7773332516126
3773,47.077831698896865,265.46000000002516,564.7918945274193
3774,47.077831698896865,265.48000000002514,564.8064547720479
3775,47.077831698896865,265.5000000000251,564.82101398553
3776,47.077831698896865,265.5200000000251,564.8355721678973
3777,47.077831698896865,265.5400000000251,564.8501293191816
3778,47.077831698896865,265.56000000002507,564.8646854394146
3779,47.077831698896865,265.58000000002505,564.879240528628
3780,47.077831698896865,265.60000000002503,564.8937945868533
3781,47.077831698896865,265.620000000025,564.9083476141225
3782,47.077831698896865,265.640000000025,564.9228996104671
3783,47.077831698896865,265.660000000025,564.9374505759189
3784,47.077831698896865,265.68000000002496,564.9520005105095
3785,47.077831698896865,265.70000000002494,564.9665494142706
3786,47.077831698896865,265.7200000000249,564.981097287234
3787,47.077831698896865,265.7400000000249,564.9956441294312
3788,47.077831698896865,265.7600000000249,565.010189940894
3789,47.077831698896865,265.78000000002487,565.0247347216539
3790,47.077831698896865,265.80000000002485,565.0392784717427
3791,47.077831698896865,265.82000000002483,565.053821191192
3792,47.077831698896865,265.8400000000248,565.0683628800335
3793,47.077831698896865,265.8600000000248,565.0829035382989
3794,47.077831698896865,265.8800000000248,565.0974431660196
3795,47.077831698896865,265.90000000002476,565.1119817632275
3796,47.077831698896865,265.92000000002474,565.1265193299541
3797,47.077831698896865,265.9400000000247,565.1410558662312
3798,47.077831698896865,265.9600000000247,565.1555913720904
3799,47.077831698896865,265.9800000000247,565.1701258475631
3800,47.077831698896865,266.00000000002467,565.1846592926811
3801,47.077831698896865,266.02000000002465,565.1991917074761
3802,47.077831698896865,266.04000000002463,565.2137230919795
3803,47.077831698896865,266.0600000000246,565.2282534462231
3804,47.077831698896865,266.0800000000246,565.2427827702385
3805,47.077831698896865,266.1000000000246,565.2573110640571
3806,47.077831698896865,266.12000000002456,565.2718383277107
3807,47.077831698896865,266.14000000002454,565.2863645612309
3808,47.077831698896865,266.1600000000245,565.3008897646492
3809,47.077831698896865,266.1800000000245,565.3154139379973
3810,47.077831698896865,266.2000000000245,565.3299370813066
3811,46.998819589799375,266.22000000002447,565.3444591946088
3812,46.998819589799375,266.24000000002445,565.3589802779355
3813,46.998819589799375,266.26000000002443,565.3735003313183
3814,46.998819589799375,266.2800000000244,565.3880193547886
3815,46.998819589799375,266.3000000000244,565.4025373483782
3816,46.998819589799375,266.3200000000244,565.4170543121186
3817,46.998819589799375,266.34000000002436,565.4315702460412
3818,46.998819589799375,266.36000000002434,565.4460851501777
3819,46.998819589799375,266.3800000000243,565.4605990245597
3820,46.998819589799375,266.4000000000243,565.4751118692185
3821,46.998819589799375,266.4200000000243,565.4896236868879
3822,46.998819589799375,266.44000000002427,565.5041344832975
3823,46.998819589799375,266.46000000002425,565.5186442588116
3824,46.998819589799375,266.48000000002423,565.5331530134611
3825,46.998819589799375,266.5000000000242,565.5476607472771
3826,46.998819589799375,266.5200000000242,565.5621674602908
3827,46.998819589799375,266.5400000000242,565.5766731525331
3828,46.998819589799375,266.56000000002416,565.5911778240352
3829,46.998819589799375,266.58000000002414,565.6056814748282
3830,46.998819589799375,266.6000000000241,565.6201841049432
3831,46.998819589799375,266.6200000000241,565.6346857144111
3832,46.998819589799375,266.6400000000241,565.6491863032631
3833,46.998819589799375,266.66000000002407,565.6636858715302
3834,46.998819589799375,266.68000000002405,565.6781844192435
3835,46.998819589799375,266.70000000002403,565.692681946434
3836,46.998819589799375,266.720000000024,565.7071784531329
3837,46.998819589799375,266.740000000024,565.721673939371
3838,46.998819589799375,266.760000000024,565.7361684051796
3839,46.998819589799375,266.78000000002396,565.7506618505895
3840,46.998819589799375,266.80000000002394,565.7651542756319
3841,46.998819589799375,266.8200000000239,565.7796456803377
3842,46.998819589799375,266.8400000000239,565.7941360647379
3843,46.998819589799375,266.8600000000239,565.8086254288637
3844,46.998819589799375,266.88000000002387,565.8231137727461
3845,46.998819589799375,266.90000000002385,565.8376010964159
3846,46.998819589799375,266.92000000002383,565.8520873999045
3847,46.998819589799375,266.9400000000238,565.8665726832426
3848,46.998819589799375,266.9600000000238,565.8810569464612
3849,46.998819589799375,266.9800000000238,565.8955401895914
3850,46.998819589799375,267.00000000002376,565.9100224126643
3851,46.998819589799375,267.02000000002374,565.9245036157106
3852,46.998819589799375,267.0400000000237,565.9389837987616
3853,46.998819589799375,267.0600000000237,565.9534629618481
3854,46.998819589799375,267.0800000000237,565.9679411050012
3855,46.998819589799375,267.10000000002367,565.9824182282517
3856,46.998819589799375,267.12000000002365,565.9968943316308
3857,46.998819589799375,267.14000000002363,566.0113694151693
3858,46.998819589799375,267.1600000000236,566.0258434788982
3859,46.998819589799375,267.1800000000236,566.0403165228486
3860,46.998819589799375,267.2000000000236,566.0547885470512
3861,46.998819589799375,267.22000000002356,566.0692595515372
3862,46.998819589799375,267.24000000002354,566.0837295363375
3863,46.998819589799375,267.2600000000235,566.098198501483
3864,46.998819589799375,267.2800000000235,566.1126664470046
3865,46.998819589799375,267.3000000000235,566.1271333729333
3866,46.998819589799375,267.32000000002347,566.1415992793001
3867,46.998819589799375,267.34000000002345,566.1560641661358
3868,46.998819589799375,267.36000000002343,566.1705280334714
3869,46.998819589799375,267.3800000000234,566.184990881338
3870,46.998819589799375,267.4000000000234,566.1994527097662
3871,46.998819589799375,267.4200000000234,566.2139135187871
3872,46.998819589799375,267.44000000002336,566.2283733116686
3873,46.998819589799375,267.46000000002334,566.242832093761
3874,46.998819589799375,267.4800000000233,566.2572898653259
3875,46.998819589799375,267.5000000000233,566.2717466263939
3876,46.998819589799375,267.5200000000233,566.2862023769953
3877,46.998819589799375,267.54000000002327,566.3006571171605
3878,46.998819589799375,267.56000000002325,566.3151108469201
3879,46.998819589799375,267.58000000002323,566.3295635663043
3880,46.998819589799375,267.6000000000232,566.3440152753435
3881,46.998819589799375,267.6200000000232,566.3584659740683
3882,46.998819589799375,267.6400000000232,566.372915662509
3883,46.998819589799375,267.66000000002316,566.387364340696
3884,46.998819589799375,267.68000000002314,566.4018120086597
3885,46.998819589799375,267.7000000000231,566.4162586664305
3886,46.998819589799375,267.7200000000231,566.4307043140387
3887,46.998819589799375,267.7400000000231,566.4451489515149
3888,46.998819589799375,267.76000000002307,566.4595925788892
3889,46.998819589799375,267.78000000002305,566.4740351961922
3890,46.998819589799375,267.80000000002303,566.4884768034542
3891,46.998819589799375,267.820000000023,566.5029174007055
3892,46.998819589799375,267.840000000023,566.5173569879767
3893,46.998819589799375,267.860000000023,566.5317955652978
3894,46.998819589799375,267.88000000002296,566.5462331326994
3895,46.998819589799375,267.90000000002294,566.5606696902119
3896,46.998819589799375,267.9200000000229,566.5751052378655
3897,46.998819589799375,267.9400000000229,566.5895397756906
3898,46.998819589799375,267.9600000000229,566.6039733037176
3899,46.998819589799375,267.98000000002287,566.6184058219767
3900,46.998819589799375,268.00000000002285,566.6328373304984
3901,46.998819589799375,268.02000000002283,566.647267829313
3902,46.998819589799375,268.0400000000228,566.6616973184508
3903,46.998819589799375,268.0600000000228,566.6761257979422
3904,46.998819589799375,268.0800000000228,566.6905532678173
3905,46.998819589799375,268.10000000002276,566.7049797281067
3906,46.998819589799375,268.12000000002274,566.7194051788405
3907,46.998819589799375,268.1400000000227,566.733829620049
3908,46.998819589799375,268.1600000000227,566.7482530517628
3909,46.998819589799375,268.1800000000227,566.762675474012
3910,46.998819589799375,268.20000000002267,566.7770968868268
3911,46.998819589799375,268.22000000002265,566.7915172902377
3912,46.998819589799375,268.24000000002263,566.8059366842749
3913,46.998819589799375,268.2600000000226,566.8203550689688
3914,46.998819589799375,268.2800000000226,566.8347724443495
3915,46.92002824758697,268.3000000000226,566.8491888104473
3916,46.92002824758697,268.32000000002256,566.8636041672927
3917,46.92002824758697,268.34000000002254,566.8780185149158
3918,46.92002824758697,268.3600000000225,566.8924318533468
3919,46.92002824758697,268.3800000000225,566.9068441826162
3920,46.92002824758697,268.4000000000225,566.921255502754
3921,46.92002824758697,268.42000000002247,566.9356658137906
3922,46.92002824758697,268.44000000002245,566.9500751157564
3923,46.92002824758697,268.46000000002243,566.9644834123204
3924,46.92002824758697,268.4800000000224,566.9788907082657
3925,46.92002824758697,268.5000000000224,566.9932970037459
3926,46.92002824758697,268.5200000000224,567.0077022987908
3927,46.92002824758697,268.54000000002236,567.0221065934305
3928,46.92002824758697,268.56000000002234,567.0365098876948
3929,46.92002824758697,268.5800000000223,567.0509121816135
3930,46.92002824758697,268.6000000000223,567.0653134752165
3931,46.92002824758697,268.6200000000223,567.0797137685336
3932,46.92002824758697,268.64000000002227,567.0941130615947
3933,46.92002824758697,268.66000000002225,567.1085113544298
3934,46.92002824758697,268.68000000002223,567.1229086470685
3935,46.92002824758697,268.7000000000222,567.1373049395407
3936,46.92002824758697,268.7200000000222,567.1517002318765
3937,46.92002824758697,268.7400000000222,567.1660945241055
3938,46.92002824758697,268.76000000002216,567.1804878162576
3939,46.92002824758697,268.78000000002214,567.1948801083627
3940,46.92002824758697,268.8000000000221,567.2092714004505
3941,46.92002824758697,268.8200000000221,567.2236616925509
3942,46.92002824758697,268.8400000000221,567.2380509846937
3943,46.92002824758697,268.86000000002207,567.2524392769087
3944,46.92002824758697,268.88000000002205,567.2668265692258
3945,46.92002824758697,268.90000000002203,567.2812128616748
3946,46.92002824758697,268.920000000022,567.2955981542855
3947,46.92002824758697,268.940000000022,567.3099824470877
3948,46.92002824758697,268.960000000022,567.3243657401111
3949,46.92002824758697,268.98000000002196,567.3387480333857
3950,46.92002824758697,269.00000000002194,567.3531293269413
3951,46.92002824758697,269.0200000000219,567.3675096208074
3952,46.92002824758697,269.0400000000219,567.381888915014
3953,46.92002824758697,269.0600000000219,567.3962672095909
3954,46.92002824758697,269.08000000002187,567.4106445045678
3955,46.92002824758697,269.10000000002185,567.4250207999746
3956,46.92002824758697,269.12000000002183,567.439396095841
3957,46.92002824758697,269.1400000000218,567.4537703921967
3958,46.92002824758697,269.1600000000218,567.4681436890716
3959,46.92002824758697,269.1800000000218,567.4825159864953
3960,46.92002824758697,269.20000000002176,567.4968872844977
3961,46.92002824758697,269.22000000002174,567.5112575831085
3962,46.92002824758697,269.2400000000217,567.5256268823576
3963,46.92002824758697,269.2600000000217,567.5399951822747
3964,46.92002824758697,269.2800000000217,567.5543624828894
3965,46.92002824758697,269.30000000002167,567.5687287842314
3966,46.92002824758697,269.32000000002165,567.5830940863307
3967,46.92002824758697,269.34000000002163,567.5974583892169
3968,46.92002824758697,269.3600000000216,567.6118216929196
3969,46.92002824758697,269.3800000000216,567.6261839974688
3970,46.92002824758697,269.4000000000216,567.6405453028941
3971,46.92002824758697,269.42000000002156,567.6549056092251
3972,46.92002824758697,269.44000000002154,567.6692649164917
3973,46.92002824758697,269.4600000000215,567.6836232247235
3974,46.92002824758697,269.4800000000215,567.6979805381004
3975,46.92002824758697,269.5000000000215,567.7123368610122
3976,46.92002824758697,269.52000000002147,567.7266921935116
3977,46.92002824758697,269.54000000002145,567.7410465356276
3978,46.92002824758697,269.56000000002143,567.7553998873893
3979,46.92002824758697,269.5800000000214,567.769752248826
3980,46.92002824758697,269.6000000000214,567.7841036199667
3981,46.92002824758697,269.6200000000214,567.7984540008407
3982,46.92002824758697,269.64000000002136,567.812803391477
3983,46.92002824758697,269.66000000002134,567.8271517919048
3984,46.92002824758697,269.6800000000213,567.8414992021533
3985,46.92002824758697,269.7000000000213,567.8558456222515
3986,46.92002824758697,269.7200000000213,567.8701910522286
3987,46.92002824758697,269.74000000002127,567.8845354921137
3988,46.92002824758697,269.76000000002125,567.8988789419359
3989,46.92002824758697,269.78000000002123,567.9132214017243
3990,46.92002824758697,269.8000000000212,567.927562871508
3991,46.92002824758697,269.8200000000212,567.9419033513162
3992,46.92002824758697,269.8400000000212,567.956242841178
3993,46.92002824758697,269.86000000002116,567.9705813411224
3994,46.92002824758697,269.88000000002114,567.9849188511785
3995,46.92002824758697,269.9000000000211,567.9992553713754
3996,46.92002824758697,269.9200000000211,568.0135909017422
3997,46.92002824758697,269.9400000000211,568.0279254423081
3998,46.92002824758697,269.96000000002107,568.042258993102
3999,46.92002824758697,269.98000000002105,568.0565915541531
4000,46.92002824758697,270.00000000002103,568.0709231254904
4001,46.92002824758697,270.020000000021,568.085253707143
4002,46.92002824758697,270.040000000021,568.09958329914
4003,46.92002824758697,270.060000000021,568.1139119015105
4004,46.92002824758697,270.08000000002096,568.1282395142835
4005,46.92002824758697,270.10000000002094,568.142566137488
4006,46.92002824758697,270.1200000000209,568.156891771153
4007,46.92002824758697,270.1400000000209,568.1712164153078
4008,46.92002824758697,270.1600000000209,568.1855400699812
4009,46.92002824758697,270.18000000002087,568.1998627352025
4010,46.92002824758697,270.20000000002085,568.2141844110005
4011,46.92002824758697,270.22000000002083,568.2285050974043
4012,46.92002824758697,270.2400000000208,568.242824794443
4013,46.92002824758697,270.2600000000208,568.2571435021456
4014,46.92002824758697,270.2800000000208,568.2714612205411
4015,46.92002824758697,270.30000000002076,568.2857779496586
4016,46.92002824758697,270.32000000002074,568.3000936895271
4017,46.92002824758697,270.3400000000207,568.3144084401755
4018,46.92002824758697,270.3600000000207,568.3287222016329
4019,46.92002824758697,270.3800000000207,568.3430349739283
4020,46.841456809644434,270.40000000002067,568.3573467570908
4021,46.841456809644434,270.42000000002065,568.3716575511493
4022,46.841456809644434,270.44000000002063,568.3859673561327
4023,46.841456809644434,270.4600000000206,568.4002761720702
4024,46.841456809644434,270.4800000000206,568.4145839990665
4025,46.841456809644434,270.5000000000206,568.4288908416363
4026,46.841456809644434,270.52000000002056,568.4431967036128
4027,46.841456809644434,270.54000000002054,568.4575015850248
4028,46.841456809644434,270.5600000000205,568.4718054859012
4029,46.841456809644434,270.5800000000205,568.4861084062708
4030,46.841456809644434,270.6000000000205,568.5004103461624
4031,46.841456809644434,270.62000000002047,568.5147113056049
4032,46.841456809644434,270.64000000002045,568.5290112846271
4033,46.841456809644434,270.66000000002043,568.5433102832579
4034,46.841456809644434,270.6800000000204,568.5576083015261
4035,46.841456809644434,270.7000000000204,568.5719053394605
4036,46.841456809644434,270.7200000000204,568.5862013970899
4037,46.841456809644434,270.74000000002036,568.6004964744432
4038,46.841456809644434,270.76000000002034,568.6147905715491
4039,46.841456809644434,270.7800000000203,568.6290836884365
4040,46.841456809644434,270.8000000000203,568.6433758251342
4041,46.841456809644434,270.8200000000203,568.657666981671
4042,46.841456809644434,270.84000000002027,568.6719571580758
4043,46.841456809644434,270.86000000002025,568.6862463543772
4044,46.841456809644434,270.88000000002023,568.7005345706042
4045,46.841456809644434,270.9000000000202,568.7148218067854
4046,46.841456809644434,270.9200000000202,568.7291080629496
4047,46.841456809644434,270.9400000000202,568.7433933391259
4048,46.841456809644434,270.96000000002016,568.7576776353427
4049,46.841456809644434,270.98000000002014,568.771960951629
4050,46.841456809644434,271.0000000000201,568.7862432880135
4051,46.841456809644434,271.0200000000201,568.8005246445249
4052,46.841456809644434,271.0400000000201,568.8148050211921
4053,46.841456809644434,271.06000000002007,568.8290844180439
4054,46.841456809644434,271.08000000002005,568.8433628351088
4055,46.841456809644434,271.10000000002003,568.8576402724158
4056,46.841456809644434,271.12000000002,568.8719167299936
4057,46.841456809644434,271.14000000002,568.8861922078709
4058,46.841456809644434,271.16000000002,568.9004667060765
4059,46.841456809644434,271.18000000001996,568.9147402246391
4060,46.841456809644434,271.20000000001994,568.9290127635875
4061,46.841456809644434,271.2200000000199,568.9432843229504
4062,46.841456809644434,271.2400000000199,568.9575549027566
4063,46.841456809644434,271.2600000000199,568.9718245030347
4064,46.841456809644434,271.28000000001987,568.9860931238136
4065,46.841456809644434,271.30000000001985,569.0003607651219
4066,46.841456809644434,271.32000000001983,569.0146274269883
4067,46.841456809644434,271.3400000000198,569.0288931094417
4068,46.841456809644434,271.3600000000198,569.0431578125106
4069,46.841456809644434,271.3800000000198,569.0574215362238
4070,46.841456809644434,271.40000000001976,569.07168428061
4071,46.841456809644434,271.42000000001974,569.0859460456979
4072,46.841456809644434,271.4400000000197,569.1002068315163
4073,46.841456809644434,271.4600000000197,569.1144666380937
4074,46.841456809644434,271.4800000000197,569.1287254654591
4075,46.841456809644434,271.50000000001967,569.1429833138131
4076,46.841456809644434,271.52000000001965,569.1572401880051
4077,46.841456809644434,271.54000000001963,569.1714960913331
4078,46.841456809644434,271.5600000000196,569.1857510238253
4079,46.841456809644434,271.5800000000196,569.2000049855097
4080,46.841456809644434,271.6000000000196,569.2142579764144
4081,46.841456809644434,271.62000000001956,569.2285099965674
4082,46.841456809644434,271.64000000001954,569.2427610459968
4083,46.841456809644434,271.6600000000195,569.2570111247305
4084,46.841456809644434,271.6800000000195,569.2712602327966
4085,46.841456809644434,271.7000000000195,569.2855083702232
4086,46.841456809644434,271.72000000001947,569.2997555370382
4087,46.841456809644434,271.74000000001945,569.3140017332697
4088,46.841456809644434,271.76000000001943,569.3282469589457
4089,46.841456809644434,271.7800000000194,569.3424912140941
4090,46.841456809644434,271.8000000000194,569.3567344987431
4091,46.841456809644434,271.8200000000194,569.3709768129206
4092,46.841456809644434,271.84000000001936,569.3852181566546
4093,46.841456809644434,271.86000000001934,569.3994585299731
4094,46.841456809644434,271.8800000000193,569.4136979329041
4095,46.841456809644434,271.9000000000193,569.4279363654757
4096,46.841456809644434,271.9200000000193,569.4421738277157
4097,46.841456809644434,271.94000000001927,569.4564103196523
4098,46.841456809644434,271.96000000001925,569.4706458413133
4099,46.841456809644434,271.98000000001923,569.4848803927267
4100,46.841456809644434,272.0000000000192,569.4991139739205
4101,46.841456809644434,272.0200000000192,569.5133465849228
4102,46.841456809644434,272.0400000000192,569.5275782257614
4103,46.841456809644434,272.06000000001916,569.5418088964644
4104,46.841456809644434,272.08000000001914,569.5560385970597
4105,46.841456809644434,272.1000000000191,569.5702673275752
4106,46.841456809644434,272.1200000000191,569.5844950880389
4107,46.841456809644434,272.1400000000191,569.5987218784788
4108,46.841456809644434,272.16000000001907,569.6129476989229
4109,46.841456809644434,272.18000000001905,569.627172549399
4110,46.841456809644434,272.20000000001903,569.6413964299351
4111,46.841456809644434,272.220000000019,569.6556193405592
4112,46.841456809644434,272.240000000019,569.6698412812991
4113,46.841456809644434,272.260000000019,569.6840622521829
4114,46.841456809644434,272.28000000001896,569.6982822532384
4115,46.841456809644434,272.30000000001894,569.7125012844936
4116,46.841456809644434,272.3200000000189,569.7267193459763
4117,46.841456809644434,272.3400000000189,569.7409364377146
4118,46.841456809644434,272.3600000000189,569.7551525597363
4119,46.841456809644434,272.38000000001887,569.7693677120694
4120,46.841456809644434,272.40000000001885,569.7835818947418
4121,46.841456809644434,272.42000000001883,569.7977951077813
4122,46.841456809644434,272.4400000000188,569.8120073512159
4123,46.841456809644434,272.4600000000188,569.8262186250736
4124,46.841456809644434,272.4800000000188,569.840428929382
4125,46.763104417685305,272.50000000001876,569.8546382641694
4126,46.763104417685305,272.52000000001874,569.8688466297316
4127,46.763104417685305,272.5400000000187,569.8830540312797
4128,46.763104417685305,272.5600000000187,569.8972604716096
4129,46.763104417685305,272.5800000000187,569.9114659507488
4130,46.763104417685305,272.60000000001867,569.9256704687252
4131,46.763104417685305,272.62000000001865,569.9398740255665
4132,46.763104417685305,272.64000000001863,569.9540766213001
4133,46.763104417685305,272.6600000000186,569.9682782559539
4134,46.763104417685305,272.6800000000186,569.9824789295554
4135,46.763104417685305,272.7000000000186,569.9966786421325
4136,46.763104417685305,272.72000000001856,570.0108773934313
4137,46.763104417685305,272.74000000001854,570.0250751828752
4138,46.763104417685305,272.7600000000185,570.0392720104554
4139,46.763104417685305,272.7800000000185,570.0534678761993
4140,46.763104417685305,272.8000000000185,570.0676627801342
4141,46.763104417685305,272.82000000001847,570.0818567222876
4142,46.763104417685305,272.84000000001845,570.0960497026867
4143,46.763104417685305,272.86000000001843,570.1102417213589
4144,46.763104417685305,272.8800000000184,570.1244327783314
4145,46.763104417685305,272.9000000000184,570.1386228736318
4146,46.763104417685305,272.9200000000184,570.1528120072873
4147,46.763104417685305,272.94000000001836,570.1670001793251
4148,46.763104417685305,272.96000000001834,570.1811873897726
4149,46.763104417685305,272.9800000000183,570.1953736386572
4150,46.763104417685305,273.0000000000183,570.2095589260061
4151,46.763104417685305,273.0200000000183,570.2237432518467
4152,46.763104417685305,273.04000000001827,570.2379266162063
4153,46.763104417685305,273.06000000001825,570.2521090191121
4154,46.763104417685305,273.08000000001823,570.2662904605916
4155,46.763104417685305,273.1000000000182,570.2804709406719
4156,46.763104417685305,273.1200000000182,570.2946504593804
4157,46.763104417685305,273.1400000000182,570.3088290167443
4158,46.763104417685305,273.16000000001816,570.323006612791
4159,46.763104417685305,273.18000000001814,570.3371832475477
4160,46.763104417685305,273.2000000000181,570.3513589210419
4161,46.763104417685305,273.2200000000181,570.3655336333006
4162,46.763104417685305,273.2400000000181,570.3797073843513
4163,46.763104417685305,273.26000000001807,570.3938801742211
4164,46.763104417685305,273.28000000001805,570.4080520029372
4165,46.763104417685305,273.30000000001803,570.4222228705271
4166,46.763104417685305,273.320000000018,570.4363927770179
4167,46.763104417685305,273.340000000018,570.450561722437
4168,46.763104417685305,273.360000000018,570.4647297068116
4169,46.763104417685305,273.38000000001796,570.4788967301688
4170,46.763104417685305,273.40000000001794,570.4930627925361
4171,46.763104417685305,273.4200000000179,570.5072278939406
4172,46.763104417685305,273.4400000000179,570.5213920344096
4173,46.763104417685305,273.4600000000179,570.5355552139703
4174,46.763104417685305,273.48000000001787,570.5497174326499
4175,46.763104417685305,273.50000000001785,570.5638786904758
4176,46.763104417685305,273.52000000001783,570.5780389874751
4177,46.763104417685305,273.5400000000178,570.5921983240305
4178,46.763104417685305,273.5600000000178,570.6063567055911
4179,46.763104417685305,273.5800000000178,570.6205141344062
4180,46.763104417685305,273.60000000001776,570.6346706105026
4181,46.763104417685305,273.62000000001774,570.6488261339069
4182,46.763104417685305,273.6400000000177,570.6629807046461
4183,46.763104417685305,273.6600000000177,570.6771343227467
4184,46.763104417685305,273.6800000000177,570.6912869882356
4185,46.763104417685305,273.70000000001767,570.7054387011394
4186,46.763104417685305,273.72000000001765,570.719589461485
4187,46.763104417685305,273.74000000001763,570.7337392692991
4188,46.763104417685305,273.7600000000176,570.7478881246085
4189,46.763104417685305,273.7800000000176,570.7620360274398
4190,46.763104417685305,273.8000000000176,570.7761829778198
4191,46.763104417685305,273.82000000001756,570.7903289757752
4192,46.763104417685305,273.84000000001754,570.8044740213328
4193,46.763104417685305,273.8600000000175,570.8186181145192
4194,46.763104417685305,273.8800000000175,570.8327612553611
4195,46.763104417685305,273.9000000000175,570.8469034438854
4196,46.763104417685305,273.92000000001747,570.8610446801187
4197,46.763104417685305,273.94000000001745,570.8751849640876
4198,46.763104417685305,273.96000000001743,570.8893242958189
4199,46.763104417685305,273.9800000000174,570.9034626753394
4200,46.763104417685305,274.0000000000174,570.9176001026757
4201,46.763104417685305,274.0200000000174,570.9317365778545
4202,46.763104417685305,274.04000000001736,570.9458721009025
4203,46.763104417685305,274.06000000001734,570.9600066718464
4204,46.763104417685305,274.0800000000173,570.9741402907129
4205,46.763104417685305,274.1000000000173,570.9882729575286
4206,46.763104417685305,274.1200000000173,571.0024046723203
4207,46.763104417685305,274.14000000001727,571.0165354351145
4208,46.763104417685305,274.16000000001725,571.030665245938
4209,46.763104417685305,274.18000000001723,571.0447941048176
4210,46.763104417685305,274.2000000000172,571.0589220117797
4211,46.763104417685305,274.2200000000172,571.073048966851
4212,46.763104417685305,274.2400000000172,571.0871749700584
4213,46.763104417685305,274.26000000001716,571.1013000214283
4214,46.763104417685305,274.28000000001714,571.1154241209875
4215,46.763104417685305,274.3000000000171,571.1295472687626
4216,46.763104417685305,274.3200000000171,571.1436694647803
4217,46.763104417685305,274.3400000000171,571.1577907090672
4218,46.763104417685305,274.36000000001707,571.1719110016498
4219,46.763104417685305,274.38000000001705,571.186030342555
4220,46.763104417685305,274.40000000001703,571.2001487318093
4221,46.763104417685305,274.420000000017,571.2142661694394
4222,46.763104417685305,274.440000000017,571.2283826554718
4223,46.763104417685305,274.460000000017,571.2424981899333
4224,46.763104417685305,274.48000000001696,571.2566127728504
4225,46.763104417685305,274.50000000001694,571.2707264042498
4226,46.763104417685305,274.5200000000169,571.2848390841581
4227,46.763104417685305,274.5400000000169,571.2989508126018
4228,46.763104417685305,274.5600000000169,571.313061590061
4229,46.763104417685305,274.58000000001687,571.3271714224071
4230,46.763104417685305,274.60000000001685,571.3412803114309
4231,46.763104417685305,274.62000000001683,571.3553882571584
4232,46.763104417685305,274.6400000000168,571.3694952596162
4233,46.763104417685305,274.6600000000168,571.3836013188303
4234,46.684970217725315,274.6800000000168,571.3977064348269
4235,46.684970217725315,274.70000000001676,571.4118106076322
4236,46.684970217725315,274.72000000001674,571.4259138372726
4237,46.684970217725315,274.7400000000167,571.4400161237742
4238,46.684970217725315,274.7600000000167,571.4541174671632
4239,46.684970217725315,274.7800000000167,571.4682178674658
4240,46.684970217725315,274.80000000001667,571.4823173247082
4241,46.684970217725315,274.82000000001665,571.4964158389166
4242,46.684970217725315,274.84000000001663,571.5105134101173
4243,46.684970217725315,274.8600000000166,571.5246100383364
4244,46.684970217725315,274.8800000000166,571.5387057236001
4245,46.684970217725315,274.9000000000166,571.5528004659345
4246,46.684970217725315,274.92000000001656,571.566894265366
4247,46.684970217725315,274.94000000001654,571.5809871219207
4248,46.684970217725315,274.9600000000165,571.5950790356246
4249,46.684970217725315,274.9800000000165,571.6091700065041
4250,46.684970217725315,275.0000000000165,571.6232600345853
4251,46.684970217725315,275.02000000001647,571.6373491198943
4252,46.684970217725315,275.04000000001645,571.6514372624574
4253,46.684970217725315,275.06000000001643,571.6655244623007
4254,46.684970217725315,275.0800000000164,571.6796107194504
4255,46.684970217725315,275.1000000000164,571.6936960339325
4256,46.684970217725315,275.1200000000164,571.7077804057733
4257,46.684970217725315,275.14000000001636,571.7218638349989
4258,46.684970217725315,275.16000000001634,571.7359463216355
4259,46.684970217725315,275.1800000000163,571.7500278657093
4260,46.684970217725315,275.2000000000163,571.7641084672463
4261,46.684970217725315,275.2200000000163,571.7781881262727
4262,46.684970217725315,275.24000000001627,571.7922668428146
4263,46.684970217725315,275.26000000001625,571.8063446168982
4264,46.684970217725315,275.28000000001623,571.8204214485495
4265,46.684970217725315,275.3000000000162,571.8344973377948
4266,46.684970217725315,275.3200000000162,571.8485722846601
4267,46.684970217725315,275.3400000000162,571.8626462891716
4268,46.684970217725315,275.36000000001616,571.8767193513554
4269,46.684970217725315,275.38000000001614,571.8907914712377
4270,46.684970217725315,275.4000000000161,571.9048626488444
4271,46.684970217725315,275.4200000000161,571.9189328842018
4272,46.684970217725315,275.4400000000161,571.933002177336
4273,46.684970217725315,275.46000000001607,571.947070528273
4274,46.684970217725315,275.48000000001605,571.9611379370389
4275,46.684970217725315,275.50000000001603,571.9752044036599
4276,46.684970217725315,275.520000000016,571.989269928162
4277,46.684970217725315,275.540000000016,572.0033345105713
4278,46.684970217725315,275.560000000016,572.017398150914
4279,46.684970217725315,275.58000000001596,572.0314608497458
4280,46.684970217725315,275.60000000001594,572.0455226131057
4281,46.684970217725315,275.6200000000159,572.0595834422646
4282,46.684970217725315,275.6400000000159,572.0736433372481
4283,46.684970217725315,275.6600000000159,572.0877022980819
4284,46.684970217725315,275.68000000001587,572.1017603247918
4285,46.684970217725315,275.70000000001585,572.1158174174035
4286,46.684970217725315,275.72000000001583,572.1298735759425
4287,46.684970217725315,275.7400000000158,572.1439288004347
4288,46.684970217725315,275.7600000000158,572.1579830909056
4289,46.684970217725315,275.7800000000158,572.1720364473811
4290,46.684970217725315,275.80000000001576,572.1860888698867
4291,46.684970217725315,275.82000000001574,572.2001403584482
4292,46.684970217725315,275.8400000000157,572.2141909130911
4293,46.684970217725315,275.8600000000157,572.2282405338412
4294,46.684970217725315,275.8800000000157,572.2422892207243
4295,46.684970217725315,275.90000000001567,572.2563369737658
4296,46.684970217725315,275.92000000001565,572.2703837929914
4297,46.684970217725315,275.94000000001563,572.2844296784269
4298,46.684970217725315,275.9600000000156,572.298474630098
4299,46.684970217725315,275.9800000000156,572.3125186480302
4300,46.684970217725315,276.0000000000156,572.3265617322492
4301,46.684970217725315,276.02000000001556,572.3406038827806
4302,46.684970217725315,276.04000000001554,572.35464509965
4303,46.684970217725315,276.0600000000155,572.3686853828833
4304,46.684970217725315,276.0800000000155,572.382724732506
4305,46.684970217725315,276.1000000000155,572.3967631485435
4306,46.684970217725315,276.12000000001547,572.4108006310217
4307,46.684970217725315,276.14000000001545,572.4248371799663
4308,46.684970217725315,276.16000000001543,572.4388727954026
4309,46.684970217725315,276.1800000000154,572.4529074773566
4310,46.684970217725315,276.2000000000154,572.4669412258536
4311,46.684970217725315,276.2200000000154,572.4809740409194
4312,46.684970217725315,276.24000000001536,572.4950059225795
4313,46.684970217725315,276.26000000001534,572.5090368708596
4314,46.684970217725315,276.2800000000153,572.5230668857853
4315,46.684970217725315,276.3000000000153,572.5370959673821
4316,46.684970217725315,276.3200000000153,572.5511241156759
4317,46.684970217725315,276.34000000001527,572.565151330692
4318,46.684970217725315,276.36000000001525,572.579177612456
4319,46.684970217725315,276.38000000001523,572.5932029609936
4320,46.684970217725315,276.4000000000152,572.6072273763305
4321,46.684970217725315,276.4200000000152,572.621250858492
4322,46.684970217725315,276.4400000000152,572.6352734075039
4323,46.684970217725315,276.46000000001516,572.6492950233917
4324,46.684970217725315,276.48000000001514,572.663315706181
4325,46.684970217725315,276.5000000000151,572.6773354558975
4326,46.684970217725315,276.5200000000151,572.6913542725666
4327,46.684970217725315,276.5400000000151,572.7053721562139
4328,46.684970217725315,276.56000000001507,572.719389106865
4329,46.684970217725315,276.58000000001505,572.7334051245455
4330,46.684970217725315,276.60000000001503,572.747420209909
4331,46.684970217725315,276.620000000015,572.7614343694289
4332,46.684970217725315,276.640000000015,572.7754476039244
4333,46.684970217725315,276.660000000015,572.7894599134207
4334,46.684970217725315,276.68000000001496,572.8034712979432
4335,46.684970217725315,276.70000000001494,572.817481757517
4336,46.684970217725315,276.7200000000149,572.8314912921674
4337,46.684970217725315,276.7400000000149,572.8454999019193
4338,46.684970217725315,276.7600000000149,572.8595075867983
4339,46.684970217725315,276.78000000001487,572.8735143468293
4340,46.60705336005608,276.80000000001485,572.8875201820376
4341,46.60705336005608,276.82000000001483,572.9015250924484
4342,46.60705336005608,276.8400000000148,572.9155290780869
4343,46.60705336005608,276.8600000000148,572.9295321389784
4344,46.60705336005608,276.8800000000148,572.9435342751478
4345,46.60705336005608,276.90000000001476,572.9575354866206
4346,46.60705336005608,276.92000000001474,572.9715357734218
4347,46.60705336005608,276.9400000000147,572.9855351355766
4348,46.60705336005608,276.9600000000147,572.9995335731102
4349,46.60705336005608,276.9800000000147,573.0135310860477
4350,46.60705336005608,277.00000000001467,573.0275276744144
4351,46.60705336005608,277.02000000001465,573.0415233382353
4352,46.60705336005608,277.04000000001463,573.0555180775357
4353,46.60705336005608,277.0600000000146,573.0695118923406
4354,46.60705336005608,277.0800000000146,573.0835047826754
4355,46.60705336005608,277.1000000000146,573.097496748565
4356,46.60705336005608,277.12000000001456,573.1114877900347
4357,46.60705336005608,277.14000000001454,573.1254779071097
4358,46.60705336005608,277.1600000000145,573.139467099815
4359,46.60705336005608,277.1800000000145,573.1534553681757
4360,46.60705336005608,277.2000000000145,573.1674427122172
4361,46.60705336005608,277.22000000001447,573.1814291319644
4362,46.60705336005608,277.24000000001445,573.1954146274425
4363,46.60705336005608,277.26000000001443,573.2093991986766
4364,46.60705336005608,277.2800000000144,573.2233828456918
4365,46.60705336005608,277.3000000000144,573.2373655685135
4366,46.60705336005608,277.3200000000144,573.2513473671665
4367,46.60705336005608,277.34000000001436,573.2653282416761
4368,46.60705336005608,277.36000000001434,573.2793081920673
4369,46.60705336005608,277.3800000000143,573.2932872183653
4370,46.60705336005608,277.4000000000143,573.3072653205951
4371,46.60705336005608,277.4200000000143,573.3212424987819
4372,46.60705336005608,277.44000000001427,573.3352187529507
4373,46.60705336005608,277.46000000001425,573.3491940831268
4374,46.60705336005608,277.48000000001423,573.3631684893352
4375,46.60705336005608,277.5000000000142,573.3771419716008
4376,46.60705336005608,277.5200000000142,573.391114529949
4377,46.60705336005608,277.5400000000142,573.4050861644048
4378,46.60705336005608,277.56000000001416,573.4190568749932
4379,46.60705336005608,277.58000000001414,573.4330266617393
4380,46.60705336005608,277.6000000000141,573.4469955246682
4381,46.60705336005608,277.6200000000141,573.4609634647514
4382,46.60705336005608,277.6400000000141,573.4749304880863
4383,46.60705336005608,277.66000000001407,573.4888965952671
4384,46.60705336005608,277.68000000001405,573.5028617863185
4385,46.60705336005608,277.70000000001403,573.5168260612652
4386,46.60705336005608,277.720000000014,573.530789420132
4387,46.60705336005608,277.740000000014,573.5447518629436
4388,46.60705336005608,277.760000000014,573.5587133897246
4389,46.60705336005608,277.78000000001396,573.5726740004999
4390,46.60705336005608,277.80000000001394,573.5866336952939
4391,46.60705336005608,277.8200000000139,573.6005924741315
4392,46.60705336005608,277.8400000000139,573.6145503370375
4393,46.60705336005608,277.8600000000139,573.6285072840363
4394,46.60705336005608,277.88000000001387,573.6424633151529
4395,46.60705336005608,277.90000000001385,573.6564184304118
4396,46.60705336005608,277.92000000001383,573.6703726298377
4397,46.60705336005608,277.9400000000138,573.6843259134554
4398,46.60705336005608,277.9600000000138,573.6982782812895
4399,46.60705336005608,277.9800000000138,573.7122297333647
4400,46.60705336005608,278.00000000001376,573.7261802697055
4401,46.60705336005608,278.02000000001374,573.7401298903369
4402,46.60705336005608,278.0400000000137,573.7540785952833
4403,46.60705336005608,278.0600000000137,573.7680263845696
4404,46.60705336005608,278.0800000000137,573.7819732582202
4405,46.60705336005608,278.10000000001367,573.7959192162599
4406,46.60705336005608,278.12000000001365,573.8098642587133
4407,46.60705336005608,278.14000000001363,573.8238083856052
4408,46.60705336005608,278.1600000000136,573.8377515969601
4409,46.60705336005608,278.1800000000136,573.8516938928027
4410,46.60705336005608,278.2000000000136,573.8656352731576
4411,46.60705336005608,278.22000000001356,573.8795757380497
4412,46.60705336005608,278.24000000001354,573.8935152875033
4413,46.60705336005608,278.2600000000135,573.9074539215432
4414,46.60705336005608,278.2800000000135,573.921391640194
4415,46.60705336005608,278.3000000000135,573.9353284434803
4416,46.60705336005608,278.32000000001347,573.9492643314269
4417,46.60705336005608,278.34000000001345,573.9631993040582
4418,46.60705336005608,278.36000000001343,573.977133361399
4419,46.60705336005608,278.3800000000134,573.9910665034737
4420,46.60705336005608,278.4000000000134,574.0049987303071
4421,46.60705336005608,278.4200000000134,574.0189300419238
4422,46.60705336005608,278.44000000001336,574.0328604383484
4423,46.60705336005608,278.46000000001334,574.0467899196055
4424,46.60705336005608,278.4800000000133,574.0607184857198
4425,46.60705336005608,278.5000000000133,574.0746461367157
4426,46.60705336005608,278.5200000000133,574.088572872618
4427,46.60705336005608,278.54000000001326,574.1024986934511
4428,46.60705336005608,278.56000000001325,574.1164235992399
4429,46.60705336005608,278.58000000001323,574.1303475900087
4430,46.60705336005608,278.6000000000132,574.1442706657822
4431,46.60705336005608,278.6200000000132,574.1581928265849
4432,46.60705336005608,278.6400000000132,574.1721140738493
4433,46.60705336005608,278.66000000001316,574.1860344133709
4434,46.60705336005608,278.68000000001314,574.1999538456586
4435,46.60705336005608,278.7000000000131,574.2138723707368
4436,46.60705336005608,278.7200000000131,574.2277899886296
4437,46.60705336005608,278.7400000000131,574.2417066993614
4438,46.60705336005608,278.76000000001306,574.2556225029563
4439,46.60705336005608,278.78000000001305,574.2695373994385
4440,46.60705336005608,278.80000000001303,574.2834513888323
4441,46.60705336005608,278.820000000013,574.2973644711619
4442,46.60705336005608,278.840000000013,574.3112766464517
4443,46.60705336005608,278.860000000013,574.3251879147257
4444,46.60705336005608,278.88000000001296,574.3390982760081
4445,46.60705336005608,278.90000000001294,574.3530077303233
4446,46.60705336005608,278.9200000000129,574.3669162776954
4447,46.52935299921894,278.9400000000129,574.3808239181486
4448,46.52935299921894,278.9600000000129,574.3947306517072
4449,46.52935299921894,278.98000000001286,574.4086364783952
4450,46.52935299921894,279.00000000001285,574.4225413982371
4451,46.52935299921894,279.02000000001283,574.4364454112567
4452,46.52935299921894,279.0400000000128,574.4503485174786
4453,46.52935299921894,279.0600000000128,574.4642507169267
4454,46.52935299921894,279.0800000000128,574.4781520096253
4455,46.52935299921894,279.10000000001276,574.4920523955986
4456,46.52935299921894,279.12000000001274,574.5059518748709
4457,46.52935299921894,279.1400000000127,574.5198504474662
4458,46.52935299921894,279.1600000000127,574.5337481134087
4459,46.52935299921894,279.1800000000127,574.5476448727226
4460,46.52935299921894,279.20000000001266,574.5615407254321
4461,46.52935299921894,279.22000000001265,574.5754356715613
4462,46.52935299921894,279.2400000000126,574.5893297111345
4463,46.52935299921894,279.2600000000126,574.6032228441758
4464,46.52935299921894,279.2800000000126,574.6171150707092
4465,46.52935299921894,279.3000000000126,574.6310063907591
4466,46.52935299921894,279.32000000001256,574.6448968043496
4467,46.52935299921894,279.34000000001254,574.6587863115049
4468,46.52935299921894,279.3600000000125,574.6726749122489
4469,46.52935299921894,279.3800000000125,574.686562606606
4470,46.52935299921894,279.4000000000125,574.7004493946002
4471,46.52935299921894,279.42000000001246,574.7143352762558
4472,46.52935299921894,279.44000000001245,574.7282202515968
4473,46.52935299921894,279.4600000000124,574.7421043206474
4474,46.52935299921894,279.4800000000124,574.7559874834317
4475,46.52935299921894,279.5000000000124,574.7698697399738
4476,46.52935299921894,279.5200000000124,574.783751090298
4477,46.52935299921894,279.54000000001236,574.7976315344282
4478,46.52935299921894,279.56000000001234,574.8115110723886
4479,46.52935299921894,279.5800000000123,574.8253897042034
4480,46.52935299921894,279.6000000000123,574.8392674298967
4481,46.52935299921894,279.6200000000123,574.8531442494925
4482,46.52935299921894,279.64000000001226,574.867020163015
4483,46.52935299921894,279.66000000001225,574.8808951722822
4484,46.52935299921894,279.6800000000122,574.8947692825355
4485,46.52935299921894,279.7000000000122,574.9086424941794
4486,46.52935299921894,279.7200000000122,574.9225148072375
4487,46.52935299921894,279.7400000000122,574.9363862217334
4488,46.52935299921894,279.76000000001216,574.9502567376911
4489,46.52935299921894,279.78000000001214,574.9641263551342
4490,46.52935299921894,279.8000000000121,574.9779950740865
4491,46.52935299921894,279.8200000000121,574.9918628945717
4492,46.52935299921894,279.8400000000121,575.0057298166134
4493,46.52935299921894,279.86000000001206,575.0195958402356
4494,46.52935299921894,279.88000000001205,575.0334609654619
4495,46.52935299921894,279.900000000012,575.047325192316
4496,46.52935299921894,279.920000000012,575.0611885208216
4497,46.52935299921894,279.940000000012,575.0750509510025
4498,46.52935299921894,279.960000000012,575.0889124828824
4499,46.52935299921894,279.98000000001196,575.102773116485
4500,46.52935299921894,280.00000000001194,575.116632851834
4501,46.52935299921894,280.0200000000119,575.130491688953
4502,46.52935299921894,280.0400000000119,575.144349627866
4503,46.52935299921894,280.0600000000119,575.1582066685964
4504,46.52935299921894,280.08000000001186,575.1720628111682
4505,46.52935299921894,280.10000000001185,575.1859180556049
4506,46.52935299921894,280.1200000000118,575.1997724019302
4507,46.52935299921894,280.1400000000118,575.2136258501679
4508,46.52935299921894,280.1600000000118,575.2274784003416
4509,46.52935299921894,280.1800000000118,575.2413300524751
4510,46.52935299921894,280.20000000001176,575.2551808065919
4511,46.52935299921894,280.22000000001174,575.2690306627157
4512,46.52935299921894,280.2400000000117,575.2828796208704
4513,46.52935299921894,280.2600000000117,575.2967276810795
4514,46.52935299921894,280.2800000000117,575.3105748433667
4515,46.52935299921894,280.30000000001166,575.3244211077557
4516,46.52935299921894,280.32000000001165,575.3382664742702
4517,46.52935299921894,280.3400000000116,575.3521109429338
4518,46.52935299921894,280.3600000000116,575.3659545137701
4519,46.52935299921894,280.3800000000116,575.379797186803
4520,46.52935299921894,280.4000000000116,575.3936389620559
4521,46.52935299921894,280.42000000001156,575.4074798395526
4522,46.52935299921894,280.44000000001154,575.4213198193167
4523,46.52935299921894,280.4600000000115,575.435158901372
4524,46.52935299921894,280.4800000000115,575.448997085742
4525,46.52935299921894,280.5000000000115,575.4628343724503
4526,46.52935299921894,280.52000000001146,575.4766707615206
4527,46.52935299921894,280.54000000001145,575.4905062529766
4528,46.52935299921894,280.5600000000114,575.5043408468418
4529,46.52935299921894,280.5800000000114,575.51817454314
4530,46.52935299921894,280.6000000000114,575.5320073418948
4531,46.52935299921894,280.6200000000114,575.5458392431296
4532,46.52935299921894,280.64000000001136,575.5596702468684
4533,46.52935299921894,280.66000000001134,575.5735003531346
4534,46.52935299921894,280.6800000000113,575.5873295642126
4535,46.52935299921894,280.7000000000113,575.6011578850625
4536,46.52935299921894,280.7200000000113,575.6149853160051
4537,46.52935299921894,280.74000000001126,575.6288118570635
4538,46.52935299921894,280.76000000001125,575.6426375082609
4539,46.52935299921894,280.7800000000112,575.6564622696208
4540,46.52935299921894,280.8000000000112,575.6702861411662
4541,46.52935299921894,280.8200000000112,575.6841091229205
4542,46.52935299921894,280.8400000000112,575.6979312149069
4543,46.52935299921894,280.86000000001115,575.7117524171488
4544,46.52935299921894,280.88000000001114,575.7255727296692
4545,46.52935299921894,280.9000000000111,575.7393921524915
4546,46.52935299921894,280.9200000000111,575.7532106856389
4547,46.52935299921894,280.9400000000111,575.7670283291346
4548,46.52935299921894,280.96000000001106,575.780845083002
4549,46.52935299921894,280.98000000001105,575.7946609472641
4550,46.52935299921894,281.000000000011,575.8084759219444
4551,46.52935299921894,281.020000000011,575.8222900070659
4552,46.52935299921894,281.040000000011,575.836103202652
4553,46.52935299921894,281.060000000011,575.8499155087258
4554,46.45186829397908,281.08000000001095,575.8637269253105
4555,46.45186829397908,281.10000000001094,575.8775374524295
4556,46.45186829397908,281.1200000000109,575.8913470901058
4557,46.45186829397908,281.1400000000109,575.9051558383628
4558,46.45186829397908,281.1600000000109,575.9189636972236
4559,46.45186829397908,281.18000000001086,575.9327706667115
4560,46.45186829397908,281.20000000001085,575.9465767468496
4561,46.45186829397908,281.2200000000108,575.9603819376612
4562,46.45186829397908,281.2400000000108,575.9741862391694
4563,46.45186829397908,281.2600000000108,575.9879896513975
4564,46.45186829397908,281.2800000000108,576.0017921743686
4565,46.45186829397908,281.30000000001075,576.0155938081059
4566,46.45186829397908,281.32000000001074,576.0293945526327
4567,46.45186829397908,281.3400000000107,576.043194407972
4568,46.45186829397908,281.3600000000107,576.0569933741472
4569,46.45186829397908,281.3800000000107,576.0707914511813
4570,46.45186829397908,281.40000000001066,576.0845886390977
4571,46.45186829397908,281.42000000001065,576.0983849379194
4572,46.45186829397908,281.4400000000106,576.1121803476696
4573,46.45186829397908,281.4600000000106,576.1259748683714
4574,46.45186829397908,281.4800000000106,576.1397685000481
4575,46.45186829397908,281.5000000000106,576.153561242723
4576,46.45186829397908,281.52000000001055,576.1673530964189
4577,46.45186829397908,281.54000000001054,576.1811440611592
4578,46.45186829397908,281.5600000000105,576.194934136967
4579,46.45186829397908,281.5800000000105,576.2087233238656
4580,46.45186829397908,281.6000000000105,576.2225116218779
4581,46.45186829397908,281.62000000001046,576.2362990310271
4582,46.45186829397908,281.64000000001045,576.2500855513365
4583,46.45186829397908,281.6600000000104,576.2638711828291
4584,46.45186829397908,281.6800000000104,576.2776559255282
4585,46.45186829397908,281.7000000000104,576.2914397820634
4586,46.45186829397908,281.7200000000104,576.305222756878
4587,46.45186829397908,281.74000000001035,576.3190048501964
4588,46.45186829397908,281.76000000001034,576.3327860620411
4589,46.45186829397908,281.7800000000103,576.3465663924351
4590,46.45186829397908,281.8000000000103,576.3603458414011
4591,46.45186829397908,281.8200000000103,576.374124408962
4592,46.45186829397908,281.84000000001026,576.3879020951405
4593,46.45186829397908,281.86000000001025,576.4016788999594
4594,46.45186829397908,281.8800000000102,576.4154548234415
4595,46.45186829397908,281.9000000000102,576.4292298656095
4596,46.45186829397908,281.9200000000102,576.4430040264863
4597,46.45186829397908,281.9400000000102,576.4567773060945
4598,46.45186829397908,281.96000000001015,576.4705497044571
4599,46.45186829397908,281.98000000001014,576.4843212215966
4600,46.45186829397908,282.0000000000101,576.4980918575359
4601,46.45186829397908,282.0200000000101,576.5118616122978
4602,46.45186829397908,282.0400000000101,576.525630485905
4603,46.45186829397908,282.06000000001006,576.5393984783803
4604,46.45186829397908,282.08000000001005,576.5531655897465
4605,46.45186829397908,282.10000000001,576.5669318200262
4606,46.45186829397908,282.12000000001,576.5806971692422
4607,46.45186829397908,282.14000000001,576.5944616374172
4608,46.45186829397908,282.16000000001,576.6082252245742
4609,46.45186829397908,282.18000000000995,576.6219879307357
4610,46.45186829397908,282.20000000000994,576.6357497559245
4611,46.45186829397908,282.2200000000099,576.6495107001633
4612,46.45186829397908,282.2400000000099,576.6632707634749
4613,46.45186829397908,282.2600000000099,576.6770299458819
4614,46.45186829397908,282.28000000000986,576.6907882474072
4615,46.45186829397908,282.30000000000985,576.7045456680735
4616,46.45186829397908,282.3200000000098,576.7183022079034
4617,46.45186829397908,282.3400000000098,576.7320578669197
4618,46.45186829397908,282.3600000000098,576.7458126451452
4619,46.45186829397908,282.3800000000098,576.7595665426024
4620,46.45186829397908,282.40000000000975,576.7733195593142
4621,46.45186829397908,282.42000000000974,576.7870716953033
4622,46.45186829397908,282.4400000000097,576.8008229505923
4623,46.45186829397908,282.4600000000097,576.814573325204
4624,46.45186829397908,282.4800000000097,576.828322819161
4625,46.45186829397908,282.50000000000966,576.8420714324861
4626,46.45186829397908,282.52000000000965,576.855819165202
4627,46.45186829397908,282.5400000000096,576.8695660173313
4628,46.45186829397908,282.5600000000096,576.8833119888968
4629,46.45186829397908,282.5800000000096,576.8970570799212
4630,46.45186829397908,282.6000000000096,576.910801290427
4631,46.45186829397908,282.62000000000955,576.924544620437
4632,46.45186829397908,282.64000000000954,576.938287069974
4633,46.45186829397908,282.6600000000095,576.9520286390605
4634,46.45186829397908,282.6800000000095,576.9657693277193
4635,46.45186829397908,282.7000000000095,576.979509135973
4636,46.45186829397908,282.72000000000946,576.9932480669138
4637,46.45186829397908,282.74000000000945,577.0069861246926
4638,46.45186829397908,282.7600000000094,577.0207233094494
4639,46.45186829397908,282.7800000000094,577.0344596212066
4640,46.45186829397908,282.8000000000094,577.0481950599864
4641,46.45186829397908,282.8200000000094,577.0619296258112
4642,46.45186829397908,282.84000000000935,577.0756633187034
4643,46.45186829397908,282.86000000000934,577.0893961386853
4644,46.45186829397908,282.8800000000093,577.1031280857792
4645,46.45186829397908,282.9000000000093,577.1168591600074
4646,46.45186829397908,282.9200000000093,577.1305893613923
4647,46.45186829397908,282.94000000000926,577.1443186899561
4648,46.45186829397908,282.96000000000925,577.1580471457213
4649,46.45186829397908,282.9800000000092,577.17177472871
4650,46.45186829397908,283.0000000000092,577.1855014389447
4651,46.45186829397908,283.0200000000092,577.1992272764477
4652,46.45186829397908,283.0400000000092,577.2129522412412
4653,46.45186829397908,283.06000000000915,577.2266763333475
4654,46.45186829397908,283.08000000000914,577.2403995527891
4655,46.45186829397908,283.1000000000091,577.2541218995881
4656,46.45186829397908,283.1200000000091,577.2678433737668
4657,46.45186829397908,283.1400000000091,577.2815639753477
4658,46.45186829397908,283.16000000000906,577.2952837043529
4659,46.45186829397908,283.18000000000904,577.3090025608047
4660,46.45186829397908,283.200000000009,577.3227205447255
4661,46.37459840729961,283.220000000009,577.3364376561375
4662,46.37459840729961,283.240000000009,577.350153895063
4663,46.37459840729961,283.260000000009,577.3638692615243
4664,46.37459840729961,283.28000000000895,577.3775837555437
4665,46.37459840729961,283.30000000000894,577.3912973771434
4666,46.37459840729961,283.3200000000089,577.4050101263457
4667,46.37459840729961,283.3400000000089,577.4187220031729
4668,46.37459840729961,283.3600000000089,577.4324330076472
4669,46.37459840729961,283.38000000000886,577.4461431397909
4670,46.37459840729961,283.40000000000884,577.4598523996264
4671,46.37459840729961,283.4200000000088,577.4735607871758
4672,46.37459840729961,283.4400000000088,577.4872683024613
4673,46.37459840729961,283.4600000000088,577.5009749455054
4674,46.37459840729961,283.4800000000088,577.5146807163302
4675,46.37459840729961,283.50000000000875,577.528385614958
4676,46.37459840729961,283.52000000000874,577.5420896414109
4677,46.37459840729961,283.5400000000087,577.5557927957113
4678,46.37459840729961,283.5600000000087,577.5694950778815
4679,46.37459840729961,283.5800000000087,577.5831964879435
4680,46.37459840729961,283.60000000000866,577.5968970259197
4681,46.37459840729961,283.62000000000864,577.6105966918324
4682,46.37459840729961,283.6400000000086,577.6242954857037
4683,46.37459840729961,283.6600000000086,577.6379934075559
4684,46.37459840729961,283.6800000000086,577.6516904574112
4685,46.37459840729961,283.7000000000086,577.6653866352918
4686,46.37459840729961,283.72000000000855,577.67908194122
4687,46.37459840729961,283.74000000000854,577.6927763785887
4688,46.37459840729961,283.7600000000085,577.7064699510626
4689,46.37459840729961,283.7800000000085,577.7201626586937
4690,46.37459840729961,283.8000000000085,577.7338545015039
4691,46.37459840729961,283.82000000000846,577.747545479515
4692,46.37459840729961,283.84000000000844,577.7612355927491
4693,46.37459840729961,283.8600000000084,577.774924841228
4694,46.37459840729961,283.8800000000084,577.7886132249736
4695,46.37459840729961,283.9000000000084,577.8023007440077
4696,46.37459840729961,283.9200000000084,577.8159873983521
4697,46.37459840729961,283.94000000000835,577.829673188029
4698,46.37459840729961,283.96000000000834,577.84335811306
4699,46.37459840729961,283.9800000000083,577.8570421734671
4700,46.37459840729961,284.0000000000083,577.8707253692721
4701,46.37459840729961,284.0200000000083,577.8844077004969
4702,46.37459840729961,284.04000000000826,577.8980891671634
4703,46.37459840729961,284.06000000000824,577.9117697692934
4704,46.37459840729961,284.0800000000082,577.9254495069088
4705,46.37459840729961,284.1000000000082,577.9391283800313
4706,46.37459840729961,284.1200000000082,577.952806388683
4707,46.37459840729961,284.1400000000082,577.9664835328857
4708,46.37459840729961,284.16000000000815,577.9801598126611
4709,46.37459840729961,284.18000000000814,577.9938352280311
4710,46.37459840729961,284.2000000000081,578.0075097790177
4711,46.37459840729961,284.2200000000081,578.0211834656426
4712,46.37459840729961,284.2400000000081,578.0348562879276
4713,46.37459840729961,284.26000000000806,578.0485282458947
4714,46.37459840729961,284.28000000000804,578.0621993395655
4715,46.37459840729961,284.300000000008,578.075869568962
4716,46.37459840729961,284.320000000008,578.0895389341061
4717,46.37459840729961,284.340000000008,578.1032074350195
4718,46.37459840729961,284.360000000008,578.116875071724
4719,46.37459840729961,284.38000000000795,578.1305418442415
4720,46.37459840729961,284.40000000000794,578.1442077525938
4721,46.37459840729961,284.4200000000079,578.1578727968027
4722,46.37459840729961,284.4400000000079,578.17153697689
4723,46.37459840729961,284.4600000000079,578.1852002928775
4724,46.37459840729961,284.48000000000786,578.1988627447871
4725,46.37459840729961,284.50000000000784,578.2125243326406
4726,46.37459840729961,284.5200000000078,578.2261850564597
4727,46.37459840729961,284.5400000000078,578.2398449162663
4728,46.37459840729961,284.5600000000078,578.2535039120821
4729,46.37459840729961,284.5800000000078,578.267162043929
4730,46.37459840729961,284.60000000000775,578.2808193118289
4731,46.37459840729961,284.62000000000774,578.2944757158033
4732,46.37459840729961,284.6400000000077,578.3081312558742
4733,46.37459840729961,284.6600000000077,578.3217859320633
4734,46.37459840729961,284.6800000000077,578.3354397443925
4735,46.37459840729961,284.70000000000766,578.3490926928835
4736,46.37459840729961,284.72000000000764,578.362744777558
4737,46.37459840729961,284.7400000000076,578.3763959984914
4738,46.37459840729961,284.7600000000076,578.3900463594894
4739,46.37459840729961,284.7800000000076,578.4036958638752
4740,46.37459840729961,284.80000000000757,578.4173445116703
4741,46.37459840729961,284.82000000000755,578.4309923028961
4742,46.37459840729961,284.84000000000754,578.4446392375742
4743,46.37459840729961,284.8600000000075,578.4582853157259
4744,46.37459840729961,284.8800000000075,578.4719305373727
4745,46.37459840729961,284.9000000000075,578.4855749025362
4746,46.37459840729961,284.92000000000746,578.4992184112376
4747,46.37459840729961,284.94000000000744,578.5128610634986
4748,46.37459840729961,284.9600000000074,578.5265028593404
4749,46.37459840729961,284.9800000000074,578.5401437987847
4750,46.37459840729961,285.0000000000074,578.5537838818528
4751,46.37459840729961,285.02000000000737,578.5674231085662
4752,46.37459840729961,285.04000000000735,578.5810614789464
4753,46.37459840729961,285.06000000000734,578.5946989930146
4754,46.37459840729961,285.0800000000073,578.6083356507925
4755,46.37459840729961,285.1000000000073,578.6219714523013
4756,46.37459840729961,285.1200000000073,578.6356063975626
4757,46.37459840729961,285.14000000000726,578.6492404865977
4758,46.37459840729961,285.16000000000724,578.6628737194281
4759,46.37459840729961,285.1800000000072,578.6765060960753
4760,46.37459840729961,285.2000000000072,578.6901376165606
4761,46.37459840729961,285.2200000000072,578.7037682809055
4762,46.37459840729961,285.24000000000717,578.7173980891313
4763,46.37459840729961,285.26000000000715,578.7310270412595
4764,46.37459840729961,285.28000000000713,578.7446551373115
4765,46.37459840729961,285.3000000000071,578.7582823773088
4766,46.37459840729961,285.3200000000071,578.7719087612727
4767,46.37459840729961,285.3400000000071,578.7855342892246
4768,46.37459840729961,285.36000000000706,578.799158961186
4769,46.29754250631622,285.38000000000704,578.8127827771781
4770,46.29754250631622,285.400000000007,578.8264057372224
4771,46.29754250631622,285.420000000007,578.8400278413404
4772,46.29754250631622,285.440000000007,578.8536490895534
4773,46.29754250631622,285.46000000000697,578.8672694818828
4774,46.29754250631622,285.48000000000695,578.8808890183499
4775,46.29754250631622,285.50000000000693,578.8945076989762
4776,46.29754250631622,285.5200000000069,578.908125523783
4777,46.29754250631622,285.5400000000069,578.9217424927919
4778,46.29754250631622,285.5600000000069,578.9353586060239
4779,46.29754250631622,285.58000000000686,578.9489738635007
4780,46.29754250631622,285.60000000000684,578.9625882652434
4781,46.29754250631622,285.6200000000068,578.9762018112737
4782,46.29754250631622,285.6400000000068,578.9898145016127
4783,46.29754250631622,285.6600000000068,579.0034263362819
4784,46.29754250631622,285.68000000000677,579.0170373153026
4785,46.29754250631622,285.70000000000675,579.0306474386962
4786,46.29754250631622,285.72000000000673,579.044256706484
4787,46.29754250631622,285.7400000000067,579.0578651186875
4788,46.29754250631622,285.7600000000067,579.0714726754607
4789,46.29754250631622,285.7800000000067,579.0850793807974
4790,46.29754250631622,285.80000000000666,579.0986852374959
4791,46.29754250631622,285.82000000000664,579.1122902455774
4792,46.29754250631622,285.8400000000066,579.1258944050626
4793,46.29754250631622,285.8600000000066,579.1394977159728
4794,46.29754250631622,285.8800000000066,579.153100178329
4795,46.29754250631622,285.90000000000657,579.1667017921524
4796,46.29754250631622,285.92000000000655,579.1803025574637
4797,46.29754250631622,285.94000000000653,579.1939024742843
4798,46.29754250631622,285.9600000000065,579.2075015426351
4799,46.29754250631622,285.9800000000065,579.221099762537
4800,46.29754250631622,286.0000000000065,579.2346971340113
4801,46.29754250631622,286.02000000000646,579.2482936570789
4802,46.29754250631622,286.04000000000644,579.2618893317608
4803,46.29754250631622,286.0600000000064,579.2754841580781
4804,46.29754250631622,286.0800000000064,579.2890781360519
4805,46.29754250631622,286.1000000000064,579.3026712657031
4806,46.29754250631622,286.12000000000637,579.3162635470528
4807,46.29754250631622,286.14000000000635,579.329854980122
4808,46.29754250631622,286.16000000000633,579.3434455649318
4809,46.29754250631622,286.1800000000063,579.3570353015031
4810,46.29754250631622,286.2000000000063,579.3706241898569
4811,46.29754250631622,286.2200000000063,579.3842122300143
4812,46.29754250631622,286.24000000000626,579.3977994219963
4813,46.29754250631622,286.26000000000624,579.4113857658239
4814,46.29754250631622,286.2800000000062,579.4249712615181
4815,46.29754250631622,286.3000000000062,579.4385559090998
4816,46.29754250631622,286.3200000000062,579.4521397085902
4817,46.29754250631622,286.34000000000617,579.4657226600101
4818,46.29754250631622,286.36000000000615,579.4793047633807
4819,46.29754250631622,286.38000000000613,579.4928860187229
4820,46.29754250631622,286.4000000000061,579.5064664260576
4821,46.29754250631622,286.4200000000061,579.520045985406
4822,46.29754250631622,286.4400000000061,579.5336246967889
4823,46.29754250631622,286.46000000000606,579.5472025602274
4824,46.29754250631622,286.48000000000604,579.5607795757425
4825,46.29754250631622,286.500000000006,579.574355743355
4826,46.29754250631622,286.520000000006,579.5879310630861
4827,46.29754250631622,286.540000000006,579.6015055349567
4828,46.29754250631622,286.56000000000597,579.6150791589877
4829,46.29754250631622,286.58000000000595,579.6286519352001
4830,46.29754250631622,286.60000000000593,579.642223863615
4831,46.29754250631622,286.6200000000059,579.6557949442532
4832,46.29754250631622,286.6400000000059,579.6693651771358
4833,46.29754250631622,286.6600000000059,579.6829345622837
4834,46.29754250631622,286.68000000000586,579.6965030997178
4835,46.29754250631622,286.70000000000584,579.7100707894591
4836,46.29754250631622,286.7200000000058,579.7236376315286
4837,46.29754250631622,286.7400000000058,579.7372036259472
4838,46.29754250631622,286.7600000000058,579.7507687727359
4839,46.29754250631622,286.78000000000577,579.7643330721321
4840,46.29754250631622,286.80000000000575,579.7778965285056
4841,46.29754250631622,286.82000000000573,579.7914591442768
4842,46.29754250631622,286.8400000000057,579.8050209194663
4843,46.29754250631622,286.8600000000057,579.8185818540948
4844,46.29754250631622,286.8800000000057,579.8321419481828
4845,46.29754250631622,286.90000000000566,579.8457012017509
4846,46.29754250631622,286.92000000000564,579.8592596148198
4847,46.29754250631622,286.9400000000056,579.8728171874103
4848,46.29754250631622,286.9600000000056,579.8863739195427
4849,46.29754250631622,286.9800000000056,579.8999298112378
4850,46.29754250631622,287.00000000000557,579.9134848625162
4851,46.29754250631622,287.02000000000555,579.9270390733984
4852,46.29754250631622,287.04000000000553,579.9405924439052
4853,46.29754250631622,287.0600000000055,579.954144974057
4854,46.29754250631622,287.0800000000055,579.9676966638746
4855,46.29754250631622,287.1000000000055,579.9812475133784
4856,46.29754250631622,287.12000000000546,579.9947975225892
4857,46.29754250631622,287.14000000000544,580.0083466913815
4858,46.29754250631622,287.1600000000054,580.0218950191621
4859,46.29754250631622,287.1800000000054,580.0354425058997
4860,46.29754250631622,287.2000000000054,580.0489891516145
4861,46.29754250631622,287.22000000000537,580.0625349563267
4862,46.29754250631622,287.24000000000535,580.0760799200565
4863,46.29754250631622,287.26000000000533,580.0896240428243
4864,46.29754250631622,287.2800000000053,580.1031673246505
4865,46.29754250631622,287.3000000000053,580.1167097655551
4866,46.29754250631622,287.3200000000053,580.1302513655586
4867,46.29754250631622,287.34000000000526,580.1437921246812
4868,46.29754250631622,287.36000000000524,580.1573320429432
4869,46.29754250631622,287.3800000000052,580.1708711203647
4870,46.29754250631622,287.4000000000052,580.1844093569662
4871,46.29754250631622,287.4200000000052,580.1979467527677
4872,46.29754250631622,287.44000000000517,580.2114833077896
4873,46.29754250631622,287.46000000000515,580.2250190220523
4874,46.29754250631622,287.48000000000513,580.2385538955757
4875,46.29754250631622,287.5000000000051,580.2520879283803
4876,46.29754250631622,287.5200000000051,580.2656211204863
4877,46.29754250631622,287.5400000000051,580.279153471914
4878,46.29754250631622,287.56000000000506,580.2926849826836
4879,46.29754250631622,287.58000000000504,580.3062156528152
4880,46.29754250631622,287.600000000005,580.3197454823293
4881,46.22069976231157,287.620000000005,580.3332744712459
4882,46.22069976231157,287.640000000005,580.3468026195853
4883,46.22069976231157,287.66000000000497,580.3603299273678
4884,46.22069976231157,287.68000000000495,580.3738563946137
4885,46.22069976231157,287.70000000000493,580.387382021343
4886,46.22069976231157,287.7200000000049,580.4009068075761
4887,46.22069976231157,287.7400000000049,580.4144307533332
4888,46.22069976231157,287.7600000000049,580.4279538586345
4889,46.22069976231157,287.78000000000486,580.4414761235003
4890,46.22069976231157,287.80000000000484,580.4549975482386
4891,46.22069976231157,287.8200000000048,580.4685181373791
4892,46.22069976231157,287.8400000000048,580.4820378928591
4893,46.22069976231157,287.8600000000048,580.4955568146987
4894,46.22069976231157,287.88000000000477,580.5090749029177
4895,46.22069976231157,287.90000000000475,580.5225921575361
4896,46.22069976231157,287.92000000000473,580.5361085785737
4897,46.22069976231157,287.9400000000047,580.5496241660505
4898,46.22069976231157,287.9600000000047,580.5631389199864
4899,46.22069976231157,287.9800000000047,580.5766528404012
4900,46.22069976231157,288.00000000000466,580.5901659273148
4901,46.22069976231157,288.02000000000464,580.6036781807472
4902,46.22069976231157,288.0400000000046,580.6171896007182
4903,46.22069976231157,288.0600000000046,580.6307001872478
4904,46.22069976231157,288.0800000000046,580.6442099403558
4905,46.22069976231157,288.10000000000457,580.6577188600621
4906,46.22069976231157,288.12000000000455,580.6712269463866
4907,46.22069976231157,288.14000000000453,580.6847341993491
4908,46.22069976231157,288.1600000000045,580.6982406189696
4909,46.22069976231157,288.1800000000045,580.711746205268
4910,46.22069976231157,288.2000000000045,580.725250958264
4911,46.22069976231157,288.22000000000446,580.7387548779777
4912,46.22069976231157,288.24000000000444,580.7522579644288
4913,46.22069976231157,288.2600000000044,580.7657602176373
4914,46.22069976231157,288.2800000000044,580.7792616376229
4915,46.22069976231157,288.3000000000044,580.7927622244056
4916,46.22069976231157,288.32000000000437,580.8062619780052
4917,46.22069976231157,288.34000000000435,580.8197608984416
4918,46.22069976231157,288.36000000000433,580.8332589857346
4919,46.22069976231157,288.3800000000043,580.846756239904
4920,46.22069976231157,288.4000000000043,580.8602526609699
4921,46.22069976231157,288.4200000000043,580.8737482489519
4922,46.22069976231157,288.44000000000426,580.8872430038699
4923,46.22069976231157,288.46000000000424,580.9007369257439
4924,46.22069976231157,288.4800000000042,580.9142300145936
4925,46.22069976231157,288.5000000000042,580.9277222704388
4926,46.22069976231157,288.5200000000042,580.9412136932996
4927,46.22069976231157,288.54000000000417,580.9547042831955
4928,46.22069976231157,288.56000000000415,580.9681940401465
4929,46.22069976231157,288.58000000000413,580.9816829641725
4930,46.22069976231157,288.6000000000041,580.9951710552932
4931,46.22069976231157,288.6200000000041,581.0086583135285
4932,46.22069976231157,288.6400000000041,581.0221447388982
4933,46.22069976231157,288.66000000000406,581.0356303314221
4934,46.22069976231157,288.68000000000404,581.0491150911201
4935,46.22069976231157,288.700000000004,581.0625990180121
4936,46.22069976231157,288.720000000004,581.0760821121177
4937,46.22069976231157,288.740000000004,581.0895643734567
4938,46.22069976231157,288.76000000000397,581.1030458020491
4939,46.22069976231157,288.78000000000395,581.1165263979146
4940,46.22069976231157,288.80000000000393,581.1300061610731
4941,46.22069976231157,288.8200000000039,581.1434850919147
4942,46.22069976231157,288.8400000000039,581.156963195327
4943,46.22069976231157,288.8600000000039,581.1704404728639
4944,46.22069976231157,288.88000000000386,581.183916924545
4945,46.22069976231157,288.90000000000384,581.1973925503896
4946,46.22069976231157,288.9200000000038,581.2108673504172
4947,46.22069976231157,288.9400000000038,581.2243413246471
4948,46.22069976231157,288.9600000000038,581.2378144730986
4949,46.22069976231157,288.98000000000377,581.2512867957913
4950,46.22069976231157,289.00000000000375,581.2647582927445
4951,46.22069976231157,289.02000000000373,581.2782289639777
4952,46.22069976231157,289.0400000000037,581.2916988095101
4953,46.22069976231157,289.0600000000037,581.3051678293612
4954,46.22069976231157,289.0800000000037,581.3186360235502
4955,46.22069976231157,289.10000000000366,581.3321033920967
4956,46.22069976231157,289.12000000000364,581.34556993502
4957,46.22069976231157,289.1400000000036,581.3590356523395
4958,46.22069976231157,289.1600000000036,581.3725005440745
4959,46.22069976231157,289.1800000000036,581.3859646102444
4960,46.22069976231157,289.20000000000357,581.3994278508686
4961,46.22069976231157,289.22000000000355,581.4128902659664
4962,46.22069976231157,289.24000000000353,581.4263518555573
4963,46.22069976231157,289.2600000000035,581.4398126196605
4964,46.22069976231157,289.2800000000035,581.4532725582955
4965,46.22069976231157,289.3000000000035,581.4667316714815
4966,46.22069976231157,289.32000000000346,581.480189959238
4967,46.22069976231157,289.34000000000344,581.4936474215843
4968,46.22069976231157,289.3600000000034,581.5071040585398
4969,46.22069976231157,289.3800000000034,581.5205598701236
4970,46.22069976231157,289.4000000000034,581.5340148563554
4971,46.22069976231157,289.42000000000337,581.5474690172543
4972,46.22069976231157,289.44000000000335,581.5609223528398
4973,46.22069976231157,289.46000000000333,581.5743748631312
4974,46.22069976231157,289.4800000000033,581.5878265481477
4975,46.22069976231157,289.5000000000033,581.6012774079088
4976,46.22069976231157,289.5200000000033,581.6147274424337
4977,46.22069976231157,289.54000000000326,581.6281766517419
4978,46.22069976231157,289.56000000000324,581.6416250358526
4979,46.22069976231157,289.5800000000032,581.6550725947851
4980,46.22069976231157,289.6000000000032,581.6685193285589
4981,46.22069976231157,289.6200000000032,581.6819652371931
4982,46.22069976231157,289.64000000000317,581.6954103207072
4983,46.22069976231157,289.66000000000315,581.7088545791204
4984,46.22069976231157,289.68000000000313,581.722298012452
4985,46.22069976231157,289.7000000000031,581.7357406207215
4986,46.22069976231157,289.7200000000031,581.749182403948
4987,46.22069976231157,289.7400000000031,581.7626233621509
4988,46.22069976231157,289.76000000000306,581.7760634953495
4989,46.22069976231157,289.78000000000304,581.7895028035631
4990,46.14406935069021,289.800000000003,581.802941286811
4991,46.14406935069021,289.820000000003,581.8163789451125
4992,46.14406935069021,289.840000000003,581.8298157789274
4993,46.14406935069021,289.86000000000297,581.8432517933478
4994,46.14406935069021,289.88000000000295,581.8566869895034
4995,46.14406935069021,289.90000000000293,581.8701213674134
4996,46.14406935069021,289.9200000000029,581.8835549270971
4997,46.14406935069021,289.9400000000029,581.8969876685735
4998,46.14406935069021,289.9600000000029,581.910419591862
4999,46.14406935069021,289.98000000000286,581.9238506969818
5000,46.14406935069021,290.00000000000284,581.9372809839522
5001,46.14406935069021,290.0200000000028,581.9507104527922
5002,46.14406935069021,290.0400000000028,581.9641391035211
5003,46.14406935069021,290.0600000000028,581.9775669361582
5004,46.14406935069021,290.08000000000277,581.9909939507226
5005,46.14406935069021,290.10000000000275,582.0044201472334
5006,46.14406935069021,290.12000000000273,582.0178455257101
5007,46.14406935069021,290.1400000000027,582.0312700861716
5008,46.14406935069021,290.1600000000027,582.0446938286374
5009,46.14406935069021,290.1800000000027,582.0581167531265
5010,46.14406935069021,290.20000000000266,582.0715388596581
5011,46.14406935069021,290.22000000000264,582.0849601482513
5012,46.14406935069021,290.2400000000026,582.0983806189255
5013,46.14406935069021,290.2600000000026,582.1118002716997
5014,46.14406935069021,290.2800000000026,582.1252191065932
5015,46.14406935069021,290.30000000000257,582.1386371236252
5016,46.14406935069021,290.32000000000255,582.1520543228148
5017,46.14406935069021,290.34000000000253,582.1654707041813
5018,46.14406935069021,290.3600000000025,582.1788862677437
5019,46.14406935069021,290.3800000000025,582.1923010135213
5020,46.14406935069021,290.4000000000025,582.2057149415332
5021,46.14406935069021,290.42000000000246,582.2191280517986
5022,46.14406935069021,290.44000000000244,582.2325403443367
5023,46.14406935069021,290.4600000000024,582.2459518191666
5024,46.14406935069021,290.4800000000024,582.2593624763076
5025,46.14406935069021,290.5000000000024,582.2727723157788
5026,46.14406935069021,290.52000000000237,582.2861813375991
5027,46.14406935069021,290.54000000000235,582.299589541788
5028,46.14406935069021,290.56000000000233,582.3129969283646
5029,46.14406935069021,290.5800000000023,582.3264034973479
5030,46.14406935069021,290.6000000000023,582.3398092487572
5031,46.14406935069021,290.6200000000023,582.3532141826115
5032,46.14406935069021,290.64000000000226,582.3666182989301
5033,46.14406935069021,290.66000000000224,582.3800215977321
5034,46.14406935069021,290.6800000000022,582.3934240790367
5035,46.14406935069021,290.7000000000022,582.4068257428628
5036,46.14406935069021,290.7200000000022,582.4202265892297
5037,46.14406935069021,290.74000000000217,582.4336266181566
5038,46.14406935069021,290.76000000000215,582.4470258296626
5039,46.14406935069021,290.78000000000213,582.4604242237667
5040,46.14406935069021,290.8000000000021,582.4738218004882
5041,46.14406935069021,290.8200000000021,582.4872185598462
5042,46.14406935069021,290.8400000000021,582.5006145018597
5043,46.14406935069021,290.86000000000206,582.5140096270591
5044,46.14406935069021,290.88000000000204,582.5274039407739
5045,46.14406935069021,290.900000000002,582.5407974437325
5046,46.14406935069021,290.920000000002,582.5541901359536
5047,46.14406935069021,290.940000000002,582.567582017456
5048,46.14406935069021,290.96000000000197,582.5809730882582
5049,46.14406935069021,290.98000000000195,582.5943633483793
5050,46.14406935069021,291.00000000000193,582.6077527978377
5051,46.14406935069021,291.0200000000019,582.6211414366524
5052,46.14406935069021,291.0400000000019,582.6345292648417
5053,46.14406935069021,291.0600000000019,582.6479162824246
5054,46.14406935069021,291.08000000000186,582.6613024894198
5055,46.14406935069021,291.10000000000184,582.6746878858459
5056,46.14406935069021,291.1200000000018,582.6880724717216
5057,46.14406935069021,291.1400000000018,582.7014562470658
5058,46.14406935069021,291.1600000000018,582.7148392118971
5059,46.14406935069021,291.18000000000177,582.7282213662342
5060,46.14406935069021,291.20000000000175,582.7416027100957
5061,46.14406935069021,291.22000000000173,582.7549832435003
5062,46.14406935069021,291.2400000000017,582.7683629664668
5063,46.14406935069021,291.2600000000017,582.7817418790139
5064,46.14406935069021,291.2800000000017,582.7951199811602
5065,46.14406935069021,291.30000000000166,582.8084972729243
5066,46.14406935069021,291.32000000000164,582.8218737543252
5067,46.14406935069021,291.3400000000016,582.8352494253813
5068,46.14406935069021,291.3600000000016,582.8486242861114
5069,46.14406935069021,291.3800000000016,582.8619983365342
5070,46.14406935069021,291.40000000000157,582.8753715766683
5071,46.14406935069021,291.42000000000155,582.8887440065323
5072,46.14406935069021,291.44000000000153,582.902115626145
5073,46.14406935069021,291.4600000000015,582.9154864355252
5074,46.14406935069021,291.4800000000015,582.9288564346913
5075,46.14406935069021,291.5000000000015,582.9422256236621
5076,46.14406935069021,291.52000000000146,582.9555940024563
5077,46.14406935069021,291.54000000000144,582.9689615710926
5078,46.14406935069021,291.5600000000014,582.9823283295894
5079,46.14406935069021,291.5800000000014,582.9956942779656
5080,46.14406935069021,291.6000000000014,583.0090594162398
5081,46.14406935069021,291.62000000000137,583.0224237444306
5082,46.14406935069021,291.64000000000135,583.0357872625567
5083,46.14406935069021,291.66000000000133,583.0491499706368
5084,46.14406935069021,291.6800000000013,583.0625118686894
5085,46.14406935069021,291.7000000000013,583.0758729567333
5086,46.14406935069021,291.7200000000013,583.089233234787
5087,46.14406935069021,291.74000000000126,583.1025927028693
5088,46.14406935069021,291.76000000000124,583.1159513609987
5089,46.14406935069021,291.7800000000012,583.1293092091939
5090,46.14406935069021,291.8000000000012,583.1426662474736
5091,46.14406935069021,291.8200000000012,583.1560224758563
5092,46.14406935069021,291.84000000000117,583.1693778943607
5093,46.14406935069021,291.86000000000115,583.1827325030054
5094,46.14406935069021,291.88000000000113,583.1960863025766
5095,46.14406935069021,291.9000000000011,583.2094392983837
5096,46.14406935069021,291.9200000000011,583.2227914909475
5097,46.14406935069021,291.9400000000011,583.2361428802866
5098,46.14406935069021,291.96000000000106,583.2494934664192
5099,46.06765045095349,291.98000000000104,583.2628432493635
5100,46.06765045095349,292.000000000001,583.276192229138
5101,46.06765045095349,292.020000000001,583.289540405761
5102,46.06765045095349,292.040000000001,583.3028877792508
5103,46.06765045095349,292.06000000000097,583.3162343496257
5104,46.06765045095349,292.08000000000095,583.3295801169041
5105,46.06765045095349,292.10000000000093,583.3429250811043
5106,46.06765045095349,292.1200000000009,583.3562692422447
5107,46.06765045095349,292.1400000000009,583.3696126003435
5108,46.06765045095349,292.1600000000009,583.3829551554192
5109,46.06765045095349,292.18000000000086,583.3962969074898
5110,46.06765045095349,292.20000000000084,583.4096378565739
5111,46.06765045095349,292.2200000000008,583.4229780026898
5112,46.06765045095349,292.2400000000008,583.4363173458556
5113,46.06765045095349,292.2600000000008,583.4496558860899
5114,46.06765045095349,292.28000000000077,583.4629936234107
5115,46.06765045095349,292.30000000000075,583.4763305578366
5116,46.06765045095349,292.32000000000073,583.4896666893857
5117,46.06765045095349,292.3400000000007,583.5030020180764
5118,46.06765045095349,292.3600000000007,583.5163365439269
5119,46.06765045095349,292.3800000000007,583.5296702669556
5120,46.06765045095349,292.40000000000066,583.5430031871807
5121,46.06765045095349,292.42000000000064,583.5563353046207
5122,46.06765045095349,292.4400000000006,583.5696666192937
5123,46.06765045095349,292.4600000000006,583.582997131218
5124,46.06765045095349,292.4800000000006,583.596326840412
5125,46.06765045095349,292.50000000000057,583.6096557468938
5126,46.06765045095349,292.52000000000055,583.622983850682
5127,46.06765045095349,292.54000000000053,583.6363111517945
5128,46.06765045095349,292.5600000000005,583.6496376502498
5129,46.06765045095349,292.5800000000005,583.6629633460661
5130,46.06765045095349,292.6000000000005,583.6762882392618
5131,46.06765045095349,292.62000000000046,583.6896123298551
5132,46.06765045095349,292.64000000000044,583.7029356178642
5133,46.06765045095349,292.6600000000004,583.7162581033075
5134,46.06765045095349,292.6800000000004,583.7295797862032
5135,46.06765045095349,292.7000000000004,583.7429006665695
5136,46.06765045095349,292.72000000000037,583.7562207444248
5137,46.06765045095349,292.74000000000035,583.7695400197873
5138,46.06765045095349,292.76000000000033,583.7828584926752
5139,46.06765045095349,292.7800000000003,583.7961761631069
5140,46.06765045095349,292.8000000000003,583.8094930311005
5141,46.06765045095349,292.8200000000003,583.8228090966743
5142,46.06765045095349,292.84000000000026,583.8361243598466
5143,46.06765045095349,292.86000000000024,583.8494388206357
5144,46.06765045095349,292.8800000000002,583.8627524790596
5145,46.06765045095349,292.9000000000002,583.8760653362506
5146,46.06765045095349,292.9200000000002,583.8893773970318
5147,46.06765045095349,292.94000000000017,583.9026886618315
5148,46.06765045095349,292.96000000000015,583.9159991306675
5149,46.06765045095349,292.98000000000013,583.9293088035579
5150,46.06765045095349,293.0000000000001,583.9426176805206
5151,46.06765045095349,293.0200000000001,583.9559257615736
5152,46.06765045095349,293.0400000000001,583.9692330467346
5153,46.06765045095349,293.06000000000006,583.9825395360219
5154,46.06765045095349,293.08000000000004,583.9958452294533
5155,46.06765045095349,293.1,584.0091501270466
5156,46.06765045095349,293.12,584.0224542288199
5157,46.06765045095349,293.14,584.0357575347912
5158,46.06765045095349,293.15999999999997,584.0490600449782
5159,46.06765045095349,293.17999999999995,584.0623617593991
5160,46.06765045095349,293.19999999999993,584.0756626780717
5161,46.06765045095349,293.2199999999999,584.0889628010138
5162,46.06765045095349,293.2399999999999,584.1022621282436
5163,46.06765045095349,293.2599999999999,584.1155606597789
5164,46.06765045095349,293.27999999999986,584.1288583956376
5165,46.06765045095349,293.29999999999984,584.1421553358376
5166,46.06765045095349,293.3199999999998,584.1554514803969
5167,46.06765045095349,293.3399999999998,584.1687468293334
5168,46.06765045095349,293.3599999999998,584.1820413826649
5169,46.06765045095349,293.37999999999977,584.1953351404095
5170,46.06765045095349,293.39999999999975,584.208628102585
5171,46.06765045095349,293.41999999999973,584.2219202692092
5172,46.06765045095349,293.4399999999997,584.2352116403002
5173,46.06765045095349,293.4599999999997,584.2485022158759
5174,46.06765045095349,293.4799999999997,584.2617919959541
5175,46.06765045095349,293.49999999999966,584.2750809805527
5176,46.06765045095349,293.51999999999964,584.2883691696898
5177,46.06765045095349,293.5399999999996,584.3016565633831
5178,46.06765045095349,293.5599999999996,584.3149431616505
5179,46.06765045095349,293.5799999999996,584.3282289645099
5180,46.06765045095349,293.59999999999957,584.3415139719792
5181,46.06765045095349,293.61999999999955,584.3547981840765
5182,46.06765045095349,293.63999999999953,584.3680816008193
5183,46.06765045095349,293.6599999999995,584.3813642222258
5184,46.06765045095349,293.6799999999995,584.3946460483138
5185,46.06765045095349,293.6999999999995,584.4079270791011
5186,46.06765045095349,293.71999999999946,584.4212073146057
5187,46.06765045095349,293.73999999999944,584.4344867548454
5188,46.06765045095349,293.7599999999994,584.4477653998381
5189,46.06765045095349,293.7799999999994,584.4610432496017
5190,46.06765045095349,293.7999999999994,584.474320304154
5191,46.06765045095349,293.81999999999937,584.487596563513
5192,46.06765045095349,293.83999999999935,584.5008720276965
5193,46.06765045095349,293.85999999999933,584.5141466967223
5194,46.06765045095349,293.8799999999993,584.5274205706083
5195,46.06765045095349,293.8999999999993,584.5406936493724
5196,46.06765045095349,293.9199999999993,584.5539659345415
5197,46.06765045095349,293.93999999999926,584.5672374307065
5198,46.06765045095349,293.95999999999924,584.5805081382257
5199,46.06765045095349,293.9799999999992,584.5937780571167
5200,46.06765045095349,293.9999999999992,584.6070471873969
5201,46.06765045095349,294.0199999999992,584.6203155290842
5202,46.06765045095349,294.03999999999917,584.633583082196
5203,46.06765045095349,294.05999999999915,584.6468498467499
5204,46.06765045095349,294.07999999999913,584.6601158227635
5205,46.06765045095349,294.0999999999991,584.6733810102544
5206,46.06765045095349,294.1199999999991,584.6866454092401
5207,46.06765045095349,294.1399999999991,584.6999090197382
5208,46.06765045095349,294.15999999999906,584.7131718417664
5209,45.99144224667475,294.17999999999904,584.7264338753422
5210,45.99144224667475,294.199999999999,584.7396951204831
5211,45.99144224667475,294.219999999999,584.7529555772068
5212,45.99144224667475,294.239999999999,584.7662152455307
5213,45.99144224667475,294.25999999999897,584.7794741254726
5214,45.99144224667475,294.27999999999895,584.7927322170499
5215,45.99144224667475,294.29999999999893,584.8059895202801
5216,45.99144224667475,294.3199999999989,584.819246035181
5217,45.99144224667475,294.3399999999989,584.8325017617699
5218,45.99144224667475,294.3599999999989,584.8457567000645
5219,45.99144224667475,294.37999999999886,584.8590108500823
5220,45.99144224667475,294.39999999999884,584.872264211841
5221,45.99144224667475,294.4199999999988,584.8855167853579
5222,45.99144224667475,294.4399999999988,584.8987685706508
5223,45.99144224667475,294.4599999999988,584.912019567737
5224,45.99144224667475,294.47999999999877,584.9252697766343
5225,45.99144224667475,294.49999999999875,584.93851919736
5226,45.99144224667475,294.51999999999873,584.9517678299319
5227,45.99144224667475,294.5399999999987,584.9650156743674
5228,45.99144224667475,294.5599999999987,584.9782627306839
5229,45.99144224667475,294.5799999999987,584.9915089988991
5230,45.99144224667475,294.59999999999866,585.0047544790306
5231,45.99144224667475,294.61999999999864,585.0179991710958
5232,45.99144224667475,294.6399999999986,585.0312430751122
5233,45.99144224667475,294.6599999999986,585.0444861910975
5234,45.99144224667475,294.6799999999986,585.0577285190691
5235,45.99144224667475,294.69999999999857,585.0709700590445
5236,45.99144224667475,294.71999999999855,585.0842108110413
5237,45.99144224667475,294.73999999999853,585.097450775077
5238,45.99144224667475,294.7599999999985,585.1106899511691
5239,45.99144224667475,294.7799999999985,585.1239283393351
5240,45.99144224667475,294.7999999999985,585.1371659395925
5241,45.99144224667475,294.81999999999846,585.1504027519588
5242,45.99144224667475,294.83999999999844,585.1636387764518
5243,45.99144224667475,294.8599999999984,585.1768740130886
5244,45.99144224667475,294.8799999999984,585.190108461887
5245,45.99144224667475,294.8999999999984,585.2033421228643
5246,45.99144224667475,294.91999999999837,585.2165749960382
5247,45.99144224667475,294.93999999999835,585.2298070832419
5248,45.99144224667475,294.95999999999833,585.2430383886011
5249,45.99144224667475,294.9799999999983,585.2562689123878
5250,45.99144224667475,294.9999999999983,585.2694986546192
5251,45.99144224667475,295.0199999999983,585.2827276153124
5252,45.99144224667475,295.03999999999826,585.2959557944848
5253,45.99144224667475,295.05999999999824,585.3091831921536
5254,45.99144224667475,295.0799999999982,585.3224098083359
5255,45.99144224667475,295.0999999999982,585.335635643049
5256,45.99144224667475,295.1199999999982,585.3488606963102
5257,45.99144224667475,295.13999999999817,585.3620849681366
5258,45.99144224667475,295.15999999999815,585.3753084585455
5259,45.99144224667475,295.17999999999813,585.3885311675541
5260,45.99144224667475,295.1999999999981,585.4017530951796
5261,45.99144224667475,295.2199999999981,585.4149742414392
5262,45.99144224667475,295.2399999999981,585.4281946063501
5263,45.99144224667475,295.25999999999806,585.4414141899296
5264,45.99144224667475,295.27999999999804,585.4546329921948
5265,45.99144224667475,295.299999999998,585.4678510131629
5266,45.99144224667475,295.319999999998,585.4810682528512
5267,45.99144224667475,295.339999999998,585.4942847112768
5268,45.99144224667475,295.35999999999797,585.507500388457
5269,45.99144224667475,295.37999999999795,585.5207152844089
5270,45.99144224667475,295.39999999999793,585.5339293991497
5271,45.99144224667475,295.4199999999979,585.5471427326966
5272,45.99144224667475,295.4399999999979,585.5603552850669
5273,45.99144224667475,295.4599999999979,585.5735670562776
5274,45.99144224667475,295.47999999999786,585.5867780463461
5275,45.99144224667475,295.49999999999784,585.5999882552895
5276,45.99144224667475,295.5199999999978,585.613197683125
5277,45.99144224667475,295.5399999999978,585.6264063298697
5278,45.99144224667475,295.5599999999978,585.6396141955408
5279,45.99144224667475,295.57999999999777,585.6528212801555
5280,45.99144224667475,295.59999999999775,585.6660275837311
5281,45.99144224667475,295.61999999999773,585.6792331062845
5282,45.99144224667475,295.6399999999977,585.6924378478332
5283,45.99144224667475,295.6599999999977,585.705641808394
5284,45.99144224667475,295.6799999999977,585.7188449879844
5285,45.99144224667475,295.69999999999766,585.7320473866215
5286,45.99144224667475,295.71999999999764,585.7452490043223
5287,45.99144224667475,295.7399999999976,585.7584498411042
5288,45.99144224667475,295.7599999999976,585.7716498969841
5289,45.99144224667475,295.7799999999976,585.7848491719793
5290,45.99144224667475,295.79999999999757,585.798047666107
5291,45.99144224667475,295.81999999999755,585.8112453793842
5292,45.99144224667475,295.83999999999753,585.8244423118283
5293,45.99144224667475,295.8599999999975,585.8376384634563
5294,45.99144224667475,295.8799999999975,585.8508338342854
5295,45.99144224667475,295.8999999999975,585.8640284243326
5296,45.99144224667475,295.91999999999746,585.8772222336152
5297,45.99144224667475,295.93999999999744,585.8904152621502
5298,45.99144224667475,295.9599999999974,585.9036075121679
5299,45.99144224667475,295.9799999999974,585.9167989875592
5300,45.99144224667475,295.9999999999974,585.9299896885254
5301,45.99144224667475,296.01999999999737,585.9431796150835
5302,45.99144224667475,296.03999999999735,585.9563687672504
5303,45.99144224667475,296.05999999999733,585.9695571450429
5304,45.99144224667475,296.0799999999973,585.982744748478
5305,45.99144224667475,296.0999999999973,585.9959315775725
5306,45.99144224667475,296.1199999999973,586.0091176323433
5307,45.99144224667475,296.13999999999726,586.0223029128073
5308,45.99144224667475,296.15999999999724,586.0354874189813
5309,45.99144224667475,296.1799999999972,586.0486711508825
5310,45.99144224667475,296.1999999999972,586.0618541085274
5311,45.99144224667475,296.2199999999972,586.0750362919331
5312,45.99144224667475,296.23999999999717,586.0882177011164
5313,45.99144224667475,296.25999999999715,586.1013983360942
5314,45.99144224667475,296.27999999999713,586.1145781968834
5315,45.99144224667475,296.2999999999971,586.1277572835008
5316,45.99144224667475,296.3199999999971,586.1409355959634
5317,45.99144224667475,296.3399999999971,586.1541131342879
5318,45.99144224667475,296.35999999999706,586.1672898984913
5319,45.91544392547463,296.37999999999704,586.1804658885903
5320,45.91544392547463,296.399999999997,586.193641104602
5321,45.91544392547463,296.419999999997,586.2068155465431
5322,45.91544392547463,296.439999999997,586.2199892144305
5323,45.91544392547463,296.45999999999697,586.233162108281
5324,45.91544392547463,296.47999999999695,586.2463342281116
5325,45.91544392547463,296.49999999999693,586.259505573939
5326,45.91544392547463,296.5199999999969,586.2726761457801
5327,45.91544392547463,296.5399999999969,586.2858459436518
5328,45.91544392547463,296.5599999999969,586.2990149675709
5329,45.91544392547463,296.57999999999686,586.3121832175543
5330,45.91544392547463,296.59999999999684,586.3253506936188
5331,45.91544392547463,296.6199999999968,586.3385173957813
5332,45.91544392547463,296.6399999999968,586.3516833240585
5333,45.91544392547463,296.6599999999968,586.3648484784674
5334,45.91544392547463,296.67999999999677,586.3780128590247
5335,45.91544392547463,296.69999999999675,586.3911764657473
5336,45.91544392547463,296.71999999999673,586.4043392986521
5337,45.91544392547463,296.7399999999967,586.4175013577559
5338,45.91544392547463,296.7599999999967,586.4306626430755
5339,45.91544392547463,296.7799999999967,586.4438231546277
5340,45.91544392547463,296.79999999999666,586.4569828924293
5341,45.91544392547463,296.81999999999664,586.4701418564972
5342,45.91544392547463,296.8399999999966,586.4833000468483
5343,45.91544392547463,296.8599999999966,586.4964574634993
5344,45.91544392547463,296.8799999999966,586.509614106467
5345,45.91544392547463,296.89999999999657,586.5227699757683
5346,45.91544392547463,296.91999999999655,586.5359250714199
5347,45.91544392547463,296.93999999999653,586.5490793934388
5348,45.91544392547463,296.9599999999965,586.5622329418416
5349,45.91544392547463,296.9799999999965,586.5753857191314
5350,45.91544392547463,296.9999999999965,586.5885377287691
5351,45.91544392547463,297.01999999999646,586.6016889708775
5352,45.91544392547463,297.03999999999644,586.6148394454733
5353,45.91544392547463,297.0599999999964,586.627989152573
5354,45.91544392547463,297.0799999999964,586.6411380921933
5355,45.91544392547463,297.0999999999964,586.6542862643505
5356,45.91544392547463,297.11999999999637,586.6674336690613
5357,45.91544392547463,297.13999999999635,586.6805803063422
5358,45.91544392547463,297.15999999999633,586.6937261762098
5359,45.91544392547463,297.1799999999963,586.7068712786806
5360,45.91544392547463,297.1999999999963,586.7200156137712
5361,45.91544392547463,297.2199999999963,586.7331591814981
5362,45.91544392547463,297.23999999999626,586.7463019818778
5363,45.91544392547463,297.25999999999624,586.7594440149269
5364,45.91544392547463,297.2799999999962,586.7725852806619
5365,45.91544392547463,297.2999999999962,586.7857257790994
5366,45.91544392547463,297.3199999999962,586.7988655102558
5367,45.91544392547463,297.33999999999617,586.8120044741478
5368,45.91544392547463,297.35999999999615,586.8251426707918
5369,45.91544392547463,297.37999999999613,586.8382801002044
5370,45.91544392547463,297.3999999999961,586.8514167624021
5371,45.91544392547463,297.4199999999961,586.8645526574014
5372,45.91544392547463,297.4399999999961,586.8776877852189
5373,45.91544392547463,297.45999999999606,586.890822145871
5374,45.91544392547463,297.47999999999604,586.9039557393742
5375,45.91544392547463,297.499999999996,586.9170885657451
5376,45.91544392547463,297.519999999996,586.9302206250002
5377,45.91544392547463,297.539999999996,586.9433519171561
5378,45.91544392547463,297.55999999999597,586.9564824422292
5379,45.91544392547463,297.57999999999595,586.969612200236
5380,45.91544392547463,297.59999999999593,586.9827411911931
5381,45.91544392547463,297.6199999999959,586.995869415117
5382,45.91544392547463,297.6399999999959,587.0089968720241
5383,45.91544392547463,297.6599999999959,587.022123561931
5384,45.91544392547463,297.67999999999586,587.0352494848541
5385,45.91544392547463,297.69999999999584,587.04837464081
5386,45.91544392547463,297.7199999999958,587.0614990298152
5387,45.91544392547463,297.7399999999958,587.0746226518861
5388,45.91544392547463,297.7599999999958,587.0877455070392
5389,45.91544392547463,297.77999999999577,587.1008675952911
5390,45.91544392547463,297.79999999999575,587.1139889166582
5391,45.91544392547463,297.81999999999573,587.127109471157
5392,45.91544392547463,297.8399999999957,587.1402292588041
5393,45.91544392547463,297.8599999999957,587.1533482796158
5394,45.91544392547463,297.8799999999957,587.1664665336086
5395,45.91544392547463,297.89999999999566,587.1795840207991
5396,45.91544392547463,297.91999999999564,587.1927007412037
5397,45.91544392547463,297.9399999999956,587.2058166948389
5398,45.91544392547463,297.9599999999956,587.2189318817211
5399,45.91544392547463,297.9799999999956,587.232046301867
5400,45.91544392547463,297.99999999999557,587.2451599581811
5401,45.91544392547463,298.01999999999555,587.2582728538907
5402,45.91544392547463,298.03999999999553,587.2713849890476
5403,45.91544392547463,298.0599999999955,587.284496363668
5404,45.91544392547463,298.0799999999955,587.2976069777683
5405,45.91544392547463,298.0999999999955,587.3107168313644
5406,45.91544392547463,298.11999999999546,587.3238259244728
5407,45.91544392547463,298.13999999999544,587.3369342571094
5408,45.91544392547463,298.1599999999954,587.3500418292907
5409,45.91544392547463,298.1799999999954,587.3631486410327
5410,45.91544392547463,298.1999999999954,587.3762546923516
5411,45.91544392547463,298.21999999999537,587.3893599832637
5412,45.91544392547463,298.23999999999535,587.4024645137852
5413,45.91544392547463,298.25999999999533,587.4155682839321
5414,45.91544392547463,298.2799999999953,587.4286712937208
5415,45.91544392547463,298.2999999999953,587.4417735431673
5416,45.91544392547463,298.3199999999953,587.454875032288
5417,45.91544392547463,298.33999999999526,587.4679757610988
5418,45.91544392547463,298.35999999999524,587.4810757296162
5419,45.91544392547463,298.3799999999952,587.4941749378562
5420,45.91544392547463,298.3999999999952,587.507273385835
5421,45.91544392547463,298.4199999999952,587.5203710735688
5422,45.91544392547463,298.43999999999517,587.5334680010736
5423,45.91544392547463,298.45999999999515,587.5465641683658
5424,45.91544392547463,298.47999999999513,587.5596595754614
5425,45.91544392547463,298.4999999999951,587.5727542223767
5426,45.91544392547463,298.5199999999951,587.5858481091278
5427,45.91544392547463,298.5399999999951,587.5989412357309
5428,45.91544392547463,298.55999999999506,587.6120336022021
5429,45.91544392547463,298.57999999999504,587.6251252085576
5430,45.83965467899657,298.599999999995,587.6382160548136
5431,45.83965467899657,298.619999999995,587.6513061409862
5432,45.83965467899657,298.639999999995,587.6643954670916
5433,45.83965467899657,298.65999999999497,587.6774840331459
5434,45.83965467899657,298.67999999999495,587.6905718391653
5435,45.83965467899657,298.69999999999493,587.7036588851659
5436,45.83965467899657,298.7199999999949,587.7167451711638
5437,45.83965467899657,298.7399999999949,587.7298306971753
5438,45.83965467899657,298.7599999999949,587.7429154632165
5439,45.83965467899657,298.77999999999486,587.7559994693034
5440,45.83965467899657,298.79999999999484,587.7690827154523
5441,45.83965467899657,298.8199999999948,587.7821652016793
5442,45.83965467899657,298.8399999999948,587.7952469280006
5443,45.83965467899657,298.8599999999948,587.8083278944322
5444,45.83965467899657,298.87999999999477,587.8214081009903
5445,45.83965467899657,298.89999999999475,587.834487547691
5446,45.83965467899657,298.91999999999473,587.8475662345504
5447,45.83965467899657,298.9399999999947,587.8606441615848
5448,45.83965467899657,298.9599999999947,587.8737213288101
5449,45.83965467899657,298.9799999999947,587.8867977362427
5450,45.83965467899657,298.99999999999466,587.8998733839336
5451,45.83965467899657,299.01999999999464,587.9129482749902
5452,45.83965467899657,299.0399999999946,587.926022412203
5453,45.83965467899657,299.0599999999946,587.939095795588
5454,45.83965467899657,299.0799999999946,587.952168425161
5455,45.83965467899657,299.09999999999457,587.9652403009378
5456,45.83965467899657,299.11999999999455,587.9783114229343
5457,45.83965467899657,299.13999999999453,587.9913817911664
5458,45.83965467899657,299.1599999999945,588.00445140565
5459,45.83965467899657,299.1799999999945,588.0175202664008
5460,45.83965467899657,299.1999999999945,588.0305883734346
5461,45.83965467899657,299.21999999999446,588.0436557267675
5462,45.83965467899657,299.23999999999444,588.0567223264152
5463,45.83965467899657,299.2599999999944,588.0697881723935
5464,45.83965467899657,299.2799999999944,588.0828532647183
5465,45.83965467899657,299.2999999999944,588.0959176034055
5466,45.83965467899657,299.31999999999437,588.1089811884708
5467,45.83965467899657,299.33999999999435,588.1220440199301
5468,45.83965467899657,299.35999999999433,588.1351060977992
5469,45.83965467899657,299.3799999999943,588.1481674220939
5470,45.83965467899657,299.3999999999943,588.1612279928302
5471,45.83965467899657,299.4199999999943,588.1742878100238
5472,45.83965467899657,299.43999999999426,588.1873468736904
5473,45.83965467899657,299.45999999999424,588.2004051838461
5474,45.83965467899657,299.4799999999942,588.2134627405065
5475,45.83965467899657,299.4999999999942,588.2265195436876
5476,45.83965467899657,299.5199999999942,588.2395755934051
5477,45.83965467899657,299.53999999999417,588.2526308896748
5478,45.83965467899657,299.55999999999415,588.2656854325127
5479,45.83965467899657,299.57999999999413,588.2787392219343
5480,45.83965467899657,299.5999999999941,588.2917922579556
5481,45.83965467899657,299.6199999999941,588.3048445405925
5482,45.83965467899657,299.6399999999941,588.3178960698607
5483,45.83965467899657,299.65999999999406,588.330946845776
5484,45.83965467899657,299.67999999999404,588.3439968683542
5485,45.83965467899657,299.699999999994,588.3570461376112
5486,45.83965467899657,299.719999999994,588.3700946535627
5487,45.83965467899657,299.739999999994,588.3831424162245
5488,45.83965467899657,299.75999999999397,588.3961894256124
5489,45.83965467899657,299.77999999999395,588.4092356817423
5490,45.83965467899657,299.79999999999393,588.4222811846298
5491,45.83965467899657,299.8199999999939,588.4353259342909
5492,45.83965467899657,299.8399999999939,588.4483699307413
5493,45.83965467899657,299.8599999999939,588.4614131739967
5494,45.83965467899657,299.87999999999386,588.474455664073
5495,45.83965467899657,299.89999999999384,588.4874974009861
5496,45.83965467899657,299.9199999999938,588.5005383847515
5497,45.83965467899657,299.9399999999938,588.5135786153852
5498,45.83965467899657,299.9599999999938,588.5266180929029
5499,45.83965467899657,299.97999999999377,588.5396568173205
5500,45.83965467899657,299.99999999999375,588.5526947886536
5501,45.83965467899657,300.01999999999373,588.5657320070244
5502,45.83965467899657,300.0399999999937,588.578768475869
5503,45.83965467899657,300.0599999999937,588.5918041976663
5504,45.83965467899657,300.0799999999937,588.6048391724319
5505,45.83965467899657,300.09999999999366,588.6178734001811
5506,45.83965467899657,300.11999999999364,588.6309068809296
5507,45.83965467899657,300.1399999999936,588.6439396146928
5508,45.83965467899657,300.1599999999936,588.6569716014864
5509,45.83965467899657,300.1799999999936,588.6700028413256
5510,45.83965467899657,300.19999999999357,588.6830333342261
5511,45.83965467899657,300.21999999999355,588.6960630802034
5512,45.83965467899657,300.23999999999353,588.7090920792729
5513,45.83965467899657,300.2599999999935,588.7221203314501
5514,45.83965467899657,300.2799999999935,588.7351478367506
5515,45.83965467899657,300.2999999999935,588.7481745951898
5516,45.83965467899657,300.31999999999346,588.7612006067832
5517,45.83965467899657,300.33999999999344,588.7742258715464
5518,45.83965467899657,300.3599999999934,588.7872503894947
5519,45.83965467899657,300.3799999999934,588.8002741606438
5520,45.83965467899657,300.3999999999934,588.813297185009
5521,45.83965467899657,300.41999999999337,588.8263194626059
5522,45.83965467899657,300.43999999999335,588.8393409934498
5523,45.83965467899657,300.45999999999333,588.8523617775564
5524,45.83965467899657,300.4799999999933,588.8653818149412
5525,45.83965467899657,300.4999999999933,588.8784011056194
5526,45.83965467899657,300.5199999999933,588.8914196496067
5527,45.83965467899657,300.53999999999326,588.9044374469186
5528,45.83965467899657,300.55999999999324,588.9174544975704
5529,45.83965467899657,300.5799999999932,588.9304708015776
5530,45.83965467899657,300.5999999999932,588.9434863589557
5531,45.83965467899657,300.6199999999932,588.9565011697204
5532,45.83965467899657,300.63999999999317,588.9695152338868
5533,45.83965467899657,300.65999999999315,588.9825285514705
5534,45.83965467899657,300.67999999999313,588.995541122487
5535,45.83965467899657,300.6999999999931,589.0085529469518
5536,45.83965467899657,300.7199999999931,589.0215640248803
5537,45.83965467899657,300.7399999999931,589.0345743562879
5538,45.83965467899657,300.75999999999306,589.04758394119
5539,45.83965467899657,300.77999999999304,589.0605927796023
5540,45.83965467899657,300.799999999993,589.0736008715401
5541,45.76407370288246,300.819999999993,589.0866082170188
5542,45.76407370288246,300.839999999993,589.0996148160539
5543,45.76407370288246,300.85999999999297,589.1126206686608
5544,45.76407370288246,300.87999999999295,589.125625774855
5545,45.76407370288246,300.89999999999293,589.1386301346521
5546,45.76407370288246,300.9199999999929,589.1516337480673
5547,45.76407370288246,300.9399999999929,589.164636615116
5548,45.76407370288246,300.9599999999929,589.1776387358138
5549,45.76407370288246,300.97999999999286,589.1906401101761
5550,45.76407370288246,300.99999999999284,589.2036407382183
5551,45.76407370288246,301.0199999999928,589.2166406199558
5552,45.76407370288246,301.0399999999928,589.2296397555746
5553,45.76407370288246,301.0599999999928,589.2426381486544
5554,45.76407370288246,301.07999999999276,589.2556358012417
5555,45.76407370288246,301.09999999999275,589.268632713352
5556,45.76407370288246,301.11999999999273,589.281628885
5557,45.76407370288246,301.1399999999927,589.2946243162013
5558,45.76407370288246,301.1599999999927,589.3076190069708
5559,45.76407370288246,301.1799999999927,589.3206129573238
5560,45.76407370288246,301.19999999999266,589.3336061672753
5561,45.76407370288246,301.21999999999264,589.3465986368407
5562,45.76407370288246,301.2399999999926,589.3595903660349
5563,45.76407370288246,301.2599999999926,589.3725813548733
5564,45.76407370288246,301.2799999999926,589.3855716033709
5565,45.76407370288246,301.29999999999256,589.3985611115429
5566,45.76407370288246,301.31999999999255,589.4115498794044
5567,45.76407370288246,301.33999999999253,589.4245379069707
5568,45.76407370288246,301.3599999999925,589.4375251942569
5569,45.76407370288246,301.3799999999925,589.450511741278
5570,45.76407370288246,301.3999999999925,589.4634975480493
5571,45.76407370288246,301.41999999999246,589.4764826145858
5572,45.76407370288246,301.43999999999244,589.4894669409028
5573,45.76407370288246,301.4599999999924,589.5024505270154
5574,45.76407370288246,301.4799999999924,589.5154333729388
5575,45.76407370288246,301.4999999999924,589.528415478688
5576,45.76407370288246,301.51999999999236,589.5413968442782
5577,45.76407370288246,301.53999999999235,589.5543774697245
5578,45.76407370288246,301.5599999999923,589.5673573550421
5579,45.76407370288246,301.5799999999923,589.5803365002461
5580,45.76407370288246,301.5999999999923,589.5933149053516
5581,45.76407370288246,301.6199999999923,589.6062925703737
5582,45.76407370288246,301.63999999999226,589.6192694953277
5583,45.76407370288246,301.65999999999224,589.6322456802286
5584,45.76407370288246,301.6799999999922,589.6452211250916
5585,45.76407370288246,301.6999999999922,589.6581958299316
5586,45.76407370288246,301.7199999999922,589.6711697947641
5587,45.76407370288246,301.73999999999216,589.6841430196039
5588,45.76407370288246,301.75999999999215,589.6971155044662
5589,45.76407370288246,301.7799999999921,589.7100872493661
5590,45.76407370288246,301.7999999999921,589.7230582543187
5591,45.76407370288246,301.8199999999921,589.7360285193394
5592,45.76407370288246,301.8399999999921,589.7489980444429
5593,45.76407370288246,301.85999999999206,589.7619668296446
5594,45.76407370288246,301.87999999999204,589.7749348749594
5595,45.76407370288246,301.899999999992,589.7879021804025
5596,45.76407370288246,301.919999999992,589.8008687459891
5597,45.76407370288246,301.939999999992,589.8138345717341
5598,45.76407370288246,301.95999999999196,589.8267996576527
5599,45.76407370288246,301.97999999999195,589.83976400376
5600,45.76407370288246,301.9999999999919,589.8527276100712
5601,45.76407370288246,302.0199999999919,589.8656904766012
5602,45.76407370288246,302.0399999999919,589.8786526033653
5603,45.76407370288246,302.0599999999919,589.891613990618
5604,45.76407370288246,302.07999999999186,589.9045746422303
5605,45.76407370288246,302.09999999999184,589.9175345599166
5606,45.76407370288246,302.1199999999918,589.9304937436918
5607,45.76407370288246,302.1399999999918,589.9434521935707
5608,45.76407370288246,302.1599999999918,589.9564099095679
5609,45.76407370288246,302.17999999999176,589.9693668916983
5610,45.76407370288246,302.19999999999175,589.9823231399766
5611,45.76407370288246,302.2199999999917,589.9952786544176
5612,45.76407370288246,302.2399999999917,590.0082334348929
5613,45.76407370288246,302.2599999999917,590.0211874808759
5614,45.76407370288246,302.2799999999917,590.034140792337
5615,45.76407370288246,302.29999999999166,590.0470933692906
5616,45.76407370288246,302.31999999999164,590.0600452117511
5617,45.76407370288246,302.3399999999916,590.0729963197331
5618,45.76407370288246,302.3599999999916,590.085946693251
5619,45.76407370288246,302.3799999999916,590.0988963323194
5620,45.76407370288246,302.39999999999156,590.1118452369528
5621,45.76407370288246,302.41999999999155,590.1247934071656
5622,45.76407370288246,302.4399999999915,590.1377408429723
5623,45.76407370288246,302.4599999999915,590.1506875443874
5624,45.76407370288246,302.4799999999915,590.1636335114255
5625,45.76407370288246,302.4999999999915,590.1765787441009
5626,45.76407370288246,302.51999999999146,590.1895232424281
5627,45.76407370288246,302.53999999999144,590.2024670064217
5628,45.76407370288246,302.5599999999914,590.215410036096
5629,45.76407370288246,302.5799999999914,590.2283523314657
5630,45.76407370288246,302.5999999999914,590.2412938925451
5631,45.76407370288246,302.61999999999136,590.2542347193487
5632,45.76407370288246,302.63999999999135,590.267174811891
5633,45.76407370288246,302.6599999999913,590.2801141701865
5634,45.76407370288246,302.6799999999913,590.2930527942495
5635,45.76407370288246,302.6999999999913,590.3059906840947
5636,45.76407370288246,302.7199999999913,590.3189278397364
5637,45.76407370288246,302.73999999999126,590.3318642611891
5638,45.76407370288246,302.75999999999124,590.3447999484673
5639,45.76407370288246,302.7799999999912,590.3577349015854
5640,45.76407370288246,302.7999999999912,590.370669120558
5641,45.76407370288246,302.8199999999912,590.3836026053993
5642,45.76407370288246,302.83999999999116,590.396535356124
5643,45.76407370288246,302.85999999999115,590.4094673727465
5644,45.76407370288246,302.8799999999911,590.4223986552811
5645,45.76407370288246,302.8999999999911,590.4353292037424
5646,45.76407370288246,302.9199999999911,590.4482590181448
5647,45.76407370288246,302.9399999999911,590.4611880985027
5648,45.76407370288246,302.95999999999106,590.4741164448307
5649,45.76407370288246,302.97999999999104,590.4870440571431
5650,45.76407370288246,302.999999999991,590.4999709354544
5651,45.76407370288246,303.019999999991,590.5128970797789
5652,45.76407370288246,303.039999999991,590.5258224901312
5653,45.76407370288246,303.05999999999096,590.5387471665257
5654,45.76407370288246,303.07999999999095,590.5516711092824
5655,45.76407370288246,303.0999999999909,590.5645943225145
5656,45.68870019674859,303.1199999999909,590.5775168075841
5657,45.68870019674859,303.1399999999909,590.5904385645055
5658,45.68870019674859,303.1599999999909,590.603359593293
5659,45.68870019674859,303.17999999999086,590.616279893961
5660,45.68870019674859,303.19999999999084,590.6291994665237
5661,45.68870019674859,303.2199999999908,590.6421183109956
5662,45.68870019674859,303.2399999999908,590.6550364273908
5663,45.68870019674859,303.2599999999908,590.6679538157236
5664,45.68870019674859,303.27999999999076,590.6808704760085
5665,45.68870019674859,303.29999999999075,590.6937864082597
5666,45.68870019674859,303.3199999999907,590.7067016124915
5667,45.68870019674859,303.3399999999907,590.7196160887182
5668,45.68870019674859,303.3599999999907,590.7325298369541
5669,45.68870019674859,303.3799999999907,590.7454428572134
5670,45.68870019674859,303.39999999999065,590.7583551495106
5671,45.68870019674859,303.41999999999064,590.7712667138599
5672,45.68870019674859,303.4399999999906,590.7841775502756
5673,45.68870019674859,303.4599999999906,590.7970876587718
5674,45.68870019674859,303.4799999999906,590.8099970393631
5675,45.68870019674859,303.49999999999056,590.8229056920636
5676,45.68870019674859,303.51999999999055,590.8358136168877
5677,45.68870019674859,303.5399999999905,590.8487208138496
5678,45.68870019674859,303.5599999999905,590.8616272829636
5679,45.68870019674859,303.5799999999905,590.874533024244
5680,45.68870019674859,303.5999999999905,590.887438037705
5681,45.68870019674859,303.61999999999045,590.900342323361
5682,45.68870019674859,303.63999999999044,590.9132458812262
5683,45.68870019674859,303.6599999999904,590.9261487113149
5684,45.68870019674859,303.6799999999904,590.9390508136413
5685,45.68870019674859,303.6999999999904,590.9519521882198
5686,45.68870019674859,303.71999999999036,590.9648528350646
5687,45.68870019674859,303.73999999999035,590.97775275419
5688,45.68870019674859,303.7599999999903,590.9906519456102
5689,45.68870019674859,303.7799999999903,591.0035504093396
5690,45.68870019674859,303.7999999999903,591.0164481453924
5691,45.68870019674859,303.8199999999903,591.0293451537827
5692,45.68870019674859,303.83999999999025,591.042241434525
5693,45.68870019674859,303.85999999999024,591.0551369876333
5694,45.68870019674859,303.8799999999902,591.0680318131222
5695,45.68870019674859,303.8999999999902,591.0809259110057
5696,45.68870019674859,303.9199999999902,591.0938192812981
5697,45.68870019674859,303.93999999999016,591.1067119240138
5698,45.68870019674859,303.95999999999015,591.1196038391669
5699,45.68870019674859,303.9799999999901,591.1324950267716
5700,45.68870019674859,303.9999999999901,591.1453854868423
5701,45.68870019674859,304.0199999999901,591.1582752193932
5702,45.68870019674859,304.0399999999901,591.1711642244385
5703,45.68870019674859,304.05999999999005,591.1840525019925
5704,45.68870019674859,304.07999999999004,591.1969400520694
5705,45.68870019674859,304.09999999999,591.2098268750465
5706,45.68870019674859,304.11999999999,591.2227129751857
5707,45.68870019674859,304.13999999999,591.2355983534816
5708,45.68870019674859,304.15999999998996,591.2484830099481
5709,45.68870019674859,304.17999999998995,591.2613669445993
5710,45.68870019674859,304.1999999999899,591.274250157449
5711,45.68870019674859,304.2199999999899,591.2871326485114
5712,45.68870019674859,304.2399999999899,591.3000144178002
5713,45.68870019674859,304.2599999999899,591.3128954653295
5714,45.68870019674859,304.27999999998985,591.3257757911132
5715,45.68870019674859,304.29999999998984,591.3386553951652
5716,45.68870019674859,304.3199999999898,591.3515342774996
5717,45.68870019674859,304.3399999999898,591.3644124381303
5718,45.68870019674859,304.3599999999898,591.3772898770712
5719,45.68870019674859,304.37999999998976,591.3901665943364
5720,45.68870019674859,304.39999999998975,591.4030425899397
5721,45.68870019674859,304.4199999999897,591.4159178638951
5722,45.68870019674859,304.4399999999897,591.4287924162165
5723,45.68870019674859,304.4599999999897,591.441666246918
5724,45.68870019674859,304.4799999999897,591.4545393560134
5725,45.68870019674859,304.49999999998965,591.4674117435167
5726,45.68870019674859,304.51999999998964,591.4802834094418
5727,45.68870019674859,304.5399999999896,591.4931543538027
5728,45.68870019674859,304.5599999999896,591.5060245766133
5729,45.68870019674859,304.5799999999896,591.5188940778876
5730,45.68870019674859,304.59999999998956,591.5317628576395
5731,45.68870019674859,304.61999999998955,591.5446309158829
5732,45.68870019674859,304.6399999999895,591.5574982526317
5733,45.68870019674859,304.6599999999895,591.5703648678999
5734,45.68870019674859,304.6799999999895,591.5832307617014
5735,45.68870019674859,304.6999999999895,591.5960959340503
5736,45.68870019674859,304.71999999998945,591.6089603849603
5737,45.68870019674859,304.73999999998944,591.6218241144453
5738,45.68870019674859,304.7599999999894,591.6346871225194
5739,45.68870019674859,304.7799999999894,591.6475494091965
5740,45.68870019674859,304.7999999999894,591.6604109744904
5741,45.68870019674859,304.81999999998936,591.6732718184152
5742,45.68870019674859,304.83999999998935,591.6861319409846
5743,45.68870019674859,304.8599999999893,591.6989913422127
5744,45.68870019674859,304.8799999999893,591.7118500221134
5745,45.68870019674859,304.8999999999893,591.7247079807004
5746,45.68870019674859,304.9199999999893,591.7375652179878
5747,45.68870019674859,304.93999999998925,591.7504217339895
5748,45.68870019674859,304.95999999998924,591.7632775287194
5749,45.68870019674859,304.9799999999892,591.7761326021914
5750,45.68870019674859,304.9999999999892,591.7889869544194
5751,45.68870019674859,305.0199999999892,591.8018405854174
5752,45.68870019674859,305.03999999998916,591.8146934951991
5753,45.68870019674859,305.05999999998915,591.8275456837785
5754,45.68870019674859,305.0799999999891,591.8403971511694
5755,45.68870019674859,305.0999999999891,591.8532478973859
5756,45.68870019674859,305.1199999999891,591.8660979228769
5757,45.68870019674859,305.1399999999891,591.8789472322305
5758,45.68870019674859,305.15999999998905,591.8917958261205
5759,45.68870019674859,305.17999999998904,591.9046437045605
5760,45.68870019674859,305.199999999989,591.9174908675642
5761,45.68870019674859,305.219999999989,591.9303373151453
5762,45.68870019674859,305.239999999989,591.9431830473173
5763,45.68870019674859,305.25999999998896,591.9560280640941
5764,45.68870019674859,305.27999999998895,591.9688723654892
5765,45.68870019674859,305.2999999999889,591.9817159515164
5766,45.68870019674859,305.3199999999889,591.9945588221894
5767,45.68870019674859,305.3399999999889,592.0074009775218
5768,45.61353336416156,305.3599999999889,592.0202424175272
5769,45.61353336416156,305.37999999998885,592.0330831422194
5770,45.61353336416156,305.39999999998884,592.0459231516121
5771,45.61353336416156,305.4199999999888,592.0587624457188
5772,45.61353336416156,305.4399999999888,592.0716010245533
5773,45.61353336416156,305.4599999999888,592.0844388881292
5774,45.61353336416156,305.47999999998876,592.0972760364601
5775,45.61353336416156,305.49999999998875,592.1101124695598
5776,45.61353336416156,305.5199999999887,592.1229481874418
5777,45.61353336416156,305.5399999999887,592.1357831901198
5778,45.61353336416156,305.5599999999887,592.1486174776076
5779,45.61353336416156,305.5799999999887,592.1614510499186
5780,45.61353336416156,305.59999999998865,592.1742839070666
5781,45.61353336416156,305.61999999998864,592.1871160490654
5782,45.61353336416156,305.6399999999886,592.1999474759283
5783,45.61353336416156,305.6599999999886,592.2127781876692
5784,45.61353336416156,305.6799999999886,592.2256081843017
5785,45.61353336416156,305.69999999998856,592.2384374658394
5786,45.61353336416156,305.71999999998854,592.251266032296
5787,45.61353336416156,305.7399999999885,592.2640938836852
5788,45.61353336416156,305.7599999999885,592.2769210200204
5789,45.61353336416156,305.7799999999885,592.2897474413154
5790,45.61353336416156,305.7999999999885,592.3025731475839
5791,45.61353336416156,305.81999999998845,592.3153981388394
5792,45.61353336416156,305.83999999998844,592.3282224150956
5793,45.61353336416156,305.8599999999884,592.3410459763662
5794,45.61353336416156,305.8799999999884,592.3538688226647
5795,45.61353336416156,305.8999999999884,592.3666909540048
5796,45.61353336416156,305.91999999998836,592.3795123704
5797,45.61353336416156,305.93999999998834,592.3923330718641
5798,45.61353336416156,305.9599999999883,592.4051530584106
5799,45.61353336416156,305.9799999999883,592.4179723300533
5800,45.61353336416156,305.9999999999883,592.4307908868057
5801,45.61353336416156,306.0199999999883,592.4436087286814
5802,45.61353336416156,306.03999999998825,592.4564258556941
5803,45.61353336416156,306.05999999998824,592.4692422678573
5804,45.61353336416156,306.0799999999882,592.4820579651847
5805,45.61353336416156,306.0999999999882,592.4948729476899
5806,45.61353336416156,306.1199999999882,592.5076872153866
5807,45.61353336416156,306.13999999998816,592.5205007688836
5808,45.61353336416156,306.15999999998814,592.5333136126235
5809,45.61353336416156,306.1799999999881,592.5461257470456
5810,45.61353336416156,306.1999999999881,592.5589371721633
5811,45.61353336416156,306.2199999999881,592.5717478879899
5812,45.61353336416156,306.2399999999881,592.5845578945389
5813,45.61353336416156,306.25999999998805,592.5973671918237
5814,45.61353336416156,306.27999999998804,592.6101757798576
5815,45.61353336416156,306.299999999988,592.6229836586541
5816,45.61353336416156,306.319999999988,592.6357908282264
5817,45.61353336416156,306.339999999988,592.648597288588
5818,45.61353336416156,306.35999999998796,592.6614030397523
5819,45.61353336416156,306.37999999998794,592.6742080817326
5820,45.61353336416156,306.3999999999879,592.6870124145422
5821,45.61353336416156,306.4199999999879,592.6998160381946
5822,45.61353336416156,306.4399999999879,592.7126189527032
5823,45.61353336416156,306.4599999999879,592.7254211580813
5824,45.61353336416156,306.47999999998785,592.7382226543423
5825,45.61353336416156,306.49999999998784,592.7510234414995
5826,45.61353336416156,306.5199999999878,592.7638235195662
5827,45.61353336416156,306.5399999999878,592.7766228885561
5828,45.61353336416156,306.5599999999878,592.7894215484822
5829,45.61353336416156,306.57999999998776,592.802219499358
5830,45.61353336416156,306.59999999998774,592.8150167411968
5831,45.61353336416156,306.6199999999877,592.8278132740121
5832,45.61353336416156,306.6399999999877,592.8406090978172
5833,45.61353336416156,306.6599999999877,592.8534042126254
5834,45.61353336416156,306.6799999999877,592.86619861845
5835,45.61353336416156,306.69999999998765,592.8789923153045
5836,45.61353336416156,306.71999999998764,592.8917853032021
5837,45.61353336416156,306.7399999999876,592.9045775821563
5838,45.61353336416156,306.7599999999876,592.9173691521804
5839,45.61353336416156,306.7799999999876,592.9301600132877
5840,45.61353336416156,306.79999999998756,592.9429501654915
5841,45.61353336416156,306.81999999998754,592.9557396088053
5842,45.61353336416156,306.8399999999875,592.9685283432423
5843,45.61353336416156,306.8599999999875,592.9813163688158
5844,45.61353336416156,306.8799999999875,592.9941036855392
5845,45.61353336416156,306.8999999999875,593.006890293426
5846,45.61353336416156,306.91999999998745,593.0196761924893
5847,45.61353336416156,306.93999999998744,593.0324613827427
5848,45.61353336416156,306.9599999999874,593.0452458641993
5849,45.61353336416156,306.9799999999874,593.0580296368724
5850,45.61353336416156,306.9999999999874,593.0708127007755
5851,45.61353336416156,307.01999999998736,593.0835950559218
5852,45.61353336416156,307.03999999998734,593.0963767023247
5853,45.61353336416156,307.0599999999873,593.1091576399975
5854,45.61353336416156,307.0799999999873,593.1219378689536
5855,45.61353336416156,307.0999999999873,593.1347173892062
5856,45.61353336416156,307.1199999999873,593.1474962007687
5857,45.61353336416156,307.13999999998725,593.1602743036544
5858,45.61353336416156,307.15999999998724,593.173051698809
5859,45.61353336416156,307.1799999999872,593.1858283904883
5860,45.61353336416156,307.1999999999872,593.198604379073
5861,45.61353336416156,307.2199999999872,593.2113796645764
5862,45.61353336416156,307.23999999998716,593.2241542470115
5863,45.61353336416156,307.25999999998714,593.2369281263914
5864,45.61353336416156,307.2799999999871,593.2497013027291
5865,45.61353336416156,307.2999999999871,593.2624737760378
5866,45.61353336416156,307.3199999999871,593.2752455463306
5867,45.61353336416156,307.33999999998707,593.2880166136204
5868,45.61353336416156,307.35999999998705,593.3007869779203
5869,45.61353336416156,307.37999999998704,593.3135566392435
5870,45.61353336416156,307.399999999987,593.326325597603
5871,45.61353336416156,307.419999999987,593.339093853012
5872,45.61353336416156,307.439999999987,593.3518614054833
5873,45.61353336416156,307.45999999998696,593.3646282550302
5874,45.61353336416156,307.47999999998694,593.3773944016657
5875,45.61353336416156,307.4999999999869,593.3901598454028
5876,45.61353336416156,307.5199999999869,593.4029245862546
5877,45.61353336416156,307.5399999999869,593.4156886242342
5878,45.61353336416156,307.55999999998687,593.4284519593547
5879,45.61353336416156,307.57999999998685,593.4412145916291
5880,45.61353336416156,307.59999999998684,593.4539765210704
5881,45.53857241261457,307.6199999999868,593.4667377476918
5882,45.53857241261457,307.6399999999868,593.4794982715063
5883,45.53857241261457,307.6599999999868,593.4922580925269
5884,45.53857241261457,307.67999999998676,593.5050172107667
5885,45.53857241261457,307.69999999998674,593.5177756262387
5886,45.53857241261457,307.7199999999867,593.530533338956
5887,45.53857241261457,307.7399999999867,593.5432903489317
5888,45.53857241261457,307.7599999999867,593.5560466561788
5889,45.53857241261457,307.77999999998667,593.5688022607102
5890,45.53857241261457,307.79999999998665,593.5815571625392
5891,45.53857241261457,307.81999999998663,593.5943113616787
5892,45.53857241261457,307.8399999999866,593.6070648581417
5893,45.53857241261457,307.8599999999866,593.6198176519414
5894,45.53857241261457,307.8799999999866,593.6325697430907
5895,45.53857241261457,307.89999999998656,593.6453211316027
5896,45.53857241261457,307.91999999998654,593.6580718174904
5897,45.53857241261457,307.9399999999865,593.6708218007668
5898,45.53857241261457,307.9599999999865,593.683571081445
5899,45.53857241261457,307.9799999999865,593.6963196595381
5900,45.53857241261457,307.99999999998647,593.7090675350589
5901,45.53857241261457,308.01999999998645,593.7218147080207
5902,45.53857241261457,308.03999999998643,593.7345611784364
5903,45.53857241261457,308.0599999999864,593.747306946319
5904,45.53857241261457,308.0799999999864,593.7600520116815
5905,45.53857241261457,308.0999999999864,593.772796374537
5906,45.53857241261457,308.11999999998636,593.7855400348986
5907,45.53857241261457,308.13999999998634,593.7982829927793
5908,45.53857241261457,308.1599999999863,593.8110252481919
5909,45.53857241261457,308.1799999999863,593.8237668023577
5910,45.53857241261457,308.1999999999863,593.836507659109
5911,45.53857241261457,308.21999999998627,593.8492478187486
5912,45.53857241261457,308.23999999998625,593.8619872812894
5913,45.53857241261457,308.25999999998623,593.8747260467443
5914,45.53857241261457,308.2799999999862,593.8874641151259
5915,45.53857241261457,308.2999999999862,593.900201486447
5916,45.53857241261457,308.3199999999862,593.9129381607204
5917,45.53857241261457,308.33999999998616,593.9256741379588
5918,45.53857241261457,308.35999999998614,593.9384094181752
5919,45.53857241261457,308.3799999999861,593.9511440013821
5920,45.53857241261457,308.3999999999861,593.9638778875924
5921,45.53857241261457,308.4199999999861,593.9766110768188
5922,45.53857241261457,308.43999999998607,593.9893435690742
5923,45.53857241261457,308.45999999998605,594.0020753643713
5924,45.53857241261457,308.47999999998603,594.0148064627228
5925,45.53857241261457,308.499999999986,594.0275368641416
5926,45.53857241261457,308.519999999986,594.0402665686403
5927,45.53857241261457,308.539999999986,594.0529955762316
5928,45.53857241261457,308.55999999998596,594.0657238869285
5929,45.53857241261457,308.57999999998594,594.0784515007437
5930,45.53857241261457,308.5999999999859,594.0911784176898
5931,45.53857241261457,308.6199999999859,594.1039046377797
5932,45.53857241261457,308.6399999999859,594.116630161026
5933,45.53857241261457,308.65999999998587,594.1293549874416
5934,45.53857241261457,308.67999999998585,594.1420791170392
5935,45.53857241261457,308.69999999998583,594.1548025498316
5936,45.53857241261457,308.7199999999858,594.1675252858315
5937,45.53857241261457,308.7399999999858,594.1802473250516
5938,45.53857241261457,308.7599999999858,594.1929686675047
5939,45.53857241261457,308.77999999998576,594.2056893132036
5940,45.53857241261457,308.79999999998574,594.2184092621609
5941,45.53857241261457,308.8199999999857,594.2311285143894
5942,45.53857241261457,308.8399999999857,594.2438470699019
5943,45.53857241261457,308.8599999999857,594.2565649287111
5944,45.53857241261457,308.87999999998567,594.2692820908297
5945,45.53857241261457,308.89999999998565,594.2819985562705
5946,45.53857241261457,308.91999999998563,594.2947143250461
5947,45.53857241261457,308.9399999999856,594.3074293971694
5948,45.53857241261457,308.9599999999856,594.320143772653
5949,45.53857241261457,308.9799999999856,594.3328574515097
5950,45.53857241261457,308.99999999998556,594.3455704337522
5951,45.53857241261457,309.01999999998554,594.3582827193933
5952,45.53857241261457,309.0399999999855,594.3709943084456
5953,45.53857241261457,309.0599999999855,594.3837052009219
5954,45.53857241261457,309.0799999999855,594.3964153968349
5955,45.53857241261457,309.09999999998547,594.4091248961973
5956,45.53857241261457,309.11999999998545,594.4218336990219
5957,45.53857241261457,309.13999999998543,594.4345418053214
5958,45.53857241261457,309.1599999999854,594.4472492151084
5959,45.53857241261457,309.1799999999854,594.4599559283957
5960,45.53857241261457,309.1999999999854,594.4726619467451
5961,45.53857241261457,309.21999999998536,594.485367273802
5962,45.53857241261457,309.23999999998534,594.4980719098104
5963,45.53857241261457,309.2599999999853,594.5107758547829
5964,45.53857241261457,309.2799999999853,594.5234791087319
5965,45.53857241261457,309.2999999999853,594.5361816716699
5966,45.53857241261457,309.31999999998527,594.5488835436095
5967,45.53857241261457,309.33999999998525,594.5615847245631
5968,45.53857241261457,309.35999999998523,594.5742852145434
5969,45.53857241261457,309.3799999999852,594.5869850135626
5970,45.53857241261457,309.3999999999852,594.5996841216335
5971,45.53857241261457,309.4199999999852,594.6123825387684
5972,45.53857241261457,309.43999999998516,594.6250802649799
5973,45.53857241261457,309.45999999998514,594.6377773002805
5974,45.53857241261457,309.4799999999851,594.6504736446827
5975,45.53857241261457,309.4999999999851,594.663169298199
5976,45.53857241261457,309.5199999999851,594.6758642608419
5977,45.53857241261457,309.53999999998507,594.6885585326237
5978,45.53857241261457,309.55999999998505,594.7012521135571
5979,45.53857241261457,309.57999999998503,594.7139450036545
5980,45.53857241261457,309.599999999985,594.7266372029285
5981,45.53857241261457,309.619999999985,594.7393287113915
5982,45.53857241261457,309.639999999985,594.752019529056
5983,45.53857241261457,309.65999999998496,594.7647096559346
5984,45.53857241261457,309.67999999998494,594.7773990920396
5985,45.53857241261457,309.6999999999849,594.7900878373835
5986,45.53857241261457,309.7199999999849,594.8027758919789
5987,45.53857241261457,309.7399999999849,594.8154632558382
5988,45.53857241261457,309.75999999998487,594.8281499289739
5989,45.53857241261457,309.77999999998485,594.8408359113984
5990,45.53857241261457,309.79999999998483,594.8535212031243
5991,45.53857241261457,309.8199999999848,594.866205804164
5992,45.53857241261457,309.8399999999848,594.87888971453
5993,45.53857241261457,309.8599999999848,594.8915729342348
5994,45.46381655350369,309.87999999998476,594.9042554632907
5995,45.46381655350369,309.89999999998474,594.9169373017104
5996,45.46381655350369,309.9199999999847,594.9296184495063
5997,45.46381655350369,309.9399999999847,594.9422989066908
5998,45.46381655350369,309.9599999999847,594.9549786732764
5999,45.46381655350369,309.97999999998467,594.9676577492755
6000,45.46381655350369,309.99999999998465,594.9803361347007
6001,45.46381655350369,310.01999999998463,594.9930138295643
6002,45.46381655350369,310.0399999999846,595.0056908338789
6003,45.46381655350369,310.0599999999846,595.0183671476569
6004,45.46381655350369,310.0799999999846,595.0310427709109
6005,45.46381655350369,310.09999999998456,595.0437177036531
6006,45.46381655350369,310.11999999998454,595.056391945896
6007,45.46381655350369,310.1399999999845,595.0690654976523
6008,45.46381655350369,310.1599999999845,595.0817383589342
6009,45.46381655350369,310.1799999999845,595.0944105297542
6010,45.46381655350369,310.19999999998447,595.1070820101248
6011,45.46381655350369,310.21999999998445,595.1197528018538
6012,45.46381655350369,310.23999999998443,595.1324229081988
6013,45.46381655350369,310.2599999999844,595.1450923293332
6014,45.46381655350369,310.2799999999844,595.1577610652694
6015,45.46381655350369,310.2999999999844,595.1704291160195
6016,45.46381655350369,310.31999999998436,595.1830964815958
6017,45.46381655350369,310.33999999998434,595.1957631620107
6018,45.46381655350369,310.3599999999843,595.2084291572764
6019,45.46381655350369,310.3799999999843,595.2210944674052
6020,45.46381655350369,310.3999999999843,595.2337590924094
6021,45.46381655350369,310.41999999998427,595.2464230323011
6022,45.46381655350369,310.43999999998425,595.2590862870926
6023,45.46381655350369,310.45999999998423,595.2717488567963
6024,45.46381655350369,310.4799999999842,595.2844107414243
6025,45.46381655350369,310.4999999999842,595.2970719409889
6026,45.46381655350369,310.5199999999842,595.3097324555024
6027,45.46381655350369,310.53999999998416,595.322392284977
6028,45.46381655350369,310.55999999998414,595.335051429425
6029,45.46381655350369,310.5799999999841,595.3477098888586
6030,45.46381655350369,310.5999999999841,595.3603676632902
6031,45.46381655350369,310.6199999999841,595.3730247527318
6032,45.46381655350369,310.63999999998407,595.3856811571958
6033,45.46381655350369,310.65999999998405,595.3983368766944
6034,45.46381655350369,310.67999999998403,595.41099191124
6035,45.46381655350369,310.699999999984,595.4236462608446
6036,45.46381655350369,310.719999999984,595.4362999255206
6037,45.46381655350369,310.739999999984,595.4489529052803
6038,45.46381655350369,310.75999999998396,595.4616052001358
6039,45.46381655350369,310.77999999998394,595.4742568100993
6040,45.46381655350369,310.7999999999839,595.4869077351831
6041,45.46381655350369,310.8199999999839,595.4995579753995
6042,45.46381655350369,310.8399999999839,595.5122075307606
6043,45.46381655350369,310.85999999998387,595.5248564012788
6044,45.46381655350369,310.87999999998385,595.5375045869663
6045,45.46381655350369,310.89999999998383,595.5501520878352
6046,45.46381655350369,310.9199999999838,595.5627989038977
6047,45.46381655350369,310.9399999999838,595.5754450351662
6048,45.46381655350369,310.9599999999838,595.5880904816529
6049,45.46381655350369,310.97999999998376,595.60073524337
6050,45.46381655350369,310.99999999998374,595.6133793203296
6051,45.46381655350369,311.0199999999837,595.6260227125441
6052,45.46381655350369,311.0399999999837,595.6386654200256
6053,45.46381655350369,311.0599999999837,595.6513074427864
6054,45.46381655350369,311.07999999998367,595.6639487808387
6055,45.46381655350369,311.09999999998365,595.6765894341947
6056,45.46381655350369,311.11999999998363,595.6892294028667
6057,45.46381655350369,311.1399999999836,595.7018686868668
6058,45.46381655350369,311.1599999999836,595.7145072862072
6059,45.46381655350369,311.1799999999836,595.7271452009002
6060,45.46381655350369,311.19999999998356,595.7397824309579
6061,45.46381655350369,311.21999999998354,595.7524189763926
6062,45.46381655350369,311.2399999999835,595.7650548393517
6063,45.46381655350369,311.2599999999835,595.7776900228944
6064,45.46381655350369,311.2799999999835,595.7903245271339
6065,45.46381655350369,311.29999999998347,595.8029583520821
6066,45.46381655350369,311.31999999998345,595.815591497751
6067,45.46381655350369,311.33999999998343,595.8282239641526
6068,45.46381655350369,311.3599999999834,595.8408557512987
6069,45.46381655350369,311.3799999999834,595.8534868592013
6070,45.46381655350369,311.3999999999834,595.8661172878723
6071,45.46381655350369,311.41999999998336,595.8787470373236
6072,45.46381655350369,311.43999999998334,595.8913761075671
6073,45.46381655350369,311.4599999999833,595.9040044986149
6074,45.46381655350369,311.4799999999833,595.9166322104787
6075,45.46381655350369,311.4999999999833,595.9292592431706
6076,45.46381655350369,311.51999999998327,595.9418855967023
6077,45.46381655350369,311.53999999998325,595.9545112710858
6078,45.46381655350369,311.55999999998323,595.9671362663331
6079,45.46381655350369,311.5799999999832,595.9797605824562
6080,45.46381655350369,311.5999999999832,595.9923842194667
6081,45.46381655350369,311.6199999999832,596.0050071773767
6082,45.46381655350369,311.63999999998316,596.0176294561982
6083,45.46381655350369,311.65999999998314,596.0302510559429
6084,45.46381655350369,311.6799999999831,596.0428719766229
6085,45.46381655350369,311.6999999999831,596.0554922182499
6086,45.46381655350369,311.7199999999831,596.068111780836
6087,45.46381655350369,311.73999999998307,596.0807306643931
6088,45.46381655350369,311.75999999998305,596.0933488689328
6089,45.46381655350369,311.77999999998303,596.1059663944674
6090,45.46381655350369,311.799999999983,596.1185832410085
6091,45.46381655350369,311.819999999983,596.1311994085681
6092,45.46381655350369,311.839999999983,596.1438148971582
6093,45.46381655350369,311.85999999998296,596.1564297067905
6094,45.46381655350369,311.87999999998294,596.169043837477
6095,45.46381655350369,311.8999999999829,596.1816572892296
6096,45.46381655350369,311.9199999999829,596.1942700620602
6097,45.46381655350369,311.9399999999829,596.2068821559807
6098,45.46381655350369,311.95999999998287,596.2194935710029
6099,45.46381655350369,311.97999999998285,596.2321043071388
6100,45.46381655350369,311.99999999998283,596.2447143644001
6101,45.46381655350369,312.0199999999828,596.2573237427989
6102,45.46381655350369,312.0399999999828,596.269932442347
6103,45.46381655350369,312.0599999999828,596.2825404630563
6104,45.46381655350369,312.07999999998276,596.2951478049387
6105,45.46381655350369,312.09999999998274,596.3077544680059
6106,45.46381655350369,312.1199999999827,596.3203604522699
6107,45.3892650021045,312.1399999999827,596.3329657577427
6108,45.3892650021045,312.1599999999827,596.3455703844361
6109,45.3892650021045,312.17999999998267,596.3581743323618
6110,45.3892650021045,312.19999999998265,596.3707776015319
6111,45.3892650021045,312.21999999998263,596.3833801919582
6112,45.3892650021045,312.2399999999826,596.3959821036525
6113,45.3892650021045,312.2599999999826,596.4085833390095
6114,45.3892650021045,312.2799999999826,596.421183900766
6115,45.3892650021045,312.29999999998256,596.4337837889717
6116,45.3892650021045,312.31999999998254,596.4463830036384
6117,45.3892650021045,312.3399999999825,596.4589815447779
6118,45.3892650021045,312.3599999999825,596.4715794124019
6119,45.3892650021045,312.3799999999825,596.4841766065222
6120,45.3892650021045,312.39999999998247,596.4967731271505
6121,45.3892650021045,312.41999999998245,596.5093689742987
6122,45.3892650021045,312.43999999998243,596.5219641479785
6123,45.3892650021045,312.4599999999824,596.5345586482016
6124,45.3892650021045,312.4799999999824,596.5471524749798
6125,45.3892650021045,312.4999999999824,596.559745628325
6126,45.3892650021045,312.51999999998236,596.5723381082488
6127,45.3892650021045,312.53999999998234,596.584929914763
6128,45.3892650021045,312.5599999999823,596.5975210478795
6129,45.3892650021045,312.5799999999823,596.6101115076098
6130,45.3892650021045,312.5999999999823,596.6227012939657
6131,45.3892650021045,312.61999999998227,596.6352904069591
6132,45.3892650021045,312.63999999998225,596.6478788466018
6133,45.3892650021045,312.65999999998223,596.6604666129053
6134,45.3892650021045,312.6799999999822,596.6730537058817
6135,45.3892650021045,312.6999999999822,596.6856401255424
6136,45.3892650021045,312.7199999999822,596.6982258718992
6137,45.3892650021045,312.73999999998216,596.7108109449641
6138,45.3892650021045,312.75999999998214,596.7233953447487
6139,45.3892650021045,312.7799999999821,596.7359790712648
6140,45.3892650021045,312.7999999999821,596.7485621245239
6141,45.3892650021045,312.8199999999821,596.761144504538
6142,45.3892650021045,312.83999999998207,596.7737262113188
6143,45.3892650021045,312.85999999998205,596.786307244878
6144,45.3892650021045,312.87999999998203,596.7988876052273
6145,45.3892650021045,312.899999999982,596.8114672923784
6146,45.3892650021045,312.919999999982,596.8240463063432
6147,45.3892650021045,312.939999999982,596.8366246471334
6148,45.3892650021045,312.95999999998196,596.8492023147606
6149,45.3892650021045,312.97999999998194,596.8617793092367
6150,45.3892650021045,312.9999999999819,596.8743556305733
6151,45.3892650021045,313.0199999999819,596.8869312787822
6152,45.3892650021045,313.0399999999819,596.8995062538751
6153,45.3892650021045,313.05999999998187,596.9120805558637
6154,45.3892650021045,313.07999999998185,596.9246541847598
6155,45.3892650021045,313.09999999998183,596.937227140575
6156,45.3892650021045,313.1199999999818,596.9497994233212
6157,45.3892650021045,313.1399999999818,596.9623710330101
6158,45.3892650021045,313.1599999999818,596.9749419696532
6159,45.3892650021045,313.17999999998176,596.9875122332624
6160,45.3892650021045,313.19999999998174,597.0000818238493
6161,45.3892650021045,313.2199999999817,597.0126507414259
6162,45.3892650021045,313.2399999999817,597.0252189860037
6163,45.3892650021045,313.2599999999817,597.0377865576169
6164,45.3892650021045,313.27999999998167,597.0503534589147
6165,45.3892650021045,313.29999999998165,597.0629196923443
6166,45.3892650021045,313.31999999998163,597.075485257917
6167,45.3892650021045,313.3399999999816,597.0880501556442
6168,45.3892650021045,313.3599999999816,597.1006143855374
6169,45.3892650021045,313.3799999999816,597.113177947608
6170,45.3892650021045,313.39999999998156,597.1257408418676
6171,45.3892650021045,313.41999999998154,597.1383030683274
6172,45.3892650021045,313.4399999999815,597.150864626999
6173,45.3892650021045,313.4599999999815,597.1634255178938
6174,45.3892650021045,313.4799999999815,597.1759857410232
6175,45.3892650021045,313.49999999998147,597.1885452963986
6176,45.3892650021045,313.51999999998145,597.2011041840315
6177,45.3892650021045,313.53999999998143,597.2136624039332
6178,45.3892650021045,313.5599999999814,597.2262199561153
6179,45.3892650021045,313.5799999999814,597.2387768405891
6180,45.3892650021045,313.5999999999814,597.2513330573661
6181,45.3892650021045,313.61999999998136,597.2638886064576
6182,45.3892650021045,313.63999999998134,597.2764434878751
6183,45.3892650021045,313.6599999999813,597.28899770163
6184,45.3892650021045,313.6799999999813,597.3015512477338
6185,45.3892650021045,313.6999999999813,597.3141041261978
6186,45.3892650021045,313.71999999998127,597.3266563370335
6187,45.3892650021045,313.73999999998125,597.3392078802523
6188,45.3892650021045,313.75999999998123,597.3517587558656
6189,45.3892650021045,313.7799999999812,597.3643089638848
6190,45.3892650021045,313.7999999999812,597.3768585043213
6191,45.3892650021045,313.8199999999812,597.3894073771864
6192,45.3892650021045,313.83999999998116,597.4019555824918
6193,45.3892650021045,313.85999999998114,597.4145031202487
6194,45.3892650021045,313.8799999999811,597.4270499904685
6195,45.3892650021045,313.8999999999811,597.4395961931627
6196,45.3892650021045,313.9199999999811,597.4521417283427
6197,45.3892650021045,313.93999999998107,597.4646865960198
6198,45.3892650021045,313.95999999998105,597.4772307962054
6199,45.3892650021045,313.97999999998103,597.489774328911
6200,45.3892650021045,313.999999999981,597.502317194148
6201,45.3892650021045,314.019999999981,597.5148593919276
6202,45.3892650021045,314.039999999981,597.5274009222614
6203,45.3892650021045,314.05999999998096,597.5399417851609
6204,45.3892650021045,314.07999999998094,597.5524819806371
6205,45.3892650021045,314.0999999999809,597.5650215087018
6206,45.3892650021045,314.1199999999809,597.5775603693661
6207,45.3892650021045,314.1399999999809,597.5900985626415
6208,45.3892650021045,314.15999999998087,597.6026360885395
6209,45.3892650021045,314.17999999998085,597.6151729470713
6210,45.3892650021045,314.19999999998083,597.6277091382484
6211,45.3892650021045,314.2199999999808,597.6402446620822
6212,45.3892650021045,314.2399999999808,597.652779518584
6213,45.3892650021045,314.2599999999808,597.6653137077652
6214,45.3892650021045,314.27999999998076,597.6778472297203
6215,45.3892650021045,314.29999999998074,597.690380087357
6216,45.3892650021045,314.3199999999807,597.7029122828349
6217,45.3892650021045,314.3399999999807,597.7154438161652
6218,45.3892650021045,314.3599999999807,597.7279746873593
6219,45.3892650021045,314.37999999998067,597.7405048964282
6220,45.3892650021045,314.39999999998065,597.7530344433832
6221,45.31491697754871,314.41999999998063,597.7655633282354
6222,45.31491697754871,314.4399999999806,597.7780915509961
6223,45.31491697754871,314.4599999999806,597.7906191116764
6224,45.31491697754871,314.4799999999806,597.8031460102875
6225,45.31491697754871,314.49999999998056,597.8156722468406
6226,45.31491697754871,314.51999999998054,597.8281978213469
6227,45.31491697754871,314.5399999999805,597.8407227338175
6228,45.31491697754871,314.5599999999805,597.8532469842637
6229,45.31491697754871,314.5799999999805,597.8657705726966
6230,45.31491697754871,314.59999999998047,597.8782934991275
6231,45.31491697754871,314.61999999998045,597.8908157635675
6232,45.31491697754871,314.63999999998043,597.9033373660278
6233,45.31491697754871,314.6599999999804,597.9158583065196
6234,45.31491697754871,314.6799999999804,597.9283785850539
6235,45.31491697754871,314.6999999999804,597.9408982016421
6236,45.31491697754871,314.71999999998036,597.9534171562952
6237,45.31491697754871,314.73999999998034,597.9659354490245
6238,45.31491697754871,314.7599999999803,597.9784530798412
6239,45.31491697754871,314.7799999999803,597.9909700487563
6240,45.31491697754871,314.7999999999803,598.003486355781
6241,45.31491697754871,314.81999999998027,598.0160020009266
6242,45.31491697754871,314.83999999998025,598.0285169842042
6243,45.31491697754871,314.85999999998023,598.041031305625
6244,45.31491697754871,314.8799999999802,598.0535449652001
6245,45.31491697754871,314.8999999999802,598.0660579629407
6246,45.31491697754871,314.9199999999802,598.0785702988579
6247,45.31491697754871,314.93999999998016,598.0910819729629
6248,45.31491697754871,314.95999999998014,598.1035929852669
6249,45.31491697754871,314.9799999999801,598.1161033357811
6250,45.31491697754871,314.9999999999801,598.1286130245164
6251,45.31491697754871,315.0199999999801,598.1411220514842
6252,45.31491697754871,315.03999999998007,598.1536304166956
6253,45.31491697754871,315.05999999998005,598.1661381201618
6254,45.31491697754871,315.07999999998003,598.1786451618939
6255,45.31491697754871,315.09999999998,598.191151541903
6256,45.31491697754871,315.11999999998,598.2036572602003
6257,45.31491697754871,315.13999999998,598.216162316797
6258,45.31491697754871,315.15999999997996,598.2286667117041
6259,45.31491697754871,315.17999999997994,598.2411704449329
6260,45.31491697754871,315.1999999999799,598.2536735164945
6261,45.31491697754871,315.2199999999799,598.2661759264
6262,45.31491697754871,315.2399999999799,598.2786776746606
6263,45.31491697754871,315.25999999997987,598.2911787612874
6264,45.31491697754871,315.27999999997985,598.3036791862916
6265,45.31491697754871,315.29999999997983,598.3161789498221
6266,45.31491697754871,315.3199999999798,598.3286780549034
6267,45.31491697754871,315.3399999999798,598.3411765033194
6268,45.31491697754871,315.3599999999798,598.3536742950809
6269,45.31491697754871,315.37999999997976,598.3661714301987
6270,45.31491697754871,315.39999999997974,598.3786679086841
6271,45.31491697754871,315.4199999999797,598.3911637305476
6272,45.31491697754871,315.4399999999797,598.4036588958005
6273,45.31491697754871,315.4599999999797,598.4161534044536
6274,45.31491697754871,315.47999999997967,598.4286472565178
6275,45.31491697754871,315.49999999997965,598.4411404520041
6276,45.31491697754871,315.51999999997963,598.4536329909234
6277,45.31491697754871,315.5399999999796,598.4661248732867
6278,45.31491697754871,315.5599999999796,598.4786160991049
6279,45.31491697754871,315.5799999999796,598.4911066683889
6280,45.31491697754871,315.59999999997956,598.5035965811495
6281,45.31491697754871,315.61999999997954,598.5160858373979
6282,45.31491697754871,315.6399999999795,598.5285744371448
6283,45.31491697754871,315.6599999999795,598.5410623804013
6284,45.31491697754871,315.6799999999795,598.5535496671781
6285,45.31491697754871,315.69999999997947,598.5660362974863
6286,45.31491697754871,315.71999999997945,598.5785222713369
6287,45.31491697754871,315.73999999997943,598.5910075887406
6288,45.31491697754871,315.7599999999794,598.6034922497084
6289,45.31491697754871,315.7799999999794,598.6159762542512
6290,45.31491697754871,315.7999999999794,598.62845960238
6291,45.31491697754871,315.81999999997936,598.6409422941056
6292,45.31491697754871,315.83999999997934,598.653424329439
6293,45.31491697754871,315.8599999999793,598.665905708391
6294,45.31491697754871,315.8799999999793,598.6783864309728
6295,45.31491697754871,315.8999999999793,598.690866497195
6296,45.31491697754871,315.91999999997927,598.7033459070686
6297,45.31491697754871,315.93999999997925,598.7158246606047
6298,45.31491697754871,315.95999999997923,598.7283027578139
6299,45.31491697754871,315.9799999999792,598.7407801987073
6300,45.31491697754871,315.9999999999792,598.7532569832957
6301,45.31491697754871,316.0199999999792,598.7657331115902
6302,45.31491697754871,316.03999999997916,598.7782085836014
6303,45.31491697754871,316.05999999997914,598.7906833993404
6304,45.31491697754871,316.0799999999791,598.8031575588182
6305,45.31491697754871,316.0999999999791,598.8156310620454
6306,45.31491697754871,316.1199999999791,598.8281039090332
6307,45.31491697754871,316.13999999997907,598.8405760997922
6308,45.31491697754871,316.15999999997905,598.8530476343335
6309,45.31491697754871,316.17999999997903,598.8655185126679
6310,45.31491697754871,316.199999999979,598.8779887348064
6311,45.31491697754871,316.219999999979,598.8904583007599
6312,45.31491697754871,316.239999999979,598.9029272105391
6313,45.31491697754871,316.25999999997896,598.915395464155
6314,45.31491697754871,316.27999999997894,598.9278630616186
6315,45.31491697754871,316.2999999999789,598.9403300029406
6316,45.31491697754871,316.3199999999789,598.9527962883318
6317,45.31491697754871,316.3399999999789,598.9652619211117
6318,45.31491697754871,316.35999999997887,598.9777269028025
6319,45.31491697754871,316.37999999997885,598.9901912334147
6320,45.31491697754871,316.39999999997883,599.0026549129593
6321,45.31491697754871,316.4199999999788,599.0151179414468
6322,45.31491697754871,316.4399999999788,599.0275803188879
6323,45.31491697754871,316.4599999999788,599.0400420452934
6324,45.31491697754871,316.47999999997876,599.052503120674
6325,45.31491697754871,316.49999999997874,599.0649635450404
6326,45.31491697754871,316.5199999999787,599.0774233184034
6327,45.31491697754871,316.5399999999787,599.0898824407735
6328,45.31491697754871,316.5599999999787,599.1023409121616
6329,45.31491697754871,316.57999999997867,599.1147987325783
6330,45.31491697754871,316.59999999997865,599.1272559020342
6331,45.31491697754871,316.61999999997863,599.1397124205403
6332,45.31491697754871,316.6399999999786,599.152168288107
6333,45.31491697754871,316.6599999999786,599.1646235047451
6334,45.31491697754871,316.6799999999786,599.1770780704654
6335,45.24077170280104,316.69999999997856,599.1895319852786
6336,45.24077170280104,316.71999999997854,599.2019852491952
6337,45.24077170280104,316.7399999999785,599.2144378622261
6338,45.24077170280104,316.7599999999785,599.2268898243818
6339,45.24077170280104,316.7799999999785,599.2393411356732
6340,45.24077170280104,316.79999999997847,599.2517917961109
6341,45.24077170280104,316.81999999997845,599.2642418057055
6342,45.24077170280104,316.83999999997843,599.2766911644679
6343,45.24077170280104,316.8599999999784,599.2891398724087
6344,45.24077170280104,316.8799999999784,599.3015879295384
6345,45.24077170280104,316.8999999999784,599.314035335868
6346,45.24077170280104,316.91999999997836,599.3264820914079
6347,45.24077170280104,316.93999999997834,599.338928196169
6348,45.24077170280104,316.9599999999783,599.3513736501619
6349,45.24077170280104,316.9799999999783,599.3638184533972
6350,45.24077170280104,316.9999999999783,599.3762626058858
6351,45.24077170280104,317.01999999997827,599.3887061076382
6352,45.24077170280104,317.03999999997825,599.4011489586651
6353,45.24077170280104,317.05999999997823,599.4135911589772
6354,45.24077170280104,317.0799999999782,599.4260327085851
6355,45.24077170280104,317.0999999999782,599.4384736074996
6356,45.24077170280104,317.1199999999782,599.4509138557314
6357,45.24077170280104,317.13999999997816,599.463353453291
6358,45.24077170280104,317.15999999997814,599.4757924001892
6359,45.24077170280104,317.1799999999781,599.4882306964366
6360,45.24077170280104,317.1999999999781,599.5006683420439
6361,45.24077170280104,317.2199999999781,599.5131053370218
6362,45.24077170280104,317.23999999997807,599.5255416813809
6363,45.24077170280104,317.25999999997805,599.537977375132
6364,45.24077170280104,317.27999999997803,599.5504124182856
6365,45.24077170280104,317.299999999978,599.5628468108525
6366,45.24077170280104,317.319999999978,599.5752805528433
6367,45.24077170280104,317.339999999978,599.5877136445172
6368,45.24077170280104,317.35999999997796,599.6001460892884
6369,45.24077170280104,317.37999999997794,599.6125778883338
6370,45.24077170280104,317.3999999999779,599.6250090416639
6371,45.24077170280104,317.4199999999779,599.6374395492892
6372,45.24077170280104,317.4399999999779,599.6498694112202
6373,45.24077170280104,317.45999999997787,599.6622986274673
6374,45.24077170280104,317.47999999997785,599.6747271980411
6375,45.24077170280104,317.49999999997783,599.6871551229519
6376,45.24077170280104,317.5199999999778,599.6995824022104
6377,45.24077170280104,317.5399999999778,599.7120090358268
6378,45.24077170280104,317.5599999999778,599.7244350238117
6379,45.24077170280104,317.57999999997776,599.7368603661756
6380,45.24077170280104,317.59999999997774,599.7492850629291
6381,45.24077170280104,317.6199999999777,599.7617091140824
6382,45.24077170280104,317.6399999999777,599.7741325196461
6383,45.24077170280104,317.6599999999777,599.7865552796306
6384,45.24077170280104,317.67999999997767,599.7989773940466
6385,45.24077170280104,317.69999999997765,599.8113988629043
6386,45.24077170280104,317.71999999997763,599.8238196862143
6387,45.24077170280104,317.7399999999776,599.836239863987
6388,45.24077170280104,317.7599999999776,599.8486593962328
6389,45.24077170280104,317.7799999999776,599.8610782829624
6390,45.24077170280104,317.79999999997756,599.873496524186
6391,45.24077170280104,317.81999999997754,599.8859141199141
6392,45.24077170280104,317.8399999999775,599.8983310701573
6393,45.24077170280104,317.8599999999775,599.9107473749259
6394,45.24077170280104,317.8799999999775,599.9231630342305
6395,45.24077170280104,317.89999999997747,599.9355780480813
6396,45.24077170280104,317.91999999997745,599.947992416489
6397,45.24077170280104,317.93999999997743,599.960406139464
6398,45.24077170280104,317.9599999999774,599.9728192170166
6399,45.24077170280104,317.9799999999774,599.9852316491575
6400,45.24077170280104,317.9999999999774,599.997643435897
6401,45.24077170280104,318.01999999997736,600.0100545770173
6402,45.24077170280104,318.03999999997734,600.0224650721104
6403,45.24077170280104,318.0599999999773,600.0348749211653
6404,45.24077170280104,318.0799999999773,600.047284124192
6405,45.24077170280104,318.0999999999773,600.0596926812007
6406,45.24077170280104,318.11999999997727,600.0721005922014
6407,45.24077170280104,318.13999999997725,600.0845078572044
6408,45.24077170280104,318.15999999997723,600.0969144762197
6409,45.24077170280104,318.1799999999772,600.1093204492574
6410,45.24077170280104,318.1999999999772,600.1217257763277
6411,45.24077170280104,318.2199999999772,600.1341304574407
6412,45.24077170280104,318.23999999997716,600.1465344926065
6413,45.24077170280104,318.25999999997714,600.1589378818352
6414,45.24077170280104,318.2799999999771,600.1713406251368
6415,45.24077170280104,318.2999999999771,600.1837427225216
6416,45.24077170280104,318.3199999999771,600.1961441739996
6417,45.24077170280104,318.33999999997707,600.208544979581
6418,45.24077170280104,318.35999999997705,600.2209451395876
6419,45.24077170280104,318.37999999997703,600.2333446577366
6420,45.24077170280104,318.399999999977,600.2457435349387
6421,45.24077170280104,318.419999999977,600.2581417712039
6422,45.24077170280104,318.439999999977,600.2705393665422
6423,45.24077170280104,318.45999999997696,600.2829363209632
6424,45.24077170280104,318.47999999997694,600.2953326344772
6425,45.24077170280104,318.4999999999769,600.3077283070938
6426,45.24077170280104,318.5199999999769,600.3201233388231
6427,45.24077170280104,318.5399999999769,600.3325177296749
6428,45.24077170280104,318.55999999997687,600.3449114796592
6429,45.24077170280104,318.57999999997685,600.3573045887858
6430,45.24077170280104,318.59999999997683,600.3696970570647
6431,45.24077170280104,318.6199999999768,600.3820888845057
6432,45.24077170280104,318.6399999999768,600.3944800711188
6433,45.24077170280104,318.6599999999768,600.4068706169138
6434,45.24077170280104,318.67999999997676,600.4192605219007
6435,45.24077170280104,318.69999999997674,600.4316497860893
6436,45.24077170280104,318.7199999999767,600.4440384094896
6437,45.24077170280104,318.7399999999767,600.4564263921114
6438,45.24077170280104,318.7599999999767,600.4688137339647
6439,45.24077170280104,318.77999999997667,600.4812004350593
6440,45.24077170280104,318.79999999997665,600.4935864954052
6441,45.24077170280104,318.81999999997663,600.5059719150122
6442,45.24077170280104,318.8399999999766,600.5183566938902
6443,45.24077170280104,318.8599999999766,600.5307408320491
6444,45.24077170280104,318.8799999999766,600.5431243294988
6445,45.24077170280104,318.89999999997656,600.5555071862492
6446,45.24077170280104,318.91999999997654,600.5678894023101
6447,45.24077170280104,318.9399999999765,600.5802709776915
6448,45.24077170280104,318.9599999999765,600.5926519124032
6449,45.24077170280104,318.9799999999765,600.6050322064551
6450,45.24077170280104,318.99999999997647,600.6174118598572
6451,45.24077170280104,319.01999999997645,600.6297908726192
6452,45.24077170280104,319.03999999997643,600.6421692447511
6453,45.24077170280104,319.0599999999764,600.6545469762627
6454,45.24077170280104,319.0799999999764,600.666924067164
6455,45.1668284046363,319.0999999999764,600.6793005174648
6456,45.1668284046363,319.11999999997636,600.6916763271748
6457,45.1668284046363,319.13999999997634,600.7040514963043
6458,45.1668284046363,319.1599999999763,600.7164260248628
6459,45.1668284046363,319.1799999999763,600.7287999128603
6460,45.1668284046363,319.1999999999763,600.7411731603066
6461,45.1668284046363,319.21999999997627,600.7535457672118
6462,45.1668284046363,319.23999999997625,600.7659177335855
6463,45.1668284046363,319.25999999997623,600.7782890594377
6464,45.1668284046363,319.2799999999762,600.7906597447783
6465,45.1668284046363,319.2999999999762,600.803029789617
6466,45.1668284046363,319.3199999999762,600.8153991939638
6467,45.1668284046363,319.33999999997616,600.8277679578285
6468,45.1668284046363,319.35999999997614,600.8401360812211
6469,45.1668284046363,319.3799999999761,600.8525035645063
6470,45.1668284046363,319.3999999999761,600.8648704114742
6471,45.1668284046363,319.4199999999761,600.8772366227206
6472,45.1668284046363,319.43999999997607,600.8896021982553
6473,45.1668284046363,319.45999999997605,600.9019671380878
6474,45.1668284046363,319.47999999997603,600.9143314422279
6475,45.1668284046363,319.499999999976,600.9266951106853
6476,45.1668284046363,319.519999999976,600.9390581434695
6477,45.1668284046363,319.539999999976,600.9514205405904
6478,45.1668284046363,319.55999999997596,600.9637823020576
6479,45.1668284046363,319.57999999997594,600.9761434278806
6480,45.1668284046363,319.5999999999759,600.9885039180693
6481,45.1668284046363,319.6199999999759,601.0008637726334
6482,45.1668284046363,319.6399999999759,601.0132229915823
6483,45.1668284046363,319.65999999997587,601.0255815749259
6484,45.1668284046363,319.67999999997585,601.0379395226738
6485,45.1668284046363,319.69999999997583,601.0502968348356
6486,45.1668284046363,319.7199999999758,601.0626535114211
6487,45.1668284046363,319.7399999999758,601.0750095524398
6488,45.1668284046363,319.7599999999758,601.0873649579015
6489,45.1668284046363,319.77999999997576,601.0997197278157
6490,45.1668284046363,319.79999999997574,601.1120738621921
6491,45.1668284046363,319.8199999999757,601.1244273610405
6492,45.1668284046363,319.8399999999757,601.1367802243705
6493,45.1668284046363,319.8599999999757,601.1491324521917
6494,45.1668284046363,319.87999999997567,601.1614840445138
6495,45.1668284046363,319.89999999997565,601.1738350013464
6496,45.1668284046363,319.91999999997563,601.1861853226993
6497,45.1668284046363,319.9399999999756,601.1985350085821
6498,45.1668284046363,319.9599999999756,601.2108840590043
6499,45.1668284046363,319.9799999999756,601.2232324739757
6500,45.1668284046363,319.99999999997556,601.2355802535059
6501,45.1668284046363,320.01999999997554,601.2479273976045
6502,45.1668284046363,320.0399999999755,601.2602739062812
6503,45.1668284046363,320.0599999999755,601.2726197795457
6504,45.1668284046363,320.0799999999755,601.2849650174077
6505,45.1668284046363,320.09999999997547,601.2973096198766
6506,45.1668284046363,320.11999999997545,601.3096535869622
6507,45.1668284046363,320.13999999997543,601.3219969186742
6508,45.1668284046363,320.1599999999754,601.3343396150221
6509,45.1668284046363,320.1799999999754,601.3466816760157
6510,45.1668284046363,320.1999999999754,601.3590231016645
6511,45.1668284046363,320.21999999997536,601.3713638919783
6512,45.1668284046363,320.23999999997534,601.3837040469665
6513,45.1668284046363,320.2599999999753,601.3960435666389
6514,45.1668284046363,320.2799999999753,601.4083824510051
6515,45.1668284046363,320.2999999999753,601.4207207000746
6516,45.1668284046363,320.31999999997527,601.4330583138574
6517,45.1668284046363,320.33999999997525,601.4453952923627
6518,45.1668284046363,320.35999999997523,601.4577316356005
6519,45.1668284046363,320.3799999999752,601.4700673435801
6520,45.1668284046363,320.3999999999752,601.4824024167962
6521,45.1668284046363,320.4199999999752,601.4947368591684
6522,45.1668284046363,320.43999999997516,601.5070706710867
6523,45.1668284046363,320.45999999997514,601.5194038525607
6524,45.1668284046363,320.4799999999751,601.5317364035996
6525,45.1668284046363,320.4999999999751,601.5440683242127
6526,45.1668284046363,320.5199999999751,601.5563996144095
6527,45.1668284046363,320.53999999997507,601.5687302741994
6528,45.1668284046363,320.55999999997505,601.5810603035917
6529,45.1668284046363,320.57999999997503,601.5933897025958
6530,45.1668284046363,320.599999999975,601.6057184712209
6531,45.1668284046363,320.619999999975,601.6180466094767
6532,45.1668284046363,320.639999999975,601.6303741173722
6533,45.1668284046363,320.65999999997496,601.6427009949169
6534,45.1668284046363,320.67999999997494,601.6550272421202
6535,45.1668284046363,320.6999999999749,601.6673528589915
6536,45.1668284046363,320.7199999999749,601.67967784554
6537,45.1668284046363,320.7399999999749,601.6920022017752
6538,45.1668284046363,320.75999999997487,601.7043259277063
6539,45.1668284046363,320.77999999997485,601.7166490233428
6540,45.1668284046363,320.79999999997483,601.728971488694
6541,45.1668284046363,320.8199999999748,601.7412933237694
6542,45.1668284046363,320.8399999999748,601.753614528578
6543,45.1668284046363,320.8599999999748,601.7659351031296
6544,45.1668284046363,320.87999999997476,601.7782550474332
6545,45.1668284046363,320.89999999997474,601.7905743614982
6546,45.1668284046363,320.9199999999747,601.802893045334
6547,45.1668284046363,320.9399999999747,601.81521109895
6548,45.1668284046363,320.9599999999747,601.8275285223555
6549,45.1668284046363,320.97999999997467,601.8398453155597
6550,45.1668284046363,320.99999999997465,601.8521614785722
6551,45.1668284046363,321.01999999997463,601.8644770114022
6552,45.1668284046363,321.0399999999746,601.876791914059
6553,45.1668284046363,321.0599999999746,601.8891061865521
6554,45.1668284046363,321.0799999999746,601.9014198288908
6555,45.1668284046363,321.09999999997456,601.9137328410842
6556,45.1668284046363,321.11999999997454,601.9260452231418
6557,45.1668284046363,321.1399999999745,601.9383569750731
6558,45.1668284046363,321.1599999999745,601.9506680968873
6559,45.1668284046363,321.1799999999745,601.9629785885936
6560,45.1668284046363,321.19999999997447,601.9752884502016
6561,45.1668284046363,321.21999999997445,601.9875976817203
6562,45.1668284046363,321.23999999997443,601.9999062831594
6563,45.1668284046363,321.2599999999744,602.0122142545279
6564,45.1668284046363,321.2799999999744,602.0245215958353
6565,45.1668284046363,321.2999999999744,602.0368283070909
6566,45.1668284046363,321.31999999997436,602.0491343883041
6567,45.1668284046363,321.33999999997434,602.061439839484
6568,45.1668284046363,321.3599999999743,602.0737446606402
6569,45.1668284046363,321.3799999999743,602.0860488517818
6570,45.09308631361649,321.3999999999743,602.0983524129183
6571,45.09308631361649,321.41999999997427,602.1106553448101
6572,45.09308631361649,321.43999999997425,602.1229576510787
6573,45.09308631361649,321.45999999997423,602.1352593320511
6574,45.09308631361649,321.4799999999742,602.1475603877368
6575,45.09308631361649,321.4999999999742,602.159860818145
6576,45.09308631361649,321.5199999999742,602.1721606232852
6577,45.09308631361649,321.53999999997416,602.1844598031665
6578,45.09308631361649,321.55999999997414,602.1967583577983
6579,45.09308631361649,321.5799999999741,602.2090562871899
6580,45.09308631361649,321.5999999999741,602.2213535913506
6581,45.09308631361649,321.6199999999741,602.2336502702897
6582,45.09308631361649,321.63999999997407,602.2459463240165
6583,45.09308631361649,321.65999999997405,602.2582417525402
6584,45.09308631361649,321.67999999997403,602.2705365558703
6585,45.09308631361649,321.699999999974,602.282830734016
6586,45.09308631361649,321.719999999974,602.2951242869866
6587,45.09308631361649,321.739999999974,602.3074172147915
6588,45.09308631361649,321.75999999997396,602.3197095174398
6589,45.09308631361649,321.77999999997394,602.332001194941
6590,45.09308631361649,321.7999999999739,602.3442922473042
6591,45.09308631361649,321.8199999999739,602.3565826745389
6592,45.09308631361649,321.8399999999739,602.3688724766542
6593,45.09308631361649,321.85999999997387,602.3811616536595
6594,45.09308631361649,321.87999999997385,602.3934502055641
6595,45.09308631361649,321.89999999997383,602.4057381323773
6596,45.09308631361649,321.9199999999738,602.4180254341084
6597,45.09308631361649,321.9399999999738,602.4303121107665
6598,45.09308631361649,321.9599999999738,602.4425981623612
6599,45.09308631361649,321.97999999997376,602.4548835889016
6600,45.09308631361649,321.99999999997374,602.467168390397
6601,45.09308631361649,322.0199999999737,602.4794525668567
6602,45.09308631361649,322.0399999999737,602.49173611829
6603,45.09308631361649,322.0599999999737,602.5040190447062
6604,45.09308631361649,322.07999999997367,602.5163013461145
6605,45.09308631361649,322.09999999997365,602.5285830225242
6606,45.09308631361649,322.11999999997363,602.5408640739447
6607,45.09308631361649,322.1399999999736,602.5531445003852
6608,45.09308631361649,322.1599999999736,602.5654243018549
6609,45.09308631361649,322.1799999999736,602.5777034783632
6610,45.09308631361649,322.19999999997356,602.5899820299194
6611,45.09308631361649,322.21999999997354,602.6022599565326
6612,45.09308631361649,322.2399999999735,602.6145372582123
6613,45.09308631361649,322.2599999999735,602.6268139349676
6614,45.09308631361649,322.2799999999735,602.6390899868078
6615,45.09308631361649,322.29999999997347,602.6513654137422
6616,45.09308631361649,322.31999999997345,602.66364021578
6617,45.09308631361649,322.33999999997343,602.6759143929306
6618,45.09308631361649,322.3599999999734,602.6881879452033
6619,45.09308631361649,322.3799999999734,602.7004608726071
6620,45.09308631361649,322.3999999999734,602.7127331751515
6621,45.09308631361649,322.41999999997336,602.7250048528457
6622,45.09308631361649,322.43999999997334,602.7372759067086
6623,45.09308631361649,322.4599999999733,602.7495463400829
6624,45.09308631361649,322.4799999999733,602.7618161532357
6625,45.09308631361649,322.4999999999733,602.774085346176
6626,45.09308631361649,322.51999999997327,602.7863539189127
6627,45.09308631361649,322.53999999997325,602.798621871455
6628,45.09308631361649,322.55999999997323,602.8108892038118
6629,45.09308631361649,322.5799999999732,602.8231559159922
6630,45.09308631361649,322.5999999999732,602.8354220080051
6631,45.09308631361649,322.6199999999732,602.8476874798596
6632,45.09308631361649,322.63999999997316,602.8599523315646
6633,45.09308631361649,322.65999999997314,602.8722165631292
6634,45.09308631361649,322.6799999999731,602.8844801745624
6635,45.09308631361649,322.6999999999731,602.8967431658732
6636,45.09308631361649,322.7199999999731,602.9090055370706
6637,45.09308631361649,322.73999999997307,602.9212672881636
6638,45.09308631361649,322.75999999997305,602.9335284191611
6639,45.09308631361649,322.77999999997303,602.9457889300722
6640,45.09308631361649,322.799999999973,602.9580488209059
6641,45.09308631361649,322.819999999973,602.9703080916712
6642,45.09308631361649,322.839999999973,602.982566742377
6643,45.09308631361649,322.85999999997296,602.9948247730324
6644,45.09308631361649,322.87999999997294,603.0070821836464
6645,45.09308631361649,322.8999999999729,603.0193389742279
6646,45.09308631361649,322.9199999999729,603.031595144786
6647,45.09308631361649,322.9399999999729,603.0438506953296
6648,45.09308631361649,322.95999999997287,603.0561056258678
6649,45.09308631361649,322.97999999997285,603.0683599364095
6650,45.09308631361649,322.99999999997283,603.0806136269637
6651,45.09308631361649,323.0199999999728,603.0928666975393
6652,45.09308631361649,323.0399999999728,603.1051191481455
6653,45.09308631361649,323.0599999999728,603.1173709787911
6654,45.09308631361649,323.07999999997276,603.1296221894852
6655,45.09308631361649,323.09999999997274,603.1418727802367
6656,45.09308631361649,323.1199999999727,603.1541227510546
6657,45.09308631361649,323.1399999999727,603.1663721019479
6658,45.09308631361649,323.1599999999727,603.1786208329256
6659,45.09308631361649,323.17999999997267,603.1908689439966
6660,45.09308631361649,323.19999999997265,603.20311643517
6661,45.09308631361649,323.21999999997263,603.2153633064547
6662,45.09308631361649,323.2399999999726,603.2276095578598
6663,45.09308631361649,323.2599999999726,603.239855189394
6664,45.09308631361649,323.2799999999726,603.2521002010666
6665,45.09308631361649,323.29999999997256,603.2643445928863
6666,45.09308631361649,323.31999999997254,603.2765883648623
6667,45.09308631361649,323.3399999999725,603.2888315170034
6668,45.09308631361649,323.3599999999725,603.3010740493186
6669,45.09308631361649,323.3799999999725,603.3133159618169
6670,45.09308631361649,323.39999999997247,603.3255572545073
6671,45.09308631361649,323.41999999997245,603.3377979273987
6672,45.09308631361649,323.43999999997243,603.3500379805001
6673,45.09308631361649,323.4599999999724,603.3622774151185
6674,45.09308631361649,323.4799999999724,603.3745162344201
6675,45.09308631361649,323.4999999999724,603.3867544386203
6676,45.09308631361649,323.51999999997236,603.3989920277279
6677,45.09308631361649,323.53999999997234,603.4112290017518
6678,45.09308631361649,323.5599999999723,603.4234653607008
6679,45.09308631361649,323.5799999999723,603.4357011045837
6680,45.09308631361649,323.5999999999723,603.4479362334092
6681,45.09308631361649,323.61999999997226,603.4601707471863
6682,45.09308631361649,323.63999999997225,603.4724046459237
6683,45.09308631361649,323.65999999997223,603.4846379296303
6684,45.09308631361649,323.6799999999722,603.4968705983147
6685,45.09308631361649,323.6999999999722,603.5091026519858
6686,45.01954466406825,323.7199999999722,603.5213340906525
6687,45.01954466406825,323.73999999997216,603.5335649143236
6688,45.01954466406825,323.75999999997214,603.5457951230078
6689,45.01954466406825,323.7799999999721,603.5580247167139
6690,45.01954466406825,323.7999999999721,603.5702536954509
6691,45.01954466406825,323.8199999999721,603.5824820592273
6692,45.01954466406825,323.83999999997206,603.5947098080522
6693,45.01954466406825,323.85999999997205,603.6069369419342
6694,45.01954466406825,323.87999999997203,603.6191634608822
6695,45.01954466406825,323.899999999972,603.6313893649049
6696,45.01954466406825,323.919999999972,603.6436146540111
6697,45.01954466406825,323.939999999972,603.6558393282097
6698,45.01954466406825,323.95999999997196,603.6680633875094
6699,45.01954466406825,323.97999999997194,603.680286831919
6700,45.01954466406825,323.9999999999719,603.6925096614474
6701,45.01954466406825,324.0199999999719,603.7047318761033
6702,45.01954466406825,324.0399999999719,603.7169534758955
6703,45.01954466406825,324.05999999997186,603.7291744608327
6704,45.01954466406825,324.07999999997185,603.7413948309239
6705,45.01954466406825,324.0999999999718,603.7536145861777
6706,45.01954466406825,324.1199999999718,603.765833726603
6707,45.01954466406825,324.1399999999718,603.7780522522085
6708,45.01954466406825,324.1599999999718,603.790270163003
6709,45.01954466406825,324.17999999997176,603.8024874589953
6710,45.01954466406825,324.19999999997174,603.8147041401942
6711,45.01954466406825,324.2199999999717,603.8269202066085
6712,45.01954466406825,324.2399999999717,603.839135658247
6713,45.01954466406825,324.2599999999717,603.8513504951184
6714,45.01954466406825,324.27999999997166,603.8635647172315
6715,45.01954466406825,324.29999999997165,603.8757783245951
6716,45.01954466406825,324.3199999999716,603.8879913172179
6717,45.01954466406825,324.3399999999716,603.9002036951088
6718,45.01954466406825,324.3599999999716,603.9124154582764
6719,45.01954466406825,324.3799999999716,603.9246266067297
6720,45.01954466406825,324.39999999997156,603.9368371404773
6721,45.01954466406825,324.41999999997154,603.9490470595281
6722,45.01954466406825,324.4399999999715,603.9612563638907
6723,45.01954466406825,324.4599999999715,603.973465053574
6724,45.01954466406825,324.4799999999715,603.985673130096
6725,45.01954466406825,324.49999999997146,603.9978805962838
6726,45.01954466406825,324.51999999997145,604.0100874522916
6727,45.01954466406825,324.5399999999714,604.0222936981279
6728,45.01954466406825,324.5599999999714,604.0344993338014
6729,45.01954466406825,324.5799999999714,604.0467043593206
6730,45.01954466406825,324.5999999999714,604.0589087746943
6731,45.01954466406825,324.61999999997136,604.0711125799309
6732,45.01954466406825,324.63999999997134,604.0833157750391
6733,45.01954466406825,324.6599999999713,604.0955183600275
6734,45.01954466406825,324.6799999999713,604.1077203349047
6735,45.01954466406825,324.6999999999713,604.1199216996793
6736,45.01954466406825,324.71999999997126,604.1321224543598
6737,45.01954466406825,324.73999999997125,604.1443225989549
6738,45.01954466406825,324.7599999999712,604.1565221334732
6739,45.01954466406825,324.7799999999712,604.1687210579233
6740,45.01954466406825,324.7999999999712,604.1809193723138
6741,45.01954466406825,324.8199999999712,604.1931170766533
6742,45.01954466406825,324.83999999997116,604.2053141709503
6743,45.01954466406825,324.85999999997114,604.2175106552133
6744,45.01954466406825,324.8799999999711,604.2297065294512
6745,45.01954466406825,324.8999999999711,604.2419017936724
6746,45.01954466406825,324.9199999999711,604.2540964478854
6747,45.01954466406825,324.93999999997106,604.266290492099
6748,45.01954466406825,324.95999999997105,604.2784839263217
6749,45.01954466406825,324.979999999971,604.2906767505619
6750,45.01954466406825,324.999999999971,604.3028689648285
6751,45.01954466406825,325.019999999971,604.3150605691299
6752,45.01954466406825,325.039999999971,604.3272515634746
6753,45.01954466406825,325.05999999997096,604.3394419478715
6754,45.01954466406825,325.07999999997094,604.3516317223289
6755,45.01954466406825,325.0999999999709,604.3638208868555
6756,45.01954466406825,325.1199999999709,604.3760094414598
6757,45.01954466406825,325.1399999999709,604.3881973861505
6758,45.01954466406825,325.15999999997086,604.4003847209361
6759,45.01954466406825,325.17999999997085,604.4125714458252
6760,45.01954466406825,325.1999999999708,604.4247575608263
6761,45.01954466406825,325.2199999999708,604.436943065948
6762,45.01954466406825,325.2399999999708,604.4491279611989
6763,45.01954466406825,325.2599999999708,604.4613122465876
6764,45.01954466406825,325.27999999997076,604.4734959221227
6765,45.01954466406825,325.29999999997074,604.4856789878127
6766,45.01954466406825,325.3199999999707,604.4978614436661
6767,45.01954466406825,325.3399999999707,604.5100432896917
6768,45.01954466406825,325.3599999999707,604.5222245258979
6769,45.01954466406825,325.37999999997066,604.5344051522932
6770,45.01954466406825,325.39999999997065,604.5465851688863
6771,45.01954466406825,325.4199999999706,604.5587645756857
6772,45.01954466406825,325.4399999999706,604.5709433727
6773,45.01954466406825,325.4599999999706,604.5831215599377
6774,45.01954466406825,325.4799999999706,604.5952991374074
6775,45.01954466406825,325.49999999997056,604.6074761069309
6776,45.01954466406825,325.51999999997054,604.619652471183
6777,45.01954466406825,325.5399999999705,604.6318282302669
6778,45.01954466406825,325.5599999999705,604.6440033841911
6779,45.01954466406825,325.5799999999705,604.656177932964
6780,45.01954466406825,325.59999999997046,604.668351876594
6781,45.01954466406825,325.61999999997045,604.6805252150893
6782,45.01954466406825,325.6399999999704,604.6926979484585
6783,45.01954466406825,325.6599999999704,604.70487007671
6784,45.01954466406825,325.6799999999704,604.7170415998521
6785,45.01954466406825,325.6999999999704,604.7292125178932
6786,45.01954466406825,325.71999999997036,604.7413828308416
6787,45.01954466406825,325.73999999997034,604.7535525387059
6788,45.01954466406825,325.7599999999703,604.7657216414943
6789,45.01954466406825,325.7799999999703,604.7778901392153
6790,45.01954466406825,325.7999999999703,604.7900580318772
6791,45.01954466406825,325.81999999997026,604.8022253194883
6792,45.01954466406825,325.83999999997025,604.8143920020573
6793,45.01954466406825,325.8599999999702,604.8265580795922
6794,45.01954466406825,325.8799999999702,604.8387235521017
6795,45.01954466406825,325.8999999999702,604.850888419594
6796,45.01954466406825,325.9199999999702,604.8630526820774
6797,45.01954466406825,325.93999999997015,604.8752163395604
6798,45.01954466406825,325.95999999997014,604.8873793920515
6799,45.01954466406825,325.9799999999701,604.8995418395588
6800,45.01954466406825,325.9999999999701,604.9117036820908
6801,45.01954466406825,326.0199999999701,604.9238649196559
6802,44.946202694060304,326.03999999997006,604.9360255522624
6803,44.946202694060304,326.05999999997005,604.9481855799188
6804,44.946202694060304,326.07999999997,604.9603450026334
6805,44.946202694060304,326.09999999997,604.9725038204145
6806,44.946202694060304,326.11999999997,604.9846620332706
6807,44.946202694060304,326.13999999997,604.9968196412101
6808,44.946202694060304,326.15999999996995,605.0089766442412
6809,44.946202694060304,326.17999999996994,605.0211330423724
6810,44.946202694060304,326.1999999999699,605.033288835612
6811,44.946202694060304,326.2199999999699,605.0454440239683
6812,44.946202694060304,326.2399999999699,605.0575986074498
6813,44.946202694060304,326.25999999996986,605.0697525860647
6814,44.946202694060304,326.27999999996985,605.0819059598215
6815,44.946202694060304,326.2999999999698,605.0940587287284
6816,44.946202694060304,326.3199999999698,605.106210892794
6817,44.946202694060304,326.3399999999698,605.1183624520265
6818,44.946202694060304,326.3599999999698,605.1305134064344
6819,44.946202694060304,326.37999999996975,605.1426637560259
6820,44.946202694060304,326.39999999996974,605.1548135008093
6821,44.946202694060304,326.4199999999697,605.1669626407931
6822,44.946202694060304,326.4399999999697,605.1791111759857
6823,44.946202694060304,326.4599999999697,605.1912591063953
6824,44.946202694060304,326.47999999996966,605.2034064320303
6825,44.946202694060304,326.49999999996965,605.2155531528991
6826,44.946202694060304,326.5199999999696,605.2276992710046
6827,44.946202694060304,326.5399999999696,605.2398447887017
6828,44.946202694060304,326.5599999999696,605.2519897060379
6829,44.946202694060304,326.5799999999696,605.2641340230213
6830,44.946202694060304,326.59999999996955,605.27627773966
6831,44.946202694060304,326.61999999996954,605.2884208559624
6832,44.946202694060304,326.6399999999695,605.3005633719366
6833,44.946202694060304,326.6599999999695,605.3127052875908
6834,44.946202694060304,326.6799999999695,605.3248466029331
6835,44.946202694060304,326.69999999996946,605.3369873179718
6836,44.946202694060304,326.71999999996945,605.3491274327149
6837,44.946202694060304,326.7399999999694,605.3612669471707
6838,44.946202694060304,326.7599999999694,605.3734058613475
6839,44.946202694060304,326.7799999999694,605.3855441752531
6840,44.946202694060304,326.7999999999694,605.397681888896
6841,44.946202694060304,326.81999999996935,605.4098190022844
6842,44.946202694060304,326.83999999996934,605.4219555154262
6843,44.946202694060304,326.8599999999693,605.4340914283299
6844,44.946202694060304,326.8799999999693,605.4462267410034
6845,44.946202694060304,326.8999999999693,605.458361453455
6846,44.946202694060304,326.91999999996926,605.4704955656929
6847,44.946202694060304,326.93999999996925,605.4826290777252
6848,44.946202694060304,326.9599999999692,605.4947619895601
6849,44.946202694060304,326.9799999999692,605.5068943012058
6850,44.946202694060304,326.9999999999692,605.5190260126705
6851,44.946202694060304,327.0199999999692,605.5311571239622
6852,44.946202694060304,327.03999999996915,605.5432876350892
6853,44.946202694060304,327.05999999996914,605.5554175460596
6854,44.946202694060304,327.0799999999691,605.5675468568817
6855,44.946202694060304,327.0999999999691,605.5796755675635
6856,44.946202694060304,327.1199999999691,605.5918036781133
6857,44.946202694060304,327.13999999996906,605.6039311885391
6858,44.946202694060304,327.15999999996905,605.6160580988493
6859,44.946202694060304,327.179999999969,605.6281844090519
6860,44.946202694060304,327.199999999969,605.640310119155
6861,44.946202694060304,327.219999999969,605.6524352291668
6862,44.946202694060304,327.239999999969,605.6645597390956
6863,44.946202694060304,327.25999999996895,605.6766836489494
6864,44.946202694060304,327.27999999996894,605.6888069587363
6865,44.946202694060304,327.2999999999689,605.7009296684647
6866,44.946202694060304,327.3199999999689,605.7130517781426
6867,44.946202694060304,327.3399999999689,605.725173287778
6868,44.946202694060304,327.35999999996886,605.7372941973794
6869,44.946202694060304,327.37999999996885,605.7494145069546
6870,44.946202694060304,327.3999999999688,605.761534216512
6871,44.946202694060304,327.4199999999688,605.7736533260597
6872,44.946202694060304,327.4399999999688,605.7857718356058
6873,44.946202694060304,327.4599999999688,605.7978897451585
6874,44.946202694060304,327.47999999996875,605.8100070547258
6875,44.946202694060304,327.49999999996874,605.8221237643161
6876,44.946202694060304,327.5199999999687,605.8342398739501
6877,44.946202694060304,327.5399999999687,605.8463553859214
6878,44.946202694060304,327.5599999999687,605.8584703024083
6879,44.946202694060304,327.57999999996866,605.8705846234188
6880,44.946202694060304,327.59999999996865,605.882698348961
6881,44.946202694060304,327.6199999999686,605.8948114790427
6882,44.946202694060304,327.6399999999686,605.906924013672
6883,44.946202694060304,327.6599999999686,605.9190359528568
6884,44.946202694060304,327.6799999999686,605.9311472966052
6885,44.946202694060304,327.69999999996855,605.9432580449251
6886,44.946202694060304,327.71999999996854,605.9553681978244
6887,44.946202694060304,327.7399999999685,605.9674777553113
6888,44.946202694060304,327.7599999999685,605.9795867173934
6889,44.946202694060304,327.7799999999685,605.9916950840791
6890,44.946202694060304,327.79999999996846,606.0038028553761
6891,44.946202694060304,327.81999999996845,606.0159100312924
6892,44.946202694060304,327.8399999999684,606.0280166118359
6893,44.946202694060304,327.8599999999684,606.0401225970148
6894,44.946202694060304,327.8799999999684,606.0522279868369
6895,44.946202694060304,327.8999999999684,606.0643327813102
6896,44.946202694060304,327.91999999996835,606.0764369804426
6897,44.946202694060304,327.93999999996834,606.0885405842422
6898,44.946202694060304,327.9599999999683,606.1006435927169
6899,44.946202694060304,327.9799999999683,606.1127460058747
6900,44.946202694060304,327.9999999999683,606.1248478237235
6901,44.946202694060304,328.01999999996826,606.1369490462712
6902,44.946202694060304,328.03999999996824,606.1490496735258
6903,44.946202694060304,328.0599999999682,606.1611497054954
6904,44.946202694060304,328.0799999999682,606.1732491421878
6905,44.946202694060304,328.0999999999682,606.1853479836111
6906,44.946202694060304,328.1199999999682,606.1974462297732
6907,44.946202694060304,328.13999999996815,606.209543880682
6908,44.946202694060304,328.15999999996814,606.2216409363455
6909,44.946202694060304,328.1799999999681,606.2337373967716
6910,44.946202694060304,328.1999999999681,606.2458332619683
6911,44.946202694060304,328.2199999999681,606.2579285319435
6912,44.946202694060304,328.23999999996806,606.2700232067053
6913,44.946202694060304,328.25999999996804,606.2821172862615
6914,44.946202694060304,328.279999999968,606.2942107706201
6915,44.946202694060304,328.299999999968,606.306303659789
6916,44.946202694060304,328.319999999968,606.3183959537763
6917,44.946202694060304,328.339999999968,606.3304876525898
6918,44.946202694060304,328.35999999996795,606.3425787562375
6919,44.87305964538116,328.37999999996794,606.3546692647272
6920,44.87305964538116,328.3999999999679,606.3667591780671
6921,44.87305964538116,328.4199999999679,606.378848496265
6922,44.87305964538116,328.4399999999679,606.390937219329
6923,44.87305964538116,328.45999999996786,606.4030253472667
6924,44.87305964538116,328.47999999996784,606.4151128800864
6925,44.87305964538116,328.4999999999678,606.4271998177959
6926,44.87305964538116,328.5199999999678,606.4392861604031
6927,44.87305964538116,328.5399999999678,606.4513719079787
6928,44.87305964538116,328.5599999999678,606.4634570629246
6929,44.87305964538116,328.57999999996775,606.4755416270772
6930,44.87305964538116,328.59999999996774,606.4876256004442
6931,44.87305964538116,328.6199999999677,606.4997089830334
6932,44.87305964538116,328.6399999999677,606.5117917748527
6933,44.87305964538116,328.6599999999677,606.5238739759097
6934,44.87305964538116,328.67999999996766,606.5359555862124
6935,44.87305964538116,328.69999999996764,606.5480366057683
6936,44.87305964538116,328.7199999999676,606.5601170345852
6937,44.87305964538116,328.7399999999676,606.572196872671
6938,44.87305964538116,328.7599999999676,606.5842761200335
6939,44.87305964538116,328.7799999999676,606.5963547766802
6940,44.87305964538116,328.79999999996755,606.6084328426191
6941,44.87305964538116,328.81999999996754,606.6205103178579
6942,44.87305964538116,328.8399999999675,606.6325872024044
6943,44.87305964538116,328.8599999999675,606.6446634962662
6944,44.87305964538116,328.8799999999675,606.6567391994512
6945,44.87305964538116,328.89999999996746,606.6688143119671
6946,44.87305964538116,328.91999999996744,606.6808888338218
6947,44.87305964538116,328.9399999999674,606.6929627650228
6948,44.87305964538116,328.9599999999674,606.7050361055781
6949,44.87305964538116,328.9799999999674,606.7171088554952
6950,44.87305964538116,328.9999999999674,606.7291810147821
6951,44.87305964538116,329.01999999996735,606.7412525834463
6952,44.87305964538116,329.03999999996734,606.7533235614959
6953,44.87305964538116,329.0599999999673,606.7653939489384
6954,44.87305964538116,329.0799999999673,606.7774637457816
6955,44.87305964538116,329.0999999999673,606.7895329520333
6956,44.87305964538116,329.11999999996726,606.8016015677011
6957,44.87305964538116,329.13999999996724,606.813669592793
6958,44.87305964538116,329.1599999999672,606.8257370273164
6959,44.87305964538116,329.1799999999672,606.8378038712793
6960,44.87305964538116,329.1999999999672,606.8498701246895
6961,44.87305964538116,329.2199999999672,606.8619357875544
6962,44.87305964538116,329.23999999996715,606.8740008598821
6963,44.87305964538116,329.25999999996714,606.8860653416803
6964,44.87305964538116,329.2799999999671,606.8981292329565
6965,44.87305964538116,329.2999999999671,606.9101925337187
6966,44.87305964538116,329.3199999999671,606.9222552439745
6967,44.87305964538116,329.33999999996706,606.9343173637317
6968,44.87305964538116,329.35999999996704,606.9463788929979
6969,44.87305964538116,329.379999999967,606.958439831781
6970,44.87305964538116,329.399999999967,606.9705001800887
6971,44.87305964538116,329.419999999967,606.9825599379287
6972,44.87305964538116,329.439999999967,606.9946191053087
6973,44.87305964538116,329.45999999996695,607.0066776822366
6974,44.87305964538116,329.47999999996694,607.01873566872
6975,44.87305964538116,329.4999999999669,607.0307930647666
6976,44.87305964538116,329.5199999999669,607.0428498703842
6977,44.87305964538116,329.5399999999669,607.0549060855805
6978,44.87305964538116,329.55999999996686,607.0669617104771
6979,44.87305964538116,329.57999999996684,607.0790167476906
6980,44.87305964538116,329.5999999999668,607.0910711988122
6981,44.87305964538116,329.6199999999668,607.1031250638495
6982,44.87305964538116,329.6399999999668,607.1151783428099
6983,44.87305964538116,329.6599999999668,607.1272310357012
6984,44.87305964538116,329.67999999996675,607.1392831425309
6985,44.87305964538116,329.69999999996674,607.1513346633064
6986,44.87305964538116,329.7199999999667,607.1633855980356
6987,44.87305964538116,329.7399999999667,607.1754359467257
6988,44.87305964538116,329.7599999999667,607.1874857093844
6989,44.87305964538116,329.77999999996666,607.1995348860194
6990,44.87305964538116,329.79999999996664,607.211583476638
6991,44.87305964538116,329.8199999999666,607.2236314812479
6992,44.87305964538116,329.8399999999666,607.2356788998567
6993,44.87305964538116,329.8599999999666,607.2477257324717
6994,44.87305964538116,329.87999999996657,607.2597719791007
6995,44.87305964538116,329.89999999996655,607.2718176397512
6996,44.87305964538116,329.91999999996654,607.2838627144308
6997,44.87305964538116,329.9399999999665,607.295907203147
6998,44.87305964538116,329.9599999999665,607.3079511059073
6999,44.87305964538116,329.9799999999665,607.3199944227192
7000,44.87305964538116,329.99999999996646,607.3320371535905
7001,44.87305964538116,330.01999999996644,607.3440792985284
7002,44.87305964538116,330.0399999999664,607.3561208575408
7003,44.87305964538116,330.0599999999664,607.3681618306349
7004,44.87305964538116,330.0799999999664,607.3802022178185
7005,44.87305964538116,330.09999999996637,607.3922420190991
7006,44.87305964538116,330.11999999996635,607.4042812344842
7007,44.87305964538116,330.13999999996634,607.4163198639814
7008,44.87305964538116,330.1599999999663,607.4283579075981
7009,44.87305964538116,330.1799999999663,607.4403953653419
7010,44.87305964538116,330.1999999999663,607.4524322372205
7011,44.87305964538116,330.21999999996626,607.4644685232412
7012,44.87305964538116,330.23999999996624,607.4765042234117
7013,44.87305964538116,330.2599999999662,607.4885393377394
7014,44.87305964538116,330.2799999999662,607.500573866232
7015,44.87305964538116,330.2999999999662,607.512607808897
7016,44.87305964538116,330.31999999996617,607.5246411657419
7017,44.87305964538116,330.33999999996615,607.5366739367742
7018,44.87305964538116,330.35999999996613,607.5487061220014
7019,44.87305964538116,330.3799999999661,607.5607377214311
7020,44.87305964538116,330.3999999999661,607.5727687350708
7021,44.87305964538116,330.4199999999661,607.5847991629281
7022,44.87305964538116,330.43999999996606,607.5968290050105
7023,44.87305964538116,330.45999999996604,607.6088582613254
7024,44.87305964538116,330.479999999966,607.6208869318805
7025,44.87305964538116,330.499999999966,607.6329150166832
7026,44.87305964538116,330.519999999966,607.6449425157411
7027,44.87305964538116,330.53999999996597,607.6569694290619
7028,44.87305964538116,330.55999999996595,607.6689957566527
7029,44.87305964538116,330.57999999996593,607.681021498687
7030,44.87305964538116,330.5999999999659,607.6930466579986
7031,44.87305964538116,330.6199999999659,607.7050712359319
7032,44.87305964538116,330.6399999999659,607.7170952324941
7033,44.87305964538116,330.65999999996586,607.7291186476926
7034,44.87305964538116,330.67999999996584,607.7411414815349
7035,44.87305964538116,330.6999999999658,607.7531637340281
7036,44.80011476351693,330.7199999999658,607.7651854051799
7037,44.80011476351693,330.7399999999658,607.7772064949975
7038,44.80011476351693,330.75999999996577,607.7892270034882
7039,44.80011476351693,330.77999999996575,607.8012469306595
7040,44.80011476351693,330.79999999996573,607.8132662765188
7041,44.80011476351693,330.8199999999657,607.8252850410734
7042,44.80011476351693,330.8399999999657,607.8373032243306
7043,44.80011476351693,330.8599999999657,607.8493208262979
7044,44.80011476351693,330.87999999996566,607.8613378469827
7045,44.80011476351693,330.89999999996564,607.8733542863922
7046,44.80011476351693,330.9199999999656,607.8853701445339
7047,44.80011476351693,330.9399999999656,607.8973854214152
7048,44.80011476351693,330.9599999999656,607.9094001170432
7049,44.80011476351693,330.97999999996557,607.9214142314255
7050,44.80011476351693,330.99999999996555,607.9334277645695
7051,44.80011476351693,331.01999999996553,607.9454407164824
7052,44.80011476351693,331.0399999999655,607.9574530871716
7053,44.80011476351693,331.0599999999655,607.9694648766446
7054,44.80011476351693,331.0799999999655,607.9814760849085
7055,44.80011476351693,331.09999999996546,607.993486711971
7056,44.80011476351693,331.11999999996544,608.0054967578392
7057,44.80011476351693,331.1399999999654,608.0175062225205
7058,44.80011476351693,331.1599999999654,608.0295151060224
7059,44.80011476351693,331.1799999999654,608.0415234083521
7060,44.80011476351693,331.19999999996537,608.053531129517
7061,44.80011476351693,331.21999999996535,608.0655382695244
7062,44.80011476351693,331.23999999996533,608.0775448283817
7063,44.80011476351693,331.2599999999653,608.0895508060963
7064,44.80011476351693,331.2799999999653,608.1015562026756
7065,44.80011476351693,331.2999999999653,608.1135610181268
7066,44.80011476351693,331.31999999996526,608.1255652524574
7067,44.80011476351693,331.33999999996524,608.1375689056746
7068,44.80011476351693,331.3599999999652,608.1495719777859
7069,44.80011476351693,331.3799999999652,608.1615744687984
7070,44.80011476351693,331.3999999999652,608.1735763787198
7071,44.80011476351693,331.41999999996517,608.1855777075571
7072,44.80011476351693,331.43999999996515,608.1975784553179
7073,44.80011476351693,331.45999999996513,608.2095786220094
7074,44.80011476351693,331.4799999999651,608.221578207639
7075,44.80011476351693,331.4999999999651,608.2335772122141
7076,44.80011476351693,331.5199999999651,608.245575635742
7077,44.80011476351693,331.53999999996506,608.2575734782299
7078,44.80011476351693,331.55999999996504,608.2695707396853
7079,44.80011476351693,331.579999999965,608.2815674201155
7080,44.80011476351693,331.599999999965,608.2935635197357
7081,44.80011476351693,331.619999999965,608.305559041461
7082,44.80011476351693,331.63999999996497,608.3175539863364
7083,44.80011476351693,331.65999999996495,608.3295483543689
7084,44.80011476351693,331.67999999996493,608.3415421455658
7085,44.80011476351693,331.6999999999649,608.3535353599342
7086,44.80011476351693,331.7199999999649,608.3655279974814
7087,44.80011476351693,331.7399999999649,608.3775200582145
7088,44.80011476351693,331.75999999996486,608.3895115421407
7089,44.80011476351693,331.77999999996484,608.4015024492672
7090,44.80011476351693,331.7999999999648,608.4134927796013
7091,44.80011476351693,331.8199999999648,608.42548253315
7092,44.80011476351693,331.8399999999648,608.4374717099206
7093,44.80011476351693,331.85999999996477,608.4494603099203
7094,44.80011476351693,331.87999999996475,608.4614483331561
7095,44.80011476351693,331.89999999996473,608.4734357796353
7096,44.80011476351693,331.9199999999647,608.4854226493652
7097,44.80011476351693,331.9399999999647,608.4974089423528
7098,44.80011476351693,331.9599999999647,608.5093946586053
7099,44.80011476351693,331.97999999996466,608.5213797981299
7100,44.80011476351693,331.99999999996464,608.5333643609339
7101,44.80011476351693,332.0199999999646,608.5453483470244
7102,44.80011476351693,332.0399999999646,608.5573317564085
7103,44.80011476351693,332.0599999999646,608.5693145890934
7104,44.80011476351693,332.07999999996457,608.5812968450864
7105,44.80011476351693,332.09999999996455,608.5932785243946
7106,44.80011476351693,332.11999999996453,608.6052596270251
7107,44.80011476351693,332.1399999999645,608.6172401529851
7108,44.80011476351693,332.1599999999645,608.6292201022818
7109,44.80011476351693,332.1799999999645,608.6411994749224
7110,44.80011476351693,332.19999999996446,608.653178270914
7111,44.80011476351693,332.21999999996444,608.6651564902639
7112,44.80011476351693,332.2399999999644,608.6771341329792
7113,44.80011476351693,332.2599999999644,608.6891111990669
7114,44.80011476351693,332.2799999999644,608.7010876885344
7115,44.80011476351693,332.29999999996437,608.7130636013887
7116,44.80011476351693,332.31999999996435,608.7250389376371
7117,44.80011476351693,332.33999999996433,608.7370136972868
7118,44.80011476351693,332.3599999999643,608.7489878803448
7119,44.80011476351693,332.3799999999643,608.7609614868182
7120,44.80011476351693,332.3999999999643,608.7729345167145
7121,44.80011476351693,332.41999999996426,608.7849069700405
7122,44.80011476351693,332.43999999996424,608.7968788468036
7123,44.80011476351693,332.4599999999642,608.8088501470108
7124,44.80011476351693,332.4799999999642,608.8208208706694
7125,44.80011476351693,332.4999999999642,608.8327910177865
7126,44.80011476351693,332.51999999996417,608.8447605883692
7127,44.80011476351693,332.53999999996415,608.8567295824248
7128,44.80011476351693,332.55999999996413,608.8686979999603
7129,44.80011476351693,332.5799999999641,608.8806658409829
7130,44.80011476351693,332.5999999999641,608.8926331054998
7131,44.80011476351693,332.6199999999641,608.9045997937812
7132,44.80011476351693,332.63999999996406,608.9165659090139
7133,44.80011476351693,332.65999999996404,608.928531452017
7134,44.80011476351693,332.679999999964,608.9404964227973
7135,44.80011476351693,332.699999999964,608.9524608213621
7136,44.80011476351693,332.719999999964,608.9644246477184
7137,44.80011476351693,332.73999999996397,608.9763879018731
7138,44.80011476351693,332.75999999996395,608.9883505838333
7139,44.80011476351693,332.77999999996393,609.0003126936059
7140,44.80011476351693,332.7999999999639,609.012274231198
7141,44.80011476351693,332.8199999999639,609.0242351966167
7142,44.80011476351693,332.8399999999639,609.036195589869
7143,44.80011476351693,332.85999999996386,609.0481554109617
7144,44.80011476351693,332.87999999996384,609.0601146599022
7145,44.80011476351693,332.8999999999638,609.0720733366973
7146,44.80011476351693,332.9199999999638,609.0840314413539
7147,44.80011476351693,332.9399999999638,609.0959889738792
7148,44.80011476351693,332.95999999996377,609.1079459342802
7149,44.80011476351693,332.97999999996375,609.1199023225639
7150,44.80011476351693,332.99999999996373,609.1318581387372
7151,44.80011476351693,333.0199999999637,609.1438133828073
7152,44.80011476351693,333.0399999999637,609.155768054781
7153,44.80011476351693,333.0599999999637,609.1677221546655
7154,44.72736729762933,333.07999999996366,609.1796756824677
7155,44.72736729762933,333.09999999996364,609.1916286381947
7156,44.72736729762933,333.1199999999636,609.2035810218534
7157,44.72736729762933,333.1399999999636,609.2155328334509
7158,44.72736729762933,333.1599999999636,609.2274840729941
7159,44.72736729762933,333.17999999996357,609.2394347404901
7160,44.72736729762933,333.19999999996355,609.2513848359458
7161,44.72736729762933,333.21999999996353,609.2633343593684
7162,44.72736729762933,333.2399999999635,609.2752833107647
7163,44.72736729762933,333.2599999999635,609.2872316901419
7164,44.72736729762933,333.2799999999635,609.2991794975069
7165,44.72736729762933,333.29999999996346,609.3111267328667
7166,44.72736729762933,333.31999999996344,609.3230733962282
7167,44.72736729762933,333.3399999999634,609.3350194875985
7168,44.72736729762933,333.3599999999634,609.3469650069846
7169,44.72736729762933,333.3799999999634,609.3589099543937
7170,44.72736729762933,333.39999999996337,609.3708543298324
7171,44.72736729762933,333.41999999996335,609.3827981333079
7172,44.72736729762933,333.43999999996333,609.3947413648273
7173,44.72736729762933,333.4599999999633,609.4066840243974
7174,44.72736729762933,333.4799999999633,609.4186261120252
7175,44.72736729762933,333.4999999999633,609.4305676277179
7176,44.72736729762933,333.51999999996326,609.4425085714823
7177,44.72736729762933,333.53999999996324,609.4544489433256
7178,44.72736729762933,333.5599999999632,609.4663887432546
7179,44.72736729762933,333.5799999999632,609.4783279712763
7180,44.72736729762933,333.5999999999632,609.4902666273977
7181,44.72736729762933,333.61999999996317,609.5022047116258
7182,44.72736729762933,333.63999999996315,609.5141422242675
7183,44.72736729762933,333.65999999996313,609.5260791685653
7184,44.72736729762933,333.6799999999631,609.538015545063
7185,44.72736729762933,333.6999999999631,609.5499513537676
7186,44.72736729762933,333.7199999999631,609.5618865946859
7187,44.72736729762933,333.73999999996306,609.5738212678248
7188,44.72736729762933,333.75999999996304,609.585755373191
7189,44.72736729762933,333.779999999963,609.5976889107915
7190,44.72736729762933,333.799999999963,609.6096218806331
7191,44.72736729762933,333.819999999963,609.6215542827226
7192,44.72736729762933,333.83999999996297,609.633486117067
7193,44.72736729762933,333.85999999996295,609.645417383673
7194,44.72736729762933,333.87999999996293,609.6573480825475
7195,44.72736729762933,333.8999999999629,609.6692782136975
7196,44.72736729762933,333.9199999999629,609.6812077771295
7197,44.72736729762933,333.9399999999629,609.6931367728507
7198,44.72736729762933,333.95999999996286,609.7050652008678
7199,44.72736729762933,333.97999999996284,609.7169930611876
7200,44.72736729762933,333.9999999999628,609.728920353817
7201,44.72736729762933,334.0199999999628,609.7408470787628
7202,44.72736729762933,334.0399999999628,609.752773236032
7203,44.72736729762933,334.05999999996277,609.7646988256313
7204,44.72736729762933,334.07999999996275,609.7766238475675
7205,44.72736729762933,334.09999999996273,609.7885483018475
7206,44.72736729762933,334.1199999999627,609.8004721884782
7207,44.72736729762933,334.1399999999627,609.8123955074664
7208,44.72736729762933,334.1599999999627,609.8243182588188
7209,44.72736729762933,334.17999999996266,609.8362404425425
7210,44.72736729762933,334.19999999996264,609.8481620586441
7211,44.72736729762933,334.2199999999626,609.8600831071305
7212,44.72736729762933,334.2399999999626,609.8720035880087
7213,44.72736729762933,334.2599999999626,609.8839235012854
7214,44.72736729762933,334.27999999996257,609.8958428469674
7215,44.72736729762933,334.29999999996255,609.9077616250615
7216,44.72736729762933,334.31999999996253,609.9196798355747
7217,44.72736729762933,334.3399999999625,609.9315974785137
7218,44.72736729762933,334.3599999999625,609.9435145538854
7219,44.72736729762933,334.3799999999625,609.9554310616966
7220,44.72736729762933,334.39999999996246,609.9673470019541
7221,44.72736729762933,334.41999999996244,609.9792623746648
7222,44.72736729762933,334.4399999999624,609.9911771798355
7223,44.72736729762933,334.4599999999624,610.0030914174462
7224,44.72736729762933,334.4799999999624,610.0150050870858
7225,44.72736729762933,334.49999999996237,610.0269181885848
7226,44.72736729762933,334.51999999996235,610.0388307219496
7227,44.72736729762933,334.53999999996233,610.0507426871868
7228,44.72736729762933,334.5599999999623,610.062654084303
7229,44.72736729762933,334.5799999999623,610.0745649133044
7230,44.72736729762933,334.5999999999623,610.0864751741976
7231,44.72736729762933,334.61999999996226,610.0983848669892
7232,44.72736729762933,334.63999999996224,610.1102939916857
7233,44.72736729762933,334.6599999999622,610.1222025486835
7234,44.72736729762933,334.6799999999622,610.1341105414201
7235,44.72736729762933,334.6999999999622,610.1460179702398
7236,44.72736729762933,334.71999999996217,610.1579248351488
7237,44.72736729762933,334.73999999996215,610.1698311361537
7238,44.72736729762933,334.75999999996213,610.1817368732607
7239,44.72736729762933,334.7799999999621,610.193642046476
7240,44.72736729762933,334.7999999999621,610.2055466558062
7241,44.72736729762933,334.8199999999621,610.2174507012573
7242,44.72736729762933,334.83999999996206,610.2293541828359
7243,44.72736729762933,334.85999999996204,610.2412571005482
7244,44.72736729762933,334.879999999962,610.2531594544005
7245,44.72736729762933,334.899999999962,610.2650612443991
7246,44.72736729762933,334.919999999962,610.2769624705505
7247,44.72736729762933,334.93999999996197,610.2888631328609
7248,44.72736729762933,334.95999999996195,610.3007632313366
7249,44.72736729762933,334.97999999996193,610.3126627659841
7250,44.72736729762933,334.9999999999619,610.3245617368095
7251,44.72736729762933,335.0199999999619,610.3364601438193
7252,44.72736729762933,335.0399999999619,610.3483579870197
7253,44.72736729762933,335.05999999996186,610.360255266417
7254,44.72736729762933,335.07999999996184,610.3721519820175
7255,44.72736729762933,335.0999999999618,610.3840481338276
7256,44.72736729762933,335.1199999999618,610.3959437218537
7257,44.72736729762933,335.1399999999618,610.4078387461019
7258,44.72736729762933,335.15999999996177,610.4197332065787
7259,44.72736729762933,335.17999999996175,610.4316271032903
7260,44.72736729762933,335.19999999996173,610.4435204362431
7261,44.72736729762933,335.2199999999617,610.4554132054434
7262,44.72736729762933,335.2399999999617,610.4673054108974
7263,44.72736729762933,335.2599999999617,610.4791970526117
7264,44.72736729762933,335.27999999996166,610.4910881305922
7265,44.72736729762933,335.29999999996164,610.5029786448455
7266,44.72736729762933,335.3199999999616,610.5148685953778
7267,44.72736729762933,335.3399999999616,610.5267579821955
7268,44.72736729762933,335.3599999999616,610.5386468053048
7269,44.72736729762933,335.37999999996157,610.550535064712
7270,44.72736729762933,335.39999999996155,610.5624227604235
7271,44.72736729762933,335.41999999996153,610.5743098924456
7272,44.72736729762933,335.4399999999615,610.5861964607847
7273,44.72736729762933,335.4599999999615,610.5980824654469
7274,44.72736729762933,335.4799999999615,610.6099679064386
7275,44.72736729762933,335.49999999996146,610.621852783766
7276,44.65481650053377,335.51999999996144,610.6337370974355
7277,44.65481650053377,335.5399999999614,610.6456208474534
7278,44.65481650053377,335.5599999999614,610.6575040338261
7279,44.65481650053377,335.5799999999614,610.6693866565597
7280,44.65481650053377,335.59999999996137,610.6812687156606
7281,44.65481650053377,335.61999999996135,610.6931502111352
7282,44.65481650053377,335.63999999996133,610.7050311429896
7283,44.65481650053377,335.6599999999613,610.7169115112301
7284,44.65481650053377,335.6799999999613,610.7287913164708
7285,44.65481650053377,335.6999999999613,610.7406705618126
7286,44.65481650053377,335.71999999996126,610.752549247538
7287,44.65481650053377,335.73999999996124,610.7644273736532
7288,44.65481650053377,335.7599999999612,610.7763049401644
7289,44.65481650053377,335.7799999999612,610.7881819470778
7290,44.65481650053377,335.7999999999612,610.8000583943995
7291,44.65481650053377,335.81999999996117,610.8119342821357
7292,44.65481650053377,335.83999999996115,610.8238096102926
7293,44.65481650053377,335.85999999996113,610.8356843788766
7294,44.65481650053377,335.8799999999611,610.8475585878937
7295,44.65481650053377,335.8999999999611,610.85943223735
7296,44.65481650053377,335.9199999999611,610.8713053272519
7297,44.65481650053377,335.93999999996106,610.8831778576055
7298,44.65481650053377,335.95999999996104,610.8950498284169
7299,44.65481650053377,335.979999999961,610.9069212396923
7300,44.65481650053377,335.999999999961,610.9187920914381
7301,44.65481650053377,336.019999999961,610.9306623836603
7302,44.65481650053377,336.03999999996097,610.9425321163651
7303,44.65481650053377,336.05999999996095,610.9544012895587
7304,44.65481650053377,336.07999999996093,610.9662699032473
7305,44.65481650053377,336.0999999999609,610.978137957437
7306,44.65481650053377,336.1199999999609,610.990005452134
7307,44.65481650053377,336.1399999999609,611.0018723873446
7308,44.65481650053377,336.15999999996086,611.0137387630749
7309,44.65481650053377,336.17999999996084,611.025604579331
7310,44.65481650053377,336.1999999999608,611.0374698361192
7311,44.65481650053377,336.2199999999608,611.0493345334455
7312,44.65481650053377,336.2399999999608,611.0611986713163
7313,44.65481650053377,336.25999999996077,611.0730622497377
7314,44.65481650053377,336.27999999996075,611.0849252687159
7315,44.65481650053377,336.29999999996073,611.0967877282569
7316,44.65481650053377,336.3199999999607,611.1086496283671
7317,44.65481650053377,336.3399999999607,611.1205109690525
7318,44.65481650053377,336.3599999999607,611.1323717503194
7319,44.65481650053377,336.37999999996066,611.1442319721739
7320,44.65481650053377,336.39999999996064,611.1560916346222
7321,44.65481650053377,336.4199999999606,611.1679507376704
7322,44.65481650053377,336.4399999999606,611.1798092813248
7323,44.65481650053377,336.4599999999606,611.1916672655914
7324,44.65481650053377,336.47999999996057,611.2035246904765
7325,44.65481650053377,336.49999999996055,611.2153815559861
7326,44.65481650053377,336.51999999996053,611.2272378621267
7327,44.65481650053377,336.5399999999605,611.2390936089042
7328,44.65481650053377,336.5599999999605,611.2509487963248
7329,44.65481650053377,336.5799999999605,611.2628034243946
7330,44.65481650053377,336.59999999996046,611.27465749312
7331,44.65481650053377,336.61999999996044,611.2865110025069
7332,44.65481650053377,336.6399999999604,611.2983639525617
7333,44.65481650053377,336.6599999999604,611.3102163432903
7334,44.65481650053377,336.6799999999604,611.3220681746991
7335,44.65481650053377,336.69999999996037,611.3339194476425
7336,44.65481650053377,336.71999999996035,611.345770165055
7337,44.65481650053377,336.73999999996033,611.3576203271735
7338,44.65481650053377,336.7599999999603,611.3694699340043
7339,44.65481650053377,336.7799999999603,611.3813189855532
7340,44.65481650053377,336.7999999999603,611.3931674818263
7341,44.65481650053377,336.81999999996026,611.4050154228294
7342,44.65481650053377,336.83999999996024,611.4168628085687
7343,44.65481650053377,336.8599999999602,611.4287096390501
7344,44.65481650053377,336.8799999999602,611.4405559142797
7345,44.65481650053377,336.8999999999602,611.4524016342634
7346,44.65481650053377,336.91999999996017,611.4642467990072
7347,44.65481650053377,336.93999999996015,611.4760914085173
7348,44.65481650053377,336.95999999996013,611.4879354627994
7349,44.65481650053377,336.9799999999601,611.4997789618598
7350,44.65481650053377,336.9999999999601,611.5116219057041
7351,44.65481650053377,337.0199999999601,611.5234642943387
7352,44.65481650053377,337.03999999996006,611.5353061277694
7353,44.65481650053377,337.05999999996004,611.5471474060023
7354,44.65481650053377,337.07999999996,611.5589881290432
7355,44.65481650053377,337.09999999996,611.5708282968983
7356,44.65481650053377,337.11999999996,611.5826679095735
7357,44.65481650053377,337.13999999995997,611.5945069670747
7358,44.65481650053377,337.15999999995995,611.6063454694081
7359,44.65481650053377,337.17999999995993,611.6181834165795
7360,44.65481650053377,337.1999999999599,611.630020808595
7361,44.65481650053377,337.2199999999599,611.6418576454605
7362,44.65481650053377,337.2399999999599,611.6536939271821
7363,44.65481650053377,337.25999999995986,611.6655296537657
7364,44.65481650053377,337.27999999995984,611.6773648252173
7365,44.65481650053377,337.2999999999598,611.6891994415429
7366,44.65481650053377,337.3199999999598,611.7010335027485
7367,44.65481650053377,337.3399999999598,611.7128670088401
7368,44.65481650053377,337.35999999995977,611.7246999598237
7369,44.65481650053377,337.37999999995975,611.7365323557052
7370,44.65481650053377,337.39999999995973,611.7483641964907
7371,44.65481650053377,337.4199999999597,611.7601954821861
7372,44.65481650053377,337.4399999999597,611.7720262127973
7373,44.65481650053377,337.4599999999597,611.7838563883304
7374,44.65481650053377,337.47999999995966,611.7956860087913
7375,44.65481650053377,337.49999999995964,611.8075150741861
7376,44.65481650053377,337.5199999999596,611.8193435845207
7377,44.65481650053377,337.5399999999596,611.8311715398011
7378,44.65481650053377,337.5599999999596,611.8429989400332
7379,44.65481650053377,337.57999999995957,611.8548257852232
7380,44.65481650053377,337.59999999995955,611.8666520753768
7381,44.65481650053377,337.61999999995953,611.8784778105002
7382,44.65481650053377,337.6399999999595,611.8903029905991
7383,44.65481650053377,337.6599999999595,611.9021276156798
7384,44.65481650053377,337.6799999999595,611.913951685748
7385,44.65481650053377,337.69999999995946,611.9257752008098
7386,44.65481650053377,337.71999999995944,611.9375981619644
7387,44.65481650053377,337.7399999999594,611.9494205719781
7388,44.65481650053377,337.7599999999594,611.9612424310419
7389,44.65481650053377,337.7799999999594,611.9730637391618
7390,44.65481650053377,337.79999999995937,611.9848844963436
7391,44.65481650053377,337.81999999995935,611.9967047025931
7392,44.65481650053377,337.83999999995933,612.0085243579161
7393,44.65481650053377,337.8599999999593,612.0203434623187
7394,44.65481650053377,337.8799999999593,612.0321620158065
7395,44.582461628677734,337.8999999999593,612.0439800183855
7396,44.582461628677734,337.91999999995926,612.0557974700614
7397,44.582461628677734,337.93999999995924,612.0676143708403
7398,44.582461628677734,337.9599999999592,612.0794307207278
7399,44.582461628677734,337.9799999999592,612.0912465197299
7400,44.582461628677734,337.9999999999592,612.1030617678524
7401,44.582461628677734,338.01999999995917,612.1148764651011
7402,44.582461628677734,338.03999999995915,612.1266906114819
7403,44.582461628677734,338.05999999995913,612.1385042070006
7404,44.582461628677734,338.0799999999591,612.1503172516631
7405,44.582461628677734,338.0999999999591,612.1621297454752
7406,44.582461628677734,338.1199999999591,612.1739416884428
7407,44.582461628677734,338.13999999995906,612.1857530805718
7408,44.582461628677734,338.15999999995904,612.1975639218679
7409,44.582461628677734,338.179999999959,612.2093742123369
7410,44.582461628677734,338.199999999959,612.2211839519848
7411,44.582461628677734,338.219999999959,612.2329931408174
7412,44.582461628677734,338.23999999995897,612.2448017788404
7413,44.582461628677734,338.25999999995895,612.2566098660598
7414,44.582461628677734,338.27999999995893,612.2684174024814
7415,44.582461628677734,338.2999999999589,612.280224388111
7416,44.582461628677734,338.3199999999589,612.2920308229545
7417,44.582461628677734,338.3399999999589,612.3038367070177
7418,44.582461628677734,338.35999999995886,612.3156420403064
7419,44.582461628677734,338.37999999995884,612.3274468228266
7420,44.582461628677734,338.3999999999588,612.3392510545839
7421,44.582461628677734,338.4199999999588,612.3510547355843
7422,44.582461628677734,338.4399999999588,612.3628578658335
7423,44.582461628677734,338.45999999995877,612.3746604453374
7424,44.582461628677734,338.47999999995875,612.3864624741019
7425,44.582461628677734,338.49999999995873,612.3982639521328
7426,44.582461628677734,338.5199999999587,612.4100648794358
7427,44.582461628677734,338.5399999999587,612.4218652560169
7428,44.582461628677734,338.5599999999587,612.4336650818818
7429,44.582461628677734,338.57999999995866,612.4454643570364
7430,44.582461628677734,338.59999999995864,612.4572630814865
7431,44.582461628677734,338.6199999999586,612.469061255238
7432,44.582461628677734,338.6399999999586,612.4808588782965
7433,44.582461628677734,338.6599999999586,612.4926559506681
7434,44.582461628677734,338.67999999995857,612.5044524723585
7435,44.582461628677734,338.69999999995855,612.5162484433736
7436,44.582461628677734,338.71999999995853,612.5280438637191
7437,44.582461628677734,338.7399999999585,612.5398387346759
7438,44.582461628677734,338.7599999999585,612.551633058711
7439,44.582461628677734,338.7799999999585,612.5634268359619
7440,44.582461628677734,338.79999999995846,612.5752200664342
7441,44.582461628677734,338.81999999995844,612.5870127501337
7442,44.582461628677734,338.8399999999584,612.598804887066
7443,44.582461628677734,338.8599999999584,612.6105964772368
7444,44.582461628677734,338.8799999999584,612.6223875206517
7445,44.582461628677734,338.89999999995837,612.6341780173166
7446,44.582461628677734,338.91999999995835,612.6459679672371
7447,44.582461628677734,338.93999999995833,612.6577573704188
7448,44.582461628677734,338.9599999999583,612.6695462268675
7449,44.582461628677734,338.9799999999583,612.6813345365888
7450,44.582461628677734,338.9999999999583,612.6931222995884
7451,44.582461628677734,339.01999999995826,612.7049095158719
7452,44.582461628677734,339.03999999995824,612.7166961854451
7453,44.582461628677734,339.0599999999582,612.7284823083138
7454,44.582461628677734,339.0799999999582,612.7402678844835
7455,44.582461628677734,339.0999999999582,612.7520529139599
7456,44.582461628677734,339.11999999995817,612.7638373967487
7457,44.582461628677734,339.13999999995815,612.7756213328556
7458,44.582461628677734,339.15999999995813,612.7874047222862
7459,44.582461628677734,339.1799999999581,612.7991875650462
7460,44.582461628677734,339.1999999999581,612.8109698611413
7461,44.582461628677734,339.2199999999581,612.8227516105773
7462,44.582461628677734,339.23999999995806,612.8345328133596
7463,44.582461628677734,339.25999999995804,612.8463134694941
7464,44.582461628677734,339.279999999958,612.8580935789864
7465,44.582461628677734,339.299999999958,612.8698731418423
7466,44.582461628677734,339.319999999958,612.8816521580673
7467,44.582461628677734,339.33999999995797,612.893430627667
7468,44.582461628677734,339.35999999995795,612.9052085506473
7469,44.582461628677734,339.37999999995793,612.9169859270138
7470,44.582461628677734,339.3999999999579,612.9287627567721
7471,44.582461628677734,339.4199999999579,612.940539039928
7472,44.582461628677734,339.4399999999579,612.952314776487
7473,44.582461628677734,339.45999999995786,612.9640899664548
7474,44.582461628677734,339.47999999995784,612.9758646098372
7475,44.582461628677734,339.4999999999578,612.9876387066398
7476,44.582461628677734,339.5199999999578,612.9994122568683
7477,44.582461628677734,339.5399999999578,613.0111852605282
7478,44.582461628677734,339.55999999995777,613.0229577176253
7479,44.582461628677734,339.57999999995775,613.0347296281653
7480,44.582461628677734,339.59999999995773,613.0465009921538
7481,44.582461628677734,339.6199999999577,613.0582718095965
7482,44.582461628677734,339.6399999999577,613.070042080499
7483,44.582461628677734,339.6599999999577,613.0818118048669
7484,44.582461628677734,339.67999999995766,613.093580982706
7485,44.582461628677734,339.69999999995764,613.105349614022
7486,44.582461628677734,339.7199999999576,613.1171176988204
7487,44.582461628677734,339.7399999999576,613.1288852371069
7488,44.582461628677734,339.7599999999576,613.1406522304275
7489,44.582461628677734,339.77999999995757,613.1524186811225
7490,44.582461628677734,339.79999999995755,613.1641845892858
7491,44.582461628677734,339.81999999995753,613.1759499549229
7492,44.582461628677734,339.8399999999575,613.1877147780393
7493,44.582461628677734,339.8599999999575,613.1994790586406
7494,44.582461628677734,339.8799999999575,613.2112427967321
7495,44.582461628677734,339.89999999995746,613.2230059923196
7496,44.582461628677734,339.91999999995744,613.2347686454084
7497,44.582461628677734,339.9399999999574,613.2465307560042
7498,44.582461628677734,339.9599999999574,613.2582923241124
7499,44.582461628677734,339.9799999999574,613.2700533497385
7500,44.582461628677734,339.99999999995737,613.2818138328881
7501,44.582461628677734,340.01999999995735,613.2935737735667
7502,44.582461628677734,340.03999999995733,613.3053331717797
7503,44.582461628677734,340.0599999999573,613.3170920275328
7504,44.582461628677734,340.0799999999573,613.3288503408313
7505,44.582461628677734,340.0999999999573,613.3406081116809
7506,44.582461628677734,340.11999999995726,613.3523653400871
7507,44.582461628677734,340.13999999995724,613.3641220260553
7508,44.582461628677734,340.1599999999572,613.375878169591
7509,44.582461628677734,340.1799999999572,613.3876337706998
7510,44.582461628677734,340.1999999999572,613.3993888293872
7511,44.582461628677734,340.21999999995717,613.4111433456587
7512,44.582461628677734,340.23999999995715,613.4228973195198
7513,44.582461628677734,340.25999999995713,613.4346507509761
7514,44.51030194211914,340.2799999999571,613.4464036400329
7515,44.51030194211914,340.2999999999571,613.4581559866959
7516,44.51030194211914,340.3199999999571,613.4699077909705
7517,44.51030194211914,340.33999999995706,613.4816590528623
7518,44.51030194211914,340.35999999995704,613.4934097723766
7519,44.51030194211914,340.379999999957,613.5051599495191
7520,44.51030194211914,340.399999999957,613.5169095842953
7521,44.51030194211914,340.419999999957,613.5286586767105
7522,44.51030194211914,340.43999999995697,613.5404072267704
7523,44.51030194211914,340.45999999995695,613.5521552344806
7524,44.51030194211914,340.47999999995693,613.5639026998463
7525,44.51030194211914,340.4999999999569,613.5756496228731
7526,44.51030194211914,340.5199999999569,613.5873960035667
7527,44.51030194211914,340.5399999999569,613.5991418419324
7528,44.51030194211914,340.55999999995686,613.6108871379757
7529,44.51030194211914,340.57999999995684,613.6226318917022
7530,44.51030194211914,340.5999999999568,613.6343761031173
7531,44.51030194211914,340.6199999999568,613.6461197722266
7532,44.51030194211914,340.6399999999568,613.6578628990355
7533,44.51030194211914,340.65999999995677,613.6696054835495
7534,44.51030194211914,340.67999999995675,613.6813475257742
7535,44.51030194211914,340.69999999995673,613.6930890257149
7536,44.51030194211914,340.7199999999567,613.7048299833773
7537,44.51030194211914,340.7399999999567,613.7165703987667
7538,44.51030194211914,340.7599999999567,613.7283102718887
7539,44.51030194211914,340.77999999995666,613.7400496044444
7540,44.51030194211914,340.79999999995664,613.7517883984921
7541,44.51030194211914,340.8199999999566,613.7635266540767
7542,44.51030194211914,340.8399999999566,613.7752643712038
7543,44.51030194211914,340.8599999999566,613.7870015498786
7544,44.51030194211914,340.87999999995657,613.7987381901066
7545,44.51030194211914,340.89999999995655,613.8104742918931
7546,44.51030194211914,340.91999999995653,613.8222098552434
7547,44.51030194211914,340.9399999999565,613.8339448801629
7548,44.51030194211914,340.9599999999565,613.8456793666569
7549,44.51030194211914,340.9799999999565,613.8574133147308
7550,44.51030194211914,340.99999999995646,613.86914672439
7551,44.51030194211914,341.01999999995644,613.8808795956397
7552,44.51030194211914,341.0399999999564,613.8926119284854
7553,44.51030194211914,341.0599999999564,613.9043437229324
7554,44.51030194211914,341.0799999999564,613.916074978986
7555,44.51030194211914,341.09999999995637,613.9278056966516
7556,44.51030194211914,341.11999999995635,613.9395358759346
7557,44.51030194211914,341.13999999995633,613.9512655168402
7558,44.51030194211914,341.1599999999563,613.9629946193738
7559,44.51030194211914,341.1799999999563,613.9747231835408
7560,44.51030194211914,341.1999999999563,613.9864512093466
7561,44.51030194211914,341.21999999995626,613.9981786967965
7562,44.51030194211914,341.23999999995624,614.0099056458957
7563,44.51030194211914,341.2599999999562,614.0216320566498
7564,44.51030194211914,341.2799999999562,614.0333579290639
7565,44.51030194211914,341.2999999999562,614.0450832631434
7566,44.51030194211914,341.31999999995617,614.0568080588937
7567,44.51030194211914,341.33999999995615,614.0685323163201
7568,44.51030194211914,341.35999999995613,614.0802560354281
7569,44.51030194211914,341.3799999999561,614.0919792162229
7570,44.51030194211914,341.3999999999561,614.1037018587098
7571,44.51030194211914,341.4199999999561,614.1154239628942
7572,44.51030194211914,341.43999999995606,614.1271455287814
7573,44.51030194211914,341.45999999995604,614.1388665563768
7574,44.51030194211914,341.479999999956,614.1505870456856
7575,44.51030194211914,341.499999999956,614.1623069967133
7576,44.51030194211914,341.519999999956,614.1740264094651
7577,44.51030194211914,341.53999999995597,614.1857452839465
7578,44.51030194211914,341.55999999995595,614.1974636201627
7579,44.51030194211914,341.57999999995593,614.2091814181191
7580,44.51030194211914,341.5999999999559,614.220898677821
7581,44.51030194211914,341.6199999999559,614.2326153992736
7582,44.51030194211914,341.6399999999559,614.2443315824825
7583,44.51030194211914,341.65999999995586,614.2560472274529
7584,44.51030194211914,341.67999999995584,614.26776233419
7585,44.51030194211914,341.6999999999558,614.2794769026993
7586,44.51030194211914,341.7199999999558,614.2911909329862
7587,44.51030194211914,341.7399999999558,614.3029044250559
7588,44.51030194211914,341.75999999995577,614.3146173789137
7589,44.51030194211914,341.77999999995575,614.32632979457
7590,44.51030194211914,341.79999999995573,614.3380416739865
7591,44.51030194211914,341.8199999999557,614.3497530190788
7592,44.51030194211914,341.8399999999557,614.361463829852
7593,44.51030194211914,341.8599999999557,614.3731741063115
7594,44.51030194211914,341.87999999995566,614.3848838484622
7595,44.51030194211914,341.89999999995564,614.3965930563095
7596,44.51030194211914,341.9199999999556,614.4083017298584
7597,44.51030194211914,341.9399999999556,614.4200098691142
7598,44.51030194211914,341.9599999999556,614.431717474082
7599,44.51030194211914,341.97999999995557,614.4434245447669
7600,44.51030194211914,341.99999999995555,614.4551310811742
7601,44.51030194211914,342.01999999995553,614.466837083309
7602,44.51030194211914,342.0399999999555,614.4785425511764
7603,44.51030194211914,342.0599999999555,614.4902474847817
7604,44.51030194211914,342.0799999999555,614.5019518841299
7605,44.51030194211914,342.09999999995546,614.5136557492262
7606,44.51030194211914,342.11999999995544,614.5253590800759
7607,44.51030194211914,342.1399999999554,614.537061876684
7608,44.51030194211914,342.1599999999554,614.5487641390557
7609,44.51030194211914,342.1799999999554,614.5604658671963
7610,44.51030194211914,342.19999999995537,614.5721670611108
7611,44.51030194211914,342.21999999995535,614.5838677208044
7612,44.51030194211914,342.23999999995533,614.5955678462822
7613,44.51030194211914,342.2599999999553,614.6072674375494
7614,44.51030194211914,342.2799999999553,614.6189664946112
7615,44.51030194211914,342.2999999999553,614.6306650174727
7616,44.51030194211914,342.31999999995526,614.642363006139
7617,44.51030194211914,342.33999999995524,614.6540604606154
7618,44.51030194211914,342.3599999999552,614.6657573809069
7619,44.51030194211914,342.3799999999552,614.6774537670188
7620,44.51030194211914,342.3999999999552,614.6891496189562
7621,44.51030194211914,342.41999999995517,614.7008449367243
7622,44.51030194211914,342.43999999995515,614.7125397203281
7623,44.51030194211914,342.45999999995513,614.7242339697729
7624,44.51030194211914,342.4799999999551,614.7359276850636
7625,44.51030194211914,342.4999999999551,614.7476208662057
7626,44.51030194211914,342.5199999999551,614.7593135132041
7627,44.51030194211914,342.53999999995506,614.771005626064
7628,44.51030194211914,342.55999999995504,614.7826972047907
7629,44.51030194211914,342.579999999955,614.7943882493892
7630,44.51030194211914,342.599999999955,614.8060787598646
7631,44.51030194211914,342.619999999955,614.8177687362221
7632,44.51030194211914,342.63999999995497,614.8294581784669
7633,44.51030194211914,342.65999999995495,614.841147086604
7634,44.43833670450497,342.67999999995493,614.8528354606386
7635,44.43833670450497,342.6999999999549,614.864523300576
7636,44.43833670450497,342.7199999999549,614.8762106064212
7637,44.43833670450497,342.7399999999549,614.8878973781793
7638,44.43833670450497,342.75999999995486,614.8995836158556
7639,44.43833670450497,342.77999999995484,614.9112693194551
7640,44.43833670450497,342.7999999999548,614.9229544890318
7641,44.43833670450497,342.8199999999548,614.9346391266469
7642,44.43833670450497,342.8399999999548,614.9463232339226
7643,44.43833670450497,342.85999999995477,614.958006810864
7644,44.43833670450497,342.87999999995475,614.9696898574763
7645,44.43833670450497,342.89999999995473,614.9813723737644
7646,44.43833670450497,342.9199999999547,614.9930543597335
7647,44.43833670450497,342.9399999999547,615.0047358153887
7648,44.43833670450497,342.9599999999547,615.0164167407349
7649,44.43833670450497,342.97999999995466,615.0280971357774
7650,44.43833670450497,342.99999999995464,615.0397770005212
7651,44.43833670450497,343.0199999999546,615.0514563349712
7652,44.43833670450497,343.0399999999546,615.0631351391327
7653,44.43833670450497,343.0599999999546,615.0748134130106
7654,44.43833670450497,343.07999999995457,615.0864911566101
7655,44.43833670450497,343.09999999995455,615.0981683699363
7656,44.43833670450497,343.11999999995453,615.109845052994
7657,44.43833670450497,343.1399999999545,615.1215212057886
7658,44.43833670450497,343.1599999999545,615.1331968283249
7659,44.43833670450497,343.1799999999545,615.1448719206082
7660,44.43833670450497,343.19999999995446,615.1565464826435
7661,44.43833670450497,343.21999999995444,615.1682205144358
7662,44.43833670450497,343.2399999999544,615.1798940159902
7663,44.43833670450497,343.2599999999544,615.1915669873117
7664,44.43833670450497,343.2799999999544,615.2032394284055
7665,44.43833670450497,343.29999999995437,615.2149113392766
7666,44.43833670450497,343.31999999995435,615.22658271993
7667,44.43833670450497,343.33999999995433,615.2382535703708
7668,44.43833670450497,343.3599999999543,615.2499238906042
7669,44.43833670450497,343.3799999999543,615.2615936806352
7670,44.43833670450497,343.3999999999543,615.2732629404687
7671,44.43833670450497,343.41999999995426,615.2849316701099
7672,44.43833670450497,343.43999999995424,615.2965998695639
7673,44.43833670450497,343.4599999999542,615.3082675388357
7674,44.43833670450497,343.4799999999542,615.3199346779303
7675,44.43833670450497,343.4999999999542,615.3316012868528
7676,44.43833670450497,343.51999999995417,615.3432673656083
7677,44.43833670450497,343.53999999995415,615.3549329142019
7678,44.43833670450497,343.55999999995413,615.3665979326385
7679,44.43833670450497,343.5799999999541,615.3782624209232
7680,44.43833670450497,343.5999999999541,615.3899263790612
7681,44.43833670450497,343.6199999999541,615.4015898070575
7682,44.43833670450497,343.63999999995406,615.413252704917
7683,44.43833670450497,343.65999999995404,615.4249150726449
7684,44.43833670450497,343.679999999954,615.4365769102462
7685,44.43833670450497,343.699999999954,615.448238217726
7686,44.43833670450497,343.719999999954,615.4598989950894
7687,44.43833670450497,343.73999999995397,615.4715592423413
7688,44.43833670450497,343.75999999995395,615.4832189594869
7689,44.43833670450497,343.77999999995393,615.4948781465312
7690,44.43833670450497,343.7999999999539,615.5065368034792
7691,44.43833670450497,343.8199999999539,615.5181949304289
7692,44.43833670450497,343.8399999999539,615.529852529621
7693,44.43833670450497,343.85999999995386,615.541509602461
7694,44.43833670450497,343.87999999995384,615.5531661489537
7695,44.43833670450497,343.8999999999538,615.5648221691039
7696,44.43833670450497,343.9199999999538,615.5764776629165
7697,44.43833670450497,343.9399999999538,615.5881326303966
7698,44.43833670450497,343.95999999995377,615.5997870715487
7699,44.43833670450497,343.97999999995375,615.6114409863779
7700,44.43833670450497,343.99999999995373,615.6230943748892
7701,44.43833670450497,344.0199999999537,615.6347472370873
7702,44.43833670450497,344.0399999999537,615.6463995729771
7703,44.43833670450497,344.0599999999537,615.6580513825635
7704,44.43833670450497,344.07999999995366,615.6697026658513
7705,44.43833670450497,344.09999999995364,615.6813534228456
7706,44.43833670450497,344.1199999999536,615.6930036535512
7707,44.43833670450497,344.1399999999536,615.7046533579728
7708,44.43833670450497,344.1599999999536,615.7163025361154
7709,44.43833670450497,344.17999999995357,615.727951187984
7710,44.43833670450497,344.19999999995355,615.7395993135832
7711,44.43833670450497,344.21999999995353,615.7512469129181
7712,44.43833670450497,344.2399999999535,615.7628939859934
7713,44.43833670450497,344.2599999999535,615.7745405328142
7714,44.43833670450497,344.2799999999535,615.7861865533852
7715,44.43833670450497,344.29999999995346,615.7978320477113
7716,44.43833670450497,344.31999999995344,615.8094770157974
7717,44.43833670450497,344.3399999999534,615.8211214576484
7718,44.43833670450497,344.3599999999534,615.832765373269
7719,44.43833670450497,344.3799999999534,615.8444087626643
7720,44.43833670450497,344.39999999995337,615.8560516258391
7721,44.43833670450497,344.41999999995335,615.8676939627982
7722,44.43833670450497,344.43999999995333,615.8793357735465
7723,44.43833670450497,344.4599999999533,615.8909770580889
7724,44.43833670450497,344.4799999999533,615.9026178164303
7725,44.43833670450497,344.4999999999533,615.9142580485754
7726,44.43833670450497,344.51999999995326,615.9258977545293
7727,44.43833670450497,344.53999999995324,615.9375369342968
7728,44.43833670450497,344.5599999999532,615.9491755878826
7729,44.43833670450497,344.5799999999532,615.9608137152917
7730,44.43833670450497,344.5999999999532,615.9724513165289
7731,44.43833670450497,344.61999999995317,615.9840883915992
7732,44.43833670450497,344.63999999995315,615.9957249405074
7733,44.43833670450497,344.65999999995313,616.0073609632583
7734,44.43833670450497,344.6799999999531,616.0189964598568
7735,44.43833670450497,344.6999999999531,616.0306314303077
7736,44.43833670450497,344.7199999999531,616.042265874616
7737,44.43833670450497,344.73999999995306,616.0538997927864
7738,44.43833670450497,344.75999999995304,616.0655331848238
7739,44.43833670450497,344.779999999953,616.0771660507332
7740,44.43833670450497,344.799999999953,616.0887983905194
7741,44.43833670450497,344.819999999953,616.1004302041871
7742,44.43833670450497,344.83999999995297,616.1120614918797
7743,44.43833670450497,344.85999999995295,616.1236922560411
7744,44.43833670450497,344.87999999995293,616.1353224978699
7745,44.43833670450497,344.8999999999529,616.1469522173709
7746,44.43833670450497,344.9199999999529,616.1585814145486
7747,44.43833670450497,344.9399999999529,616.170210089408
7748,44.43833670450497,344.95999999995286,616.1818382419536
7749,44.43833670450497,344.97999999995284,616.1934658721902
7750,44.43833670450497,344.9999999999528,616.2050929801226
7751,44.43833670450497,345.0199999999528,616.2167195657554
7752,44.43833670450497,345.0399999999528,616.2283456290934
7753,44.43833670450497,345.05999999995277,616.2399711701413
7754,44.36656518305003,345.07999999995275,616.2515961889038
7755,44.36656518305003,345.09999999995273,616.2632206853856
7756,44.36656518305003,345.1199999999527,616.2748446595914
7757,44.36656518305003,345.1399999999527,616.286468111526
7758,44.36656518305003,345.1599999999527,616.2980910411941
7759,44.36656518305003,345.17999999995266,616.3097134486004
7760,44.36656518305003,345.19999999995264,616.3213353337496
7761,44.36656518305003,345.2199999999526,616.3329566966465
7762,44.36656518305003,345.2399999999526,616.3445775372958
7763,44.36656518305003,345.2599999999526,616.356197855702
7764,44.36656518305003,345.27999999995257,616.36781765187
7765,44.36656518305003,345.29999999995255,616.3794369258046
7766,44.36656518305003,345.31999999995253,616.3910556775104
7767,44.36656518305003,345.3399999999525,616.402673906992
7768,44.36656518305003,345.3599999999525,616.4142916142544
7769,44.36656518305003,345.3799999999525,616.425908799302
7770,44.36656518305003,345.39999999995246,616.4375254621397
7771,44.36656518305003,345.41999999995244,616.4491416027721
7772,44.36656518305003,345.4399999999524,616.4607572212041
7773,44.36656518305003,345.4599999999524,616.4723723174402
7774,44.36656518305003,345.4799999999524,616.4839868914852
7775,44.36656518305003,345.49999999995237,616.4956009433438
7776,44.36656518305003,345.51999999995235,616.5072144730207
7777,44.36656518305003,345.53999999995233,616.5188274805206
7778,44.36656518305003,345.5599999999523,616.5304399658482
7779,44.36656518305003,345.5799999999523,616.5420519290083
7780,44.36656518305003,345.5999999999523,616.5536633700054
7781,44.36656518305003,345.61999999995226,616.5652742888444
7782,44.36656518305003,345.63999999995224,616.57688468553
7783,44.36656518305003,345.6599999999522,616.5884945600668
7784,44.36656518305003,345.6799999999522,616.6001039124595
7785,44.36656518305003,345.6999999999522,616.6117127427129
7786,44.36656518305003,345.71999999995217,616.6233210508317
7787,44.36656518305003,345.73999999995215,616.6349288368204
7788,44.36656518305003,345.75999999995213,616.646536100684
7789,44.36656518305003,345.7799999999521,616.658142842427
7790,44.36656518305003,345.7999999999521,616.669749062054
7791,44.36656518305003,345.8199999999521,616.68135475957
7792,44.36656518305003,345.83999999995206,616.6929599349795
7793,44.36656518305003,345.85999999995204,616.7045645884618
7794,44.36656518305003,345.879999999952,616.7161687225208
7795,44.36656518305003,345.899999999952,616.7277723380886
7796,44.36656518305003,345.919999999952,616.7393754351698
7797,44.36656518305003,345.93999999995197,616.7509780137689
7798,44.36656518305003,345.95999999995195,616.7625800738905
7799,44.36656518305003,345.97999999995193,616.7741816155392
7800,44.36656518305003,345.9999999999519,616.7857826387195
7801,44.36656518305003,346.0199999999519,616.797383143436
7802,44.36656518305003,346.0399999999519,616.8089831296934
7803,44.36656518305003,346.05999999995186,616.820582597496
7804,44.36656518305003,346.07999999995184,616.8321815468486
7805,44.36656518305003,346.0999999999518,616.8437799777556
7806,44.36656518305003,346.1199999999518,616.8553778902216
7807,44.36656518305003,346.1399999999518,616.8669752842512
7808,44.36656518305003,346.15999999995176,616.878572159849
7809,44.36656518305003,346.17999999995175,616.8901685170194
7810,44.36656518305003,346.19999999995173,616.9017643557671
7811,44.36656518305003,346.2199999999517,616.9133596760967
7812,44.36656518305003,346.2399999999517,616.9249544780126
7813,44.36656518305003,346.2599999999517,616.9365487615195
7814,44.36656518305003,346.27999999995166,616.9481425266218
7815,44.36656518305003,346.29999999995164,616.9597357733243
7816,44.36656518305003,346.3199999999516,616.9713285016313
7817,44.36656518305003,346.3399999999516,616.9829207115475
7818,44.36656518305003,346.3599999999516,616.9945124030775
7819,44.36656518305003,346.37999999995156,617.0061035762257
7820,44.36656518305003,346.39999999995155,617.0176942309968
7821,44.36656518305003,346.41999999995153,617.0292843673952
7822,44.36656518305003,346.4399999999515,617.0408739854256
7823,44.36656518305003,346.4599999999515,617.0524630850925
7824,44.36656518305003,346.4799999999515,617.0640516664005
7825,44.36656518305003,346.49999999995146,617.0756397293541
7826,44.36656518305003,346.51999999995144,617.0872272739578
7827,44.36656518305003,346.5399999999514,617.0988143002162
7828,44.36656518305003,346.5599999999514,617.1104008081338
7829,44.36656518305003,346.5799999999514,617.1219867977153
7830,44.36656518305003,346.59999999995136,617.1335722689652
7831,44.36656518305003,346.61999999995135,617.1451572218879
7832,44.36656518305003,346.6399999999513,617.1567416564881
7833,44.36656518305003,346.6599999999513,617.1683255727702
7834,44.36656518305003,346.6799999999513,617.1799089707389
7835,44.36656518305003,346.6999999999513,617.1914918503987
7836,44.36656518305003,346.71999999995126,617.2030742117541
7837,44.36656518305003,346.73999999995124,617.2146560548098
7838,44.36656518305003,346.7599999999512,617.2262373795701
7839,44.36656518305003,346.7799999999512,617.2378181860397
7840,44.36656518305003,346.7999999999512,617.2493984742231
7841,44.36656518305003,346.81999999995116,617.2609782441249
7842,44.36656518305003,346.83999999995115,617.2725574957495
7843,44.36656518305003,346.8599999999511,617.2841362291017
7844,44.36656518305003,346.8799999999511,617.2957144444084
7845,44.36656518305003,346.8999999999511,617.3072921444106
7846,44.36656518305003,346.9199999999511,617.3188693298458
7847,44.36656518305003,346.93999999995106,617.3304460007188
7848,44.36656518305003,346.95999999995104,617.3420221570337
7849,44.36656518305003,346.979999999951,617.3535977987951
7850,44.36656518305003,346.999999999951,617.3651729260074
7851,44.36656518305003,347.019999999951,617.376747538675
7852,44.36656518305003,347.03999999995096,617.3883216368023
7853,44.36656518305003,347.05999999995095,617.3998952203938
7854,44.36656518305003,347.0799999999509,617.4114682894538
7855,44.36656518305003,347.0999999999509,617.4230408439868
7856,44.36656518305003,347.1199999999509,617.4346128839971
7857,44.36656518305003,347.1399999999509,617.4461844094894
7858,44.36656518305003,347.15999999995086,617.457755420468
7859,44.36656518305003,347.17999999995084,617.4693259169372
7860,44.36656518305003,347.1999999999508,617.4808958989016
7861,44.36656518305003,347.2199999999508,617.4924653663655
7862,44.36656518305003,347.2399999999508,617.5040343193334
7863,44.36656518305003,347.25999999995076,617.5156027578096
7864,44.36656518305003,347.27999999995075,617.5271706817986
7865,44.36656518305003,347.2999999999507,617.5387380913047
7866,44.36656518305003,347.3199999999507,617.5503049863325
7867,44.36656518305003,347.3399999999507,617.5618713668864
7868,44.36656518305003,347.3599999999507,617.5734372329707
7869,44.36656518305003,347.37999999995066,617.5850025845899
7870,44.36656518305003,347.39999999995064,617.5965674217484
7871,44.36656518305003,347.4199999999506,617.6081317444506
7872,44.36656518305003,347.4399999999506,617.6196955527009
7873,44.36656518305003,347.4599999999506,617.6312588465038
7874,44.29498664851581,347.47999999995056,617.6428216258636
7875,44.29498664851581,347.49999999995055,617.6543838907847
7876,44.29498664851581,347.5199999999505,617.6659456412716
7877,44.29498664851581,347.5399999999505,617.6775068773287
7878,44.29498664851581,347.5599999999505,617.6890675989604
7879,44.29498664851581,347.5799999999505,617.700627806171
7880,44.29498664851581,347.59999999995046,617.7121874989651
7881,44.29498664851581,347.61999999995044,617.7237466773471
7882,44.29498664851581,347.6399999999504,617.7353053413212
7883,44.29498664851581,347.6599999999504,617.746863490892
7884,44.29498664851581,347.6799999999504,617.7584211260638
7885,44.29498664851581,347.69999999995036,617.7699782468411
7886,44.29498664851581,347.71999999995035,617.7815348532282
7887,44.29498664851581,347.7399999999503,617.7930909452297
7888,44.29498664851581,347.7599999999503,617.8046465228498
7889,44.29498664851581,347.7799999999503,617.8162015860929
7890,44.29498664851581,347.7999999999503,617.8277561349636
7891,44.29498664851581,347.81999999995026,617.8393101694661
7892,44.29498664851581,347.83999999995024,617.8508636896049
7893,44.29498664851581,347.8599999999502,617.8624166953845
7894,44.29498664851581,347.8799999999502,617.8739691868091
7895,44.29498664851581,347.8999999999502,617.8855211641376
7896,44.29498664851581,347.91999999995016,617.8970726301559
7897,44.29498664851581,347.93999999995015,617.908623585361
7898,44.29498664851581,347.9599999999501,617.9201740297574
7899,44.29498664851581,347.9799999999501,617.9317239633492
7900,44.29498664851581,347.9999999999501,617.9432733861407
7901,44.29498664851581,348.0199999999501,617.9548222981363
7902,44.29498664851581,348.03999999995006,617.9663706993401
7903,44.29498664851581,348.05999999995004,617.9779185897567
7904,44.29498664851581,348.07999999995,617.9894659693902
7905,44.29498664851581,348.09999999995,618.0010128382448
7906,44.29498664851581,348.11999999995,618.012559196325
7907,44.29498664851581,348.13999999994996,618.024105043635
7908,44.29498664851581,348.15999999994995,618.0356503801792
7909,44.29498664851581,348.1799999999499,618.0471952059617
7910,44.29498664851581,348.1999999999499,618.0587395209868
7911,44.29498664851581,348.2199999999499,618.070283325259
7912,44.29498664851581,348.2399999999499,618.0818266187824
7913,44.29498664851581,348.25999999994986,618.0933694015614
7914,44.29498664851581,348.27999999994984,618.1049116736002
7915,44.29498664851581,348.2999999999498,618.1164534349032
7916,44.29498664851581,348.3199999999498,618.1279946854746
7917,44.29498664851581,348.3399999999498,618.1395354253187
7918,44.29498664851581,348.35999999994976,618.1510756544399
7919,44.29498664851581,348.37999999994975,618.1626153728423
7920,44.29498664851581,348.3999999999497,618.1741545805303
7921,44.29498664851581,348.4199999999497,618.1856932775081
7922,44.29498664851581,348.4399999999497,618.1972314637801
7923,44.29498664851581,348.4599999999497,618.2087691393505
7924,44.29498664851581,348.47999999994965,618.2203063042235
7925,44.29498664851581,348.49999999994964,618.2318429584036
7926,44.29498664851581,348.5199999999496,618.243379101895
7927,44.29498664851581,348.5399999999496,618.254914734702
7928,44.29498664851581,348.5599999999496,618.2664498568288
7929,44.29498664851581,348.57999999994956,618.2779844682797
7930,44.29498664851581,348.59999999994955,618.2895185690589
7931,44.29498664851581,348.6199999999495,618.3010521591709
7932,44.29498664851581,348.6399999999495,618.3125852386198
7933,44.29498664851581,348.6599999999495,618.3241178074101
7934,44.29498664851581,348.6799999999495,618.3356498655457
7935,44.29498664851581,348.69999999994945,618.3471814130313
7936,44.29498664851581,348.71999999994944,618.358712449871
7937,44.29498664851581,348.7399999999494,618.3702429760689
7938,44.29498664851581,348.7599999999494,618.3817729916294
7939,44.29498664851581,348.7799999999494,618.3933024965569
7940,44.29498664851581,348.79999999994936,618.4048314908556
7941,44.29498664851581,348.81999999994935,618.4163599745298
7942,44.29498664851581,348.8399999999493,618.4278879475836
7943,44.29498664851581,348.8599999999493,618.4394154100214
7944,44.29498664851581,348.8799999999493,618.4509423618475
7945,44.29498664851581,348.8999999999493,618.4624688030663
7946,44.29498664851581,348.91999999994925,618.4739947339893
7947,44.29498664851581,348.93999999994924,618.4855201575939
7948,44.29498664851581,348.9599999999492,618.49704507418
7949,44.29498664851581,348.9799999999492,618.508569483752
7950,44.29498664851581,348.9999999999492,618.5200933863138
7951,44.29498664851581,349.01999999994916,618.5316167818695
7952,44.29498664851581,349.03999999994915,618.5431396704232
7953,44.29498664851581,349.0599999999491,618.5546620519791
7954,44.29498664851581,349.0799999999491,618.5661839265412
7955,44.29498664851581,349.0999999999491,618.5777052941136
7956,44.29498664851581,349.1199999999491,618.5892261547003
7957,44.29498664851581,349.13999999994905,618.6007465083056
7958,44.29498664851581,349.15999999994904,618.6122663549335
7959,44.29498664851581,349.179999999949,618.6237856945879
7960,44.29498664851581,349.199999999949,618.6353045272732
7961,44.29498664851581,349.219999999949,618.6468228529933
7962,44.29498664851581,349.23999999994896,618.6583406717523
7963,44.29498664851581,349.25999999994895,618.6698579835543
7964,44.29498664851581,349.2799999999489,618.6813747884034
7965,44.29498664851581,349.2999999999489,618.6928910863038
7966,44.29498664851581,349.3199999999489,618.7044068772594
7967,44.29498664851581,349.3399999999489,618.7159221612744
7968,44.29498664851581,349.35999999994885,618.7274369383529
7969,44.29498664851581,349.37999999994884,618.7389512084989
7970,44.29498664851581,349.3999999999488,618.7504649717164
7971,44.29498664851581,349.4199999999488,618.7619782280096
7972,44.29498664851581,349.4399999999488,618.7734909773827
7973,44.29498664851581,349.45999999994876,618.7850032198396
7974,44.29498664851581,349.47999999994875,618.7965149553844
7975,44.29498664851581,349.4999999999487,618.8080261840213
7976,44.29498664851581,349.5199999999487,618.8195369057543
7977,44.29498664851581,349.5399999999487,618.8310471205874
7978,44.29498664851581,349.5599999999487,618.8425568285248
7979,44.29498664851581,349.57999999994865,618.8540660295706
7980,44.29498664851581,349.59999999994864,618.8655747237289
7981,44.29498664851581,349.6199999999486,618.8770829110035
7982,44.29498664851581,349.6399999999486,618.8885905913988
7983,44.29498664851581,349.6599999999486,618.9000977649188
7984,44.29498664851581,349.67999999994856,618.9116044315674
7985,44.29498664851581,349.69999999994855,618.9231105913489
7986,44.29498664851581,349.7199999999485,618.9346162442672
7987,44.29498664851581,349.7399999999485,618.9461213903265
7988,44.29498664851581,349.7599999999485,618.9576260295308
7989,44.29498664851581,349.7799999999485,618.9691301618843
7990,44.29498664851581,349.79999999994845,618.980633787391
7991,44.29498664851581,349.81999999994844,618.9921369060548
7992,44.29498664851581,349.8399999999484,619.0036395178801
7993,44.29498664851581,349.8599999999484,619.0151416228707
7994,44.29498664851581,349.8799999999484,619.0266432210308
7995,44.223600375189584,349.89999999994836,619.0381443123645
7996,44.223600375189584,349.91999999994835,619.0496448968757
7997,44.223600375189584,349.9399999999483,619.0611449750847
7998,44.223600375189584,349.9599999999483,619.0726445497862
7999,44.223600375189584,349.9799999999483,619.084143621237
8000,44.223600375189584,349.9999999999483,619.0956421894413
8001,44.223600375189584,350.01999999994825,619.107140254403
8002,44.223600375189584,350.03999999994824,619.1186378161264
8003,44.223600375189584,350.0599999999482,619.1301348746154
8004,44.223600375189584,350.0799999999482,619.1416314298742
8005,44.223600375189584,350.0999999999482,619.153127481907
8006,44.223600375189584,350.11999999994816,619.1646230307177
8007,44.223600375189584,350.13999999994815,619.1761180763106
8008,44.223600375189584,350.1599999999481,619.1876126186895
8009,44.223600375189584,350.1799999999481,619.1991066578588
8010,44.223600375189584,350.1999999999481,619.2106001938224
8011,44.223600375189584,350.2199999999481,619.2220932265845
8012,44.223600375189584,350.23999999994805,619.2335857561492
8013,44.223600375189584,350.25999999994804,619.2450777825204
8014,44.223600375189584,350.279999999948,619.2565693057024
8015,44.223600375189584,350.299999999948,619.2680603256993
8016,44.223600375189584,350.319999999948,619.279550842515
8017,44.223600375189584,350.33999999994796,619.2910408561538
8018,44.223600375189584,350.35999999994795,619.3025303666196
8019,44.223600375189584,350.3799999999479,619.3140193739167
8020,44.223600375189584,350.3999999999479,619.325507878049
8021,44.223600375189584,350.4199999999479,619.3369958790207
8022,44.223600375189584,350.4399999999479,619.3484833768358
8023,44.223600375189584,350.45999999994785,619.3599703714984
8024,44.223600375189584,350.47999999994784,619.3714568630127
8025,44.223600375189584,350.4999999999478,619.3829428513826
8026,44.223600375189584,350.5199999999478,619.3944283366123
8027,44.223600375189584,350.5399999999478,619.405913318706
8028,44.223600375189584,350.55999999994776,619.4173977976675
8029,44.223600375189584,350.57999999994774,619.4288817735011
8030,44.223600375189584,350.5999999999477,619.4403652462108
8031,44.223600375189584,350.6199999999477,619.4518482158007
8032,44.223600375189584,350.6399999999477,619.4633306822749
8033,44.223600375189584,350.6599999999477,619.4748126456375
8034,44.223600375189584,350.67999999994765,619.4862941058925
8035,44.223600375189584,350.69999999994764,619.4977750630441
8036,44.223600375189584,350.7199999999476,619.5092555170962
8037,44.223600375189584,350.7399999999476,619.5207354680531
8038,44.223600375189584,350.7599999999476,619.5322149159186
8039,44.223600375189584,350.77999999994756,619.5436938606971
8040,44.223600375189584,350.79999999994754,619.5551723023924
8041,44.223600375189584,350.8199999999475,619.5666502410088
8042,44.223600375189584,350.8399999999475,619.5781276765503
8043,44.223600375189584,350.8599999999475,619.5896046090209
8044,44.223600375189584,350.8799999999475,619.6010810384247
8045,44.223600375189584,350.89999999994745,619.6125569647659
8046,44.223600375189584,350.91999999994744,619.6240323880484
8047,44.223600375189584,350.9399999999474,619.6355073082764
8048,44.223600375189584,350.9599999999474,619.6469817261552
8049,44.223600375189584,350.9799999999474,619.6584556442226
8050,44.223600375189584,350.99999999994736,619.669929062686
8051,44.223600375189584,351.01999999994734,619.6814019815495
8052,44.223600375189584,351.0399999999473,619.6928744008168
8053,44.223600375189584,351.0599999999473,619.7043463204918
8054,44.223600375189584,351.0799999999473,619.7158177405786
8055,44.223600375189584,351.0999999999473,619.7272886610808
8056,44.223600375189584,351.11999999994725,619.7387590820025
8057,44.223600375189584,351.13999999994724,619.7502290033475
8058,44.223600375189584,351.1599999999472,619.7616984251197
8059,44.223600375189584,351.1799999999472,619.773167347323
8060,44.223600375189584,351.1999999999472,619.7846357699614
8061,44.223600375189584,351.21999999994716,619.7961036930386
8062,44.223600375189584,351.23999999994714,619.8075711165586
8063,44.223600375189584,351.2599999999471,619.8190380405252
8064,44.223600375189584,351.2799999999471,619.8305044649424
8065,44.223600375189584,351.2999999999471,619.8419703898139
8066,44.223600375189584,351.3199999999471,619.8534358151438
8067,44.223600375189584,351.33999999994705,619.8649007409359
8068,44.223600375189584,351.35999999994704,619.8763651671941
8069,44.223600375189584,351.379999999947,619.8878290939223
8070,44.223600375189584,351.399999999947,619.8992925211243
8071,44.223600375189584,351.419999999947,619.910755448804
8072,44.223600375189584,351.43999999994696,619.9222178769654
8073,44.223600375189584,351.45999999994694,619.9336798056123
8074,44.223600375189584,351.4799999999469,619.9451412347486
8075,44.223600375189584,351.4999999999469,619.9566021643781
8076,44.223600375189584,351.5199999999469,619.9680625945048
8077,44.223600375189584,351.5399999999469,619.9795225251326
8078,44.223600375189584,351.55999999994685,619.9909819562652
8079,44.223600375189584,351.57999999994684,620.0024408878859
8080,44.223600375189584,351.5999999999468,620.0138993196234
8081,44.223600375189584,351.6199999999468,620.0253572512929
8082,44.223600375189584,351.6399999999468,620.036814682898
8083,44.223600375189584,351.65999999994676,620.0482716144423
8084,44.223600375189584,351.67999999994674,620.0597280459295
8085,44.223600375189584,351.6999999999467,620.0711839773631
8086,44.223600375189584,351.7199999999467,620.0826394087467
8087,44.223600375189584,351.7399999999467,620.0940943400839
8088,44.223600375189584,351.7599999999467,620.1055487713783
8089,44.223600375189584,351.77999999994665,620.1170027026334
8090,44.223600375189584,351.79999999994664,620.1284561338529
8091,44.223600375189584,351.8199999999466,620.1399090650403
8092,44.223600375189584,351.8399999999466,620.1513614961993
8093,44.223600375189584,351.8599999999466,620.1628134273334
8094,44.223600375189584,351.87999999994656,620.1742648584462
8095,44.223600375189584,351.89999999994654,620.1857157895414
8096,44.223600375189584,351.9199999999465,620.1971662206224
8097,44.223600375189584,351.9399999999465,620.2086161516929
8098,44.223600375189584,351.9599999999465,620.2200655827564
8099,44.223600375189584,351.9799999999465,620.2315145147426
8100,44.223600375189584,351.99999999994645,620.2429629500837
8101,44.223600375189584,352.01999999994644,620.2544108889501
8102,44.223600375189584,352.0399999999464,620.2658583313454
8103,44.223600375189584,352.0599999999464,620.277305277273
8104,44.223600375189584,352.0799999999464,620.2887517267363
8105,44.223600375189584,352.09999999994636,620.300197679739
8106,44.223600375189584,352.11999999994634,620.3116431362844
8107,44.223600375189584,352.1399999999463,620.323088096376
8108,44.223600375189584,352.1599999999463,620.3345325600172
8109,44.223600375189584,352.1799999999463,620.3459765272117
8110,44.223600375189584,352.1999999999463,620.3574199979629
8111,44.223600375189584,352.21999999994625,620.3688629722741
8112,44.223600375189584,352.23999999994624,620.3803054501489
8113,44.223600375189584,352.2599999999462,620.3917474315907
8114,44.223600375189584,352.2799999999462,620.4031889166031
8115,44.223600375189584,352.2999999999462,620.4146299051895
8116,44.223600375189584,352.31999999994616,620.4260703973533
8117,44.223600375189584,352.33999999994614,620.4375103930981
8118,44.223600375189584,352.3599999999461,620.4489498924273
8119,44.223600375189584,352.3799999999461,620.4603888953444
8120,44.223600375189584,352.3999999999461,620.4718274018529
8121,44.15240564086348,352.41999999994607,620.4832654119562
8122,44.15240564086348,352.43999999994605,620.4947029256577
8123,44.15240564086348,352.45999999994604,620.5061399429611
8124,44.15240564086348,352.479999999946,620.5175764638697
8125,44.15240564086348,352.499999999946,620.5290124883869
8126,44.15240564086348,352.519999999946,620.5404480165163
8127,44.15240564086348,352.53999999994596,620.5518830482613
8128,44.15240564086348,352.55999999994594,620.5633175836253
8129,44.15240564086348,352.5799999999459,620.574751622612
8130,44.15240564086348,352.5999999999459,620.5861851652246
8131,44.15240564086348,352.6199999999459,620.5976182114667
8132,44.15240564086348,352.63999999994587,620.6090507613418
8133,44.15240564086348,352.65999999994585,620.6204828148533
8134,44.15240564086348,352.67999999994584,620.6319143720046
8135,44.15240564086348,352.6999999999458,620.6433454327993
8136,44.15240564086348,352.7199999999458,620.6547759972407
8137,44.15240564086348,352.7399999999458,620.6662060653324
8138,44.15240564086348,352.75999999994576,620.6776356370779
8139,44.15240564086348,352.77999999994574,620.6890647124804
8140,44.15240564086348,352.7999999999457,620.7004932915437
8141,44.15240564086348,352.8199999999457,620.711921374271
8142,44.15240564086348,352.8399999999457,620.7233489606658
8143,44.15240564086348,352.85999999994567,620.7347760507316
8144,44.15240564086348,352.87999999994565,620.746202644472
8145,44.15240564086348,352.89999999994563,620.7576287418902
8146,44.15240564086348,352.9199999999456,620.7690543429899
8147,44.15240564086348,352.9399999999456,620.7804794477743
8148,44.15240564086348,352.9599999999456,620.791904056247
8149,44.15240564086348,352.97999999994556,620.8033281684114
8150,44.15240564086348,352.99999999994554,620.8147517853524
8151,44.15240564086348,353.0199999999455,620.8261749092317
8152,44.15240564086348,353.0399999999455,620.837597540172
8153,44.15240564086348,353.0599999999455,620.849019678177
8154,44.15240564086348,353.07999999994547,620.8604413232498
8155,44.15240564086348,353.09999999994545,620.8718624753939
8156,44.15240564086348,353.11999999994543,620.8832831346125
8157,44.15240564086348,353.1399999999454,620.8947033009091
8158,44.15240564086348,353.1599999999454,620.906122974287
8159,44.15240564086348,353.1799999999454,620.9175421547494
8160,44.15240564086348,353.19999999994536,620.9289608422998
8161,44.15240564086348,353.21999999994534,620.9403790369415
8162,44.15240564086348,353.2399999999453,620.9517967386779
8163,44.15240564086348,353.2599999999453,620.9632139475121
8164,44.15240564086348,353.2799999999453,620.9746306634478
8165,44.15240564086348,353.29999999994527,620.986046886488
8166,44.15240564086348,353.31999999994525,620.9974626166362
8167,44.15240564086348,353.33999999994523,621.0088778538958
8168,44.15240564086348,353.3599999999452,621.0202925982701
8169,44.15240564086348,353.3799999999452,621.0317068497624
8170,44.15240564086348,353.3999999999452,621.043120608376
8171,44.15240564086348,353.41999999994516,621.0545338741142
8172,44.15240564086348,353.43999999994514,621.0659466469805
8173,44.15240564086348,353.4599999999451,621.0773589269781
8174,44.15240564086348,353.4799999999451,621.0887707141104
8175,44.15240564086348,353.4999999999451,621.1001820083808
8176,44.15240564086348,353.51999999994507,621.1115928097925
8177,44.15240564086348,353.53999999994505,621.1230031183488
8178,44.15240564086348,353.55999999994503,621.1344129340532
8179,44.15240564086348,353.579999999945,621.145822256909
8180,44.15240564086348,353.599999999945,621.1572310869194
8181,44.15240564086348,353.619999999945,621.1686394240878
8182,44.15240564086348,353.63999999994496,621.1800472684176
8183,44.15240564086348,353.65999999994494,621.1914546199122
8184,44.15240564086348,353.6799999999449,621.2028614785746
8185,44.15240564086348,353.6999999999449,621.2142678444085
8186,44.15240564086348,353.7199999999449,621.225673717417
8187,44.15240564086348,353.73999999994487,621.2370790976034
8188,44.15240564086348,353.75999999994485,621.2484839849712
8189,44.15240564086348,353.77999999994483,621.2598883795238
8190,44.15240564086348,353.7999999999448,621.2712922812642
8191,44.15240564086348,353.8199999999448,621.282695690196
8192,44.15240564086348,353.8399999999448,621.2940986063224
8193,44.15240564086348,353.85999999994476,621.3055010296468
8194,44.15240564086348,353.87999999994474,621.3169029601726
8195,44.15240564086348,353.8999999999447,621.3283043979029
8196,44.15240564086348,353.9199999999447,621.3397053428412
8197,44.15240564086348,353.9399999999447,621.3511057949908
8198,44.15240564086348,353.95999999994467,621.3625057543549
8199,44.15240564086348,353.97999999994465,621.3739052209369
8200,44.15240564086348,353.99999999994463,621.3853041947401
8201,44.15240564086348,354.0199999999446,621.3967026770816
8202,44.15240564086348,354.0399999999446,621.4081006700179
8203,44.15240564086348,354.0599999999446,621.4194981736345
8204,44.15240564086348,354.07999999994456,621.4308951879343
8205,44.15240564086348,354.09999999994454,621.4422917129208
8206,44.15240564086348,354.1199999999445,621.4536877485971
8207,44.15240564086348,354.1399999999445,621.4650832949663
8208,44.15240564086348,354.1599999999445,621.4764783520318
8209,44.15240564086348,354.17999999994447,621.4878729197967
8210,44.15240564086348,354.19999999994445,621.4992669982643
8211,44.15240564086348,354.21999999994443,621.5106605874375
8212,44.15240564086348,354.2399999999444,621.5220536873198
8213,44.15240564086348,354.2599999999444,621.5334462979145
8214,44.15240564086348,354.2799999999444,621.5448384192244
8215,44.15240564086348,354.29999999994436,621.5562300512531
8216,44.15240564086348,354.31999999994434,621.5676211940036
8217,44.15240564086348,354.3399999999443,621.579011847479
8218,44.15240564086348,354.3599999999443,621.5904020116827
8219,44.15240564086348,354.3799999999443,621.6017916866178
8220,44.15240564086348,354.39999999994427,621.6131808722876
8221,44.15240564086348,354.41999999994425,621.6245695686952
8222,44.15240564086348,354.43999999994423,621.6359577758437
8223,44.15240564086348,354.4599999999442,621.6473454937366
8224,44.15240564086348,354.4799999999442,621.6587327223768
8225,44.15240564086348,354.4999999999442,621.6701194617677
8226,44.15240564086348,354.51999999994416,621.6815057119125
8227,44.15240564086348,354.53999999994414,621.6928914728142
8228,44.15240564086348,354.5599999999441,621.704276744476
8229,44.15240564086348,354.5799999999441,621.7156615269014
8230,44.15240564086348,354.5999999999441,621.7270458200933
8231,44.15240564086348,354.61999999994407,621.738429624055
8232,44.15240564086348,354.63999999994405,621.7498129387897
8233,44.15240564086348,354.65999999994403,621.7611957643005
8234,44.15240564086348,354.679999999944,621.7725781005907
8235,44.15240564086348,354.699999999944,621.7839599476636
8236,44.15240564086348,354.719999999944,621.7953413055221
8237,44.15240564086348,354.73999999994396,621.8067221741696
8238,44.15240564086348,354.75999999994394,621.8181025536093
8239,44.15240564086348,354.7799999999439,621.8294824438442
8240,44.15240564086348,354.7999999999439,621.8408618448777
8241,44.15240564086348,354.8199999999439,621.852240756713
8242,44.15240564086348,354.83999999994387,621.863619179353
8243,44.15240564086348,354.85999999994385,621.8749971128012
8244,44.08140172681399,354.87999999994383,621.8863745570607
8245,44.08140172681399,354.8999999999438,621.8977515121346
8246,44.08140172681399,354.9199999999438,621.9091279780263
8247,44.08140172681399,354.9399999999438,621.9205039547387
8248,44.08140172681399,354.95999999994376,621.9318794422752
8249,44.08140172681399,354.97999999994374,621.943254440639
8250,44.08140172681399,354.9999999999437,621.954628949833
8251,44.08140172681399,355.0199999999437,621.9660029698607
8252,44.08140172681399,355.0399999999437,621.977376502176
8253,44.08140172681399,355.05999999994367,621.9887495485899
8254,44.08140172681399,355.07999999994365,622.0001221091453
8255,44.08140172681399,355.09999999994363,622.0114941838452
8256,44.08140172681399,355.1199999999436,622.0228657726927
8257,44.08140172681399,355.1399999999436,622.034236875691
8258,44.08140172681399,355.1599999999436,622.0456074928431
8259,44.08140172681399,355.17999999994356,622.0569776241523
8260,44.08140172681399,355.19999999994354,622.0683472696214
8261,44.08140172681399,355.2199999999435,622.0797164292537
8262,44.08140172681399,355.2399999999435,622.0910851030523
8263,44.08140172681399,355.2599999999435,622.1024532910202
8264,44.08140172681399,355.27999999994347,622.1138209931605
8265,44.08140172681399,355.29999999994345,622.1251882094764
8266,44.08140172681399,355.31999999994343,622.1365549399709
8267,44.08140172681399,355.3399999999434,622.1479211846472
8268,44.08140172681399,355.3599999999434,622.1592869435083
8269,44.08140172681399,355.3799999999434,622.1706522165573
8270,44.08140172681399,355.39999999994336,622.1820170037973
8271,44.08140172681399,355.41999999994334,622.1933813052315
8272,44.08140172681399,355.4399999999433,622.2047451208629
8273,44.08140172681399,355.4599999999433,622.2161084506945
8274,44.08140172681399,355.4799999999433,622.2274712947295
8275,44.08140172681399,355.49999999994327,622.238833652971
8276,44.08140172681399,355.51999999994325,622.2501955254222
8277,44.08140172681399,355.53999999994323,622.261556912086
8278,44.08140172681399,355.5599999999432,622.2729178129656
8279,44.08140172681399,355.5799999999432,622.2842782280641
8280,44.08140172681399,355.5999999999432,622.2956381573845
8281,44.08140172681399,355.61999999994316,622.3069976009299
8282,44.08140172681399,355.63999999994314,622.3183565587035
8283,44.08140172681399,355.6599999999431,622.3297150307083
8284,44.08140172681399,355.6799999999431,622.3410730169473
8285,44.08140172681399,355.6999999999431,622.3524305174238
8286,44.08140172681399,355.71999999994307,622.3637875321408
8287,44.08140172681399,355.73999999994305,622.3751440611013
8288,44.08140172681399,355.75999999994303,622.3865001043085
8289,44.08140172681399,355.779999999943,622.3978556617654
8290,44.08140172681399,355.799999999943,622.4092107334752
8291,44.08140172681399,355.819999999943,622.4205653194409
8292,44.08140172681399,355.83999999994296,622.4319194196656
8293,44.08140172681399,355.85999999994294,622.4432730341524
8294,44.08140172681399,355.8799999999429,622.4546261629043
8295,44.08140172681399,355.8999999999429,622.4659788059246
8296,44.08140172681399,355.9199999999429,622.4773309632161
8297,44.08140172681399,355.93999999994287,622.4886826347821
8298,44.08140172681399,355.95999999994285,622.5000338206255
8299,44.08140172681399,355.97999999994283,622.5113845207495
8300,44.08140172681399,355.9999999999428,622.5227347351572
8301,44.08140172681399,356.0199999999428,622.5340844638516
8302,44.08140172681399,356.0399999999428,622.545433706836
8303,44.08140172681399,356.05999999994276,622.5567824657703
8304,44.08140172681399,356.07999999994274,622.5681307423217
8305,44.08140172681399,356.0999999999427,622.5794785364941
8306,44.08140172681399,356.1199999999427,622.5908258482904
8307,44.08140172681399,356.1399999999427,622.6021726777134
8308,44.08140172681399,356.15999999994267,622.6135190247662
8309,44.08140172681399,356.17999999994265,622.6248648894518
8310,44.08140172681399,356.19999999994263,622.6362102717732
8311,44.08140172681399,356.2199999999426,622.6475551717332
8312,44.08140172681399,356.2399999999426,622.6588995893349
8313,44.08140172681399,356.2599999999426,622.6702435245811
8314,44.08140172681399,356.27999999994256,622.6815869774749
8315,44.08140172681399,356.29999999994254,622.6929299480192
8316,44.08140172681399,356.3199999999425,622.704272436217
8317,44.08140172681399,356.3399999999425,622.7156144420712
8318,44.08140172681399,356.3599999999425,622.7269559655848
8319,44.08140172681399,356.37999999994247,622.7382970067607
8320,44.08140172681399,356.39999999994245,622.7496375656019
8321,44.08140172681399,356.41999999994243,622.7609776421114
8322,44.08140172681399,356.4399999999424,622.772317236292
8323,44.08140172681399,356.4599999999424,622.7836563481468
8324,44.08140172681399,356.4799999999424,622.7949949776787
8325,44.08140172681399,356.49999999994236,622.8063331248906
8326,44.08140172681399,356.51999999994234,622.8176707897854
8327,44.08140172681399,356.5399999999423,622.8290079723663
8328,44.08140172681399,356.5599999999423,622.8403446726361
8329,44.08140172681399,356.5799999999423,622.8516808905978
8330,44.08140172681399,356.59999999994227,622.8630166262542
8331,44.08140172681399,356.61999999994225,622.8743518796084
8332,44.08140172681399,356.63999999994223,622.8856866506634
8333,44.08140172681399,356.6599999999422,622.897020939422
8334,44.08140172681399,356.6799999999422,622.9083547458872
8335,44.08140172681399,356.6999999999422,622.919688070062
8336,44.08140172681399,356.71999999994216,622.9310209119493
8337,44.08140172681399,356.73999999994214,622.9423532715521
8338,44.08140172681399,356.7599999999421,622.9536851488732
8339,44.08140172681399,356.7799999999421,622.9650165439157
8340,44.08140172681399,356.7999999999421,622.9763474566824
8341,44.08140172681399,356.81999999994207,622.9876778871765
8342,44.08140172681399,356.83999999994205,622.9990078354007
8343,44.08140172681399,356.85999999994203,623.010337301358
8344,44.08140172681399,356.879999999942,623.0216662850515
8345,44.08140172681399,356.899999999942,623.032994786484
8346,44.08140172681399,356.919999999942,623.0443228056585
8347,44.08140172681399,356.93999999994196,623.0556503425778
8348,44.08140172681399,356.95999999994194,623.066977397245
8349,44.08140172681399,356.9799999999419,623.078303969663
8350,44.08140172681399,356.9999999999419,623.0896300598348
8351,44.08140172681399,357.0199999999419,623.1009556677633
8352,44.08140172681399,357.03999999994187,623.1122807934513
8353,44.08140172681399,357.05999999994185,623.1236054369407
8354,44.08140172681399,357.07999999994183,623.1349296000673
8355,44.08140172681399,357.0999999999418,623.1462532843178
8356,44.08140172681399,357.1199999999418,623.1575764896952
8357,44.08140172681399,357.1399999999418,623.1688992162022
8358,44.08140172681399,357.15999999994176,623.1802214638418
8359,44.08140172681399,357.17999999994174,623.1915432326167
8360,44.08140172681399,357.1999999999417,623.2028645225298
8361,44.08140172681399,357.2199999999417,623.2141853335839
8362,44.08140172681399,357.2399999999417,623.225505665782
8363,44.08140172681399,357.25999999994167,623.2368255191267
8364,44.08140172681399,357.27999999994165,623.248144893621
8365,44.08140172681399,357.29999999994163,623.2594637892677
8366,44.010587917781294,357.3199999999416,623.2707822060696
8367,44.010587917781294,357.3399999999416,623.2821001440296
8368,44.010587917781294,357.3599999999416,623.2934176031506
8369,44.010587917781294,357.37999999994156,623.3047345834353
8370,44.010587917781294,357.39999999994154,623.3160510848866
8371,44.010587917781294,357.4199999999415,623.3273671075073
8372,44.010587917781294,357.4399999999415,623.3386826513002
8373,44.010587917781294,357.4599999999415,623.3499977162684
8374,44.010587917781294,357.47999999994147,623.3613123024145
8375,44.010587917781294,357.49999999994145,623.3726264097413
8376,44.010587917781294,357.51999999994143,623.3839400382518
8377,44.010587917781294,357.5399999999414,623.3952531879487
8378,44.010587917781294,357.5599999999414,623.4065658588349
8379,44.010587917781294,357.5799999999414,623.4178780509133
8380,44.010587917781294,357.59999999994136,623.4291897641866
8381,44.010587917781294,357.61999999994134,623.4405009986577
8382,44.010587917781294,357.6399999999413,623.4518117543295
8383,44.010587917781294,357.6599999999413,623.4631220312046
8384,44.010587917781294,357.6799999999413,623.4744318292862
8385,44.010587917781294,357.69999999994127,623.485741148577
8386,44.010587917781294,357.71999999994125,623.4970499890795
8387,44.010587917781294,357.73999999994123,623.5083583507969
8388,44.010587917781294,357.7599999999412,623.519666233732
8389,44.010587917781294,357.7799999999412,623.5309736378875
8390,44.010587917781294,357.7999999999412,623.5422805632663
8391,44.010587917781294,357.81999999994116,623.5535870098713
8392,44.010587917781294,357.83999999994114,623.5648929777052
8393,44.010587917781294,357.8599999999411,623.5761984667708
8394,44.010587917781294,357.8799999999411,623.5875034770711
8395,44.010587917781294,357.8999999999411,623.5988080086088
8396,44.010587917781294,357.91999999994107,623.6101120613868
8397,44.010587917781294,357.93999999994105,623.6214156354079
8398,44.010587917781294,357.95999999994103,623.6327187306748
8399,44.010587917781294,357.979999999941,623.6440213471906
8400,44.010587917781294,357.999999999941,623.6553234849579
8401,44.010587917781294,358.019999999941,623.6666251439796
8402,44.010587917781294,358.03999999994096,623.6779263242585
8403,44.010587917781294,358.05999999994094,623.6892270257974
8404,44.010587917781294,358.0799999999409,623.700527248674
8405,44.010587917781294,358.0999999999409,623.71182699479
8406,44.010587917781294,358.1199999999409,623.7231262653747
8407,44.010587917781294,358.13999999994087,623.7344250604307
8408,44.010587917781294,358.15999999994085,623.7457233799607
8409,44.010587917781294,358.17999999994083,623.7570212239676
8410,44.010587917781294,358.1999999999408,623.768318592454
8411,44.010587917781294,358.2199999999408,623.7796154854226
8412,44.010587917781294,358.2399999999408,623.7909119028762
8413,44.010587917781294,358.25999999994076,623.8022078448175
8414,44.010587917781294,358.27999999994074,623.8135033112493
8415,44.010587917781294,358.2999999999407,623.8247983021741
8416,44.010587917781294,358.3199999999407,623.8360928175948
8417,44.010587917781294,358.3399999999407,623.8473868575142
8418,44.010587917781294,358.35999999994067,623.8586804219348
8419,44.010587917781294,358.37999999994065,623.8699735108594
8420,44.010587917781294,358.39999999994063,623.8812661242907
8421,44.010587917781294,358.4199999999406,623.8925582622315
8422,44.010587917781294,358.4399999999406,623.9038499246846
8423,44.010587917781294,358.4599999999406,623.9151411116525
8424,44.010587917781294,358.47999999994056,623.926431823138
8425,44.010587917781294,358.49999999994054,623.9377220591439
8426,44.010587917781294,358.5199999999405,623.9490118196728
8427,44.010587917781294,358.5399999999405,623.9603011047275
8428,44.010587917781294,358.5599999999405,623.9715899143106
8429,44.010587917781294,358.57999999994047,623.982878248425
8430,44.010587917781294,358.59999999994045,623.9941661070733
8431,44.010587917781294,358.61999999994043,624.0054534902582
8432,44.010587917781294,358.6399999999404,624.0167403979825
8433,44.010587917781294,358.6599999999404,624.0280268302488
8434,44.010587917781294,358.6799999999404,624.0393127870599
8435,44.010587917781294,358.69999999994036,624.0505982684184
8436,44.010587917781294,358.71999999994034,624.0618832743272
8437,44.010587917781294,358.7399999999403,624.0731678047889
8438,44.010587917781294,358.7599999999403,624.0844518598062
8439,44.010587917781294,358.7799999999403,624.0957354393819
8440,44.010587917781294,358.79999999994027,624.1070185435186
8441,44.010587917781294,358.81999999994025,624.118301172219
8442,44.010587917781294,358.83999999994023,624.129583325486
8443,44.010587917781294,358.8599999999402,624.1408650033221
8444,44.010587917781294,358.8799999999402,624.1521462057301
8445,44.010587917781294,358.8999999999402,624.1634269327127
8446,44.010587917781294,358.91999999994016,624.1747071842726
8447,44.010587917781294,358.93999999994014,624.1859869604126
8448,44.010587917781294,358.9599999999401,624.1972662611353
8449,44.010587917781294,358.9799999999401,624.2085450864435
8450,44.010587917781294,358.9999999999401,624.2198234363398
8451,44.010587917781294,359.01999999994007,624.231101310827
8452,44.010587917781294,359.03999999994005,624.2423787099076
8453,44.010587917781294,359.05999999994003,624.2536556335846
8454,44.010587917781294,359.07999999994,624.2649320818605
8455,44.010587917781294,359.09999999994,624.2762080548539
8456,44.010587917781294,359.11999999994,624.2874835546786
8457,44.010587917781294,359.13999999993996,624.298758582406
8458,44.010587917781294,359.15999999993994,624.3100331380385
8459,44.010587917781294,359.1799999999399,624.321307221579
8460,44.010587917781294,359.1999999999399,624.3325808330299
8461,44.010587917781294,359.2199999999399,624.3438539723937
8462,44.010587917781294,359.23999999993987,624.3551266396732
8463,44.010587917781294,359.25999999993985,624.366398834871
8464,44.010587917781294,359.27999999993983,624.3776705579896
8465,44.010587917781294,359.2999999999398,624.3889418090317
8466,44.010587917781294,359.3199999999398,624.4002125879999
8467,44.010587917781294,359.3399999999398,624.4114828948967
8468,44.010587917781294,359.35999999993976,624.4227527297248
8469,44.010587917781294,359.37999999993974,624.4340220924868
8470,44.010587917781294,359.3999999999397,624.4452909831851
8471,44.010587917781294,359.4199999999397,624.4565594018226
8472,44.010587917781294,359.4399999999397,624.4678273484017
8473,44.010587917781294,359.45999999993967,624.479094822925
8474,44.010587917781294,359.47999999993965,624.4903618253952
8475,44.010587917781294,359.49999999993963,624.5016283558149
8476,44.010587917781294,359.5199999999396,624.5128944141866
8477,44.010587917781294,359.5399999999396,624.5241600005129
8478,44.010587917781294,359.5599999999396,624.5354251147965
8479,44.010587917781294,359.57999999993956,624.5466897570399
8480,44.010587917781294,359.59999999993954,624.5579539272458
8481,44.010587917781294,359.6199999999395,624.5692176254166
8482,44.010587917781294,359.6399999999395,624.5804808515552
8483,44.010587917781294,359.6599999999395,624.591743605664
8484,44.010587917781294,359.67999999993947,624.6030058877456
8485,44.010587917781294,359.69999999993945,624.6142676978025
8486,44.010587917781294,359.71999999993943,624.6255290358374
8487,44.010587917781294,359.7399999999394,624.6367899018529
8488,44.010587917781294,359.7599999999394,624.6480502958517
8489,43.939963501948924,359.7799999999394,624.6593102178363
8490,43.939963501948924,359.79999999993936,624.6705696678091
8491,43.939963501948924,359.81999999993934,624.681828645773
8492,43.939963501948924,359.8399999999393,624.6930871517303
8493,43.939963501948924,359.8599999999393,624.7043451856839
8494,43.939963501948924,359.8799999999393,624.7156027476362
8495,43.939963501948924,359.89999999993927,624.7268598375898
8496,43.939963501948924,359.91999999993925,624.7381164555474
8497,43.939963501948924,359.93999999993923,624.7493726015114
8498,43.939963501948924,359.9599999999392,624.7606282754845
8499,43.939963501948924,359.9799999999392,624.7718834774693
8500,43.939963501948924,359.9999999999392,624.7831382074684
8501,43.939963501948924,360.01999999993916,624.7943924654843
8502,43.939963501948924,360.03999999993914,624.8056462515196
8503,43.939963501948924,360.0599999999391,624.816899565577
8504,43.939963501948924,360.0799999999391,624.8281524076591
8505,43.939963501948924,360.0999999999391,624.8394047777683
8506,43.939963501948924,360.11999999993907,624.8506566760549
8507,43.939963501948924,360.13999999993905,624.8619081046835
8508,43.939963501948924,360.15999999993903,624.8731590644908
8509,43.939963501948924,360.179999999939,624.8844095554791
8510,43.939963501948924,360.199999999939,624.8956595776511
8511,43.939963501948924,360.219999999939,624.9069091310092
8512,43.939963501948924,360.23999999993896,624.9181582155559
8513,43.939963501948924,360.25999999993894,624.9294068312936
8514,43.939963501948924,360.2799999999389,624.9406549782249
8515,43.939963501948924,360.2999999999389,624.9519026563522
8516,43.939963501948924,360.3199999999389,624.9631498656781
8517,43.939963501948924,360.33999999993887,624.974396606205
8518,43.939963501948924,360.35999999993885,624.9856428779354
8519,43.939963501948924,360.37999999993883,624.9968886808718
8520,43.939963501948924,360.3999999999388,625.0081340150167
8521,43.939963501948924,360.4199999999388,625.0193788803725
8522,43.939963501948924,360.4399999999388,625.0306232769418
8523,43.939963501948924,360.45999999993876,625.041867204727
8524,43.939963501948924,360.47999999993874,625.0531106637306
8525,43.939963501948924,360.4999999999387,625.0643536539552
8526,43.939963501948924,360.5199999999387,625.0755961754031
8527,43.939963501948924,360.5399999999387,625.0868382280769
8528,43.939963501948924,360.55999999993867,625.098079811979
8529,43.939963501948924,360.57999999993865,625.109320927112
8530,43.939963501948924,360.59999999993863,625.1205615734783
8531,43.939963501948924,360.6199999999386,625.1318017510804
8532,43.939963501948924,360.6399999999386,625.1430414599207
8533,43.939963501948924,360.6599999999386,625.1542807000018
8534,43.939963501948924,360.67999999993856,625.1655194713261
8535,43.939963501948924,360.69999999993854,625.1767577738962
8536,43.939963501948924,360.7199999999385,625.1879956077145
8537,43.939963501948924,360.7399999999385,625.1992329727834
8538,43.939963501948924,360.7599999999385,625.2104698691055
8539,43.939963501948924,360.77999999993847,625.2217062966832
8540,43.939963501948924,360.79999999993845,625.2329422555191
8541,43.939963501948924,360.81999999993843,625.2441777456155
8542,43.939963501948924,360.8399999999384,625.255412766975
8543,43.939963501948924,360.8599999999384,625.2666473196001
8544,43.939963501948924,360.8799999999384,625.2778814034932
8545,43.939963501948924,360.89999999993836,625.2891150186567
8546,43.939963501948924,360.91999999993834,625.3003481650933
8547,43.939963501948924,360.9399999999383,625.3115808428053
8548,43.939963501948924,360.9599999999383,625.3228130517952
8549,43.939963501948924,360.9799999999383,625.3340447920655
8550,43.939963501948924,360.99999999993827,625.3452760636186
8551,43.939963501948924,361.01999999993825,625.3565068664572
8552,43.939963501948924,361.03999999993823,625.3677372005835
8553,43.939963501948924,361.0599999999382,625.3789670660002
8554,43.939963501948924,361.0799999999382,625.3901964627096
8555,43.939963501948924,361.0999999999382,625.4014253907143
8556,43.939963501948924,361.11999999993816,625.4126538500167
8557,43.939963501948924,361.13999999993814,625.4238818408056
8558,43.939963501948924,361.1599999999381,625.4351093654152
8559,43.939963501948924,361.1799999999381,625.4463364245025
8560,43.939963501948924,361.1999999999381,625.45756301807
8561,43.939963501948924,361.21999999993807,625.46878914612
8562,43.939963501948924,361.23999999993805,625.4800148086548
8563,43.939963501948924,361.25999999993803,625.4912400056769
8564,43.939963501948924,361.279999999938,625.5024647371886
8565,43.939963501948924,361.299999999938,625.5136890031922
8566,43.939963501948924,361.319999999938,625.5249128036902
8567,43.939963501948924,361.33999999993796,625.5361361386849
8568,43.939963501948924,361.35999999993794,625.5473590081788
8569,43.939963501948924,361.3799999999379,625.558581412174
8570,43.939963501948924,361.3999999999379,625.569803350673
8571,43.939963501948924,361.4199999999379,625.5810248236784
8572,43.939963501948924,361.43999999993787,625.5922458311921
8573,43.939963501948924,361.45999999993785,625.6034663732169
8574,43.939963501948924,361.47999999993783,625.6146864497549
8575,43.939963501948924,361.4999999999378,625.6259060608086
8576,43.939963501948924,361.5199999999378,625.6371252063802
8577,43.939963501948924,361.5399999999378,625.6483438864723
8578,43.939963501948924,361.55999999993776,625.6595621010871
8579,43.939963501948924,361.57999999993774,625.6707798502271
8580,43.939963501948924,361.5999999999377,625.6819971338945
8581,43.939963501948924,361.6199999999377,625.6932139520917
8582,43.939963501948924,361.6399999999377,625.7044303048211
8583,43.939963501948924,361.65999999993767,625.7156461920852
8584,43.939963501948924,361.67999999993765,625.7268616138861
8585,43.939963501948924,361.69999999993763,625.7380765702262
8586,43.939963501948924,361.7199999999376,625.749291061108
8587,43.939963501948924,361.7399999999376,625.7605050865338
8588,43.939963501948924,361.7599999999376,625.7717186465061
8589,43.939963501948924,361.77999999993756,625.782931741027
8590,43.939963501948924,361.79999999993754,625.794144370099
8591,43.939963501948924,361.8199999999375,625.8053565337245
8592,43.939963501948924,361.8399999999375,625.8165682319059
8593,43.939963501948924,361.8599999999375,625.8277794646453
8594,43.939963501948924,361.87999999993747,625.8389902319453
8595,43.939963501948924,361.89999999993745,625.8502005338082
8596,43.939963501948924,361.91999999993743,625.8614103702364
8597,43.939963501948924,361.9399999999374,625.8726197412321
8598,43.939963501948924,361.9599999999374,625.8838286467978
8599,43.939963501948924,361.9799999999374,625.8950370869359
8600,43.939963501948924,361.99999999993736,625.9062450616485
8601,43.939963501948924,362.01999999993734,625.9174525709382
8602,43.939963501948924,362.0399999999373,625.9286596148072
8603,43.939963501948924,362.0599999999373,625.939866193258
8604,43.939963501948924,362.0799999999373,625.9510723062929
8605,43.939963501948924,362.09999999993727,625.9622779539142
8606,43.939963501948924,362.11999999993725,625.9734831361243
8607,43.939963501948924,362.13999999993723,625.9846878529256
8608,43.939963501948924,362.1599999999372,625.9958921045458
8609,43.939963501948924,362.1799999999372,626.007095893486
8610,43.939963501948924,362.1999999999372,626.0182992202197
8611,43.939963501948924,362.21999999993716,626.0295020847489
8612,43.939963501948924,362.23999999993714,626.0407044870759
8613,43.86952777092356,362.2599999999371,626.0519064272031
8614,43.86952777092356,362.2799999999371,626.0631079051327
8615,43.86952777092356,362.2999999999371,626.0743089208669
8616,43.86952777092356,362.31999999993707,626.085509474408
8617,43.86952777092356,362.33999999993705,626.0967095657583
8618,43.86952777092356,362.35999999993703,626.1079091949199
8619,43.86952777092356,362.379999999937,626.1191083618953
8620,43.86952777092356,362.399999999937,626.1303070666867
8621,43.86952777092356,362.419999999937,626.1415053092962
8622,43.86952777092356,362.43999999993696,626.1527030897263
8623,43.86952777092356,362.45999999993694,626.163900407979
8624,43.86952777092356,362.4799999999369,626.1750972640567
8625,43.86952777092356,362.4999999999369,626.1862936579618
8626,43.86952777092356,362.5199999999369,626.1974895896963
8627,43.86952777092356,362.53999999993687,626.2086850592625
8628,43.86952777092356,362.55999999993685,626.2198800666629
8629,43.86952777092356,362.57999999993683,626.2310746118995
8630,43.86952777092356,362.5999999999368,626.2422686949748
8631,43.86952777092356,362.6199999999368,626.2534623158907
8632,43.86952777092356,362.6399999999368,626.2646554746498
8633,43.86952777092356,362.65999999993676,626.2758481712541
8634,43.86952777092356,362.67999999993674,626.2870404057061
8635,43.86952777092356,362.6999999999367,626.2982321780079
8636,43.86952777092356,362.7199999999367,626.3094234881618
8637,43.86952777092356,362.7399999999367,626.32061433617
8638,43.86952777092356,362.75999999993667,626.3318047220349
8639,43.86952777092356,362.77999999993665,626.3429946457586
8640,43.86952777092356,362.79999999993663,626.3541841073434
8641,43.86952777092356,362.8199999999366,626.3653731067916
8642,43.86952777092356,362.8399999999366,626.3765616441054
8643,43.86952777092356,362.8599999999366,626.3877497192872
8644,43.86952777092356,362.87999999993656,626.398937332339
8645,43.86952777092356,362.89999999993654,626.4101244832632
8646,43.86952777092356,362.9199999999365,626.421311172062
8647,43.86952777092356,362.9399999999365,626.4324973987377
8648,43.86952777092356,362.9599999999365,626.4436831632926
8649,43.86952777092356,362.97999999993647,626.4548684657289
8650,43.86952777092356,362.99999999993645,626.4660533060487
8651,43.86952777092356,363.01999999993643,626.4772376842545
8652,43.86952777092356,363.0399999999364,626.4884216003485
8653,43.86952777092356,363.0599999999364,626.4996050543328
8654,43.86952777092356,363.0799999999364,626.5107880462098
8655,43.86952777092356,363.09999999993636,626.5219705759816
8656,43.86952777092356,363.11999999993634,626.5331526436506
8657,43.86952777092356,363.1399999999363,626.544334249219
8658,43.86952777092356,363.1599999999363,626.555515392689
8659,43.86952777092356,363.1799999999363,626.5666960743141
8660,43.86952777092356,363.19999999993627,626.5778762966269
8661,43.86952777092356,363.21999999993625,626.5890560598991
8662,43.86952777092356,363.23999999993623,626.600235364133
8663,43.86952777092356,363.2599999999362,626.6114142093307
8664,43.86952777092356,363.2799999999362,626.6225925954944
8665,43.86952777092356,363.2999999999362,626.6337705226263
8666,43.86952777092356,363.31999999993616,626.6449479907284
8667,43.86952777092356,363.33999999993614,626.6561249998028
8668,43.86952777092356,363.3599999999361,626.6673015498518
8669,43.86952777092356,363.3799999999361,626.6784776408775
8670,43.86952777092356,363.3999999999361,626.6896532728821
8671,43.86952777092356,363.41999999993607,626.7008284458675
8672,43.86952777092356,363.43999999993605,626.7120031598361
8673,43.86952777092356,363.45999999993603,626.7231774147899
8674,43.86952777092356,363.479999999936,626.7343512107311
8675,43.86952777092356,363.499999999936,626.7455245476618
8676,43.86952777092356,363.519999999936,626.7566974255842
8677,43.86952777092356,363.53999999993596,626.7678698445004
8678,43.86952777092356,363.55999999993594,626.7790418044125
8679,43.86952777092356,363.5799999999359,626.7902133053227
8680,43.86952777092356,363.5999999999359,626.8013843472331
8681,43.86952777092356,363.6199999999359,626.8125549301459
8682,43.86952777092356,363.63999999993587,626.8237250540632
8683,43.86952777092356,363.65999999993585,626.8348947189871
8684,43.86952777092356,363.67999999993583,626.8460639249198
8685,43.86952777092356,363.6999999999358,626.8572326718634
8686,43.86952777092356,363.7199999999358,626.86840095982
8687,43.86952777092356,363.7399999999358,626.8795687887917
8688,43.86952777092356,363.75999999993576,626.8907361587809
8689,43.86952777092356,363.77999999993574,626.9019030697895
8690,43.86952777092356,363.7999999999357,626.9130695218196
8691,43.86952777092356,363.8199999999357,626.9242355148734
8692,43.86952777092356,363.8399999999357,626.9354010489532
8693,43.86952777092356,363.85999999993567,626.946566124061
8694,43.86952777092356,363.87999999993565,626.9577307401988
8695,43.86952777092356,363.89999999993563,626.968894897369
8696,43.86952777092356,363.9199999999356,626.9800585955735
8697,43.86952777092356,363.9399999999356,626.9912218348145
8698,43.86952777092356,363.9599999999356,627.0023846150942
8699,43.86952777092356,363.97999999993556,627.0135469364147
8700,43.86952777092356,363.99999999993554,627.0247087987781
8701,43.86952777092356,364.0199999999355,627.0358702021865
8702,43.86952777092356,364.0399999999355,627.0470311466421
8703,43.86952777092356,364.0599999999355,627.058191632147
8704,43.86952777092356,364.07999999993547,627.0693516587033
8705,43.86952777092356,364.09999999993545,627.0805112263133
8706,43.86952777092356,364.11999999993543,627.091670334979
8707,43.86952777092356,364.1399999999354,627.1028289847025
8708,43.86952777092356,364.1599999999354,627.1139871754859
8709,43.86952777092356,364.1799999999354,627.1251449073314
8710,43.86952777092356,364.19999999993536,627.1363021806729
8711,43.86952777092356,364.21999999993534,627.1474589979985
8712,43.86952777092356,364.2399999999353,627.1586153595383
8713,43.86952777092356,364.2599999999353,627.1697712652946
8714,43.86952777092356,364.2799999999353,627.1809267152693
8715,43.86952777092356,364.29999999993527,627.1920817094644
8716,43.86952777092356,364.31999999993525,627.203236247882
8717,43.86952777092356,364.33999999993523,627.2143903305242
8718,43.86952777092356,364.3599999999352,627.2255439573929
8719,43.86952777092356,364.3799999999352,627.2366971284903
8720,43.86952777092356,364.3999999999352,627.2478498438182
8721,43.86952777092356,364.41999999993516,627.2590021033789
8722,43.86952777092356,364.43999999993514,627.2701539071742
8723,43.86952777092356,364.4599999999351,627.2813052552062
8724,43.86952777092356,364.4799999999351,627.2924561474771
8725,43.86952777092356,364.4999999999351,627.3036065839888
8726,43.86952777092356,364.51999999993507,627.3147565647432
8727,43.86952777092356,364.53999999993505,627.3259060897426
8728,43.86952777092356,364.55999999993503,627.3370551589888
8729,43.86952777092356,364.579999999935,627.348203772484
8730,43.86952777092356,364.599999999935,627.3593519302301
8731,43.86952777092356,364.619999999935,627.3704996322292
8732,43.86952777092356,364.63999999993496,627.3816468784834
8733,43.86952777092356,364.65999999993494,627.3927936689946
8734,43.86952777092356,364.6799999999349,627.4039400037649
8735,43.86952777092356,364.6999999999349,627.4150858827963
8736,43.86952777092356,364.7199999999349,627.4262313060909
8737,43.799280019714914,364.73999999993487,627.4373762736507
8738,43.799280019714914,364.75999999993485,627.4485207854776
8739,43.799280019714914,364.77999999993483,627.4596648415738
8740,43.799280019714914,364.7999999999348,627.4708084419412
8741,43.799280019714914,364.8199999999348,627.481951586582
8742,43.799280019714914,364.8399999999348,627.493094275498
8743,43.799280019714914,364.85999999993476,627.5042365086914
8744,43.799280019714914,364.87999999993474,627.5153782861642
8745,43.799280019714914,364.8999999999347,627.5265196079182
8746,43.799280019714914,364.9199999999347,627.5376604739557
8747,43.799280019714914,364.9399999999347,627.5488008842786
8748,43.799280019714914,364.95999999993467,627.559940838889
8749,43.799280019714914,364.97999999993465,627.5710803377889
8750,43.799280019714914,364.99999999993463,627.5822193809803
8751,43.799280019714914,365.0199999999346,627.5933579684653
8752,43.799280019714914,365.0399999999346,627.6044961002458
8753,43.799280019714914,365.0599999999346,627.6156337763239
8754,43.799280019714914,365.07999999993456,627.6267709967016
8755,43.799280019714914,365.09999999993454,627.6379077613809
8756,43.799280019714914,365.1199999999345,627.649044070364
8757,43.799280019714914,365.1399999999345,627.6601799236527
8758,43.799280019714914,365.1599999999345,627.671315321249
8759,43.799280019714914,365.17999999993447,627.6824502631551
8760,43.799280019714914,365.19999999993445,627.6935847493729
8761,43.799280019714914,365.21999999993443,627.7047187804925
8762,43.799280019714914,365.2399999999344,627.7158523587422
8763,43.799280019714914,365.2599999999344,627.726985484306
8764,43.799280019714914,365.2799999999344,627.738118157186
8765,43.799280019714914,365.29999999993436,627.749250377384
8766,43.799280019714914,365.31999999993434,627.760382144902
8767,43.799280019714914,365.3399999999343,627.7715134597419
8768,43.799280019714914,365.3599999999343,627.7826443219057
8769,43.799280019714914,365.3799999999343,627.7937747313952
8770,43.799280019714914,365.39999999993427,627.8049046882124
8771,43.799280019714914,365.41999999993425,627.8160341923593
8772,43.799280019714914,365.43999999993423,627.8271632438378
8773,43.799280019714914,365.4599999999342,627.8382918426499
8774,43.799280019714914,365.4799999999342,627.8494199887974
8775,43.799280019714914,365.4999999999342,627.8605476822823
8776,43.799280019714914,365.51999999993416,627.8716749231065
8777,43.799280019714914,365.53999999993414,627.882801711272
8778,43.799280019714914,365.5599999999341,627.8939280467807
8779,43.799280019714914,365.5799999999341,627.9050539296345
8780,43.799280019714914,365.5999999999341,627.9161793598354
8781,43.799280019714914,365.61999999993407,627.9273043373853
8782,43.799280019714914,365.63999999993405,627.9384288622861
8783,43.799280019714914,365.65999999993403,627.9495529345397
8784,43.799280019714914,365.679999999934,627.9606765541482
8785,43.799280019714914,365.699999999934,627.9717997211134
8786,43.799280019714914,365.719999999934,627.9829224354372
8787,43.799280019714914,365.73999999993396,627.9940446971216
8788,43.799280019714914,365.75999999993394,628.0051665061685
8789,43.799280019714914,365.7799999999339,628.0162878625798
8790,43.799280019714914,365.7999999999339,628.0274087663576
8791,43.799280019714914,365.8199999999339,628.0385292175035
8792,43.799280019714914,365.83999999993387,628.0496492160197
8793,43.799280019714914,365.85999999993385,628.0607687619081
8794,43.799280019714914,365.87999999993383,628.0718878551705
8795,43.799280019714914,365.8999999999338,628.083006495809
8796,43.799280019714914,365.9199999999338,628.0941246838254
8797,43.799280019714914,365.9399999999338,628.1052424192217
8798,43.799280019714914,365.95999999993376,628.1163597019997
8799,43.799280019714914,365.97999999993374,628.1274765321615
8800,43.799280019714914,365.9999999999337,628.1385929097089
8801,43.799280019714914,366.0199999999337,628.1497088346439
8802,43.799280019714914,366.0399999999337,628.1608243069684
8803,43.799280019714914,366.05999999993367,628.1719393266842
8804,43.799280019714914,366.07999999993365,628.1830538937934
8805,43.799280019714914,366.09999999993363,628.1941680082979
8806,43.799280019714914,366.1199999999336,628.2052816701995
8807,43.799280019714914,366.1399999999336,628.2163948795003
8808,43.799280019714914,366.1599999999336,628.2275076362021
8809,43.799280019714914,366.17999999993356,628.2386199403068
8810,43.799280019714914,366.19999999993354,628.2497317918163
8811,43.799280019714914,366.2199999999335,628.2608431907328
8812,43.799280019714914,366.2399999999335,628.2719541378337
8813,43.799280019714914,366.2599999999335,628.283064635237
8814,43.799280019714914,366.27999999993347,628.294174683093
8815,43.799280019714914,366.29999999993345,628.3052842814037
8816,43.799280019714914,366.31999999993343,628.3163934301708
8817,43.799280019714914,366.3399999999334,628.3275021293962
8818,43.799280019714914,366.3599999999334,628.3386103790814
8819,43.799280019714914,366.3799999999334,628.3497181792284
8820,43.799280019714914,366.39999999993336,628.3608255298388
8821,43.799280019714914,366.41999999993334,628.3719324309146
8822,43.799280019714914,366.4399999999333,628.3830388824574
8823,43.799280019714914,366.4599999999333,628.394144884469
8824,43.799280019714914,366.4799999999333,628.4052504369512
8825,43.799280019714914,366.49999999993327,628.4163555399057
8826,43.799280019714914,366.51999999993325,628.4274601933342
8827,43.799280019714914,366.53999999993323,628.4385643972387
8828,43.799280019714914,366.5599999999332,628.4496681516208
8829,43.799280019714914,366.5799999999332,628.4607714564823
8830,43.799280019714914,366.5999999999332,628.4718743118251
8831,43.799280019714914,366.61999999993316,628.4829767176508
8832,43.799280019714914,366.63999999993314,628.4940786739612
8833,43.799280019714914,366.6599999999331,628.5051801807581
8834,43.799280019714914,366.6799999999331,628.5162812380432
8835,43.799280019714914,366.6999999999331,628.5273818458184
8836,43.799280019714914,366.71999999993307,628.5384820040853
8837,43.799280019714914,366.73999999993305,628.5495817128458
8838,43.799280019714914,366.75999999993303,628.5606809721016
8839,43.799280019714914,366.779999999933,628.5717797818545
8840,43.799280019714914,366.799999999933,628.5828781421062
8841,43.799280019714914,366.819999999933,628.5939760528585
8842,43.799280019714914,366.83999999993296,628.6050735141131
8843,43.799280019714914,366.85999999993294,628.6161705258719
8844,43.799280019714914,366.8799999999329,628.6272670881366
8845,43.799280019714914,366.8999999999329,628.638363200909
8846,43.799280019714914,366.9199999999329,628.6494588641908
8847,43.799280019714914,366.93999999993287,628.6605540779838
8848,43.799280019714914,366.95999999993285,628.6716488422896
8849,43.799280019714914,366.97999999993283,628.6827431571103
8850,43.799280019714914,366.9999999999328,628.6938370224474
8851,43.799280019714914,367.0199999999328,628.7049304383027
8852,43.799280019714914,367.0399999999328,628.7160234046779
8853,43.799280019714914,367.05999999993276,628.727115921575
8854,43.799280019714914,367.07999999993274,628.7382079889956
8855,43.799280019714914,367.0999999999327,628.7492996069413
8856,43.799280019714914,367.1199999999327,628.7603907754142
8857,43.799280019714914,367.1399999999327,628.7714814944158
8858,43.799280019714914,367.15999999993267,628.7825717639479
8859,43.799280019714914,367.17999999993265,628.7936615840124
8860,43.799280019714914,367.19999999993263,628.8047509546109
8861,43.799280019714914,367.2199999999326,628.8158398757453
8862,43.72921954671574,367.2399999999326,628.8269283474172
8863,43.72921954671574,367.2599999999326,628.8380163705796
8864,43.72921954671574,367.27999999993256,628.8491039471984
8865,43.72921954671574,367.29999999993254,628.8601910773879
8866,43.72921954671574,367.3199999999325,628.8712777611498
8867,43.72921954671574,367.3399999999325,628.8823639984861
8868,43.72921954671574,367.3599999999325,628.8934497893983
8869,43.72921954671574,367.37999999993247,628.9045351338884
8870,43.72921954671574,367.39999999993245,628.9156200319582
8871,43.72921954671574,367.41999999993243,628.9267044836093
8872,43.72921954671574,367.4399999999324,628.9377884888437
8873,43.72921954671574,367.4599999999324,628.948872047663
8874,43.72921954671574,367.4799999999324,628.9599551600691
8875,43.72921954671574,367.49999999993236,628.9710378260637
8876,43.72921954671574,367.51999999993234,628.9821200456487
8877,43.72921954671574,367.5399999999323,628.9932018188257
8878,43.72921954671574,367.5599999999323,629.0042831455966
8879,43.72921954671574,367.5799999999323,629.0153640259631
8880,43.72921954671574,367.59999999993227,629.0264444599271
8881,43.72921954671574,367.61999999993225,629.0375244474903
8882,43.72921954671574,367.63999999993223,629.0486039886546
8883,43.72921954671574,367.6599999999322,629.0596830834216
8884,43.72921954671574,367.6799999999322,629.0707617317933
8885,43.72921954671574,367.6999999999322,629.0818399337712
8886,43.72921954671574,367.71999999993216,629.0929176893573
8887,43.72921954671574,367.73999999993214,629.1039949985533
8888,43.72921954671574,367.7599999999321,629.1150718613609
8889,43.72921954671574,367.7799999999321,629.126148277782
8890,43.72921954671574,367.7999999999321,629.1372242478184
8891,43.72921954671574,367.81999999993207,629.1482997714718
8892,43.72921954671574,367.83999999993205,629.1593748487439
8893,43.72921954671574,367.85999999993203,629.1704494796367
8894,43.72921954671574,367.879999999932,629.1815236641518
8895,43.72921954671574,367.899999999932,629.192597402291
8896,43.72921954671574,367.919999999932,629.2036706940561
8897,43.72921954671574,367.93999999993196,629.2147435394488
8898,43.72921954671574,367.95999999993194,629.2258159384711
8899,43.72921954671574,367.9799999999319,629.2368878911245
8900,43.72921954671574,367.9999999999319,629.247959397411
8901,43.72921954671574,368.0199999999319,629.2590304573323
8902,43.72921954671574,368.03999999993187,629.2701010708901
8903,43.72921954671574,368.05999999993185,629.2811712380861
8904,43.72921954671574,368.07999999993183,629.2922409589223
8905,43.72921954671574,368.0999999999318,629.3033102334003
8906,43.72921954671574,368.1199999999318,629.314379061522
8907,43.72921954671574,368.1399999999318,629.3254474432891
8908,43.72921954671574,368.15999999993176,629.3365153787034
8909,43.72921954671574,368.17999999993174,629.3475828677667
8910,43.72921954671574,368.1999999999317,629.3586499104807
8911,43.72921954671574,368.2199999999317,629.3697165068472
8912,43.72921954671574,368.2399999999317,629.380782656868
8913,43.72921954671574,368.25999999993167,629.3918483605447
8914,43.72921954671574,368.27999999993165,629.4029136189683
8915,43.72921954671574,368.29999999993163,629.4139784338962
8916,43.72921954671574,368.3199999999316,629.425042805404
8917,43.72921954671574,368.3399999999316,629.4361067334933
8918,43.72921954671574,368.3599999999316,629.4471702181656
8919,43.72921954671574,368.37999999993156,629.4582332594227
8920,43.72921954671574,368.39999999993154,629.4692958572663
8921,43.72921954671574,368.4199999999315,629.4803580116978
8922,43.72921954671574,368.4399999999315,629.491419722719
8923,43.72921954671574,368.4599999999315,629.5024809903314
8924,43.72921954671574,368.47999999993147,629.5135418145366
8925,43.72921954671574,368.49999999993145,629.5246021953362
8926,43.72921954671574,368.51999999993143,629.535662132732
8927,43.72921954671574,368.5399999999314,629.5467216267255
8928,43.72921954671574,368.5599999999314,629.5577806773182
8929,43.72921954671574,368.5799999999314,629.5688392845118
8930,43.72921954671574,368.59999999993136,629.579897448308
8931,43.72921954671574,368.61999999993134,629.5909551687083
8932,43.72921954671574,368.6399999999313,629.6020124457144
8933,43.72921954671574,368.6599999999313,629.613069279328
8934,43.72921954671574,368.6799999999313,629.6241256695505
8935,43.72921954671574,368.69999999993126,629.6351816163836
8936,43.72921954671574,368.71999999993125,629.646237119829
8937,43.72921954671574,368.73999999993123,629.6572921798883
8938,43.72921954671574,368.7599999999312,629.6683467965629
8939,43.72921954671574,368.7799999999312,629.6794009698547
8940,43.72921954671574,368.7999999999312,629.6904546997652
8941,43.72921954671574,368.81999999993116,629.7015079862958
8942,43.72921954671574,368.83999999993114,629.7125608294485
8943,43.72921954671574,368.8599999999311,629.7236132292247
8944,43.72921954671574,368.8799999999311,629.734665185626
8945,43.72921954671574,368.8999999999311,629.7457166986541
8946,43.72921954671574,368.91999999993106,629.7567677683105
8947,43.72921954671574,368.93999999993105,629.7678183945969
8948,43.72921954671574,368.95999999993103,629.7788685775149
8949,43.72921954671574,368.979999999931,629.789918317066
8950,43.72921954671574,368.999999999931,629.8009676132519
8951,43.72921954671574,369.019999999931,629.8120164660743
8952,43.72921954671574,369.03999999993096,629.8230648755347
8953,43.72921954671574,369.05999999993094,629.8341128416347
8954,43.72921954671574,369.0799999999309,629.8451603643759
8955,43.72921954671574,369.0999999999309,629.85620744376
8956,43.72921954671574,369.1199999999309,629.8672540797885
8957,43.72921954671574,369.13999999993086,629.8783002724631
8958,43.72921954671574,369.15999999993085,629.8893460217853
8959,43.72921954671574,369.1799999999308,629.9003913277568
8960,43.72921954671574,369.1999999999308,629.9114361903792
8961,43.72921954671574,369.2199999999308,629.922480609654
8962,43.72921954671574,369.2399999999308,629.933524585583
8963,43.72921954671574,369.25999999993076,629.9445681181676
8964,43.72921954671574,369.27999999993074,629.9556112074096
8965,43.72921954671574,369.2999999999307,629.9666538546071
8966,43.72921954671574,369.3199999999307,629.977696061425
8967,43.72921954671574,369.3399999999307,629.9887378279058
8968,43.72921954671574,369.35999999993066,629.9997791540508
8969,43.72921954671574,369.37999999993065,630.0108200395939
8970,43.72921954671574,369.3999999999306,630.0218604842522
8971,43.72921954671574,369.4199999999306,630.0329004880251
8972,43.72921954671574,369.4399999999306,630.0439400509139
8973,43.72921954671574,369.4599999999306,630.0549791729197
8974,43.72921954671574,369.47999999993056,630.0660178540439
8975,43.72921954671574,369.49999999993054,630.0770560942879
8976,43.72921954671574,369.5199999999305,630.0880938936527
8977,43.72921954671574,369.5399999999305,630.0991312521398
8978,43.72921954671574,369.5599999999305,630.1101681697505
8979,43.72921954671574,369.57999999993046,630.121204646486
8980,43.72921954671574,369.59999999993045,630.1322406823475
8981,43.72921954671574,369.6199999999304,630.1432762773364
8982,43.72921954671574,369.6399999999304,630.154311431454
8983,43.72921954671574,369.6599999999304,630.1653461447014
8984,43.72921954671574,369.6799999999304,630.1763804170799
8985,43.72921954671574,369.69999999993036,630.1874142485909
8986,43.72921954671574,369.71999999993034,630.1984476392357
8987,43.72921954671574,369.7399999999303,630.2094805890155
8988,43.72921954671574,369.7599999999303,630.2205130979315
8989,43.72921954671574,369.7799999999303,630.231545165985
8990,43.72921954671574,369.79999999993026,630.2425767931775
8991,43.659345653682045,369.81999999993025,630.25360797951
8992,43.659345653682045,369.8399999999302,630.2646387249838
8993,43.659345653682045,369.8599999999302,630.2756690296003
8994,43.659345653682045,369.8799999999302,630.2866988933607
8995,43.659345653682045,369.8999999999302,630.2977283162663
8996,43.659345653682045,369.91999999993016,630.3087572983184
8997,43.659345653682045,369.93999999993014,630.3197858395181
8998,43.659345653682045,369.9599999999301,630.3308139398669
8999,43.659345653682045,369.9799999999301,630.3418415993659
9000,43.659345653682045,369.9999999999301,630.3528688180165
9001,43.659345653682045,370.01999999993006,630.3638955958199
9002,43.659345653682045,370.03999999993005,630.3749219327774
9003,43.659345653682045,370.05999999993,630.3859478288902
9004,43.659345653682045,370.07999999993,630.3969732841596
9005,43.659345653682045,370.09999999993,630.4079982985869
9006,43.659345653682045,370.11999999993,630.4190228721734
9007,43.659345653682045,370.13999999992996,630.4300470049203
9008,43.659345653682045,370.15999999992994,630.4410706968289
9009,43.659345653682045,370.1799999999299,630.4520939479004
9010,43.659345653682045,370.1999999999299,630.4631167581362
9011,43.659345653682045,370.2199999999299,630.4741391275375
9012,43.659345653682045,370.23999999992986,630.4851610561054
9013,43.659345653682045,370.25999999992985,630.4961825438414
9014,43.659345653682045,370.2799999999298,630.5072035907467
9015,43.659345653682045,370.2999999999298,630.5182241968226
9016,43.659345653682045,370.3199999999298,630.5292443634722
9017,43.659345653682045,370.3399999999298,630.5402640921445
9018,43.659345653682045,370.35999999992976,630.5512833828459
9019,43.659345653682045,370.37999999992974,630.5623022355774
9020,43.659345653682045,370.3999999999297,630.5733206503403
9021,43.659345653682045,370.4199999999297,630.5843386271357
9022,43.659345653682045,370.4399999999297,630.5953561659649
9023,43.659345653682045,370.45999999992966,630.6063732668289
9024,43.659345653682045,370.47999999992965,630.617389929729
9025,43.659345653682045,370.4999999999296,630.6284061546664
9026,43.659345653682045,370.5199999999296,630.6394219416424
9027,43.659345653682045,370.5399999999296,630.6504372906579
9028,43.659345653682045,370.5599999999296,630.6614522017143
9029,43.659345653682045,370.57999999992956,630.6724666748125
9030,43.659345653682045,370.59999999992954,630.683480709954
9031,43.659345653682045,370.6199999999295,630.6944943071398
9032,43.659345653682045,370.6399999999295,630.7055074663712
9033,43.659345653682045,370.6599999999295,630.7165201876493
9034,43.659345653682045,370.67999999992946,630.7275324709752
9035,43.659345653682045,370.69999999992945,630.7385443163503
9036,43.659345653682045,370.7199999999294,630.7495557237755
9037,43.659345653682045,370.7399999999294,630.7605666932521
9038,43.659345653682045,370.7599999999294,630.7715772247814
9039,43.659345653682045,370.7799999999294,630.7825873183644
9040,43.659345653682045,370.79999999992935,630.7935969740024
9041,43.659345653682045,370.81999999992934,630.8046061916965
9042,43.659345653682045,370.8399999999293,630.8156149714479
9043,43.659345653682045,370.8599999999293,630.8266233132578
9044,43.659345653682045,370.8799999999293,630.8376312171273
9045,43.659345653682045,370.89999999992926,630.8486386830576
9046,43.659345653682045,370.91999999992925,630.85964571105
9047,43.659345653682045,370.9399999999292,630.8706523011056
9048,43.659345653682045,370.9599999999292,630.8816584532254
9049,43.659345653682045,370.9799999999292,630.8926641674108
9050,43.659345653682045,370.9999999999292,630.9036694436628
9051,43.659345653682045,371.01999999992915,630.9146742819828
9052,43.659345653682045,371.03999999992914,630.9256786823718
9053,43.659345653682045,371.0599999999291,630.936682644831
9054,43.659345653682045,371.0799999999291,630.9476861693615
9055,43.659345653682045,371.0999999999291,630.9586892559647
9056,43.659345653682045,371.11999999992906,630.9696919046415
9057,43.659345653682045,371.13999999992905,630.9806941153932
9058,43.659345653682045,371.159999999929,630.9916958882211
9059,43.659345653682045,371.179999999929,631.0026972231261
9060,43.659345653682045,371.199999999929,631.0136981201096
9061,43.659345653682045,371.219999999929,631.0246985791727
9062,43.659345653682045,371.23999999992895,631.0356986003164
9063,43.659345653682045,371.25999999992894,631.0466981835422
9064,43.659345653682045,371.2799999999289,631.057697328851
9065,43.659345653682045,371.2999999999289,631.0686960362441
9066,43.659345653682045,371.3199999999289,631.0796943057519
9067,43.659345653682045,371.33999999992886,631.090692138953
9068,43.659345653682045,371.35999999992885,631.1016895371631
9069,43.659345653682045,371.3799999999288,631.1126865003831
9070,43.659345653682045,371.3999999999288,631.1236830286141
9071,43.659345653682045,371.4199999999288,631.1346791218571
9072,43.659345653682045,371.4399999999288,631.1456747801129
9073,43.659345653682045,371.45999999992875,631.1566700033828
9074,43.659345653682045,371.47999999992874,631.1676647916678
9075,43.659345653682045,371.4999999999287,631.1786591449688
9076,43.659345653682045,371.5199999999287,631.189653063287
9077,43.659345653682045,371.5399999999287,631.2006465466231
9078,43.659345653682045,371.55999999992866,631.2116395949785
9079,43.659345653682045,371.57999999992865,631.222632208354
9080,43.659345653682045,371.5999999999286,631.2336243867505
9081,43.659345653682045,371.6199999999286,631.2446161301693
9082,43.659345653682045,371.6399999999286,631.2556074386113
9083,43.659345653682045,371.6599999999286,631.2665983120775
9084,43.659345653682045,371.67999999992855,631.2775887505688
9085,43.659345653682045,371.69999999992854,631.2885787540865
9086,43.659345653682045,371.7199999999285,631.2995683226314
9087,43.659345653682045,371.7399999999285,631.3105574562046
9088,43.659345653682045,371.7599999999285,631.3215461548072
9089,43.659345653682045,371.77999999992846,631.33253441844
9090,43.659345653682045,371.79999999992845,631.3435222471041
9091,43.659345653682045,371.8199999999284,631.3545096408006
9092,43.659345653682045,371.8399999999284,631.3654965995305
9093,43.659345653682045,371.8599999999284,631.3764831232947
9094,43.659345653682045,371.8799999999284,631.3874692120944
9095,43.659345653682045,371.89999999992835,631.3984548659304
9096,43.659345653682045,371.91999999992834,631.4094400848038
9097,43.659345653682045,371.9399999999283,631.4204248687157
9098,43.659345653682045,371.9599999999283,631.431409217667
9099,43.659345653682045,371.9799999999283,631.4423931316588
9100,43.659345653682045,371.99999999992826,631.4533766106921
9101,43.659345653682045,372.01999999992825,631.4643596547678
9102,43.659345653682045,372.0399999999282,631.475342263887
9103,43.659345653682045,372.0599999999282,631.4863244380508
9104,43.659345653682045,372.0799999999282,631.4973061772602
9105,43.659345653682045,372.0999999999282,631.5082874815159
9106,43.659345653682045,372.11999999992815,631.5192683508193
9107,43.659345653682045,372.13999999992814,631.5302487851712
9108,43.659345653682045,372.1599999999281,631.5412287845728
9109,43.659345653682045,372.1799999999281,631.5522083490249
9110,43.659345653682045,372.1999999999281,631.5631874785286
9111,43.659345653682045,372.21999999992806,631.5741661730849
9112,43.659345653682045,372.23999999992805,631.5851444326948
9113,43.659345653682045,372.259999999928,631.5961222573594
9114,43.659345653682045,372.279999999928,631.6070996470796
9115,43.659345653682045,372.299999999928,631.6180766018565
9116,43.659345653682045,372.319999999928,631.629053121691
9117,43.5896576457134,372.33999999992795,631.6400292066465
9118,43.5896576457134,372.35999999992794,631.6510048584072
9119,43.5896576457134,372.3799999999279,631.6619800780944
9120,43.5896576457134,372.3999999999279,631.6729548657092
9121,43.5896576457134,372.4199999999279,631.6839292212527
9122,43.5896576457134,372.43999999992786,631.6949031447258
9123,43.5896576457134,372.45999999992785,631.7058766361296
9124,43.5896576457134,372.4799999999278,631.716849695465
9125,43.5896576457134,372.4999999999278,631.7278223227333
9126,43.5896576457134,372.5199999999278,631.7387945179354
9127,43.5896576457134,372.5399999999278,631.7497662810722
9128,43.5896576457134,372.55999999992775,631.7607376121448
9129,43.5896576457134,372.57999999992774,631.7717085111542
9130,43.5896576457134,372.5999999999277,631.7826789781016
9131,43.5896576457134,372.6199999999277,631.7936490129878
9132,43.5896576457134,372.6399999999277,631.8046186158139
9133,43.5896576457134,372.65999999992766,631.8155877865809
9134,43.5896576457134,372.67999999992765,631.8265565252899
9135,43.5896576457134,372.6999999999276,631.8375248319419
9136,43.5896576457134,372.7199999999276,631.8484927065379
9137,43.5896576457134,372.7399999999276,631.8594601490788
9138,43.5896576457134,372.7599999999276,631.8704271595658
9139,43.5896576457134,372.77999999992755,631.8813937379999
9140,43.5896576457134,372.79999999992754,631.8923598843821
9141,43.5896576457134,372.8199999999275,631.9033255987134
9142,43.5896576457134,372.8399999999275,631.9142908809948
9143,43.5896576457134,372.8599999999275,631.9252557312274
9144,43.5896576457134,372.87999999992746,631.9362201494121
9145,43.5896576457134,372.89999999992745,631.94718413555
9146,43.5896576457134,372.9199999999274,631.958147689642
9147,43.5896576457134,372.9399999999274,631.9691108116893
9148,43.5896576457134,372.9599999999274,631.9800735016929
9149,43.5896576457134,372.9799999999274,631.9910357596538
9150,43.5896576457134,372.99999999992735,632.0019975855729
9151,43.5896576457134,373.01999999992734,632.0129589794514
9152,43.5896576457134,373.0399999999273,632.0239199412902
9153,43.5896576457134,373.0599999999273,632.0348804710902
9154,43.5896576457134,373.0799999999273,632.0458405688527
9155,43.5896576457134,373.09999999992726,632.0568002345785
9156,43.5896576457134,373.11999999992724,632.0677594682687
9157,43.5896576457134,373.1399999999272,632.0787182699244
9158,43.5896576457134,373.1599999999272,632.0896766395464
9159,43.5896576457134,373.1799999999272,632.1006345771359
9160,43.5896576457134,373.1999999999272,632.1115920826938
9161,43.5896576457134,373.21999999992715,632.1225491562212
9162,43.5896576457134,373.23999999992714,632.1335057977192
9163,43.5896576457134,373.2599999999271,632.1444620071886
9164,43.5896576457134,373.2799999999271,632.1554177846306
9165,43.5896576457134,373.2999999999271,632.166373130046
9166,43.5896576457134,373.31999999992706,632.1773280434361
9167,43.5896576457134,373.33999999992704,632.1882825248017
9168,43.5896576457134,373.359999999927,632.1992365742382
9169,43.5896576457134,373.379999999927,632.2101901935268
9170,43.5896576457134,373.399999999927,632.2211433836004
9171,43.5896576457134,373.419999999927,632.2320961444598
9172,43.5896576457134,373.43999999992695,632.2430484761057
9173,43.5896576457134,373.45999999992694,632.2540003785392
9174,43.5896576457134,373.4799999999269,632.2649518517611
9175,43.5896576457134,373.4999999999269,632.2759028957722
9176,43.5896576457134,373.5199999999269,632.2868535105735
9177,43.5896576457134,373.53999999992686,632.2978036961656
9178,43.5896576457134,373.55999999992684,632.3087534525496
9179,43.5896576457134,373.5799999999268,632.3197027797262
9180,43.5896576457134,373.5999999999268,632.3306516776964
9181,43.5896576457134,373.6199999999268,632.341600146461
9182,43.5896576457134,373.6399999999268,632.352548186021
9183,43.5896576457134,373.65999999992675,632.363495796377
9184,43.5896576457134,373.67999999992674,632.3744429775301
9185,43.5896576457134,373.6999999999267,632.385389729481
9186,43.5896576457134,373.7199999999267,632.3963360522306
9187,43.5896576457134,373.7399999999267,632.4072819457798
9188,43.5896576457134,373.75999999992666,632.4182274101295
9189,43.5896576457134,373.77999999992664,632.4291724452804
9190,43.5896576457134,373.7999999999266,632.4401170512335
9191,43.5896576457134,373.8199999999266,632.4510612279897
9192,43.5896576457134,373.8399999999266,632.4620049755498
9193,43.5896576457134,373.8599999999266,632.4729482939147
9194,43.5896576457134,373.87999999992655,632.4838911830851
9195,43.5896576457134,373.89999999992654,632.4948336430621
9196,43.5896576457134,373.9199999999265,632.5057756738463
9197,43.5896576457134,373.9399999999265,632.5167172754387
9198,43.5896576457134,373.9599999999265,632.5276584478403
9199,43.5896576457134,373.97999999992646,632.5385991910517
9200,43.5896576457134,373.99999999992644,632.5495395050739
9201,43.5896576457134,374.0199999999264,632.5604793899076
9202,43.5896576457134,374.0399999999264,632.5714188455539
9203,43.5896576457134,374.0599999999264,632.5823578720135
9204,43.5896576457134,374.0799999999264,632.5932964692873
9205,43.5896576457134,374.09999999992635,632.6042346373762
9206,43.5896576457134,374.11999999992634,632.615172376281
9207,43.5896576457134,374.1399999999263,632.6261096860025
9208,43.5896576457134,374.1599999999263,632.6370465665416
9209,43.5896576457134,374.1799999999263,632.6479830178992
9210,43.5896576457134,374.19999999992626,632.6589190400761
9211,43.5896576457134,374.21999999992624,632.6698546330732
9212,43.5896576457134,374.2399999999262,632.6807897968914
9213,43.5896576457134,374.2599999999262,632.6917245315315
9214,43.5896576457134,374.2799999999262,632.7026588369943
9215,43.5896576457134,374.2999999999262,632.7135927132807
9216,43.5896576457134,374.31999999992615,632.7245261603916
9217,43.5896576457134,374.33999999992614,632.7354591783278
9218,43.5896576457134,374.3599999999261,632.7463917670901
9219,43.5896576457134,374.3799999999261,632.7573239268098
9220,43.5896576457134,374.3999999999261,632.7682556594442
9221,43.5896576457134,374.41999999992606,632.7791869657779
9222,43.5896576457134,374.43999999992604,632.7901178458116
9223,43.5896576457134,374.459999999926,632.8010482995461
9224,43.5896576457134,374.479999999926,632.8119783269822
9225,43.5896576457134,374.499999999926,632.8229079281207
9226,43.5896576457134,374.519999999926,632.8338371029623
9227,43.5896576457134,374.53999999992595,632.8447658515079
9228,43.5896576457134,374.55999999992594,632.8556941737581
9229,43.5896576457134,374.5799999999259,632.8666220697139
9230,43.5896576457134,374.5999999999259,632.8775495393759
9231,43.5896576457134,374.6199999999259,632.8884765827448
9232,43.5896576457134,374.63999999992586,632.8994031998216
9233,43.5896576457134,374.65999999992584,632.9103293906069
9234,43.5896576457134,374.6799999999258,632.9212551551016
9235,43.5896576457134,374.6999999999258,632.9321804933063
9236,43.5896576457134,374.7199999999258,632.9431054052219
9237,43.5896576457134,374.7399999999258,632.9540298908491
9238,43.5896576457134,374.75999999992575,632.9649539501888
9239,43.5896576457134,374.77999999992574,632.9758775832416
9240,43.5896576457134,374.7999999999257,632.9868007900084
9241,43.5896576457134,374.8199999999257,632.9977235704898
9242,43.5896576457134,374.8399999999257,633.0086459246868
9243,43.52015483123339,374.85999999992566,633.0195678526001
9244,43.52015483123339,374.87999999992564,633.0304893542303
9245,43.52015483123339,374.8999999999256,633.0414104295784
9246,43.52015483123339,374.9199999999256,633.052331078645
9247,43.52015483123339,374.9399999999256,633.0632513014309
9248,43.52015483123339,374.95999999992557,633.0741710979369
9249,43.52015483123339,374.97999999992555,633.0850904681637
9250,43.52015483123339,374.99999999992554,633.0960094121122
9251,43.52015483123339,375.0199999999255,633.106927929783
9252,43.52015483123339,375.0399999999255,633.117846021177
9253,43.52015483123339,375.0599999999255,633.128763686295
9254,43.52015483123339,375.07999999992546,633.1396809251376
9255,43.52015483123339,375.09999999992544,633.1505977377057
9256,43.52015483123339,375.1199999999254,633.161514124
9257,43.52015483123339,375.1399999999254,633.1724300840212
9258,43.52015483123339,375.1599999999254,633.1833456177702
9259,43.52015483123339,375.17999999992537,633.1942607252478
9260,43.52015483123339,375.19999999992535,633.2051754064546
9261,43.52015483123339,375.21999999992534,633.2160896613915
9262,43.52015483123339,375.2399999999253,633.2270034900591
9263,43.52015483123339,375.2599999999253,633.2379168924583
9264,43.52015483123339,375.2799999999253,633.2488298685898
9265,43.52015483123339,375.29999999992526,633.2597424184545
9266,43.52015483123339,375.31999999992524,633.270654542053
9267,43.52015483123339,375.3399999999252,633.281566239386
9268,43.52015483123339,375.3599999999252,633.2924775104545
9269,43.52015483123339,375.3799999999252,633.3033883552591
9270,43.52015483123339,375.39999999992517,633.3142987739566
9271,43.52015483123339,375.41999999992515,633.3252087685347
9272,43.52015483123339,375.43999999992513,633.336118339578
9273,43.52015483123339,375.4599999999251,633.3470274870871
9274,43.52015483123339,375.4799999999251,633.3579362110627
9275,43.52015483123339,375.4999999999251,633.3688445115055
9276,43.52015483123339,375.51999999992506,633.3797523884161
9277,43.52015483123339,375.53999999992504,633.3906598417955
9278,43.52015483123339,375.559999999925,633.401566871644
9279,43.52015483123339,375.579999999925,633.4124734779625
9280,43.52015483123339,375.599999999925,633.4233796607516
9281,43.52015483123339,375.61999999992497,633.4342854200121
9282,43.52015483123339,375.63999999992495,633.4451907557445
9283,43.52015483123339,375.65999999992493,633.4560956679496
9284,43.52015483123339,375.6799999999249,633.4670001566282
9285,43.52015483123339,375.6999999999249,633.4779042217807
9286,43.52015483123339,375.7199999999249,633.488807863408
9287,43.52015483123339,375.73999999992486,633.4997110815108
9288,43.52015483123339,375.75999999992484,633.5106138760897
9289,43.52015483123339,375.7799999999248,633.5215162471453
9290,43.52015483123339,375.7999999999248,633.5324181946785
9291,43.52015483123339,375.8199999999248,633.5433197186898
9292,43.52015483123339,375.83999999992477,633.5542208191799
9293,43.52015483123339,375.85999999992475,633.5651214961496
9294,43.52015483123339,375.87999999992473,633.5760217495995
9295,43.52015483123339,375.8999999999247,633.5869215795302
9296,43.52015483123339,375.9199999999247,633.5978209859426
9297,43.52015483123339,375.9399999999247,633.6087199688371
9298,43.52015483123339,375.95999999992466,633.6196185282147
9299,43.52015483123339,375.97999999992464,633.6305166640758
9300,43.52015483123339,375.9999999999246,633.6414143764213
9301,43.52015483123339,376.0199999999246,633.6523116652517
9302,43.52015483123339,376.0399999999246,633.6632085305678
9303,43.52015483123339,376.05999999992457,633.6741049723702
9304,43.52015483123339,376.07999999992455,633.6850009906597
9305,43.52015483123339,376.09999999992453,633.6958965854368
9306,43.52015483123339,376.1199999999245,633.7067917567024
9307,43.52015483123339,376.1399999999245,633.717686504457
9308,43.52015483123339,376.1599999999245,633.7285808287013
9309,43.52015483123339,376.17999999992446,633.7394747294361
9310,43.52015483123339,376.19999999992444,633.750368206662
9311,43.52015483123339,376.2199999999244,633.7612612603796
9312,43.52015483123339,376.2399999999244,633.7721538905896
9313,43.52015483123339,376.2599999999244,633.7830460972929
9314,43.52015483123339,376.27999999992437,633.7939378804899
9315,43.52015483123339,376.29999999992435,633.8048292401814
9316,43.52015483123339,376.31999999992433,633.8157201763681
9317,43.52015483123339,376.3399999999243,633.8266106890507
9318,43.52015483123339,376.3599999999243,633.8375007782297
9319,43.52015483123339,376.3799999999243,633.8483904439059
9320,43.52015483123339,376.39999999992426,633.8592796860801
9321,43.52015483123339,376.41999999992424,633.8701685049456
9322,43.52015483123339,376.4399999999242,633.8810569026724
9323,43.52015483123339,376.4599999999242,633.8919448796947
9324,43.52015483123339,376.4799999999242,633.9028324360131
9325,43.52015483123339,376.49999999992417,633.913719571628
9326,43.52015483123339,376.51999999992415,633.9246062865401
9327,43.52015483123339,376.53999999992413,633.9354925807498
9328,43.52015483123339,376.5599999999241,633.9463784542579
9329,43.52015483123339,376.5799999999241,633.9572639070648
9330,43.52015483123339,376.5999999999241,633.968148939171
9331,43.52015483123339,376.61999999992406,633.979033550577
9332,43.52015483123339,376.63999999992404,633.9899177412835
9333,43.52015483123339,376.659999999924,634.000801511291
9334,43.52015483123339,376.679999999924,634.0116848606001
9335,43.52015483123339,376.699999999924,634.0225677892113
9336,43.52015483123339,376.71999999992397,634.033450297125
9337,43.52015483123339,376.73999999992395,634.0443323843419
9338,43.52015483123339,376.75999999992393,634.0552140508626
9339,43.52015483123339,376.7799999999239,634.0660952966875
9340,43.52015483123339,376.7999999999239,634.0769761218173
9341,43.52015483123339,376.8199999999239,634.0878565262525
9342,43.52015483123339,376.83999999992386,634.0987365099935
9343,43.52015483123339,376.85999999992384,634.109616073041
9344,43.52015483123339,376.8799999999238,634.1204952153955
9345,43.52015483123339,376.8999999999238,634.1313739370576
9346,43.52015483123339,376.9199999999238,634.1422522380277
9347,43.52015483123339,376.93999999992377,634.1531301183065
9348,43.52015483123339,376.95999999992375,634.1640075778945
9349,43.52015483123339,376.97999999992373,634.1748846167922
9350,43.52015483123339,376.9999999999237,634.1857612350001
9351,43.52015483123339,377.0199999999237,634.1966374325189
9352,43.52015483123339,377.0399999999237,634.207513209349
9353,43.52015483123339,377.05999999992366,634.2183885654911
9354,43.52015483123339,377.07999999992364,634.2292635009455
9355,43.52015483123339,377.0999999999236,634.240138015713
9356,43.52015483123339,377.1199999999236,634.251012109794
9357,43.52015483123339,377.1399999999236,634.2618857831891
9358,43.52015483123339,377.15999999992357,634.2727590358987
9359,43.52015483123339,377.17999999992355,634.2836318679235
9360,43.52015483123339,377.19999999992353,634.2945042792641
9361,43.52015483123339,377.2199999999235,634.3053762699208
9362,43.52015483123339,377.2399999999235,634.3162478398943
9363,43.52015483123339,377.2599999999235,634.3271189891852
9364,43.52015483123339,377.27999999992346,634.3379897177939
9365,43.52015483123339,377.29999999992344,634.348860025721
9366,43.52015483123339,377.3199999999234,634.359729912967
9367,43.52015483123339,377.3399999999234,634.3705993795326
9368,43.52015483123339,377.3599999999234,634.3814684254181
9369,43.450836521970196,377.37999999992337,634.3923370506243
9370,43.450836521970196,377.39999999992335,634.4032052551515
9371,43.450836521970196,377.41999999992333,634.4140730390004
9372,43.450836521970196,377.4399999999233,634.4249404023918
9373,43.450836521970196,377.4599999999233,634.4358073475726
9374,43.450836521970196,377.4799999999233,634.4466738748056
9375,43.450836521970196,377.49999999992326,634.4575399840915
9376,43.450836521970196,377.51999999992324,634.4684056754309
9377,43.450836521970196,377.5399999999232,634.4792709488243
9378,43.450836521970196,377.5599999999232,634.4901358042723
9379,43.450836521970196,377.5799999999232,634.5010002417756
9380,43.450836521970196,377.59999999992317,634.5118642613347
9381,43.450836521970196,377.61999999992315,634.5227278629503
9382,43.450836521970196,377.63999999992313,634.5335910466229
9383,43.450836521970196,377.6599999999231,634.544453812353
9384,43.450836521970196,377.6799999999231,634.5553161601414
9385,43.450836521970196,377.6999999999231,634.5661780899885
9386,43.450836521970196,377.71999999992306,634.577039601895
9387,43.450836521970196,377.73999999992304,634.5879006958614
9388,43.450836521970196,377.759999999923,634.5987613718885
9389,43.450836521970196,377.779999999923,634.6096216299767
9390,43.450836521970196,377.799999999923,634.6204814701266
9391,43.450836521970196,377.81999999992297,634.6313408923388
9392,43.450836521970196,377.83999999992295,634.642199896614
9393,43.450836521970196,377.85999999992293,634.6530584829526
9394,43.450836521970196,377.8799999999229,634.6639166513553
9395,43.450836521970196,377.8999999999229,634.6747744018227
9396,43.450836521970196,377.9199999999229,634.6856317343554
9397,43.450836521970196,377.93999999992286,634.696488648954
9398,43.450836521970196,377.95999999992284,634.707345145619
9399,43.450836521970196,377.9799999999228,634.718201224351
9400,43.450836521970196,377.9999999999228,634.7290568851506
9401,43.450836521970196,378.0199999999228,634.7399121280184
9402,43.450836521970196,378.03999999992277,634.7507669529551
9403,43.450836521970196,378.05999999992275,634.7616213599612
9404,43.450836521970196,378.07999999992273,634.7724753490372
9405,43.450836521970196,378.0999999999227,634.7833289201837
9406,43.450836521970196,378.1199999999227,634.7941820734014
9407,43.450836521970196,378.1399999999227,634.8050348086908
9408,43.450836521970196,378.15999999992266,634.8158871260525
9409,43.450836521970196,378.17999999992264,634.8267390254872
9410,43.450836521970196,378.1999999999226,634.8375905069953
9411,43.450836521970196,378.2199999999226,634.8484415705775
9412,43.450836521970196,378.2399999999226,634.8592922162343
9413,43.450836521970196,378.25999999992257,634.8701424439663
9414,43.450836521970196,378.27999999992255,634.8809922537741
9415,43.450836521970196,378.29999999992253,634.8918416456585
9416,43.450836521970196,378.3199999999225,634.9026906196198
9417,43.450836521970196,378.3399999999225,634.9135391756586
9418,43.450836521970196,378.3599999999225,634.9243873137756
9419,43.450836521970196,378.37999999992246,634.9352350339713
9420,43.450836521970196,378.39999999992244,634.9460823362463
9421,43.450836521970196,378.4199999999224,634.9569292206012
9422,43.450836521970196,378.4399999999224,634.9677756870366
9423,43.450836521970196,378.4599999999224,634.9786217359008
9424,43.450836521970196,378.47999999992237,634.9894673693326
9425,43.450836521970196,378.49999999992235,635.0003125875314
9426,43.450836521970196,378.51999999992233,635.0111573904977
9427,43.450836521970196,378.5399999999223,635.0220017782318
9428,43.450836521970196,378.5599999999223,635.0328457507343
9429,43.450836521970196,378.5799999999223,635.0436893080056
9430,43.450836521970196,378.59999999992226,635.0545324500462
9431,43.450836521970196,378.61999999992224,635.0653751768564
9432,43.450836521970196,378.6399999999222,635.0762174884368
9433,43.450836521970196,378.6599999999222,635.0870593847878
9434,43.450836521970196,378.6799999999222,635.0979008659099
9435,43.450836521970196,378.69999999992217,635.1087419318035
9436,43.450836521970196,378.71999999992215,635.119582582469
9437,43.450836521970196,378.73999999992213,635.1304228179068
9438,43.450836521970196,378.7599999999221,635.1412626381176
9439,43.450836521970196,378.7799999999221,635.1521020431016
9440,43.450836521970196,378.7999999999221,635.1629410328594
9441,43.450836521970196,378.81999999992206,635.1737796073913
9442,43.450836521970196,378.83999999992204,635.1846177666979
9443,43.450836521970196,378.859999999922,635.1954555107795
9444,43.450836521970196,378.879999999922,635.2062928396367
9445,43.450836521970196,378.899999999922,635.2171297532698
9446,43.450836521970196,378.91999999992197,635.2279662516793
9447,43.450836521970196,378.93999999992195,635.2388023348656
9448,43.450836521970196,378.95999999992193,635.2496380028292
9449,43.450836521970196,378.9799999999219,635.2604732555706
9450,43.450836521970196,378.9999999999219,635.2713080930902
9451,43.450836521970196,379.0199999999219,635.2821425153884
9452,43.450836521970196,379.03999999992186,635.2929765224657
9453,43.450836521970196,379.05999999992184,635.3038101143225
9454,43.450836521970196,379.0799999999218,635.3146432909592
9455,43.450836521970196,379.0999999999218,635.3254760523764
9456,43.450836521970196,379.1199999999218,635.3363083985744
9457,43.450836521970196,379.13999999992177,635.3471403295537
9458,43.450836521970196,379.15999999992175,635.3579718453148
9459,43.450836521970196,379.17999999992173,635.368802945858
9460,43.450836521970196,379.1999999999217,635.3796336311838
9461,43.450836521970196,379.2199999999217,635.3904639012926
9462,43.450836521970196,379.2399999999217,635.401293756185
9463,43.450836521970196,379.25999999992166,635.4121231958613
9464,43.450836521970196,379.27999999992164,635.422952220322
9465,43.450836521970196,379.2999999999216,635.4337808295676
9466,43.450836521970196,379.3199999999216,635.4446090235984
9467,43.450836521970196,379.3399999999216,635.455436802415
9468,43.450836521970196,379.35999999992157,635.4662641660176
9469,43.450836521970196,379.37999999992155,635.4770911144069
9470,43.450836521970196,379.39999999992153,635.4879176475832
9471,43.450836521970196,379.4199999999215,635.498743765547
9472,43.450836521970196,379.4399999999215,635.5095694682987
9473,43.450836521970196,379.4599999999215,635.5203947558387
9474,43.450836521970196,379.47999999992146,635.5312196286844
9475,43.450836521970196,379.49999999992144,635.5420440888917
9476,43.450836521970196,379.5199999999214,635.5528681366317
9477,43.450836521970196,379.5399999999214,635.5636917719047
9478,43.450836521970196,379.5599999999214,635.5745149947112
9479,43.450836521970196,379.57999999992137,635.5853378050514
9480,43.450836521970196,379.59999999992135,635.5961602029257
9481,43.450836521970196,379.61999999992133,635.6069821883345
9482,43.450836521970196,379.6399999999213,635.6178037612782
9483,43.450836521970196,379.6599999999213,635.628624921757
9484,43.450836521970196,379.6799999999213,635.6394456697714
9485,43.450836521970196,379.69999999992126,635.6502660053216
9486,43.450836521970196,379.71999999992124,635.6610859284079
9487,43.450836521970196,379.7399999999212,635.671905439031
9488,43.450836521970196,379.7599999999212,635.6827245371909
9489,43.450836521970196,379.7799999999212,635.693543222888
9490,43.450836521970196,379.79999999992117,635.7043614961228
9491,43.450836521970196,379.81999999992115,635.7151793568955
9492,43.450836521970196,379.83999999992113,635.7259968052066
9493,43.450836521970196,379.8599999999211,635.7368138410562
9494,43.450836521970196,379.8799999999211,635.7476304644449
9495,43.450836521970196,379.8999999999211,635.758446675373
9496,43.38170203293733,379.91999999992106,635.7692624738407
9497,43.38170203293733,379.93999999992104,635.7800778598485
9498,43.38170203293733,379.959999999921,635.7908928333966
9499,43.38170203293733,379.979999999921,635.8017073944854
9500,43.38170203293733,379.999999999921,635.8125215431154
9501,43.38170203293733,380.01999999992097,635.8233352792868
9502,43.38170203293733,380.03999999992095,635.8341486029999
9503,43.38170203293733,380.05999999992093,635.8449615142551
9504,43.38170203293733,380.0799999999209,635.8557740130528
9505,43.38170203293733,380.0999999999209,635.8665860993933
9506,43.38170203293733,380.1199999999209,635.877397773277
9507,43.38170203293733,380.13999999992086,635.8882090347042
9508,43.38170203293733,380.15999999992084,635.8990198836752
9509,43.38170203293733,380.1799999999208,635.9098303201904
9510,43.38170203293733,380.1999999999208,635.92064034425
9511,43.38170203293733,380.2199999999208,635.9314499558546
9512,43.38170203293733,380.23999999992077,635.9422591550044
9513,43.38170203293733,380.25999999992075,635.9530679416997
9514,43.38170203293733,380.27999999992073,635.9638763159409
9515,43.38170203293733,380.2999999999207,635.9746842777283
9516,43.38170203293733,380.3199999999207,635.9854918270623
9517,43.38170203293733,380.3399999999207,635.9962989639432
9518,43.38170203293733,380.35999999992066,636.0071056883714
9519,43.38170203293733,380.37999999992064,636.0179120003472
9520,43.38170203293733,380.3999999999206,636.028717899871
9521,43.38170203293733,380.4199999999206,636.0395233869431
9522,43.38170203293733,380.4399999999206,636.0503284615637
9523,43.38170203293733,380.45999999992057,636.0611331237334
9524,43.38170203293733,380.47999999992055,636.0719373734523
9525,43.38170203293733,380.49999999992053,636.0827412113649
9526,43.38170203293733,380.5199999999205,636.0935446392987
9527,43.38170203293733,380.5399999999205,636.1043476573855
9528,43.38170203293733,380.5599999999205,636.1151502656254
9529,43.38170203293733,380.57999999992046,636.1259524640187
9530,43.38170203293733,380.59999999992044,636.1367542525658
9531,43.38170203293733,380.6199999999204,636.1475556312668
9532,43.38170203293733,380.6399999999204,636.1583566001219
9533,43.38170203293733,380.6599999999204,636.1691571591316
9534,43.38170203293733,380.67999999992037,636.1799573082959
9535,43.38170203293733,380.69999999992035,636.1907570476152
9536,43.38170203293733,380.71999999992033,636.2015563770897
9537,43.38170203293733,380.7399999999203,636.2123552967196
9538,43.38170203293733,380.7599999999203,636.2231538065053
9539,43.38170203293733,380.7799999999203,636.2339519064469
9540,43.38170203293733,380.79999999992026,636.2447495965447
9541,43.38170203293733,380.81999999992024,636.255546876799
9542,43.38170203293733,380.8399999999202,636.26634374721
9543,43.38170203293733,380.8599999999202,636.277140207778
9544,43.38170203293733,380.8799999999202,636.2879362585031
9545,43.38170203293733,380.89999999992017,636.2987318993858
9546,43.38170203293733,380.91999999992015,636.3095271304261
9547,43.38170203293733,380.93999999992013,636.3203219516244
9548,43.38170203293733,380.9599999999201,636.3311163629809
9549,43.38170203293733,380.9799999999201,636.3419103644958
9550,43.38170203293733,380.9999999999201,636.3527039561694
9551,43.38170203293733,381.01999999992006,636.363497138002
9552,43.38170203293733,381.03999999992004,636.3742899099939
9553,43.38170203293733,381.05999999992,636.3850822721452
9554,43.38170203293733,381.07999999992,636.3958742244562
9555,43.38170203293733,381.09999999992,636.4066657669271
9556,43.38170203293733,381.11999999991997,636.4174568995581
9557,43.38170203293733,381.13999999991995,636.4282476223497
9558,43.38170203293733,381.15999999991993,636.4390379353019
9559,43.38170203293733,381.1799999999199,636.4498278384151
9560,43.38170203293733,381.1999999999199,636.4606173316895
9561,43.38170203293733,381.2199999999199,636.4714064151252
9562,43.38170203293733,381.23999999991986,636.4821950887226
9563,43.38170203293733,381.25999999991984,636.492983352482
9564,43.38170203293733,381.2799999999198,636.5037712064036
9565,43.38170203293733,381.2999999999198,636.5145586504875
9566,43.38170203293733,381.3199999999198,636.5253456847341
9567,43.38170203293733,381.33999999991977,636.5361323091437
9568,43.38170203293733,381.35999999991975,636.5469185237163
9569,43.38170203293733,381.37999999991973,636.5577043284524
9570,43.38170203293733,381.3999999999197,636.5684897233521
9571,43.38170203293733,381.4199999999197,636.5792747084156
9572,43.38170203293733,381.4399999999197,636.5900592836433
9573,43.38170203293733,381.45999999991966,636.6008434490353
9574,43.38170203293733,381.47999999991964,636.611627204592
9575,43.38170203293733,381.4999999999196,636.6224105503135
9576,43.38170203293733,381.5199999999196,636.6331934870167
9577,43.38170203293733,381.5399999999196,636.6439760164469
9578,43.38170203293733,381.55999999991957,636.6547581387076
9579,43.38170203293733,381.57999999991955,636.6655398537988
9580,43.38170203293733,381.59999999991953,636.6763211617207
9581,43.38170203293733,381.6199999999195,636.6871020624733
9582,43.38170203293733,381.6399999999195,636.6978825560568
9583,43.38170203293733,381.6599999999195,636.7086626424713
9584,43.38170203293733,381.67999999991946,636.7194423217169
9585,43.38170203293733,381.69999999991944,636.7302215937938
9586,43.38170203293733,381.7199999999194,636.7410004587019
9587,43.38170203293733,381.7399999999194,636.7517789164416
9588,43.38170203293733,381.7599999999194,636.7625569670129
9589,43.38170203293733,381.77999999991937,636.7733346104159
9590,43.38170203293733,381.79999999991935,636.7841118466506
9591,43.38170203293733,381.81999999991933,636.7948886757173
9592,43.38170203293733,381.8399999999193,636.805665097616
9593,43.38170203293733,381.8599999999193,636.816441112347
9594,43.38170203293733,381.8799999999193,636.8272167199102
9595,43.38170203293733,381.89999999991926,636.8379919203057
9596,43.38170203293733,381.91999999991924,636.8487667135338
9597,43.38170203293733,381.9399999999192,636.8595410995945
9598,43.38170203293733,381.9599999999192,636.8703150784879
9599,43.38170203293733,381.9799999999192,636.8810886502142
9600,43.38170203293733,381.99999999991917,636.8918618147735
9601,43.38170203293733,382.01999999991915,636.9026345721658
9602,43.38170203293733,382.03999999991913,636.9134069223912
9603,43.38170203293733,382.0599999999191,636.92417886545
9604,43.38170203293733,382.0799999999191,636.9349504013422
9605,43.38170203293733,382.0999999999191,636.945721530068
9606,43.38170203293733,382.11999999991906,636.9564922516274
9607,43.38170203293733,382.13999999991904,636.9672625660205
9608,43.38170203293733,382.159999999919,636.9780324732475
9609,43.38170203293733,382.179999999919,636.9888019733085
9610,43.38170203293733,382.199999999919,636.9995710662035
9611,43.38170203293733,382.21999999991897,637.0103397519329
9612,43.38170203293733,382.23999999991895,637.0211080304964
9613,43.38170203293733,382.25999999991893,637.0318759018944
9614,43.38170203293733,382.2799999999189,637.042643366127
9615,43.38170203293733,382.2999999999189,637.0534104231941
9616,43.38170203293733,382.3199999999189,637.0641770730961
9617,43.38170203293733,382.33999999991886,637.0749433158329
9618,43.38170203293733,382.35999999991884,637.0857091514047
9619,43.38170203293733,382.3799999999188,637.0964745798116
9620,43.38170203293733,382.3999999999188,637.1072396010536
9621,43.38170203293733,382.4199999999188,637.118004215131
9622,43.38170203293733,382.43999999991877,637.1287684220438
9623,43.38170203293733,382.45999999991875,637.139532221792
9624,43.312750682414475,382.47999999991873,637.150295614376
9625,43.312750682414475,382.4999999999187,637.1610585997956
9626,43.312750682414475,382.5199999999187,637.1718211780511
9627,43.312750682414475,382.5399999999187,637.1825833501005
9628,43.312750682414475,382.55999999991866,637.193345117537
9629,43.312750682414475,382.57999999991864,637.2041064804314
9630,43.312750682414475,382.5999999999186,637.2148674387838
9631,43.312750682414475,382.6199999999186,637.2256279925945
9632,43.312750682414475,382.6399999999186,637.2363881418635
9633,43.312750682414475,382.65999999991857,637.247147886591
9634,43.312750682414475,382.67999999991855,637.2579072267773
9635,43.312750682414475,382.69999999991853,637.2686661624224
9636,43.312750682414475,382.7199999999185,637.2794246935265
9637,43.312750682414475,382.7399999999185,637.2901828200897
9638,43.312750682414475,382.7599999999185,637.3009405421124
9639,43.312750682414475,382.77999999991846,637.3116978595945
9640,43.312750682414475,382.79999999991844,637.3224547725363
9641,43.312750682414475,382.8199999999184,637.3332112809378
9642,43.312750682414475,382.8399999999184,637.3439673847994
9643,43.312750682414475,382.8599999999184,637.354723084121
9644,43.312750682414475,382.87999999991837,637.3654783789029
9645,43.312750682414475,382.89999999991835,637.3762332691454
9646,43.312750682414475,382.91999999991833,637.3869877548483
9647,43.312750682414475,382.9399999999183,637.3977418360121
9648,43.312750682414475,382.9599999999183,637.4084955126367
9649,43.312750682414475,382.9799999999183,637.4192487847224
9650,43.312750682414475,382.99999999991826,637.4300016522694
9651,43.312750682414475,383.01999999991824,637.4407541152777
9652,43.312750682414475,383.0399999999182,637.4515061737476
9653,43.312750682414475,383.0599999999182,637.4622578276792
9654,43.312750682414475,383.0799999999182,637.4730090770727
9655,43.312750682414475,383.09999999991817,637.4837599219281
9656,43.312750682414475,383.11999999991815,637.4945103622457
9657,43.312750682414475,383.13999999991813,637.5052603980256
9658,43.312750682414475,383.1599999999181,637.516010029268
9659,43.312750682414475,383.1799999999181,637.526759255973
9660,43.312750682414475,383.1999999999181,637.5375080781408
9661,43.312750682414475,383.21999999991806,637.5482564957716
9662,43.312750682414475,383.23999999991804,637.5590045088655
9663,43.312750682414475,383.259999999918,637.5697521174227
9664,43.312750682414475,383.279999999918,637.5804993214432
9665,43.312750682414475,383.299999999918,637.5912461209273
9666,43.312750682414475,383.31999999991797,637.601992515875
9667,43.312750682414475,383.33999999991795,637.6127385062867
9668,43.312750682414475,383.35999999991793,637.6234840921625
9669,43.312750682414475,383.3799999999179,637.6342292735023
9670,43.312750682414475,383.3999999999179,637.6449740503065
9671,43.312750682414475,383.4199999999179,637.6557184225751
9672,43.312750682414475,383.43999999991786,637.6664623903083
9673,43.312750682414475,383.45999999991784,637.6772059535064
9674,43.312750682414475,383.4799999999178,637.6879491121693
9675,43.312750682414475,383.4999999999178,637.6986918662974
9676,43.312750682414475,383.5199999999178,637.7094342158907
9677,43.312750682414475,383.53999999991777,637.7201761609494
9678,43.312750682414475,383.55999999991775,637.73091770256
9679,43.312750682414475,383.57999999991773,637.7416588421573
9680,43.312750682414475,383.5999999999177,637.7523995797803
9681,43.312750682414475,383.6199999999177,637.763139915429
9682,43.312750682414475,383.6399999999177,637.7738798491033
9683,43.312750682414475,383.65999999991766,637.7846193808033
9684,43.312750682414475,383.67999999991764,637.795358510529
9685,43.312750682414475,383.6999999999176,637.8060972382806
9686,43.312750682414475,383.7199999999176,637.8168355640579
9687,43.312750682414475,383.7399999999176,637.8275734878611
9688,43.312750682414475,383.75999999991757,637.8383110096901
9689,43.312750682414475,383.77999999991755,637.8490481295449
9690,43.312750682414475,383.79999999991753,637.8597848474258
9691,43.312750682414475,383.8199999999175,637.8705211633326
9692,43.312750682414475,383.8399999999175,637.8812570772653
9693,43.312750682414475,383.8599999999175,637.8919925892242
9694,43.312750682414475,383.87999999991746,637.9027276992091
9695,43.312750682414475,383.89999999991744,637.9134624072201
9696,43.312750682414475,383.9199999999174,637.9241967132572
9697,43.312750682414475,383.9399999999174,637.9349306173203
9698,43.312750682414475,383.9599999999174,637.9456641194097
9699,43.312750682414475,383.97999999991737,637.9563972195252
9700,43.312750682414475,383.99999999991735,637.9671299176671
9701,43.312750682414475,384.01999999991733,637.9778622138351
9702,43.312750682414475,384.0399999999173,637.9885941080295
9703,43.312750682414475,384.0599999999173,637.9993256002501
9704,43.312750682414475,384.0799999999173,638.0100566904972
9705,43.312750682414475,384.09999999991726,638.0207873787706
9706,43.312750682414475,384.11999999991724,638.0315176650704
9707,43.312750682414475,384.1399999999172,638.0422475493966
9708,43.312750682414475,384.1599999999172,638.0529770317494
9709,43.312750682414475,384.1799999999172,638.0637061121286
9710,43.312750682414475,384.19999999991717,638.0744347905343
9711,43.312750682414475,384.21999999991715,638.0851630669665
9712,43.312750682414475,384.23999999991713,638.0958909414254
9713,43.312750682414475,384.2599999999171,638.1066184139108
9714,43.312750682414475,384.2799999999171,638.1173454844229
9715,43.312750682414475,384.2999999999171,638.1280721529616
9716,43.312750682414475,384.31999999991706,638.138798419527
9717,43.312750682414475,384.33999999991704,638.1495242841191
9718,43.312750682414475,384.359999999917,638.160249746738
9719,43.312750682414475,384.379999999917,638.1709748073837
9720,43.312750682414475,384.399999999917,638.1816994660561
9721,43.312750682414475,384.41999999991697,638.1924237227553
9722,43.312750682414475,384.43999999991695,638.2031475774813
9723,43.312750682414475,384.45999999991693,638.2138710302343
9724,43.312750682414475,384.4799999999169,638.2245940810141
9725,43.312750682414475,384.4999999999169,638.2353167298207
9726,43.312750682414475,384.5199999999169,638.2460389766543
9727,43.312750682414475,384.53999999991686,638.2567608215148
9728,43.312750682414475,384.55999999991684,638.2674822644024
9729,43.312750682414475,384.5799999999168,638.2782033065889
9730,43.312750682414475,384.5999999999168,638.2889239494255
9731,43.312750682414475,384.6199999999168,638.2996441929208
9732,43.312750682414475,384.63999999991677,638.3103640370749
9733,43.312750682414475,384.65999999991675,638.3210834818876
9734,43.312750682414475,384.67999999991673,638.3318025273591
9735,43.312750682414475,384.6999999999167,638.3425211734891
9736,43.312750682414475,384.7199999999167,638.3532394202778
9737,43.312750682414475,384.7399999999167,638.363957267725
9738,43.312750682414475,384.75999999991666,638.3746747158309
9739,43.312750682414475,384.77999999991664,638.3853917645953
9740,43.312750682414475,384.7999999999166,638.3961084140182
9741,43.312750682414475,384.8199999999166,638.4068246640995
9742,43.312750682414475,384.8399999999166,638.4175405148394
9743,43.312750682414475,384.85999999991657,638.4282559662377
9744,43.312750682414475,384.87999999991655,638.4389710182943
9745,43.312750682414475,384.89999999991653,638.4496856710093
9746,43.312750682414475,384.9199999999165,638.4603999243826
9747,43.312750682414475,384.9399999999165,638.4711137784142
9748,43.312750682414475,384.9599999999165,638.481827233104
9749,43.312750682414475,384.97999999991646,638.4925402884521
9750,43.312750682414475,384.99999999991644,638.5032529444584
9751,43.312750682414475,385.0199999999164,638.5139652011228
9752,43.24398179192843,385.0399999999164,638.5246770584454
9753,43.24398179192843,385.0599999999164,638.5353885164261
9754,43.24398179192843,385.07999999991637,638.5460995750649
9755,43.24398179192843,385.09999999991635,638.5568102343617
9756,43.24398179192843,385.11999999991633,638.5675204943166
9757,43.24398179192843,385.1399999999163,638.5782303549294
9758,43.24398179192843,385.1599999999163,638.5889398162001
9759,43.24398179192843,385.1799999999163,638.5996488781287
9760,43.24398179192843,385.19999999991626,638.6103575407153
9761,43.24398179192843,385.21999999991624,638.6210658039597
9762,43.24398179192843,385.2399999999162,638.6317736678619
9763,43.24398179192843,385.2599999999162,638.642481132422
9764,43.24398179192843,385.2799999999162,638.6531881976397
9765,43.24398179192843,385.29999999991617,638.6638948635151
9766,43.24398179192843,385.31999999991615,638.6746011300482
9767,43.24398179192843,385.33999999991613,638.685306997239
9768,43.24398179192843,385.3599999999161,638.6960124650873
9769,43.24398179192843,385.3799999999161,638.7067175335932
9770,43.24398179192843,385.3999999999161,638.7174222027567
9771,43.24398179192843,385.41999999991606,638.7281264725776
9772,43.24398179192843,385.43999999991604,638.7388303430561
9773,43.24398179192843,385.459999999916,638.7495338141919
9774,43.24398179192843,385.479999999916,638.7602368859851
9775,43.24398179192843,385.499999999916,638.7709395584358
9776,43.24398179192843,385.51999999991597,638.7816418315437
9777,43.24398179192843,385.53999999991595,638.7923437053089
9778,43.24398179192843,385.55999999991593,638.8030451797314
9779,43.24398179192843,385.5799999999159,638.8137462548322
9780,43.24398179192843,385.5999999999159,638.8244469319441
9781,43.24398179192843,385.6199999999159,638.8351472122098
9782,43.24398179192843,385.63999999991586,638.8458470956293
9783,43.24398179192843,385.65999999991584,638.8565465822024
9784,43.24398179192843,385.6799999999158,638.8672456719291
9785,43.24398179192843,385.6999999999158,638.8779443648093
9786,43.24398179192843,385.7199999999158,638.8886426608428
9787,43.24398179192843,385.73999999991577,638.8993405600296
9788,43.24398179192843,385.75999999991575,638.9100380623696
9789,43.24398179192843,385.77999999991573,638.9207351678626
9790,43.24398179192843,385.7999999999157,638.9314318765087
9791,43.24398179192843,385.8199999999157,638.9421281883076
9792,43.24398179192843,385.8399999999157,638.9528241032593
9793,43.24398179192843,385.85999999991566,638.9635196213637
9794,43.24398179192843,385.87999999991564,638.9742147426207
9795,43.24398179192843,385.8999999999156,638.9849094670302
9796,43.24398179192843,385.9199999999156,638.9956037945921
9797,43.24398179192843,385.9399999999156,639.0062977253062
9798,43.24398179192843,385.95999999991557,639.0169912591726
9799,43.24398179192843,385.97999999991555,639.0276843961911
9800,43.24398179192843,385.99999999991553,639.0383771363616
9801,43.24398179192843,386.0199999999155,639.0490694796841
9802,43.24398179192843,386.0399999999155,639.0597614261584
9803,43.24398179192843,386.0599999999155,639.0704529757844
9804,43.24398179192843,386.07999999991546,639.081144128562
9805,43.24398179192843,386.09999999991544,639.091834884491
9806,43.24398179192843,386.1199999999154,639.1025252435716
9807,43.24398179192843,386.1399999999154,639.1132152058034
9808,43.24398179192843,386.1599999999154,639.1239047711864
9809,43.24398179192843,386.17999999991537,639.1345939397206
9810,43.24398179192843,386.19999999991535,639.1452827114058
9811,43.24398179192843,386.21999999991533,639.155971086242
9812,43.24398179192843,386.2399999999153,639.166659064229
9813,43.24398179192843,386.2599999999153,639.1773466453667
9814,43.24398179192843,386.2799999999153,639.188033829655
9815,43.24398179192843,386.29999999991526,639.1987206170938
9816,43.24398179192843,386.31999999991524,639.2094070076831
9817,43.24398179192843,386.3399999999152,639.2200930014227
9818,43.24398179192843,386.3599999999152,639.2307785983124
9819,43.24398179192843,386.3799999999152,639.2414637983524
9820,43.24398179192843,386.39999999991517,639.2521486015423
9821,43.24398179192843,386.41999999991515,639.2628330078821
9822,43.24398179192843,386.43999999991513,639.2735170173718
9823,43.24398179192843,386.4599999999151,639.2842006300111
9824,43.24398179192843,386.4799999999151,639.2948838458001
9825,43.24398179192843,386.4999999999151,639.3055666647385
9826,43.24398179192843,386.51999999991506,639.3162490868265
9827,43.24398179192843,386.53999999991504,639.3269311120637
9828,43.24398179192843,386.559999999915,639.33761274045
9829,43.24398179192843,386.579999999915,639.3482939719855
9830,43.24398179192843,386.599999999915,639.3589748067212
9831,43.24398179192843,386.61999999991497,639.3696552461276
9832,43.24398179192843,386.63999999991495,639.3803352912139
9833,43.24398179192843,386.65999999991493,639.3910149419796
9834,43.24398179192843,386.6799999999149,639.4016941984246
9835,43.24398179192843,386.6999999999149,639.4123730605487
9836,43.24398179192843,386.7199999999149,639.4230515283516
9837,43.24398179192843,386.73999999991486,639.4337296018331
9838,43.24398179192843,386.75999999991484,639.4444072809929
9839,43.24398179192843,386.7799999999148,639.4550845658309
9840,43.24398179192843,386.7999999999148,639.4657614563469
9841,43.24398179192843,386.8199999999148,639.4764379525404
9842,43.24398179192843,386.83999999991477,639.4871140544114
9843,43.24398179192843,386.85999999991475,639.4977897619596
9844,43.24398179192843,386.87999999991473,639.5084650751846
9845,43.24398179192843,386.8999999999147,639.5191399940865
9846,43.24398179192843,386.9199999999147,639.5298145186648
9847,43.24398179192843,386.9399999999147,639.5404886489193
9848,43.24398179192843,386.95999999991466,639.5511623848499
9849,43.24398179192843,386.97999999991464,639.5618357264563
9850,43.24398179192843,386.9999999999146,639.5725086737382
9851,43.24398179192843,387.0199999999146,639.5831812266954
9852,43.24398179192843,387.0399999999146,639.5938533853276
9853,43.24398179192843,387.05999999991457,639.6045251496347
9854,43.24398179192843,387.07999999991455,639.6151965196163
9855,43.24398179192843,387.09999999991453,639.6258674952725
9856,43.24398179192843,387.1199999999145,639.6365380766026
9857,43.24398179192843,387.1399999999145,639.6472082636067
9858,43.24398179192843,387.1599999999145,639.6578780562844
9859,43.24398179192843,387.17999999991446,639.6685474546356
9860,43.24398179192843,387.19999999991444,639.6792164586599
9861,43.24398179192843,387.2199999999144,639.6898850683572
9862,43.24398179192843,387.2399999999144,639.7005532837271
9863,43.24398179192843,387.2599999999144,639.7112211047696
9864,43.24398179192843,387.27999999991437,639.7218885314843
9865,43.24398179192843,387.29999999991435,639.732555563871
9866,43.24398179192843,387.31999999991433,639.7432222019294
9867,43.24398179192843,387.3399999999143,639.7538884456593
9868,43.24398179192843,387.3599999999143,639.7645542950605
9869,43.24398179192843,387.3799999999143,639.7752197501327
9870,43.24398179192843,387.39999999991426,639.7858848108757
9871,43.24398179192843,387.41999999991424,639.7965494772893
9872,43.24398179192843,387.4399999999142,639.8072137493732
9873,43.24398179192843,387.4599999999142,639.8178776271271
9874,43.24398179192843,387.4799999999142,639.8285411105509
9875,43.24398179192843,387.49999999991417,639.8392041996442
9876,43.24398179192843,387.51999999991415,639.8498668944069
9877,43.24398179192843,387.53999999991413,639.8605291948387
9878,43.24398179192843,387.5599999999141,639.8711911009394
9879,43.24398179192843,387.5799999999141,639.8818526127088
9880,43.24398179192843,387.5999999999141,639.8925137301466
9881,43.17539468623436,387.61999999991406,639.9031744533338
9882,43.17539468623436,387.63999999991404,639.9138347838635
9883,43.17539468623436,387.659999999914,639.9244947225974
9884,43.17539468623436,387.679999999914,639.9351542695351
9885,43.17539468623436,387.699999999914,639.9458134246765
9886,43.17539468623436,387.71999999991397,639.9564721880214
9887,43.17539468623436,387.73999999991395,639.9671305595693
9888,43.17539468623436,387.75999999991393,639.9777885393203
9889,43.17539468623436,387.7799999999139,639.988446127274
9890,43.17539468623436,387.7999999999139,639.9991033234301
9891,43.17539468623436,387.8199999999139,640.0097601275612
9892,43.17539468623436,387.83999999991386,640.0204165393732
9893,43.17539468623436,387.85999999991384,640.0310725588579
9894,43.17539468623436,387.8799999999138,640.041728186015
9895,43.17539468623436,387.8999999999138,640.0523834208439
9896,43.17539468623436,387.9199999999138,640.0630382633441
9897,43.17539468623436,387.93999999991377,640.073692713515
9898,43.17539468623436,387.95999999991375,640.0843467713563
9899,43.17539468623436,387.97999999991373,640.0950004368673
9900,43.17539468623436,387.9999999999137,640.1056537100476
9901,43.17539468623436,388.0199999999137,640.1163065908966
9902,43.17539468623436,388.0399999999137,640.1269590794138
9903,43.17539468623436,388.05999999991366,640.1376111755989
9904,43.17539468623436,388.07999999991364,640.1482628794511
9905,43.17539468623436,388.0999999999136,640.15891419097
9906,43.17539468623436,388.1199999999136,640.1695651101551
9907,43.17539468623436,388.1399999999136,640.1802156370059
9908,43.17539468623436,388.15999999991357,640.1908657715218
9909,43.17539468623436,388.17999999991355,640.2015155137024
9910,43.17539468623436,388.19999999991353,640.2121648635471
9911,43.17539468623436,388.2199999999135,640.2228138210554
9912,43.17539468623436,388.2399999999135,640.2334623862268
9913,43.17539468623436,388.2599999999135,640.2441105590609
9914,43.17539468623436,388.27999999991346,640.2547583395572
9915,43.17539468623436,388.29999999991344,640.2654057277149
9916,43.17539468623436,388.3199999999134,640.2760527235338
9917,43.17539468623436,388.3399999999134,640.2866993270131
9918,43.17539468623436,388.3599999999134,640.2973455381526
9919,43.17539468623436,388.37999999991337,640.3079913569516
9920,43.17539468623436,388.39999999991335,640.3186367834095
9921,43.17539468623436,388.41999999991333,640.329281817526
9922,43.17539468623436,388.4399999999133,640.3399264593004
9923,43.17539468623436,388.4599999999133,640.3505707087323
9924,43.17539468623436,388.4799999999133,640.3612145658212
9925,43.17539468623436,388.49999999991326,640.3718580305666
9926,43.17539468623436,388.51999999991324,640.3825011029679
9927,43.17539468623436,388.5399999999132,640.3931437830246
9928,43.17539468623436,388.5599999999132,640.4037860707361
9929,43.17539468623436,388.5799999999132,640.4144279661022
9930,43.17539468623436,388.59999999991317,640.425069469122
9931,43.17539468623436,388.61999999991315,640.4357105797952
9932,43.17539468623436,388.63999999991313,640.4463512982276
9933,43.17539468623436,388.6599999999131,640.4569916260556
9934,43.17539468623436,388.6799999999131,640.4676315639595
9935,43.17539468623436,388.6999999999131,640.4782711119385
9936,43.17539468623436,388.71999999991306,640.4889102699923
9937,43.17539468623436,388.73999999991304,640.4995490381201
9938,43.17539468623436,388.759999999913,640.5101874163214
9939,43.17539468623436,388.779999999913,640.5208254045956
9940,43.17539468623436,388.799999999913,640.5314630029421
9941,43.17539468623436,388.81999999991297,640.5421002113603
9942,43.17539468623436,388.83999999991295,640.5527370298497
9943,43.17539468623436,388.85999999991293,640.5633734584096
9944,43.17539468623436,388.8799999999129,640.5740094970396
9945,43.17539468623436,388.8999999999129,640.5846451457389
9946,43.17539468623436,388.9199999999129,640.5952804045071
9947,43.17539468623436,388.93999999991286,640.6059152733435
9948,43.17539468623436,388.95999999991284,640.6165497522476
9949,43.17539468623436,388.9799999999128,640.6271838412187
9950,43.17539468623436,388.9999999999128,640.6378175402563
9951,43.17539468623436,389.0199999999128,640.6484508493597
9952,43.17539468623436,389.03999999991277,640.6590837685286
9953,43.17539468623436,389.05999999991275,640.6697162977622
9954,43.17539468623436,389.07999999991273,640.6803484370599
9955,43.17539468623436,389.0999999999127,640.6909801864213
9956,43.17539468623436,389.1199999999127,640.7016115458455
9957,43.17539468623436,389.1399999999127,640.7122425153322
9958,43.17539468623436,389.15999999991266,640.7228730948806
9959,43.17539468623436,389.17999999991264,640.7335032844902
9960,43.17539468623436,389.1999999999126,640.7441330841605
9961,43.17539468623436,389.2199999999126,640.7547624938908
9962,43.17539468623436,389.2399999999126,640.7653915136806
9963,43.17539468623436,389.25999999991257,640.7760201435293
9964,43.17539468623436,389.27999999991255,640.7866483834363
9965,43.17539468623436,389.29999999991253,640.797276233401
9966,43.17539468623436,389.3199999999125,640.8079036934229
9967,43.17539468623436,389.3399999999125,640.8185307635013
9968,43.17539468623436,389.3599999999125,640.8291574436355
9969,43.17539468623436,389.37999999991246,640.8397837338251
9970,43.17539468623436,389.39999999991244,640.8504096340696
9971,43.17539468623436,389.4199999999124,640.8610351443682
9972,43.17539468623436,389.4399999999124,640.8716602647204
9973,43.17539468623436,389.4599999999124,640.8822849951256
9974,43.17539468623436,389.47999999991237,640.8929093355832
9975,43.17539468623436,389.49999999991235,640.9035332860927
9976,43.17539468623436,389.51999999991233,640.9141568466534
9977,43.17539468623436,389.5399999999123,640.9247800172648
9978,43.17539468623436,389.5599999999123,640.9354027979261
9979,43.17539468623436,389.5799999999123,640.946025188637
9980,43.17539468623436,389.59999999991226,640.9566471893968
9981,43.17539468623436,389.61999999991224,640.9672688002049
9982,43.17539468623436,389.6399999999122,640.9778900210607
9983,43.17539468623436,389.6599999999122,640.9885108521033
9984,43.17539468623436,389.6799999999122,640.9991312951462
9985,43.17539468623436,389.69999999991217,641.0097513507457
9986,43.17539468623436,389.71999999991215,641.0203710189011
9987,43.17539468623436,389.73999999991213,641.0309902996119
9988,43.17539468623436,389.7599999999121,641.0416091928772
9989,43.17539468623436,389.7799999999121,641.0522276986966
9990,43.17539468623436,389.7999999999121,641.0628458170694
9991,43.17539468623436,389.81999999991206,641.073463547995
9992,43.17539468623436,389.83999999991204,641.0840808914726
9993,43.17539468623436,389.859999999912,641.0946978475016
9994,43.17539468623436,389.879999999912,641.1053144160815
9995,43.17539468623436,389.899999999912,641.1159305972114
9996,43.17539468623436,389.91999999991197,641.126546390891
9997,43.17539468623436,389.93999999991195,641.1371617971195
9998,43.17539468623436,389.95999999991193,641.1477768158961
9999,43.17539468623436,389.9799999999119,641.1583914472203
10000,43.17539468623436,389.9999999999119,641.1690056910915
10001,43.17539468623436,390.0199999999119,641.1796195475089
10002,43.17539468623436,390.03999999991186,641.190233016472
10003,43.17539468623436,390.05999999991184,641.2008460979802
10004,43.17539468623436,390.0799999999118,641.2114587920327
10005,43.17539468623436,390.0999999999118,641.2220710986288
10006,43.17539468623436,390.1199999999118,641.2326830177681
10007,43.17539468623436,390.13999999991177,641.2432945494497
10008,43.17539468623436,390.15999999991175,641.2539056936732
10009,43.17539468623436,390.17999999991173,641.2645164504378
10010,43.17539468623436,390.1999999999117,641.2751268197428
10011,43.17539468623436,390.2199999999117,641.2857368015877
10012,43.17539468623436,390.2399999999117,641.2963463959719
10013,43.17539468623436,390.25999999991166,641.3069556028946
10014,43.106988693296856,390.27999999991164,641.3175644223552
10015,43.106988693296856,390.2999999999116,641.328172854353
10016,43.106988693296856,390.3199999999116,641.3387808988875
10017,43.106988693296856,390.3399999999116,641.349388555958
10018,43.106988693296856,390.35999999991157,641.3599958255636
10019,43.106988693296856,390.37999999991155,641.3706027077039
10020,43.106988693296856,390.39999999991153,641.3812092023784
10021,43.106988693296856,390.4199999999115,641.3918153095861
10022,43.106988693296856,390.4399999999115,641.4024210293267
10023,43.106988693296856,390.4599999999115,641.4130263615992
10024,43.106988693296856,390.47999999991146,641.4236313064032
10025,43.106988693296856,390.49999999991144,641.434235863738
10026,43.106988693296856,390.5199999999114,641.4448400336029
10027,43.106988693296856,390.5399999999114,641.4554438159972
10028,43.106988693296856,390.5599999999114,641.4660472109205
10029,43.106988693296856,390.57999999991137,641.4766502183719
10030,43.106988693296856,390.59999999991135,641.4872528383509
10031,43.106988693296856,390.61999999991133,641.4978550708568
10032,43.106988693296856,390.6399999999113,641.5084569158888
10033,43.106988693296856,390.6599999999113,641.5190583734465
10034,43.106988693296856,390.6799999999113,641.5296594436898
10035,43.106988693296856,390.69999999991126,641.540260128452
10036,43.106988693296856,390.71999999991124,641.5508604281207
10037,43.106988693296856,390.7399999999112,641.561460342695
10038,43.106988693296856,390.7599999999112,641.5720598721742
10039,43.106988693296856,390.7799999999112,641.5826590165578
10040,43.106988693296856,390.79999999991117,641.5932577758449
10041,43.106988693296856,390.81999999991115,641.6038561500349
10042,43.106988693296856,390.83999999991113,641.614454139127
10043,43.106988693296856,390.8599999999111,641.6250517431206
10044,43.106988693296856,390.8799999999111,641.6356489620149
10045,43.106988693296856,390.8999999999111,641.6462457958094
10046,43.106988693296856,390.91999999991106,641.6568422445031
10047,43.106988693296856,390.93999999991104,641.6674383080955
10048,43.106988693296856,390.959999999911,641.6780339865859
10049,43.106988693296856,390.979999999911,641.6886292799735
10050,43.106988693296856,390.999999999911,641.6992241882576
10051,43.106988693296856,391.01999999991097,641.7098187114377
10052,43.106988693296856,391.03999999991095,641.7204128495129
10053,43.106988693296856,391.05999999991093,641.7310066024825
10054,43.106988693296856,391.0799999999109,641.7415999703459
10055,43.106988693296856,391.0999999999109,641.7521929531023
10056,43.106988693296856,391.1199999999109,641.762785550751
10057,43.106988693296856,391.13999999991086,641.7733777632914
10058,43.106988693296856,391.15999999991084,641.7839695907227
10059,43.106988693296856,391.1799999999108,641.7945610330443
10060,43.106988693296856,391.1999999999108,641.8051520902553
10061,43.106988693296856,391.2199999999108,641.8157427623553
10062,43.106988693296856,391.23999999991076,641.8263330493434
10063,43.106988693296856,391.25999999991075,641.8369229512189
10064,43.106988693296856,391.27999999991073,641.847512467981
10065,43.106988693296856,391.2999999999107,641.8581015996292
10066,43.106988693296856,391.3199999999107,641.8686903461627
10067,43.106988693296856,391.3399999999107,641.8792787075807
10068,43.106988693296856,391.35999999991066,641.8898666838827
10069,43.106988693296856,391.37999999991064,641.9004542750679
10070,43.106988693296856,391.3999999999106,641.9110414811355
10071,43.106988693296856,391.4199999999106,641.921628302085
10072,43.106988693296856,391.4399999999106,641.9322147379155
10073,43.106988693296856,391.45999999991056,641.9428007886264
10074,43.106988693296856,391.47999999991055,641.953386454217
10075,43.106988693296856,391.49999999991053,641.9639717346865
10076,43.106988693296856,391.5199999999105,641.9745566300343
10077,43.106988693296856,391.5399999999105,641.9851411402597
10078,43.106988693296856,391.5599999999105,641.9957252653619
10079,43.106988693296856,391.57999999991046,642.0063090053402
10080,43.106988693296856,391.59999999991044,642.016892360194
10081,43.106988693296856,391.6199999999104,642.0274753299225
10082,43.106988693296856,391.6399999999104,642.038057914525
10083,43.106988693296856,391.6599999999104,642.0486401140008
10084,43.106988693296856,391.67999999991036,642.0592219283493
10085,43.106988693296856,391.69999999991035,642.0698033577614
10086,43.106988693296856,391.7199999999103,642.0803844042144
10087,43.106988693296856,391.7399999999103,642.0909650679591
10088,43.106988693296856,391.7599999999103,642.1015453489947
10089,43.106988693296856,391.7799999999103,642.1121252473204
10090,43.106988693296856,391.79999999991026,642.1227047629353
10091,43.106988693296856,391.81999999991024,642.1332838958389
10092,43.106988693296856,391.8399999999102,642.1438626460302
10093,43.106988693296856,391.8599999999102,642.1544410135086
10094,43.106988693296856,391.8799999999102,642.1650189982732
10095,43.106988693296856,391.89999999991016,642.1755966003233
10096,43.106988693296856,391.91999999991015,642.1861738196579
10097,43.106988693296856,391.9399999999101,642.1967506562765
10098,43.106988693296856,391.9599999999101,642.2073271101782
10099,43.106988693296856,391.9799999999101,642.2179031813622
10100,43.106988693296856,391.9999999999101,642.2284788698278
10101,43.106988693296856,392.01999999991006,642.2390541755742
10102,43.106988693296856,392.03999999991004,642.2496290986006
10103,43.106988693296856,392.05999999991,642.2602036389063
10104,43.106988693296856,392.07999999991,642.2707777964905
10105,43.106988693296856,392.09999999991,642.2813515713523
10106,43.106988693296856,392.11999999990996,642.291924963491
10107,43.106988693296856,392.13999999990995,642.3024979729059
10108,43.106988693296856,392.1599999999099,642.3130705995961
10109,43.106988693296856,392.1799999999099,642.323642843561
10110,43.106988693296856,392.1999999999099,642.3342147047995
10111,43.106988693296856,392.2199999999099,642.344786183311
10112,43.106988693296856,392.23999999990986,642.3553572790948
10113,43.106988693296856,392.25999999990984,642.3659279921502
10114,43.106988693296856,392.2799999999098,642.3764983224762
10115,43.106988693296856,392.2999999999098,642.3870682700721
10116,43.106988693296856,392.3199999999098,642.3976378349371
10117,43.106988693296856,392.33999999990976,642.4082070170705
10118,43.106988693296856,392.35999999990975,642.4187758164715
10119,43.106988693296856,392.3799999999097,642.4293442331392
10120,43.106988693296856,392.3999999999097,642.4399122670729
10121,43.106988693296856,392.4199999999097,642.4504799182719
10122,43.106988693296856,392.4399999999097,642.4610471867353
10123,43.106988693296856,392.45999999990966,642.4716140724624
10124,43.106988693296856,392.47999999990964,642.4821805754524
10125,43.106988693296856,392.4999999999096,642.4927466957045
10126,43.106988693296856,392.5199999999096,642.5033124332178
10127,43.106988693296856,392.5399999999096,642.5138777879919
10128,43.106988693296856,392.55999999990956,642.5244427600256
10129,43.106988693296856,392.57999999990955,642.5350073493184
10130,43.106988693296856,392.5999999999095,642.5455715558694
10131,43.106988693296856,392.6199999999095,642.5561353796778
10132,43.106988693296856,392.6399999999095,642.5666988207429
10133,43.106988693296856,392.6599999999095,642.5772618790638
10134,43.106988693296856,392.67999999990946,642.5878245546398
10135,43.106988693296856,392.69999999990944,642.5983868474701
10136,43.106988693296856,392.7199999999094,642.6089487578531
10137,43.106988693296856,392.7399999999094,642.6195102877598
10138,43.106988693296856,392.7599999999094,642.6300714373752
10139,43.106988693296856,392.77999999990936,642.6406322066986
10140,43.106988693296856,392.79999999990935,642.651192595729
10141,43.106988693296856,392.8199999999093,642.6617526044655
10142,43.106988693296856,392.8399999999093,642.6723122329073
10143,43.106988693296856,392.8599999999093,642.6828714810536
10144,43.03876314427149,392.8799999999093,642.6934303489033
10145,43.03876314427149,392.89999999990926,642.7039888364559
10146,43.03876314427149,392.91999999990924,642.7145469437103
10147,43.03876314427149,392.9399999999092,642.7251046706656
10148,43.03876314427149,392.9599999999092,642.735662017321
10149,43.03876314427149,392.9799999999092,642.7462189836758
10150,43.03876314427149,392.99999999990916,642.756775569729
10151,43.03876314427149,393.01999999990915,642.7673317754798
10152,43.03876314427149,393.0399999999091,642.7778876009271
10153,43.03876314427149,393.0599999999091,642.7884430460703
10154,43.03876314427149,393.0799999999091,642.7989981109084
10155,43.03876314427149,393.0999999999091,642.8095527954407
10156,43.03876314427149,393.11999999990906,642.8201070996662
10157,43.03876314427149,393.13999999990904,642.830661023584
10158,43.03876314427149,393.159999999909,642.8412145671932
10159,43.03876314427149,393.179999999909,642.8517677304932
10160,43.03876314427149,393.199999999909,642.8623205134829
10161,43.03876314427149,393.21999999990896,642.8728729161616
10162,43.03876314427149,393.23999999990895,642.8834249385283
10163,43.03876314427149,393.2599999999089,642.8939765805821
10164,43.03876314427149,393.2799999999089,642.9045278423223
10165,43.03876314427149,393.2999999999089,642.9150787237479
10166,43.03876314427149,393.3199999999089,642.9256292248581
10167,43.03876314427149,393.33999999990885,642.936179345652
10168,43.03876314427149,393.35999999990884,642.9467290861288
10169,43.03876314427149,393.3799999999088,642.9572784462875
10170,43.03876314427149,393.3999999999088,642.9678274261274
10171,43.03876314427149,393.4199999999088,642.9783760256475
10172,43.03876314427149,393.43999999990876,642.9889242448471
10173,43.03876314427149,393.45999999990875,642.9994720837251
10174,43.03876314427149,393.4799999999087,643.0100195422808
10175,43.03876314427149,393.4999999999087,643.0205666205133
10176,43.03876314427149,393.5199999999087,643.0311133184217
10177,43.03876314427149,393.5399999999087,643.0416596360052
10178,43.03876314427149,393.55999999990865,643.0522055732629
10179,43.03876314427149,393.57999999990864,643.0627511301939
10180,43.03876314427149,393.5999999999086,643.0732963067974
10181,43.03876314427149,393.6199999999086,643.0838411030725
10182,43.03876314427149,393.6399999999086,643.0943855190183
10183,43.03876314427149,393.65999999990856,643.1049295546339
10184,43.03876314427149,393.67999999990855,643.1154732099186
10185,43.03876314427149,393.6999999999085,643.1260164848713
10186,43.03876314427149,393.7199999999085,643.1365593794914
10187,43.03876314427149,393.7399999999085,643.1471018941982
10188,43.03876314427149,393.7599999999085,643.1576440307477
10189,43.03876314427149,393.77999999990845,643.1681857892878
10190,43.03876314427149,393.79999999990844,643.1787271698173
10191,43.03876314427149,393.8199999999084,643.1892681723353
10192,43.03876314427149,393.8399999999084,643.199808796841
10193,43.03876314427149,393.8599999999084,643.2103490433333
10194,43.03876314427149,393.87999999990836,643.2208889118112
10195,43.03876314427149,393.89999999990835,643.231428402274
10196,43.03876314427149,393.9199999999083,643.2419675147206
10197,43.03876314427149,393.9399999999083,643.2525062491501
10198,43.03876314427149,393.9599999999083,643.2630446055615
10199,43.03876314427149,393.9799999999083,643.273582583954
10200,43.03876314427149,393.99999999990825,643.2841201843264
10201,43.03876314427149,394.01999999990824,643.2946574066781
10202,43.03876314427149,394.0399999999082,643.3051942510078
10203,43.03876314427149,394.0599999999082,643.3157307173149
10204,43.03876314427149,394.0799999999082,643.3262668055982
10205,43.03876314427149,394.09999999990816,643.3368025158568
10206,43.03876314427149,394.11999999990815,643.3473378480899
10207,43.03876314427149,394.1399999999081,643.3578728022964
10208,43.03876314427149,394.1599999999081,643.3684073784755
10209,43.03876314427149,394.1799999999081,643.3789415766261
10210,43.03876314427149,394.1999999999081,643.3894753967473
10211,43.03876314427149,394.21999999990805,643.4000088388383
10212,43.03876314427149,394.23999999990804,643.410541902898
10213,43.03876314427149,394.259999999908,643.4210745889254
10214,43.03876314427149,394.279999999908,643.4316068969198
10215,43.03876314427149,394.299999999908,643.4421388268801
10216,43.03876314427149,394.31999999990796,643.4526703788052
10217,43.03876314427149,394.33999999990795,643.4632015526945
10218,43.03876314427149,394.3599999999079,643.4737323485468
10219,43.03876314427149,394.3799999999079,643.4842627663613
10220,43.03876314427149,394.3999999999079,643.494792806137
10221,43.03876314427149,394.4199999999079,643.5053224678728
10222,43.03876314427149,394.43999999990785,643.515851751568
10223,43.03876314427149,394.45999999990784,643.5263806572215
10224,43.03876314427149,394.4799999999078,643.5369091848323
10225,43.03876314427149,394.4999999999078,643.5474373343997
10226,43.03876314427149,394.5199999999078,643.5579651059226
10227,43.03876314427149,394.53999999990776,643.5684924994
10228,43.03876314427149,394.55999999990775,643.5790195148311
10229,43.03876314427149,394.5799999999077,643.5895461522148
10230,43.03876314427149,394.5999999999077,643.6000724115503
10231,43.03876314427149,394.6199999999077,643.6105982928365
10232,43.03876314427149,394.6399999999077,643.6211237960725
10233,43.03876314427149,394.65999999990765,643.6316489212575
10234,43.03876314427149,394.67999999990764,643.6421736683903
10235,43.03876314427149,394.6999999999076,643.6526980374703
10236,43.03876314427149,394.7199999999076,643.6632220284962
10237,43.03876314427149,394.7399999999076,643.6737456414672
10238,43.03876314427149,394.75999999990756,643.68426887696
10239,43.03876314427149,394.77999999990755,643.6947917366805
10240,43.03876314427149,394.7999999999075,643.705314220753
10241,43.03876314427149,394.8199999999075,643.7158363291767
10242,43.03876314427149,394.8399999999075,643.7263580619504
10243,43.03876314427149,394.8599999999075,643.736879419073
10244,43.03876314427149,394.87999999990745,643.7474004005438
10245,43.03876314427149,394.89999999990744,643.7579210063616
10246,43.03876314427149,394.9199999999074,643.7684412365254
10247,43.03876314427149,394.9399999999074,643.7789610910343
10248,43.03876314427149,394.9599999999074,643.7894805698871
10249,43.03876314427149,394.97999999990736,643.799999673083
10250,43.03876314427149,394.99999999990735,643.8105184006209
10251,43.03876314427149,395.0199999999073,643.8210367524998
10252,43.03876314427149,395.0399999999073,643.8315547287187
10253,43.03876314427149,395.0599999999073,643.8420723292767
10254,43.03876314427149,395.0799999999073,643.8525895541726
10255,43.03876314427149,395.09999999990725,643.8631064034055
10256,43.03876314427149,395.11999999990724,643.8736228769743
10257,43.03876314427149,395.1399999999072,643.8841389748782
10258,43.03876314427149,395.1599999999072,643.8946546971159
10259,43.03876314427149,395.1799999999072,643.9051700436867
10260,43.03876314427149,395.19999999990716,643.9156850145893
10261,43.03876314427149,395.21999999990715,643.9261996098228
10262,43.03876314427149,395.2399999999071,643.9367138293862
10263,43.03876314427149,395.2599999999071,643.9472276732787
10264,43.03876314427149,395.2799999999071,643.957741141499
10265,43.03876314427149,395.2999999999071,643.9682542340462
10266,43.03876314427149,395.31999999990705,643.9787669509193
10267,43.03876314427149,395.33999999990704,643.9892792921173
10268,43.03876314427149,395.359999999907,643.9997912576391
10269,43.03876314427149,395.379999999907,644.0103028474838
10270,43.03876314427149,395.399999999907,644.0208140616503
10271,43.03876314427149,395.41999999990696,644.0313249001377
10272,43.03876314427149,395.43999999990695,644.041835362945
10273,43.03876314427149,395.4599999999069,644.052345450071
10274,42.97071737348616,395.4799999999069,644.0628551615149
10275,42.97071737348616,395.4999999999069,644.0733644972755
10276,42.97071737348616,395.5199999999069,644.083873457352
10277,42.97071737348616,395.53999999990685,644.0943820417432
10278,42.97071737348616,395.55999999990684,644.1048902504482
10279,42.97071737348616,395.5799999999068,644.115398083466
10280,42.97071737348616,395.5999999999068,644.1259055407954
10281,42.97071737348616,395.6199999999068,644.1364126224357
10282,42.97071737348616,395.63999999990676,644.1469193283857
10283,42.97071737348616,395.65999999990674,644.1574256586445
10284,42.97071737348616,395.6799999999067,644.1679316132108
10285,42.97071737348616,395.6999999999067,644.178437192084
10286,42.97071737348616,395.7199999999067,644.1889423952628
10287,42.97071737348616,395.7399999999067,644.1994472227462
10288,42.97071737348616,395.75999999990665,644.2099516745334
10289,42.97071737348616,395.77999999990664,644.2204557513043
10290,42.97071737348616,395.7999999999066,644.2309594545656
10291,42.97071737348616,395.8199999999066,644.2414627844081
10292,42.97071737348616,395.8399999999066,644.2519657408308
10293,42.97071737348616,395.85999999990656,644.2624683238324
10294,42.97071737348616,395.87999999990654,644.272970533412
10295,42.97071737348616,395.8999999999065,644.2834723695686
10296,42.97071737348616,395.9199999999065,644.293973832301
10297,42.97071737348616,395.9399999999065,644.3044749216083
10298,42.97071737348616,395.9599999999065,644.3149756374893
10299,42.97071737348616,395.97999999990645,644.325475979943
10300,42.97071737348616,395.99999999990644,644.3359759489683
10301,42.97071737348616,396.0199999999064,644.3464755445641
10302,42.97071737348616,396.0399999999064,644.3569747667294
10303,42.97071737348616,396.0599999999064,644.3674736154632
10304,42.97071737348616,396.07999999990636,644.3779720907643
10305,42.97071737348616,396.09999999990634,644.3884701926316
10306,42.97071737348616,396.1199999999063,644.3989679210642
10307,42.97071737348616,396.1399999999063,644.409465276061
10308,42.97071737348616,396.1599999999063,644.4199622576209
10309,42.97071737348616,396.1799999999063,644.4304588657428
10310,42.97071737348616,396.19999999990625,644.4409551004258
10311,42.97071737348616,396.21999999990624,644.4514509616686
10312,42.97071737348616,396.2399999999062,644.4619464494702
10313,42.97071737348616,396.2599999999062,644.4724415638296
10314,42.97071737348616,396.2799999999062,644.4829363047457
10315,42.97071737348616,396.29999999990616,644.4934306722175
10316,42.97071737348616,396.31999999990614,644.5039246662438
10317,42.97071737348616,396.3399999999061,644.5144182868237
10318,42.97071737348616,396.3599999999061,644.524911533956
10319,42.97071737348616,396.3799999999061,644.5354044076397
10320,42.97071737348616,396.3999999999061,644.5458969078737
10321,42.97071737348616,396.41999999990605,644.556389034657
10322,42.97071737348616,396.43999999990604,644.5668807879885
10323,42.97071737348616,396.459999999906,644.577372167867
10324,42.97071737348616,396.479999999906,644.5878631742917
10325,42.97071737348616,396.499999999906,644.5983538072613
10326,42.97071737348616,396.51999999990596,644.6088440667749
10327,42.97071737348616,396.53999999990594,644.6193339528312
10328,42.97071737348616,396.5599999999059,644.6298234654294
10329,42.97071737348616,396.5799999999059,644.6403126045683
10330,42.97071737348616,396.5999999999059,644.6508013702469
10331,42.97071737348616,396.6199999999059,644.661289762464
10332,42.97071737348616,396.63999999990585,644.6717777812187
10333,42.97071737348616,396.65999999990584,644.6822654265097
10334,42.97071737348616,396.6799999999058,644.6927526983362
10335,42.97071737348616,396.6999999999058,644.703239596697
10336,42.97071737348616,396.7199999999058,644.7137261215911
10337,42.97071737348616,396.73999999990576,644.7242122730173
10338,42.97071737348616,396.75999999990574,644.7346980509747
10339,42.97071737348616,396.7799999999057,644.745183455462
10340,42.97071737348616,396.7999999999057,644.7556684873057
10341,42.97071737348616,396.8199999999057,644.7661531479247
10342,42.97071737348616,396.8399999999057,644.7766374373837
10343,42.97071737348616,396.85999999990565,644.7871213556816
10344,42.97071737348616,396.87999999990564,644.7976049028173
10345,42.97071737348616,396.8999999999056,644.8080880787896
10346,42.97071737348616,396.9199999999056,644.8185708835975
10347,42.97071737348616,396.9399999999056,644.8290533172399
10348,42.97071737348616,396.95999999990556,644.8395353797155
10349,42.97071737348616,396.97999999990554,644.8500170710232
10350,42.97071737348616,396.9999999999055,644.860498391162
10351,42.97071737348616,397.0199999999055,644.8709793401306
10352,42.97071737348616,397.0399999999055,644.8814599179279
10353,42.97071737348616,397.0599999999055,644.8919401245529
10354,42.97071737348616,397.07999999990545,644.9024199600044
10355,42.97071737348616,397.09999999990544,644.9128994242812
10356,42.97071737348616,397.1199999999054,644.9233785173823
10357,42.97071737348616,397.1399999999054,644.9338572393065
10358,42.97071737348616,397.1599999999054,644.9443355900527
10359,42.97071737348616,397.17999999990536,644.9548135696197
10360,42.97071737348616,397.19999999990534,644.9652911780064
10361,42.97071737348616,397.2199999999053,644.9757684152116
10362,42.97071737348616,397.2399999999053,644.9862452812343
10363,42.97071737348616,397.2599999999053,644.9967217760734
10364,42.97071737348616,397.2799999999053,645.0071978997277
10365,42.97071737348616,397.29999999990525,645.017673652196
10366,42.97071737348616,397.31999999990524,645.0281490334772
10367,42.97071737348616,397.3399999999052,645.0386240435703
10368,42.97071737348616,397.3599999999052,645.049098682474
10369,42.97071737348616,397.3799999999052,645.0595729501872
10370,42.97071737348616,397.39999999990516,645.0700468467088
10371,42.97071737348616,397.41999999990514,645.0805203720377
10372,42.97071737348616,397.4399999999051,645.0909935261726
10373,42.97071737348616,397.4599999999051,645.1014663091127
10374,42.97071737348616,397.4799999999051,645.1119387208565
10375,42.97071737348616,397.49999999990507,645.1224107614031
10376,42.97071737348616,397.51999999990505,645.1328824307514
10377,42.97071737348616,397.53999999990504,645.1433537289
10378,42.97071737348616,397.559999999905,645.1538246558481
10379,42.97071737348616,397.579999999905,645.1642952115943
10380,42.97071737348616,397.599999999905,645.1747653961377
10381,42.97071737348616,397.61999999990496,645.1852352094769
10382,42.97071737348616,397.63999999990494,645.195704651611
10383,42.97071737348616,397.6599999999049,645.2061737225387
10384,42.97071737348616,397.6799999999049,645.2166424222589
10385,42.97071737348616,397.6999999999049,645.2271107507706
10386,42.97071737348616,397.71999999990487,645.2375787080725
10387,42.97071737348616,397.73999999990485,645.2480462941636
10388,42.97071737348616,397.75999999990484,645.2585135090427
10389,42.97071737348616,397.7799999999048,645.2689803527087
10390,42.97071737348616,397.7999999999048,645.2794468251603
10391,42.97071737348616,397.8199999999048,645.289912927374
10392,42.97071737348616,397.83999999990476,645.300378660678
10393,42.97071737348616,397.85999999990474,645.3108440251103
10394,42.97071737348616,397.8799999999047,645.3213090206698
10395,42.97071737348616,397.8999999999047,645.3317736473551
10396,42.97071737348616,397.9199999999047,645.3422379051652
10397,42.97071737348616,397.93999999990467,645.3527017940988
10398,42.97071737348616,397.95999999990465,645.3631653141548
10399,42.97071737348616,397.97999999990463,645.373628465332
10400,42.97071737348616,397.9999999999046,645.3840912476292
10401,42.97071737348616,398.0199999999046,645.394553661045
10402,42.97071737348616,398.0399999999046,645.4050157055785
10403,42.97071737348616,398.05999999990456,645.4154773812285
10404,42.97071737348616,398.07999999990454,645.4259386879936
10405,42.902850718422854,398.0999999999045,645.4363996258727
10406,42.902850718422854,398.1199999999045,645.4468601948646
10407,42.902850718422854,398.1399999999045,645.4573203949682
10408,42.902850718422854,398.15999999990447,645.4677802261822
10409,42.902850718422854,398.17999999990445,645.4782396885055
10410,42.902850718422854,398.19999999990443,645.4886987819368
10411,42.902850718422854,398.2199999999044,645.4991575064751
10412,42.902850718422854,398.2399999999044,645.509615862119
10413,42.902850718422854,398.2599999999044,645.5200738488674
10414,42.902850718422854,398.27999999990436,645.5305314667191
10415,42.902850718422854,398.29999999990434,645.5409887156729
10416,42.902850718422854,398.3199999999043,645.5514455957277
10417,42.902850718422854,398.3399999999043,645.5619021068823
10418,42.902850718422854,398.3599999999043,645.5723582491353
10419,42.902850718422854,398.37999999990427,645.5828140224856
10420,42.902850718422854,398.39999999990425,645.5932694269321
10421,42.902850718422854,398.41999999990423,645.6037244624736
10422,42.902850718422854,398.4399999999042,645.6141791291088
10423,42.902850718422854,398.4599999999042,645.6246334268367
10424,42.902850718422854,398.4799999999042,645.6350873556559
10425,42.902850718422854,398.49999999990416,645.6455409155652
10426,42.902850718422854,398.51999999990414,645.6559941065636
10427,42.902850718422854,398.5399999999041,645.6664469286499
10428,42.902850718422854,398.5599999999041,645.6768993818226
10429,42.902850718422854,398.5799999999041,645.6873514660808
10430,42.902850718422854,398.59999999990407,645.6978031814233
10431,42.902850718422854,398.61999999990405,645.7082545278488
10432,42.902850718422854,398.63999999990403,645.7187055053561
10433,42.902850718422854,398.659999999904,645.729156113944
10434,42.902850718422854,398.679999999904,645.7396063536114
10435,42.902850718422854,398.699999999904,645.7500562243571
10436,42.902850718422854,398.71999999990396,645.7605057261798
10437,42.902850718422854,398.73999999990394,645.7709548590783
10438,42.902850718422854,398.7599999999039,645.7814036230515
10439,42.902850718422854,398.7799999999039,645.7918520180981
10440,42.902850718422854,398.7999999999039,645.8023000442171
10441,42.902850718422854,398.81999999990387,645.8127477014071
10442,42.902850718422854,398.83999999990385,645.8231949907234
10443,42.902850718422854,398.85999999990383,645.8336419133187
10444,42.902850718422854,398.8799999999038,645.8440884692026
10445,42.902850718422854,398.8999999999038,645.8545346583737
10446,42.902850718422854,398.9199999999038,645.8649804808309
10447,42.902850718422854,398.93999999990376,645.8754259365729
10448,42.902850718422854,398.95999999990374,645.8858710255985
10449,42.902850718422854,398.9799999999037,645.8963157479063
10450,42.902850718422854,398.9999999999037,645.9067601034952
10451,42.902850718422854,399.0199999999037,645.9172040923639
10452,42.902850718422854,399.03999999990367,645.9276477145112
10453,42.902850718422854,399.05999999990365,645.9380909699357
10454,42.902850718422854,399.07999999990363,645.9485338586363
10455,42.902850718422854,399.0999999999036,645.9589763806117
10456,42.902850718422854,399.1199999999036,645.9694185358607
10457,42.902850718422854,399.1399999999036,645.9798603243818
10458,42.902850718422854,399.15999999990356,645.9903017461739
10459,42.902850718422854,399.17999999990354,646.0007428012359
10460,42.902850718422854,399.1999999999035,646.0111834895663
10461,42.902850718422854,399.2199999999035,646.021623811164
10462,42.902850718422854,399.2399999999035,646.0320637660277
10463,42.902850718422854,399.25999999990347,646.0425033541561
10464,42.902850718422854,399.27999999990345,646.0529425755481
10465,42.902850718422854,399.29999999990343,646.0633814302022
10466,42.902850718422854,399.3199999999034,646.0738199181174
10467,42.902850718422854,399.3399999999034,646.0842580392922
10468,42.902850718422854,399.3599999999034,646.0946957937255
10469,42.902850718422854,399.37999999990336,646.105133181416
10470,42.902850718422854,399.39999999990334,646.1155702023625
10471,42.902850718422854,399.4199999999033,646.1260068565637
10472,42.902850718422854,399.4399999999033,646.1364431440182
10473,42.902850718422854,399.4599999999033,646.146879064725
10474,42.902850718422854,399.47999999990327,646.1573146186827
10475,42.902850718422854,399.49999999990325,646.16774980589
10476,42.902850718422854,399.51999999990323,646.1781846263458
10477,42.902850718422854,399.5399999999032,646.1886190800487
10478,42.902850718422854,399.5599999999032,646.1990531669976
10479,42.902850718422854,399.5799999999032,646.2094868871911
10480,42.902850718422854,399.59999999990316,646.2199202406281
10481,42.902850718422854,399.61999999990314,646.2303532273071
10482,42.902850718422854,399.6399999999031,646.240785847227
10483,42.902850718422854,399.6599999999031,646.2512181003865
10484,42.902850718422854,399.6799999999031,646.2616499867844
10485,42.902850718422854,399.69999999990307,646.2720815064193
10486,42.902850718422854,399.71999999990305,646.2825126592902
10487,42.902850718422854,399.73999999990303,646.2929434453956
10488,42.902850718422854,399.759999999903,646.3033738647343
10489,42.902850718422854,399.779999999903,646.3138039173051
10490,42.902850718422854,399.799999999903,646.3242336031067
10491,42.902850718422854,399.81999999990296,646.3346629221378
10492,42.902850718422854,399.83999999990294,646.3450918744131
10493,42.902850718422854,399.8599999999029,646.3555204611463
10494,42.902850718422854,399.8799999999029,646.3659486834076
10495,42.902850718422854,399.8999999999029,646.3763765411959
10496,42.902850718422854,399.91999999990287,646.3868040345096
10497,42.902850718422854,399.93999999990285,646.3972311633476
10498,42.902850718422854,399.95999999990283,646.4076579277083
10499,42.902850718422854,399.9799999999028,646.4180843275907
10500,42.902850718422854,399.9999999999028,646.4285103629932
10501,42.902850718422854,400.0199999999028,646.4389360339145
10502,42.902850718422854,400.03999999990276,646.4493613403533
10503,42.902850718422854,400.05999999990274,646.4597862823084
10504,42.902850718422854,400.0799999999027,646.4702108597783
10505,42.902850718422854,400.0999999999027,646.4806350727616
10506,42.902850718422854,400.1199999999027,646.4910589212573
10507,42.902850718422854,400.13999999990267,646.5014824052637
10508,42.902850718422854,400.15999999990265,646.5119055247796
10509,42.902850718422854,400.17999999990263,646.5223282798038
10510,42.902850718422854,400.1999999999026,646.5327506703347
10511,42.902850718422854,400.2199999999026,646.5431726963711
10512,42.902850718422854,400.2399999999026,646.5535943579117
10513,42.902850718422854,400.25999999990256,646.5640156549551
10514,42.902850718422854,400.27999999990254,646.5744365875
10515,42.902850718422854,400.2999999999025,646.5848571555451
10516,42.902850718422854,400.3199999999025,646.5952773590891
10517,42.902850718422854,400.3399999999025,646.6056971981305
10518,42.902850718422854,400.35999999990247,646.6161166726681
10519,42.902850718422854,400.37999999990245,646.6265357827004
10520,42.902850718422854,400.39999999990243,646.6369545282263
10521,42.902850718422854,400.4199999999024,646.6473729092443
10522,42.902850718422854,400.4399999999024,646.657790925753
10523,42.902850718422854,400.4599999999024,646.6682085777512
10524,42.902850718422854,400.47999999990236,646.6786258652376
10525,42.902850718422854,400.49999999990234,646.6890427882107
10526,42.902850718422854,400.5199999999023,646.6994593466693
10527,42.902850718422854,400.5399999999023,646.709875540612
10528,42.902850718422854,400.5599999999023,646.7202913700374
10529,42.902850718422854,400.57999999990227,646.7307068349444
10530,42.902850718422854,400.59999999990225,646.7411219353314
10531,42.902850718422854,400.61999999990223,646.7515366711972
10532,42.902850718422854,400.6399999999022,646.7619510425404
10533,42.902850718422854,400.6599999999022,646.7723650493598
10534,42.902850718422854,400.6799999999022,646.7827786916539
10535,42.902850718422854,400.69999999990216,646.7931919694214
10536,42.83516251969929,400.71999999990214,646.8036048826609
10537,42.83516251969929,400.7399999999021,646.8140174313712
10538,42.83516251969929,400.7599999999021,646.8244296155509
10539,42.83516251969929,400.7799999999021,646.8348414351987
10540,42.83516251969929,400.79999999990207,646.8452528903131
10541,42.83516251969929,400.81999999990205,646.8556639808929
10542,42.83516251969929,400.83999999990203,646.8660747069368
10543,42.83516251969929,400.859999999902,646.8764850684846
10544,42.83516251969929,400.879999999902,646.8868950668005
10545,42.83516251969929,400.899999999902,646.8973047027781
10546,42.83516251969929,400.91999999990196,646.9077139764161
10547,42.83516251969929,400.93999999990194,646.9181228877129
10548,42.83516251969929,400.9599999999019,646.9285314366674
10549,42.83516251969929,400.9799999999019,646.9389396232781
10550,42.83516251969929,400.9999999999019,646.9493474475437
10551,42.83516251969929,401.01999999990187,646.9597549094627
10552,42.83516251969929,401.03999999990185,646.970162009034
10553,42.83516251969929,401.05999999990183,646.9805687462559
10554,42.83516251969929,401.0799999999018,646.9909751211273
10555,42.83516251969929,401.0999999999018,647.0013811336469
10556,42.83516251969929,401.1199999999018,647.011786783813
10557,42.83516251969929,401.13999999990176,647.0221920716245
10558,42.83516251969929,401.15999999990174,647.03259699708
10559,42.83516251969929,401.1799999999017,647.043001560178
10560,42.83516251969929,401.1999999999017,647.0534057609174
10561,42.83516251969929,401.2199999999017,647.0638095992965
10562,42.83516251969929,401.23999999990167,647.0742130753142
10563,42.83516251969929,401.25999999990165,647.0846161889691
10564,42.83516251969929,401.27999999990163,647.0950189402597
10565,42.83516251969929,401.2999999999016,647.1054213291848
10566,42.83516251969929,401.3199999999016,647.1158233557429
10567,42.83516251969929,401.3399999999016,647.1262250199327
10568,42.83516251969929,401.35999999990156,647.1366263217528
10569,42.83516251969929,401.37999999990154,647.1470272612019
10570,42.83516251969929,401.3999999999015,647.1574278382785
10571,42.83516251969929,401.4199999999015,647.1678280529815
10572,42.83516251969929,401.4399999999015,647.1782279053092
10573,42.83516251969929,401.45999999990147,647.1886273952605
10574,42.83516251969929,401.47999999990145,647.199026522834
10575,42.83516251969929,401.49999999990143,647.2094252880281
10576,42.83516251969929,401.5199999999014,647.2198236908417
10577,42.83516251969929,401.5399999999014,647.2302217312733
10578,42.83516251969929,401.5599999999014,647.2406194093217
10579,42.83516251969929,401.57999999990136,647.2510167249852
10580,42.83516251969929,401.59999999990134,647.2614136782628
10581,42.83516251969929,401.6199999999013,647.2718102691529
10582,42.83516251969929,401.6399999999013,647.2822064976542
10583,42.83516251969929,401.6599999999013,647.2926023637654
10584,42.83516251969929,401.67999999990127,647.302997867485
10585,42.83516251969929,401.69999999990125,647.3133930088118
10586,42.83516251969929,401.71999999990123,647.3237877877443
10587,42.83516251969929,401.7399999999012,647.3341822042812
10588,42.83516251969929,401.7599999999012,647.3445762584211
10589,42.83516251969929,401.7799999999012,647.3549699501626
10590,42.83516251969929,401.79999999990116,647.3653632795044
10591,42.83516251969929,401.81999999990114,647.3757562464451
10592,42.83516251969929,401.8399999999011,647.3861488509834
10593,42.83516251969929,401.8599999999011,647.3965410931179
10594,42.83516251969929,401.8799999999011,647.4069329729145
10595,42.83516251969929,401.89999999990107,647.4173244917461
10596,42.83516251969929,401.91999999990105,647.4277156503787
10597,42.83516251969929,401.93999999990103,647.438106448811
10598,42.83516251969929,401.959999999901,647.4484968870416
10599,42.83516251969929,401.979999999901,647.458886965069
10600,42.83516251969929,401.999999999901,647.4692766828919
10601,42.83516251969929,402.01999999990096,647.4796660405086
10602,42.83516251969929,402.03999999990094,647.4900550379178
10603,42.83516251969929,402.0599999999009,647.5004436751182
10604,42.83516251969929,402.0799999999009,647.5108319521081
10605,42.83516251969929,402.0999999999009,647.5212198688862
10606,42.83516251969929,402.11999999990087,647.5316074254509
10607,42.83516251969929,402.13999999990085,647.541994621801
10608,42.83516251969929,402.15999999990083,647.552381457935
10609,42.83516251969929,402.1799999999008,647.5627679338513
10610,42.83516251969929,402.1999999999008,647.5731540495486
10611,42.83516251969929,402.2199999999008,647.5835398050255
10612,42.83516251969929,402.23999999990076,647.5939252002804
10613,42.83516251969929,402.25999999990074,647.604310235312
10614,42.83516251969929,402.2799999999007,647.6146949101188
10615,42.83516251969929,402.2999999999007,647.6250792246994
10616,42.83516251969929,402.3199999999007,647.6354631790524
10617,42.83516251969929,402.33999999990067,647.6458467731762
10618,42.83516251969929,402.35999999990065,647.6562300070694
10619,42.83516251969929,402.37999999990063,647.6666128807307
10620,42.83516251969929,402.3999999999006,647.6769953941584
10621,42.83516251969929,402.4199999999006,647.6873775473514
10622,42.83516251969929,402.4399999999006,647.6977593403079
10623,42.83516251969929,402.45999999990056,647.7081407730267
10624,42.83516251969929,402.47999999990054,647.7185218455063
10625,42.83516251969929,402.4999999999005,647.7289025577453
10626,42.83516251969929,402.5199999999005,647.7392829097422
10627,42.83516251969929,402.5399999999005,647.7496629014955
10628,42.83516251969929,402.55999999990047,647.7600425330038
10629,42.83516251969929,402.57999999990045,647.7704218042657
10630,42.83516251969929,402.59999999990043,647.7808007152797
10631,42.83516251969929,402.6199999999004,647.7911792660444
10632,42.83516251969929,402.6399999999004,647.8015574565584
10633,42.83516251969929,402.6599999999004,647.8119352868201
10634,42.83516251969929,402.67999999990036,647.8223127568283
10635,42.83516251969929,402.69999999990034,647.8326898665813
10636,42.83516251969929,402.7199999999003,647.8430666160777
10637,42.83516251969929,402.7399999999003,647.8534430053163
10638,42.83516251969929,402.7599999999003,647.8638190342954
10639,42.83516251969929,402.77999999990027,647.8741947030136
10640,42.83516251969929,402.79999999990025,647.8845700114696
10641,42.83516251969929,402.81999999990023,647.8949449596618
10642,42.83516251969929,402.8399999999002,647.9053195475888
10643,42.83516251969929,402.8599999999002,647.9156937752491
10644,42.83516251969929,402.8799999999002,647.9260676426414
10645,42.83516251969929,402.89999999990016,647.9364411498594
10646,42.83516251969929,402.91999999990014,647.9468142984092
10647,42.83516251969929,402.9399999999001,647.9571870889393
10648,42.83516251969929,402.9599999999001,647.9675595214483
10649,42.83516251969929,402.9799999999001,647.9779315959346
10650,42.83516251969929,402.99999999990007,647.9883033123967
10651,42.83516251969929,403.01999999990005,647.9986746708332
10652,42.83516251969929,403.03999999990003,648.0090456712426
10653,42.83516251969929,403.0599999999,648.0194163136233
10654,42.83516251969929,403.0799999999,648.029786597974
10655,42.83516251969929,403.0999999999,648.040156524293
10656,42.83516251969929,403.11999999989996,648.050526092579
10657,42.83516251969929,403.13999999989994,648.0608953028305
10658,42.83516251969929,403.1599999998999,648.071264155046
10659,42.83516251969929,403.1799999998999,648.0816326492239
10660,42.83516251969929,403.1999999998999,648.0920007853629
10661,42.83516251969929,403.21999999989987,648.1023685634613
10662,42.83516251969929,403.23999999989985,648.1127359835176
10663,42.83516251969929,403.25999999989983,648.1231030455306
10664,42.83516251969929,403.2799999998998,648.1334697494985
10665,42.83516251969929,403.2999999998998,648.14383609542
10666,42.83516251969929,403.3199999998998,648.1542020832936
10667,42.83516251969929,403.33999999989976,648.1645677131178
10668,42.76765212105086,403.35999999989974,648.174932984891
10669,42.76765212105086,403.3799999998997,648.1852978986118
10670,42.76765212105086,403.3999999998997,648.1956624542787
10671,42.76765212105086,403.4199999998997,648.2060266518903
10672,42.76765212105086,403.43999999989967,648.2163904914449
10673,42.76765212105086,403.45999999989965,648.2267539729412
10674,42.76765212105086,403.47999999989963,648.2371170963777
10675,42.76765212105086,403.4999999998996,648.2474798617528
10676,42.76765212105086,403.5199999998996,648.2578422690651
10677,42.76765212105086,403.5399999998996,648.2682043183131
10678,42.76765212105086,403.55999999989956,648.2785660094953
10679,42.76765212105086,403.57999999989954,648.2889273426101
10680,42.76765212105086,403.5999999998995,648.2992883176562
10681,42.76765212105086,403.6199999998995,648.309648934632
10682,42.76765212105086,403.6399999998995,648.3200091935361
10683,42.76765212105086,403.65999999989947,648.3303690943669
10684,42.76765212105086,403.67999999989945,648.340728637123
10685,42.76765212105086,403.69999999989943,648.3510878218028
10686,42.76765212105086,403.7199999998994,648.3614466484049
10687,42.76765212105086,403.7399999998994,648.3718051169278
10688,42.76765212105086,403.7599999998994,648.38216322737
10689,42.76765212105086,403.77999999989936,648.3925209797301
10690,42.76765212105086,403.79999999989934,648.4028783740064
10691,42.76765212105086,403.8199999998993,648.4132354101976
10692,42.76765212105086,403.8399999998993,648.423592088302
10693,42.76765212105086,403.8599999998993,648.4339484083184
10694,42.76765212105086,403.87999999989927,648.4443043702452
10695,42.76765212105086,403.89999999989925,648.4546599740808
10696,42.76765212105086,403.91999999989923,648.4650152199389
10697,42.76765212105086,403.9399999998992,648.4753701093437
10698,42.76765212105086,403.9599999998992,648.4857246427825
10699,42.76765212105086,403.9799999998992,648.496078820254
10700,42.76765212105086,403.99999999989916,648.5064326417563
10701,42.76765212105086,404.01999999989914,648.5167861072881
10702,42.76765212105086,404.0399999998991,648.5271392168478
10703,42.76765212105086,404.0599999998991,648.5374919704338
10704,42.76765212105086,404.0799999998991,648.5478443680447
10705,42.76765212105086,404.09999999989907,648.5581964096789
10706,42.76765212105086,404.11999999989905,648.5685480953348
10707,42.76765212105086,404.13999999989903,648.5788994250108
10708,42.76765212105086,404.159999999899,648.5892503987056
10709,42.76765212105086,404.179999999899,648.5996010164175
10710,42.76765212105086,404.199999999899,648.609951278145
10711,42.76765212105086,404.21999999989896,648.6203011838866
10712,42.76765212105086,404.23999999989894,648.6306507336407
10713,42.76765212105086,404.2599999998989,648.6409999274057
10714,42.76765212105086,404.2799999998989,648.6513487651802
10715,42.76765212105086,404.2999999998989,648.6616972469626
10716,42.76765212105086,404.31999999989887,648.6720453727514
10717,42.76765212105086,404.33999999989885,648.682393142545
10718,42.76765212105086,404.35999999989883,648.692740556342
10719,42.76765212105086,404.3799999998988,648.7030876141406
10720,42.76765212105086,404.3999999998988,648.7134343159395
10721,42.76765212105086,404.4199999998988,648.723780661737
10722,42.76765212105086,404.43999999989876,648.7341266515317
10723,42.76765212105086,404.45999999989874,648.744472285322
10724,42.76765212105086,404.4799999998987,648.7548175631064
10725,42.76765212105086,404.4999999998987,648.7651624848833
10726,42.76765212105086,404.5199999998987,648.7755070506511
10727,42.76765212105086,404.53999999989867,648.7858512604084
10728,42.76765212105086,404.55999999989865,648.7961951141536
10729,42.76765212105086,404.57999999989863,648.8065386118852
10730,42.76765212105086,404.5999999998986,648.8168817536016
10731,42.76765212105086,404.6199999998986,648.8272245393013
10732,42.76765212105086,404.6399999998986,648.8375669689827
10733,42.76765212105086,404.65999999989856,648.8479090426443
10734,42.76765212105086,404.67999999989854,648.8582507602847
10735,42.76765212105086,404.6999999998985,648.8685921219021
10736,42.76765212105086,404.7199999998985,648.8789331274951
10737,42.76765212105086,404.7399999998985,648.8892737770622
10738,42.76765212105086,404.75999999989847,648.8996140706017
10739,42.76765212105086,404.77999999989845,648.9099540081122
10740,42.76765212105086,404.79999999989843,648.9202935895921
10741,42.76765212105086,404.8199999998984,648.93063281504
10742,42.76765212105086,404.8399999998984,648.9409716844542
10743,42.76765212105086,404.8599999998984,648.9513101978332
10744,42.76765212105086,404.87999999989836,648.9616483551755
10745,42.76765212105086,404.89999999989834,648.9719861564795
10746,42.76765212105086,404.9199999998983,648.9823236017436
10747,42.76765212105086,404.9399999998983,648.9926606911092
10748,42.76765212105086,404.9599999998983,649.0029974262302
10749,42.76765212105086,404.97999999989827,649.0133338074749
10750,42.76765212105086,404.99999999989825,649.0236698348416
10751,42.76765212105086,405.01999999989823,649.0340055083287
10752,42.76765212105086,405.0399999998982,649.0443408279347
10753,42.76765212105086,405.0599999998982,649.0546757936578
10754,42.76765212105086,405.0799999998982,649.0650104054964
10755,42.76765212105086,405.09999999989816,649.075344663449
10756,42.76765212105086,405.11999999989814,649.0856785675138
10757,42.76765212105086,405.1399999998981,649.0960121176894
10758,42.76765212105086,405.1599999998981,649.106345313974
10759,42.76765212105086,405.1799999998981,649.1166781563661
10760,42.76765212105086,405.19999999989807,649.127010644864
10761,42.76765212105086,405.21999999989805,649.137342779466
10762,42.76765212105086,405.23999999989803,649.1476745601708
10763,42.76765212105086,405.259999999898,649.1580059869765
10764,42.76765212105086,405.279999999898,649.1683370598815
10765,42.76765212105086,405.299999999898,649.1786677788842
10766,42.76765212105086,405.31999999989796,649.1889981439831
10767,42.76765212105086,405.33999999989794,649.1993281551764
10768,42.76765212105086,405.3599999998979,649.2096578124626
10769,42.76765212105086,405.3799999998979,649.21998711584
10770,42.76765212105086,405.3999999998979,649.230316065307
10771,42.76765212105086,405.41999999989787,649.240644660862
10772,42.76765212105086,405.43999999989785,649.2509729025033
10773,42.76765212105086,405.45999999989783,649.2613007902295
10774,42.76765212105086,405.4799999998978,649.2716283240387
10775,42.76765212105086,405.4999999998978,649.2819555039295
10776,42.76765212105086,405.5199999998978,649.2922823299001
10777,42.76765212105086,405.53999999989776,649.302608801949
10778,42.76765212105086,405.55999999989774,649.3129349200744
10779,42.76765212105086,405.5799999998977,649.3232606842749
10780,42.76765212105086,405.5999999998977,649.3335860945489
10781,42.76765212105086,405.6199999998977,649.3439111508945
10782,42.76765212105086,405.63999999989767,649.3542358533103
10783,42.76765212105086,405.65999999989765,649.3645602017947
10784,42.76765212105086,405.67999999989763,649.3748841963459
10785,42.76765212105086,405.6999999998976,649.3852078369624
10786,42.76765212105086,405.7199999998976,649.3955311236426
10787,42.76765212105086,405.7399999998976,649.4058540563848
10788,42.76765212105086,405.75999999989756,649.4161766351874
10789,42.76765212105086,405.77999999989754,649.4264988600488
10790,42.76765212105086,405.7999999998975,649.4368207309674
10791,42.76765212105086,405.8199999998975,649.4471422479414
10792,42.76765212105086,405.8399999998975,649.4574634109694
10793,42.76765212105086,405.85999999989747,649.4677842200496
10794,42.76765212105086,405.87999999989745,649.4781046751805
10795,42.76765212105086,405.89999999989743,649.4884247763604
10796,42.76765212105086,405.9199999998974,649.4987445235877
10797,42.76765212105086,405.9399999998974,649.5090639168608
10798,42.76765212105086,405.9599999998974,649.5193829563484
10799,42.76765212105086,405.97999999989736,649.5297016438267
10800,42.70031886931264,405.99999999989734,649.5400199795388
10801,42.70031886931264,406.0199999998973,649.5503379634831
10802,42.70031886931264,406.0399999998973,649.560655595658
10803,42.70031886931264,406.0599999998973,649.5709728760618
10804,42.70031886931264,406.07999999989727,649.5812898046928
10805,42.70031886931264,406.09999999989725,649.5916063815496
10806,42.70031886931264,406.11999999989723,649.6019226066304
10807,42.70031886931264,406.1399999998972,649.6122384799336
10808,42.70031886931264,406.1599999998972,649.6225540014576
10809,42.70031886931264,406.1799999998972,649.6328691712008
10810,42.70031886931264,406.19999999989716,649.6431839891615
10811,42.70031886931264,406.21999999989714,649.6534984553381
10812,42.70031886931264,406.2399999998971,649.663812569729
10813,42.70031886931264,406.2599999998971,649.6741263323325
10814,42.70031886931264,406.2799999998971,649.6844397431471
10815,42.70031886931264,406.29999999989707,649.694752802171
10816,42.70031886931264,406.31999999989705,649.7050655094027
10817,42.70031886931264,406.33999999989703,649.7153778648405
10818,42.70031886931264,406.359999999897,649.7256898684828
10819,42.70031886931264,406.379999999897,649.736001520328
10820,42.70031886931264,406.399999999897,649.7463128203744
10821,42.70031886931264,406.41999999989696,649.7566237686206
10822,42.70031886931264,406.43999999989694,649.7669343650646
10823,42.70031886931264,406.4599999998969,649.777244609705
10824,42.70031886931264,406.4799999998969,649.7875545025402
10825,42.70031886931264,406.4999999998969,649.7978640435684
10826,42.70031886931264,406.51999999989687,649.8081732327881
10827,42.70031886931264,406.53999999989685,649.8184820701977
10828,42.70031886931264,406.55999999989683,649.8287905557954
10829,42.70031886931264,406.5799999998968,649.8390986895797
10830,42.70031886931264,406.5999999998968,649.849406471549
10831,42.70031886931264,406.6199999998968,649.8597139017015
10832,42.70031886931264,406.63999999989676,649.8700209800359
10833,42.70031886931264,406.65999999989674,649.8803277065502
10834,42.70031886931264,406.6799999998967,649.890634081243
10835,42.70031886931264,406.6999999998967,649.9009401041126
10836,42.70031886931264,406.7199999998967,649.9112457751573
10837,42.70031886931264,406.73999999989667,649.9215510943756
10838,42.70031886931264,406.75999999989665,649.9318560617658
10839,42.70031886931264,406.77999999989663,649.9421606773262
10840,42.70031886931264,406.7999999998966,649.9524649410554
10841,42.70031886931264,406.8199999998966,649.9627688529515
10842,42.70031886931264,406.8399999998966,649.973072413013
10843,42.70031886931264,406.85999999989656,649.9833756212382
10844,42.70031886931264,406.87999999989654,649.9936784776256
10845,42.70031886931264,406.8999999998965,650.0039809821411
10846,42.70031886931264,406.9199999998965,650.0142831344024
10847,42.70031886931264,406.9399999998965,650.0245849343181
10848,42.70031886931264,406.95999999989647,650.0348863818864
10849,42.70031886931264,406.97999999989645,650.0451874773422
10850,42.70031886931264,406.99999999989643,650.0554882223637
10851,42.70031886931264,407.0199999998964,650.0657886171093
10852,42.70031886931264,407.0399999998964,650.0760886615772
10853,42.70031886931264,407.0599999998964,650.0863883557652
10854,42.70031886931264,407.07999999989636,650.0966876996715
10855,42.70031886931264,407.09999999989634,650.1069866932942
10856,42.70031886931264,407.1199999998963,650.1172853366313
10857,42.70031886931264,407.1399999998963,650.127583629681
10858,42.70031886931264,407.1599999998963,650.1378815724412
10859,42.70031886931264,407.17999999989627,650.1481791649101
10860,42.70031886931264,407.19999999989625,650.1584764070856
10861,42.70031886931264,407.21999999989623,650.1687732989659
10862,42.70031886931264,407.2399999998962,650.1790698405491
10863,42.70031886931264,407.2599999998962,650.1893660318332
10864,42.70031886931264,407.2799999998962,650.1996618728163
10865,42.70031886931264,407.29999999989616,650.2099573634963
10866,42.70031886931264,407.31999999989614,650.2202525038715
10867,42.70031886931264,407.3399999998961,650.2305472939398
10868,42.70031886931264,407.3599999998961,650.2408417336994
10869,42.70031886931264,407.3799999998961,650.2511358231483
10870,42.70031886931264,407.39999999989607,650.2614295622845
10871,42.70031886931264,407.41999999989605,650.2717229511062
10872,42.70031886931264,407.43999999989603,650.2820159896114
10873,42.70031886931264,407.459999999896,650.2923086777981
10874,42.70031886931264,407.479999999896,650.3026010156645
10875,42.70031886931264,407.499999999896,650.3128930032086
10876,42.70031886931264,407.51999999989596,650.3231846404284
10877,42.70031886931264,407.53999999989594,650.3334759273221
10878,42.70031886931264,407.5599999998959,650.3437668638876
10879,42.70031886931264,407.5799999998959,650.3540574501232
10880,42.70031886931264,407.5999999998959,650.3643476860267
10881,42.70031886931264,407.61999999989587,650.3746375715963
10882,42.70031886931264,407.63999999989585,650.3849271068301
10883,42.70031886931264,407.65999999989583,650.3952162917261
10884,42.70031886931264,407.6799999998958,650.4055051262824
10885,42.70031886931264,407.6999999998958,650.415793610497
10886,42.70031886931264,407.7199999998958,650.426081744368
10887,42.70031886931264,407.73999999989576,650.4363695278936
10888,42.70031886931264,407.75999999989574,650.4466569610717
10889,42.70031886931264,407.7799999998957,650.4569440439003
10890,42.70031886931264,407.7999999998957,650.4672307763776
10891,42.70031886931264,407.8199999998957,650.4775171585017
10892,42.70031886931264,407.83999999989567,650.4878031902705
10893,42.70031886931264,407.85999999989565,650.4980888716822
10894,42.70031886931264,407.87999999989563,650.5083742027348
10895,42.70031886931264,407.8999999998956,650.5186591834264
10896,42.70031886931264,407.9199999998956,650.5289438137551
10897,42.70031886931264,407.9399999998956,650.5392280937189
10898,42.70031886931264,407.95999999989556,650.5495120233159
10899,42.70031886931264,407.97999999989554,650.5597956025441
10900,42.70031886931264,407.9999999998955,650.5700788317757
10901,42.70031886931264,408.0199999998955,650.5803617126558
10902,42.70031886931264,408.0399999998955,650.5906442453236
10903,42.70031886931264,408.05999999989547,650.6009264297772
10904,42.70031886931264,408.07999999989545,650.6112082660148
10905,42.70031886931264,408.09999999989543,650.6214897540343
10906,42.70031886931264,408.1199999998954,650.6317708938337
10907,42.70031886931264,408.1399999998954,650.642051685411
10908,42.70031886931264,408.1599999998954,650.6523321287642
10909,42.70031886931264,408.17999999989536,650.6626122238914
10910,42.70031886931264,408.19999999989534,650.6728919707905
10911,42.70031886931264,408.2199999998953,650.6831713694596
10912,42.70031886931264,408.2399999998953,650.6934504198967
10913,42.70031886931264,408.2599999998953,650.7037291220998
10914,42.70031886931264,408.27999999989527,650.714007476067
10915,42.70031886931264,408.29999999989525,650.7242854817961
10916,42.70031886931264,408.31999999989523,650.7345631392852
10917,42.70031886931264,408.3399999998952,650.7448404485325
10918,42.70031886931264,408.3599999998952,650.7551174095358
10919,42.70031886931264,408.3799999998952,650.7653940222932
10920,42.70031886931264,408.39999999989516,650.7756702868027
10921,42.70031886931264,408.41999999989514,650.7859462030623
10922,42.70031886931264,408.4399999998951,650.79622177107
10923,42.70031886931264,408.4599999998951,650.8064969908239
10924,42.70031886931264,408.4799999998951,650.816771862322
10925,42.70031886931264,408.49999999989507,650.8270463855622
10926,42.70031886931264,408.51999999989505,650.8373205605426
10927,42.70031886931264,408.53999999989503,650.8475943872612
10928,42.70031886931264,408.559999999895,650.857867865716
10929,42.70031886931264,408.579999999895,650.868140995905
10930,42.70031886931264,408.599999999895,650.8784137778263
10931,42.70031886931264,408.61999999989496,650.8886862114778
10932,42.70031886931264,408.63999999989494,650.8989582968575
10933,42.70031886931264,408.6599999998949,650.9092300339635
10934,42.70031886931264,408.6799999998949,650.9195014227938
10935,42.70031886931264,408.6999999998949,650.9297724633465
10936,42.70031886931264,408.71999999989487,650.9400431556194
10937,42.633162114401465,408.73999999989485,650.9503134996106
10938,42.633162114401465,408.75999999989483,650.9605834953182
10939,42.633162114401465,408.7799999998948,650.9708531427402
10940,42.633162114401465,408.7999999998948,650.9811224418745
10941,42.633162114401465,408.8199999998948,650.9913913927193
10942,42.633162114401465,408.83999999989476,651.0016599952723
10943,42.633162114401465,408.85999999989474,651.0119282495318
10944,42.633162114401465,408.8799999998947,651.0221961554957
10945,42.633162114401465,408.8999999998947,651.0324637131621
10946,42.633162114401465,408.9199999998947,651.0427309225289
10947,42.633162114401465,408.93999999989467,651.0529977835942
10948,42.633162114401465,408.95999999989465,651.0632642963558
10949,42.633162114401465,408.97999999989463,651.073530460812
10950,42.633162114401465,408.9999999998946,651.0837962769606
10951,42.633162114401465,409.0199999998946,651.0940617452742
10952,42.633162114401465,409.0399999998946,651.1043268672123
10953,42.633162114401465,409.05999999989456,651.1145916428825
10954,42.633162114401465,409.07999999989454,651.1248560722827
10955,42.633162114401465,409.0999999998945,651.1351201554108
10956,42.633162114401465,409.1199999998945,651.145383892265
10957,42.633162114401465,409.1399999998945,651.1556472828432
10958,42.633162114401465,409.15999999989447,651.1659103271434
10959,42.633162114401465,409.17999999989445,651.1761730251634
10960,42.633162114401465,409.19999999989443,651.1864353769013
10961,42.633162114401465,409.2199999998944,651.1966973823551
10962,42.633162114401465,409.2399999998944,651.2069590415226
10963,42.633162114401465,409.2599999998944,651.217220354402
10964,42.633162114401465,409.27999999989436,651.2274813209912
10965,42.633162114401465,409.29999999989434,651.237741941288
10966,42.633162114401465,409.3199999998943,651.2480022152906
10967,42.633162114401465,409.3399999998943,651.258262142997
10968,42.633162114401465,409.3599999998943,651.2685217244049
10969,42.633162114401465,409.37999999989427,651.2787809595125
10970,42.633162114401465,409.39999999989425,651.2890398483177
10971,42.633162114401465,409.41999999989423,651.2992983908184
10972,42.633162114401465,409.4399999998942,651.3095565870127
10973,42.633162114401465,409.4599999998942,651.3198144368986
10974,42.633162114401465,409.4799999998942,651.3300719404739
10975,42.633162114401465,409.49999999989416,651.3403290977367
10976,42.633162114401465,409.51999999989414,651.3505859086849
10977,42.633162114401465,409.5399999998941,651.3608423733166
10978,42.633162114401465,409.5599999998941,651.3710984916296
10979,42.633162114401465,409.5799999998941,651.3813542636219
10980,42.633162114401465,409.59999999989407,651.3916096892915
10981,42.633162114401465,409.61999999989405,651.4018647686364
10982,42.633162114401465,409.63999999989403,651.4121195016546
10983,42.633162114401465,409.659999999894,651.422373888344
10984,42.633162114401465,409.679999999894,651.4326279287027
10985,42.633162114401465,409.699999999894,651.4428816227285
10986,42.633162114401465,409.71999999989396,651.4531349704193
10987,42.633162114401465,409.73999999989394,651.4633879717733
10988,42.633162114401465,409.7599999998939,651.4736406267883
10989,42.633162114401465,409.7799999998939,651.4838929354624
10990,42.633162114401465,409.7999999998939,651.4941448977936
10991,42.633162114401465,409.81999999989387,651.5043965137797
10992,42.633162114401465,409.83999999989385,651.5146477834188
10993,42.633162114401465,409.85999999989383,651.5248987067088
10994,42.633162114401465,409.8799999998938,651.5351492836477
10995,42.633162114401465,409.8999999998938,651.5453995142334
10996,42.633162114401465,409.9199999998938,651.555649398464
10997,42.633162114401465,409.93999999989376,651.5658989363374
10998,42.633162114401465,409.95999999989374,651.5761481278515
10999,42.633162114401465,409.9799999998937,651.5863969730044
11000,42.633162114401465,409.9999999998937,651.596645471794
11001,42.633162114401465,410.0199999998937,651.6068936242183
11002,42.633162114401465,410.03999999989367,651.6171414308792
11003,42.633162114401465,410.05999999989365,651.6273888931602
11004,42.633162114401465,410.07999999989363,651.6376360111459
11005,42.633162114401465,410.0999999998936,651.6478827848342
11006,42.633162114401465,410.1199999998936,651.6581292142231
11007,42.633162114401465,410.1399999998936,651.6683752993105
11008,42.633162114401465,410.15999999989356,651.6786210400943
11009,42.633162114401465,410.17999999989354,651.6888664365724
11010,42.633162114401465,410.1999999998935,651.6991114887428
11011,42.633162114401465,410.2199999998935,651.7093561966034
11012,42.633162114401465,410.2399999998935,651.7196005601521
11013,42.633162114401465,410.25999999989347,651.7298445793868
11014,42.633162114401465,410.27999999989345,651.7400882543055
11015,42.633162114401465,410.29999999989343,651.7503315849061
11016,42.633162114401465,410.3199999998934,651.7605745711865
11017,42.633162114401465,410.3399999998934,651.7708172131445
11018,42.633162114401465,410.3599999998934,651.7810595107782
11019,42.633162114401465,410.37999999989336,651.7913014640854
11020,42.633162114401465,410.39999999989334,651.8015430730642
11021,42.633162114401465,410.4199999998933,651.8117843377124
11022,42.633162114401465,410.4399999998933,651.8220252580279
11023,42.633162114401465,410.4599999998933,651.8322658340087
11024,42.633162114401465,410.47999999989327,651.8425060656526
11025,42.633162114401465,410.49999999989325,651.8527459529577
11026,42.633162114401465,410.51999999989323,651.8629854959217
11027,42.633162114401465,410.5399999998932,651.8732246945427
11028,42.633162114401465,410.5599999998932,651.8834635488186
11029,42.633162114401465,410.5799999998932,651.8937020587472
11030,42.633162114401465,410.59999999989316,651.9039402243266
11031,42.633162114401465,410.61999999989314,651.9141780455545
11032,42.633162114401465,410.6399999998931,651.9244155224291
11033,42.633162114401465,410.6599999998931,651.9346526549481
11034,42.633162114401465,410.6799999998931,651.9448894431094
11035,42.633162114401465,410.69999999989307,651.9551258869111
11036,42.633162114401465,410.71999999989305,651.965361986351
11037,42.633162114401465,410.73999999989303,651.9755977414271
11038,42.633162114401465,410.759999999893,651.9858331521373
11039,42.633162114401465,410.779999999893,651.9960682184794
11040,42.633162114401465,410.799999999893,652.0063029404515
11041,42.633162114401465,410.81999999989296,652.0165373180514
11042,42.633162114401465,410.83999999989294,652.0267713512771
11043,42.633162114401465,410.8599999998929,652.0370050401265
11044,42.633162114401465,410.8799999998929,652.0472383845974
11045,42.633162114401465,410.8999999998929,652.0574713846879
11046,42.633162114401465,410.91999999989287,652.0677040403958
11047,42.633162114401465,410.93999999989285,652.0779363517191
11048,42.633162114401465,410.95999999989283,652.0881683186557
11049,42.633162114401465,410.9799999998928,652.0983999412034
11050,42.633162114401465,410.9999999998928,652.1086312193603
11051,42.633162114401465,411.0199999998928,652.1188621531243
11052,42.633162114401465,411.03999999989276,652.1290927424932
11053,42.633162114401465,411.05999999989274,652.1393229882037
11054,42.633162114401465,411.0799999998927,652.1495528915632
11055,42.633162114401465,411.0999999998927,652.1597824526327
11056,42.633162114401465,411.1199999998927,652.1700116714103
11057,42.633162114401465,411.13999999989267,652.1802405478938
11058,42.633162114401465,411.15999999989265,652.1904690820811
11059,42.633162114401465,411.17999999989263,652.20069727397
11060,42.633162114401465,411.1999999998926,652.2109251235586
11061,42.633162114401465,411.2199999998926,652.2211526308445
11062,42.633162114401465,411.2399999998926,652.2313797958258
11063,42.633162114401465,411.25999999989256,652.2416066185002
11064,42.633162114401465,411.27999999989254,652.2518330988657
11065,42.633162114401465,411.2999999998925,652.2620592369202
11066,42.633162114401465,411.3199999998925,652.2722850326616
11067,42.633162114401465,411.3399999998925,652.2825104860876
11068,42.633162114401465,411.35999999989247,652.2927355971963
11069,42.633162114401465,411.37999999989245,652.3029603659854
11070,42.633162114401465,411.39999999989243,652.313184792453
11071,42.56618120929823,411.4199999998924,652.3234088765967
11072,42.56618120929823,411.4399999998924,652.3336326184145
11073,42.56618120929823,411.4599999998924,652.3438560179044
11074,42.56618120929823,411.47999999989236,652.3540790750642
11075,42.56618120929823,411.49999999989234,652.3643017898918
11076,42.56618120929823,411.5199999998923,652.374524162385
11077,42.56618120929823,411.5399999998923,652.3847461925418
11078,42.56618120929823,411.5599999998923,652.39496788036
11079,42.56618120929823,411.57999999989227,652.4051892258375
11080,42.56618120929823,411.59999999989225,652.4154102289722
11081,42.56618120929823,411.61999999989223,652.4256308897619
11082,42.56618120929823,411.6399999998922,652.4358512082046
11083,42.56618120929823,411.6599999998922,652.446071184298
11084,42.56618120929823,411.6799999998922,652.4562908180402
11085,42.56618120929823,411.69999999989216,652.466510109429
11086,42.56618120929823,411.71999999989214,652.4767290584623
11087,42.56618120929823,411.7399999998921,652.4869476651379
11088,42.56618120929823,411.7599999998921,652.4971659294537
11089,42.56618120929823,411.7799999998921,652.5073838514076
11090,42.56618120929823,411.79999999989207,652.5176014309975
11091,42.56618120929823,411.81999999989205,652.5278186682212
11092,42.56618120929823,411.83999999989203,652.5380355630767
11093,42.56618120929823,411.859999999892,652.5482521155619
11094,42.56618120929823,411.879999999892,652.5584683256745
11095,42.56618120929823,411.899999999892,652.5686841934125
11096,42.56618120929823,411.91999999989196,652.5788997187739
11097,42.56618120929823,411.93999999989194,652.5891149017564
11098,42.56618120929823,411.9599999998919,652.5993297423579
11099,42.56618120929823,411.9799999998919,652.6095442405763
11100,42.56618120929823,411.9999999998919,652.6197583964095
11101,42.56618120929823,412.01999999989187,652.6299722098553
11102,42.56618120929823,412.03999999989185,652.6401856809117
11103,42.56618120929823,412.05999999989183,652.6503988095766
11104,42.56618120929823,412.0799999998918,652.6606115966619
11105,42.56618120929823,412.0999999998918,652.6708240433061
11106,42.56618120929823,412.1199999998918,652.6810361495435
11107,42.56618120929823,412.13999999989176,652.6912479153718
11108,42.56618120929823,412.15999999989174,652.7014593407889
11109,42.56618120929823,412.1799999998917,652.7116704257927
11110,42.56618120929823,412.1999999998917,652.7218811703809
11111,42.56618120929823,412.2199999998917,652.7320915745514
11112,42.56618120929823,412.23999999989167,652.742301638302
11113,42.56618120929823,412.25999999989165,652.7525113616306
11114,42.56618120929823,412.27999999989163,652.7627207445349
11115,42.56618120929823,412.2999999998916,652.7729297870129
11116,42.56618120929823,412.3199999998916,652.7831384890624
11117,42.56618120929823,412.3399999998916,652.7933468506811
11118,42.56618120929823,412.35999999989156,652.803554871867
11119,42.56618120929823,412.37999999989154,652.8137625526178
11120,42.56618120929823,412.3999999998915,652.8239698929315
11121,42.56618120929823,412.4199999998915,652.8341768928058
11122,42.56618120929823,412.4399999998915,652.8443835522385
11123,42.56618120929823,412.45999999989147,652.8545898712275
11124,42.56618120929823,412.47999999989145,652.8647958497706
11125,42.56618120929823,412.49999999989143,652.8750014878657
11126,42.56618120929823,412.5199999998914,652.8852067855106
11127,42.56618120929823,412.5399999998914,652.8954117427031
11128,42.56618120929823,412.5599999998914,652.9056163594411
11129,42.56618120929823,412.57999999989136,652.9158206357223
11130,42.56618120929823,412.59999999989134,652.9260245715446
11131,42.56618120929823,412.6199999998913,652.936228166906
11132,42.56618120929823,412.6399999998913,652.946431421804
11133,42.56618120929823,412.6599999998913,652.9566343362367
11134,42.56618120929823,412.67999999989127,652.9668369102018
11135,42.56618120929823,412.69999999989125,652.9770391436972
11136,42.56618120929823,412.71999999989123,652.9872410367207
11137,42.56618120929823,412.7399999998912,652.9974425892701
11138,42.56618120929823,412.7599999998912,653.0076438013433
11139,42.56618120929823,412.7799999998912,653.017844672938
11140,42.56618120929823,412.79999999989116,653.0280452040523
11141,42.56618120929823,412.81999999989114,653.0382453946838
11142,42.56618120929823,412.8399999998911,653.0484452448304
11143,42.56618120929823,412.8599999998911,653.0586447544899
11144,42.56618120929823,412.8799999998911,653.0688439236602
11145,42.56618120929823,412.89999999989107,653.0790427523391
11146,42.56618120929823,412.91999999989105,653.0892412405244
11147,42.56618120929823,412.93999999989103,653.0994393882139
11148,42.56618120929823,412.959999999891,653.1096371954055
11149,42.56618120929823,412.979999999891,653.119834662097
11150,42.56618120929823,412.999999999891,653.1300317882863
11151,42.56618120929823,413.01999999989096,653.1402285739711
11152,42.56618120929823,413.03999999989094,653.1504250191493
11153,42.56618120929823,413.0599999998909,653.1606211238188
11154,42.56618120929823,413.0799999998909,653.1708168879774
11155,42.56618120929823,413.0999999998909,653.1810123125815
11156,42.56618120929823,413.11999999989087,653.1912073987063
11157,42.56618120929823,413.13999999989085,653.2014021463626
11158,42.56618120929823,413.15999999989083,653.2115965555482
11159,42.56618120929823,413.1799999998908,653.2217906262609
11160,42.56618120929823,413.1999999998908,653.2319843584984
11161,42.56618120929823,413.2199999998908,653.2421777522584
11162,42.56618120929823,413.23999999989076,653.2523708075387
11163,42.56618120929823,413.25999999989074,653.262563524337
11164,42.56618120929823,413.2799999998907,653.2727559026509
11165,42.56618120929823,413.2999999998907,653.2829479424784
11166,42.56618120929823,413.3199999998907,653.293139643817
11167,42.56618120929823,413.33999999989067,653.3033310066646
11168,42.56618120929823,413.35999999989065,653.3135220310189
11169,42.56618120929823,413.37999999989063,653.3237127168776
11170,42.56618120929823,413.3999999998906,653.3339030642385
11171,42.56618120929823,413.4199999998906,653.3440930730992
11172,42.56618120929823,413.4399999998906,653.3542827434576
11173,42.56618120929823,413.45999999989056,653.3644720753114
11174,42.56618120929823,413.47999999989054,653.3746610686583
11175,42.56618120929823,413.4999999998905,653.3848497234959
11176,42.56618120929823,413.5199999998905,653.3950380398221
11177,42.56618120929823,413.5399999998905,653.4052260176347
11178,42.56618120929823,413.55999999989047,653.4154136569314
11179,42.56618120929823,413.57999999989045,653.4256009577098
11180,42.56618120929823,413.59999999989043,653.4357879199677
11181,42.56618120929823,413.6199999998904,653.4459745437028
11182,42.56618120929823,413.6399999998904,653.456160828913
11183,42.56618120929823,413.6599999998904,653.4663467755959
11184,42.56618120929823,413.67999999989036,653.4765323837493
11185,42.56618120929823,413.69999999989034,653.4867176533708
11186,42.56618120929823,413.7199999998903,653.4969025844582
11187,42.56618120929823,413.7399999998903,653.5070871770093
11188,42.56618120929823,413.7599999998903,653.5172714310219
11189,42.56618120929823,413.77999999989026,653.5274553464935
11190,42.56618120929823,413.79999999989025,653.5376389234222
11191,42.56618120929823,413.81999999989023,653.5478221618054
11192,42.56618120929823,413.8399999998902,653.5580050616409
11193,42.56618120929823,413.8599999998902,653.5681876229265
11194,42.56618120929823,413.8799999998902,653.57836984566
11195,42.56618120929823,413.89999999989016,653.588551729839
11196,42.56618120929823,413.91999999989014,653.5987332754612
11197,42.56618120929823,413.9399999998901,653.6089144825245
11198,42.56618120929823,413.9599999998901,653.6190953510265
11199,42.56618120929823,413.9799999998901,653.6292758809651
11200,42.56618120929823,413.99999999989006,653.6394560723379
11201,42.56618120929823,414.01999999989005,653.6496359251427
11202,42.56618120929823,414.03999999989003,653.6598154393771
11203,42.56618120929823,414.05999999989,653.669994615039
11204,42.4993755100302,414.07999999989,653.680173452126
11205,42.4993755100302,414.09999999989,653.6903519506468
11206,42.4993755100302,414.11999999988996,653.7005301116469
11207,42.4993755100302,414.13999999988994,653.710707936075
11208,42.4993755100302,414.1599999998899,653.7208854239288
11209,42.4993755100302,414.1799999998899,653.7310625752064
11210,42.4993755100302,414.1999999998899,653.7412393899052
11211,42.4993755100302,414.21999999988986,653.7514158680233
11212,42.4993755100302,414.23999999988985,653.7615920095583
11213,42.4993755100302,414.2599999998898,653.7717678145079
11214,42.4993755100302,414.2799999998898,653.7819432828701
11215,42.4993755100302,414.2999999998898,653.7921184146425
11216,42.4993755100302,414.3199999998898,653.8022932098229
11217,42.4993755100302,414.33999999988976,653.8124676684091
11218,42.4993755100302,414.35999999988974,653.822641790399
11219,42.4993755100302,414.3799999998897,653.8328155757902
11220,42.4993755100302,414.3999999998897,653.8429890245804
11221,42.4993755100302,414.4199999998897,653.8531621367677
11222,42.4993755100302,414.43999999988966,653.8633349123495
11223,42.4993755100302,414.45999999988965,653.8735073513238
11224,42.4993755100302,414.4799999998896,653.8836794536884
11225,42.4993755100302,414.4999999998896,653.893851219441
11226,42.4993755100302,414.5199999998896,653.9040226485794
11227,42.4993755100302,414.5399999998896,653.9141937411013
11228,42.4993755100302,414.55999999988956,653.9243644970045
11229,42.4993755100302,414.57999999988954,653.9345349162869
11230,42.4993755100302,414.5999999998895,653.9447049989462
11231,42.4993755100302,414.6199999998895,653.9548747449802
11232,42.4993755100302,414.6399999998895,653.9650441543865
11233,42.4993755100302,414.65999999988946,653.9752132271632
11234,42.4993755100302,414.67999999988945,653.9853819633078
11235,42.4993755100302,414.6999999998894,653.9955503628181
11236,42.4993755100302,414.7199999998894,654.005718425692
11237,42.4993755100302,414.7399999998894,654.0158861519271
11238,42.4993755100302,414.7599999998894,654.0260535415215
11239,42.4993755100302,414.77999999988936,654.0362205944726
11240,42.4993755100302,414.79999999988934,654.0463873107784
11241,42.4993755100302,414.8199999998893,654.0565536904367
11242,42.4993755100302,414.8399999998893,654.0667197334451
11243,42.4993755100302,414.8599999998893,654.0768854398015
11244,42.4993755100302,414.87999999988926,654.0870508095036
11245,42.4993755100302,414.89999999988925,654.0972158425492
11246,42.4993755100302,414.9199999998892,654.1073805389361
11247,42.4993755100302,414.9399999998892,654.1175448986621
11248,42.4993755100302,414.9599999998892,654.1277089217249
11249,42.4993755100302,414.9799999998892,654.1378726081223
11250,42.4993755100302,414.99999999988916,654.1480359578521
11251,42.4993755100302,415.01999999988914,654.1581989709122
11252,42.4993755100302,415.0399999998891,654.1683616473001
11253,42.4993755100302,415.0599999998891,654.1785239870137
11254,42.4993755100302,415.0799999998891,654.1886859900508
11255,42.4993755100302,415.09999999988906,654.1988476564092
11256,42.4993755100302,415.11999999988905,654.2090089861201
11257,42.4993755100302,415.139999999889,654.2191699802955
11258,42.4993755100302,415.159999999889,654.2293306397444
11259,42.4993755100302,415.179999999889,654.2394909644645
11260,42.4993755100302,415.199999999889,654.2496509544535
11261,42.4993755100302,415.21999999988896,654.259810609709
11262,42.4993755100302,415.23999999988894,654.2699699302289
11263,42.4993755100302,415.2599999998889,654.2801289160105
11264,42.4993755100302,415.2799999998889,654.2902875670519
11265,42.4993755100302,415.2999999998889,654.3004458833506
11266,42.4993755100302,415.31999999988886,654.3106038649042
11267,42.4993755100302,415.33999999988885,654.3207615117105
11268,42.4993755100302,415.3599999998888,654.3309188237672
11269,42.4993755100302,415.3799999998888,654.3410758010718
11270,42.4993755100302,415.3999999998888,654.3512324436222
11271,42.4993755100302,415.4199999998888,654.3613887514159
11272,42.4993755100302,415.43999999988876,654.3715447244507
11273,42.4993755100302,415.45999999988874,654.3817003627242
11274,42.4993755100302,415.4799999998887,654.3918556662343
11275,42.4993755100302,415.4999999998887,654.4020106349784
11276,42.4993755100302,415.5199999998887,654.4121652689543
11277,42.4993755100302,415.53999999988866,654.4223195681597
11278,42.4993755100302,415.55999999988865,654.4324735325921
11279,42.4993755100302,415.5799999998886,654.4426271622494
11280,42.4993755100302,415.5999999998886,654.4527804571293
11281,42.4993755100302,415.6199999998886,654.4629334172294
11282,42.4993755100302,415.6399999998886,654.4730860425473
11283,42.4993755100302,415.65999999988856,654.4832383330807
11284,42.4993755100302,415.67999999988854,654.4933902888274
11285,42.4993755100302,415.6999999998885,654.503541909785
11286,42.4993755100302,415.7199999998885,654.5136931959512
11287,42.4993755100302,415.7399999998885,654.5238441473236
11288,42.4993755100302,415.75999999988846,654.5339947639001
11289,42.4993755100302,415.77999999988845,654.5441450456782
11290,42.4993755100302,415.7999999998884,654.5542949926556
11291,42.4993755100302,415.8199999998884,654.56444460483
11292,42.4993755100302,415.8399999998884,654.5745938821991
11293,42.4993755100302,415.8599999998884,654.5847428247606
11294,42.4993755100302,415.87999999988835,654.5948914325121
11295,42.4993755100302,415.89999999988834,654.6050397054513
11296,42.4993755100302,415.9199999998883,654.615187643576
11297,42.4993755100302,415.9399999998883,654.6253352468837
11298,42.4993755100302,415.9599999998883,654.6354825153721
11299,42.4993755100302,415.97999999988826,654.645629449039
11300,42.4993755100302,415.99999999988825,654.655776047882
11301,42.4993755100302,416.0199999998882,654.6659223118988
11302,42.4993755100302,416.0399999998882,654.6760682410871
11303,42.4993755100302,416.0599999998882,654.6862138354445
11304,42.4993755100302,416.0799999998882,654.6963590949688
11305,42.4993755100302,416.09999999988815,654.7065040196576
11306,42.4993755100302,416.11999999988814,654.7166486095085
11307,42.4993755100302,416.1399999998881,654.7267928645779
11308,42.4993755100302,416.1599999998881,654.7369367861089
11309,42.4993755100302,416.1799999998881,654.7470803748178
11310,42.4993755100302,416.19999999988806,654.757223630702
11311,42.4993755100302,416.21999999988805,654.7673665537594
11312,42.4993755100302,416.239999999888,654.7775091439875
11313,42.4993755100302,416.259999999888,654.7876514013839
11314,42.4993755100302,416.279999999888,654.7977933259464
11315,42.4993755100302,416.299999999888,654.8079349176725
11316,42.4993755100302,416.31999999988795,654.8180761765599
11317,42.4993755100302,416.33999999988794,654.8282171026062
11318,42.4993755100302,416.3599999998879,654.8383576958091
11319,42.4993755100302,416.3799999998879,654.8484979561663
11320,42.4993755100302,416.3999999998879,654.8586378836753
11321,42.4993755100302,416.41999999988786,654.8687774783339
11322,42.4993755100302,416.43999999988785,654.8789167401395
11323,42.4993755100302,416.4599999998878,654.8890556690899
11324,42.4993755100302,416.4799999998878,654.8991942651827
11325,42.4993755100302,416.4999999998878,654.9093325284156
11326,42.4993755100302,416.5199999998878,654.9194704587862
11327,42.4993755100302,416.53999999988775,654.9296080562922
11328,42.4993755100302,416.55999999988774,654.9397453209311
11329,42.4993755100302,416.5799999998877,654.9498822527007
11330,42.4993755100302,416.5999999998877,654.9600188515985
11331,42.4993755100302,416.6199999998877,654.9701551176223
11332,42.4993755100302,416.63999999988766,654.9802910507696
11333,42.4993755100302,416.65999999988765,654.990426651038
11334,42.4993755100302,416.6799999998876,655.0005619184253
11335,42.4993755100302,416.6999999998876,655.0106968529291
11336,42.4993755100302,416.7199999998876,655.020831454547
11337,42.4993755100302,416.7399999998876,655.0309657232766
11338,42.4993755100302,416.75999999988755,655.0410996591156
11339,42.432744375653556,416.77999999988754,655.0512332620616
11340,42.432744375653556,416.7999999998875,655.0613665321123
11341,42.432744375653556,416.8199999998875,655.0714994692653
11342,42.432744375653556,416.8399999998875,655.0816320735182
11343,42.432744375653556,416.85999999988746,655.0917643448688
11344,42.432744375653556,416.87999999988745,655.1018962833145
11345,42.432744375653556,416.8999999998874,655.1120278888532
11346,42.432744375653556,416.9199999998874,655.1221591614823
11347,42.432744375653556,416.9399999998874,655.1322901011996
11348,42.432744375653556,416.9599999998874,655.1424207080026
11349,42.432744375653556,416.97999999988735,655.1525509818891
11350,42.432744375653556,416.99999999988734,655.1626809228567
11351,42.432744375653556,417.0199999998873,655.1728105309029
11352,42.432744375653556,417.0399999998873,655.1829398060255
11353,42.432744375653556,417.0599999998873,655.1930687482221
11354,42.432744375653556,417.07999999988726,655.2031973574904
11355,42.432744375653556,417.09999999988725,655.2133256338278
11356,42.432744375653556,417.1199999998872,655.2234535772322
11357,42.432744375653556,417.1399999998872,655.2335811877011
11358,42.432744375653556,417.1599999998872,655.2437084653101
11359,42.432744375653556,417.1799999998872,655.2538354113227
11360,42.432744375653556,417.19999999988715,655.2639620263026
11361,42.432744375653556,417.21999999988714,655.2740883102473
11362,42.432744375653556,417.2399999998871,655.2842142631545
11363,42.432744375653556,417.2599999998871,655.2943398850216
11364,42.432744375653556,417.2799999998871,655.3044651758464
11365,42.432744375653556,417.29999999988706,655.3145901356264
11366,42.432744375653556,417.31999999988705,655.3247147643592
11367,42.432744375653556,417.339999999887,655.3348390620425
11368,42.432744375653556,417.359999999887,655.3449630286739
11369,42.432744375653556,417.379999999887,655.3550866642508
11370,42.432744375653556,417.399999999887,655.3652099687711
11371,42.432744375653556,417.41999999988695,655.3753329422321
11372,42.432744375653556,417.43999999988694,655.3854555846317
11373,42.432744375653556,417.4599999998869,655.3955778959672
11374,42.432744375653556,417.4799999998869,655.4056998762364
11375,42.432744375653556,417.4999999998869,655.415821525437
11376,42.432744375653556,417.51999999988686,655.4259428435663
11377,42.432744375653556,417.53999999988685,655.4360638306222
11378,42.432744375653556,417.5599999998868,655.4461844866021
11379,42.432744375653556,417.5799999998868,655.4563048115037
11380,42.432744375653556,417.5999999998868,655.4664248053247
11381,42.432744375653556,417.6199999998868,655.4765444680625
11382,42.432744375653556,417.63999999988675,655.4866637997147
11383,42.432744375653556,417.65999999988674,655.4967828002791
11384,42.432744375653556,417.6799999998867,655.5069014697532
11385,42.432744375653556,417.6999999998867,655.5170198081346
11386,42.432744375653556,417.7199999998867,655.5271378154208
11387,42.432744375653556,417.73999999988666,655.5372554916096
11388,42.432744375653556,417.75999999988665,655.5473728366985
11389,42.432744375653556,417.7799999998866,655.5574898506851
11390,42.432744375653556,417.7999999998866,655.567606533567
11391,42.432744375653556,417.8199999998866,655.5777228853418
11392,42.432744375653556,417.8399999998866,655.5878389060072
11393,42.432744375653556,417.85999999988655,655.5979545955606
11394,42.432744375653556,417.87999999988654,655.6080699539998
11395,42.432744375653556,417.8999999998865,655.6181849813223
11396,42.432744375653556,417.9199999998865,655.6282996775258
11397,42.432744375653556,417.9399999998865,655.6384140426078
11398,42.432744375653556,417.95999999988646,655.6485280765659
11399,42.432744375653556,417.97999999988645,655.6586417793977
11400,42.432744375653556,417.9999999998864,655.668755151101
11401,42.432744375653556,418.0199999998864,655.6788681916731
11402,42.432744375653556,418.0399999998864,655.6889809011118
11403,42.432744375653556,418.0599999998864,655.6990932794147
11404,42.432744375653556,418.07999999988635,655.7092053265793
11405,42.432744375653556,418.09999999988634,655.7193170426033
11406,42.432744375653556,418.1199999998863,655.7294284274842
11407,42.432744375653556,418.1399999998863,655.7395394812197
11408,42.432744375653556,418.1599999998863,655.7496502038073
11409,42.432744375653556,418.17999999988626,655.7597605953468
11410,42.432744375653556,418.19999999988624,655.7698706572173
11411,42.432744375653556,418.2199999998862,655.7799803898778
11412,42.432744375653556,418.2399999998862,655.7900897933258
11413,42.432744375653556,418.2599999998862,655.800198867559
11414,42.432744375653556,418.2799999998862,655.8103076125748
11415,42.432744375653556,418.29999999988615,655.8204160283708
11416,42.432744375653556,418.31999999988614,655.8305241149445
11417,42.432744375653556,418.3399999998861,655.8406318722937
11418,42.432744375653556,418.3599999998861,655.8507393004156
11419,42.432744375653556,418.3799999998861,655.860846399308
11420,42.432744375653556,418.39999999988606,655.8709531689684
11421,42.432744375653556,418.41999999988604,655.8810596093944
11422,42.432744375653556,418.439999999886,655.8911657205834
11423,42.432744375653556,418.459999999886,655.9012715025332
11424,42.432744375653556,418.479999999886,655.911376955241
11425,42.432744375653556,418.499999999886,655.9214820787047
11426,42.432744375653556,418.51999999988595,655.9315868729217
11427,42.432744375653556,418.53999999988594,655.9416913378896
11428,42.432744375653556,418.5599999998859,655.9517954736058
11429,42.432744375653556,418.5799999998859,655.961899280068
11430,42.432744375653556,418.5999999998859,655.9720027572737
11431,42.432744375653556,418.61999999988586,655.9821059052205
11432,42.432744375653556,418.63999999988584,655.992208723906
11433,42.432744375653556,418.6599999998858,656.0023112133275
11434,42.432744375653556,418.6799999998858,656.0124133734829
11435,42.432744375653556,418.6999999998858,656.0225152043696
11436,42.432744375653556,418.7199999998858,656.0326167059851
11437,42.432744375653556,418.73999999988575,656.0427178783269
11438,42.432744375653556,418.75999999988574,656.0528187213928
11439,42.432744375653556,418.7799999998857,656.0629192351801
11440,42.432744375653556,418.7999999998857,656.0730194196864
11441,42.432744375653556,418.8199999998857,656.0831192749093
11442,42.432744375653556,418.83999999988566,656.0932188008464
11443,42.432744375653556,418.85999999988564,656.1033179974953
11444,42.432744375653556,418.8799999998856,656.1134168648534
11445,42.432744375653556,418.8999999998856,656.1235154029183
11446,42.432744375653556,418.9199999998856,656.1336136116876
11447,42.432744375653556,418.9399999998856,656.1437114911588
11448,42.432744375653556,418.95999999988555,656.1538090413294
11449,42.432744375653556,418.97999999988554,656.1639062621971
11450,42.432744375653556,418.9999999998855,656.1740031537594
11451,42.432744375653556,419.0199999998855,656.1840997160137
11452,42.432744375653556,419.0399999998855,656.1941959489578
11453,42.432744375653556,419.05999999988546,656.2042918525891
11454,42.432744375653556,419.07999999988544,656.2143874269052
11455,42.432744375653556,419.0999999998854,656.2244826719036
11456,42.432744375653556,419.1199999998854,656.2345775875818
11457,42.432744375653556,419.1399999998854,656.2446721739376
11458,42.432744375653556,419.1599999998854,656.2547664309683
11459,42.432744375653556,419.17999999988535,656.2648603586715
11460,42.432744375653556,419.19999999988534,656.2749539571723
11461,42.432744375653556,419.2199999998853,656.2850472279683
11462,42.432744375653556,419.2399999998853,656.2951401714104
11463,42.432744375653556,419.2599999998853,656.3052327874959
11464,42.432744375653556,419.27999999988526,656.3153250762225
11465,42.432744375653556,419.29999999988524,656.3254170375877
11466,42.432744375653556,419.3199999998852,656.335508671589
11467,42.432744375653556,419.3399999998852,656.3455999782236
11468,42.432744375653556,419.3599999998852,656.3556909574893
11469,42.432744375653556,419.3799999998852,656.3657816093835
11470,42.432744375653556,419.39999999988515,656.3758719339037
11471,42.432744375653556,419.41999999988514,656.3859619310474
11472,42.432744375653556,419.4399999998851,656.3960516008121
11473,42.366287168235964,419.4599999998851,656.4061409431954
11474,42.366287168235964,419.4799999998851,656.4162299581945
11475,42.366287168235964,419.49999999988506,656.4263186458072
11476,42.366287168235964,419.51999999988504,656.4364070060309
11477,42.366287168235964,419.539999999885,656.446495038863
11478,42.366287168235964,419.559999999885,656.456582744301
11479,42.366287168235964,419.579999999885,656.4666701223425
11480,42.366287168235964,419.599999999885,656.476757172985
11481,42.366287168235964,419.61999999988495,656.486843896226
11482,42.366287168235964,419.63999999988494,656.4969302920629
11483,42.366287168235964,419.6599999998849,656.5070163604931
11484,42.366287168235964,419.6799999998849,656.5171021015144
11485,42.366287168235964,419.6999999998849,656.5271875151241
11486,42.366287168235964,419.71999999988486,656.5372726013196
11487,42.366287168235964,419.73999999988484,656.5473573600987
11488,42.366287168235964,419.7599999998848,656.5574417914586
11489,42.366287168235964,419.7799999998848,656.5675258953969
11490,42.366287168235964,419.7999999998848,656.5776096719111
11491,42.366287168235964,419.81999999988477,656.5876931209987
11492,42.366287168235964,419.83999999988475,656.5977762426571
11493,42.366287168235964,419.85999999988474,656.6078590368841
11494,42.366287168235964,419.8799999998847,656.6179415036769
11495,42.366287168235964,419.8999999998847,656.628023643033
11496,42.366287168235964,419.9199999998847,656.6381054549499
11497,42.366287168235964,419.93999999988466,656.6481869394253
11498,42.366287168235964,419.95999999988464,656.6582680964565
11499,42.366287168235964,419.9799999998846,656.6683489260411
11500,42.366287168235964,419.9999999998846,656.6784294281765
11501,42.366287168235964,420.0199999998846,656.6885096028602
11502,42.366287168235964,420.03999999988457,656.6985894500898
11503,42.366287168235964,420.05999999988455,656.7086689698627
11504,42.366287168235964,420.07999999988454,656.7187481621764
11505,42.366287168235964,420.0999999998845,656.7288270270285
11506,42.366287168235964,420.1199999998845,656.7389055644163
11507,42.366287168235964,420.1399999998845,656.7489837743375
11508,42.366287168235964,420.15999999988446,656.7590616567894
11509,42.366287168235964,420.17999999988444,656.7691392117696
11510,42.366287168235964,420.1999999998844,656.7792164392756
11511,42.366287168235964,420.2199999998844,656.7892933394469
11512,42.366287168235964,420.2399999998844,656.7993699137819
11513,42.366287168235964,420.25999999988437,656.8094461625009
11514,42.366287168235964,420.27999999988435,656.8195220856011
11515,42.366287168235964,420.29999999988434,656.8295976830801
11516,42.366287168235964,420.3199999998843,656.8396729549353
11517,42.366287168235964,420.3399999998843,656.8497479011642
11518,42.366287168235964,420.3599999998843,656.859822521764
11519,42.366287168235964,420.37999999988426,656.8698968167325
11520,42.366287168235964,420.39999999988424,656.8799707860669
11521,42.366287168235964,420.4199999998842,656.8900444297647
11522,42.366287168235964,420.4399999998842,656.9001177478233
11523,42.366287168235964,420.4599999998842,656.9101907402402
11524,42.366287168235964,420.47999999988417,656.9202634070128
11525,42.366287168235964,420.49999999988415,656.9303357481386
11526,42.366287168235964,420.51999999988413,656.940407763615
11527,42.366287168235964,420.5399999998841,656.9504794534394
11528,42.366287168235964,420.5599999998841,656.9605508176093
11529,42.366287168235964,420.5799999998841,656.9706218561221
11530,42.366287168235964,420.59999999988406,656.9806925689752
11531,42.366287168235964,420.61999999988404,656.9907629561661
11532,42.366287168235964,420.639999999884,657.0008330176923
11533,42.366287168235964,420.659999999884,657.0109027535512
11534,42.366287168235964,420.679999999884,657.0209721637402
11535,42.366287168235964,420.69999999988397,657.0310412482568
11536,42.366287168235964,420.71999999988395,657.0411100070983
11537,42.366287168235964,420.73999999988393,657.0511784402622
11538,42.366287168235964,420.7599999998839,657.061246547746
11539,42.366287168235964,420.7799999998839,657.0713143295471
11540,42.366287168235964,420.7999999998839,657.081381785663
11541,42.366287168235964,420.81999999988386,657.091448916091
11542,42.366287168235964,420.83999999988384,657.1015157208287
11543,42.366287168235964,420.8599999998838,657.1115821998735
11544,42.366287168235964,420.8799999998838,657.1216483532228
11545,42.366287168235964,420.8999999998838,657.1317141808739
11546,42.366287168235964,420.91999999988377,657.1417796828244
11547,42.366287168235964,420.93999999988375,657.1518448590718
11548,42.366287168235964,420.95999999988373,657.1619097096135
11549,42.366287168235964,420.9799999998837,657.1719742344468
11550,42.366287168235964,420.9999999998837,657.1820384335692
11551,42.366287168235964,421.0199999998837,657.1921023069783
11552,42.366287168235964,421.03999999988366,657.2021658546714
11553,42.366287168235964,421.05999999988364,657.2122290766459
11554,42.366287168235964,421.0799999998836,657.2222919728994
11555,42.366287168235964,421.0999999998836,657.2323545434291
11556,42.366287168235964,421.1199999998836,657.2424167882326
11557,42.366287168235964,421.13999999988357,657.2524787073073
11558,42.366287168235964,421.15999999988355,657.2625403006507
11559,42.366287168235964,421.17999999988353,657.2726015682601
11560,42.366287168235964,421.1999999998835,657.282662510133
11561,42.366287168235964,421.2199999998835,657.292723126267
11562,42.366287168235964,421.2399999998835,657.3027834168644
11563,42.366287168235964,421.25999999988346,657.3128433834953
11564,42.366287168235964,421.27999999988344,657.3229030263091
11565,42.366287168235964,421.2999999998834,657.3329623453031
11566,42.366287168235964,421.3199999998834,657.3430213404747
11567,42.366287168235964,421.3399999998834,657.3530800118212
11568,42.366287168235964,421.35999999988337,657.36313835934
11569,42.366287168235964,421.37999999988335,657.3731963830285
11570,42.366287168235964,421.39999999988333,657.3832540828839
11571,42.366287168235964,421.4199999998833,657.3933114589038
11572,42.366287168235964,421.4399999998833,657.4033685110853
11573,42.366287168235964,421.4599999998833,657.4134252394259
11574,42.366287168235964,421.47999999988326,657.423481643923
11575,42.366287168235964,421.49999999988324,657.4335377245737
11576,42.366287168235964,421.5199999998832,657.4435934813757
11577,42.366287168235964,421.5399999998832,657.4536489143261
11578,42.366287168235964,421.5599999998832,657.4637040234223
11579,42.366287168235964,421.57999999988317,657.4737588086617
11580,42.366287168235964,421.59999999988315,657.4838132700418
11581,42.366287168235964,421.61999999988313,657.4938674075596
11582,42.366287168235964,421.6399999998831,657.5039212212127
11583,42.366287168235964,421.6599999998831,657.5139747109985
11584,42.366287168235964,421.6799999998831,657.5240278769141
11585,42.366287168235964,421.69999999988306,657.5340807189572
11586,42.366287168235964,421.71999999988304,657.5441332371248
11587,42.366287168235964,421.739999999883,657.5541854314145
11588,42.366287168235964,421.759999999883,657.5642373018235
11589,42.366287168235964,421.779999999883,657.5742888483493
11590,42.366287168235964,421.79999999988297,657.5843400709891
11591,42.366287168235964,421.81999999988295,657.5943909697404
11592,42.366287168235964,421.83999999988293,657.6044415446005
11593,42.366287168235964,421.8599999998829,657.6144917955668
11594,42.366287168235964,421.8799999998829,657.6245417226365
11595,42.366287168235964,421.8999999998829,657.6345913258072
11596,42.366287168235964,421.91999999988286,657.644640605076
11597,42.366287168235964,421.93999999988284,657.6546895604404
11598,42.366287168235964,421.9599999998828,657.6647381918976
11599,42.366287168235964,421.9799999998828,657.6747864994452
11600,42.366287168235964,421.9999999998828,657.6848344830803
11601,42.366287168235964,422.01999999988277,657.6948821428005
11602,42.366287168235964,422.03999999988275,657.7049294786029
11603,42.366287168235964,422.05999999988273,657.714976490485
11604,42.366287168235964,422.0799999998827,657.7250231784442
11605,42.366287168235964,422.0999999998827,657.7350695424777
11606,42.366287168235964,422.1199999998827,657.745115582583
11607,42.366287168235964,422.13999999988266,657.7551612987575
11608,42.366287168235964,422.15999999988264,657.7652066909983
11609,42.30000325283932,422.1799999998826,657.7752517593029
11610,42.30000325283932,422.1999999998826,657.7852965036687
11611,42.30000325283932,422.2199999998826,657.795340924093
11612,42.30000325283932,422.23999999988257,657.8053850205731
11613,42.30000325283932,422.25999999988255,657.8154287934169
11614,42.30000325283932,422.27999999988253,657.8254722440641
11615,42.30000325283932,422.2999999998825,657.8355153726379
11616,42.30000325283932,422.3199999998825,657.8455581791358
11617,42.30000325283932,422.3399999998825,657.855600663555
11618,42.30000325283932,422.35999999988246,657.8656428258931
11619,42.30000325283932,422.37999999988244,657.8756846661475
11620,42.30000325283932,422.3999999998824,657.8857261843157
11621,42.30000325283932,422.4199999998824,657.895767380395
11622,42.30000325283932,422.4399999998824,657.9058082543829
11623,42.30000325283932,422.45999999988237,657.9158488062768
11624,42.30000325283932,422.47999999988235,657.9258890360742
11625,42.30000325283932,422.49999999988233,657.9359289437723
11626,42.30000325283932,422.5199999998823,657.9459685293688
11627,42.30000325283932,422.5399999998823,657.9560077928609
11628,42.30000325283932,422.5599999998823,657.9660467342461
11629,42.30000325283932,422.57999999988226,657.9760853535219
11630,42.30000325283932,422.59999999988224,657.9861236506856
11631,42.30000325283932,422.6199999998822,657.9961616257348
11632,42.30000325283932,422.6399999998822,658.0061992786667
11633,42.30000325283932,422.6599999998822,658.0162366094788
11634,42.30000325283932,422.67999999988217,658.0262736181686
11635,42.30000325283932,422.69999999988215,658.0363103047334
11636,42.30000325283932,422.71999999988213,658.0463466691708
11637,42.30000325283932,422.7399999998821,658.0563827114781
11638,42.30000325283932,422.7599999998821,658.0664184316528
11639,42.30000325283932,422.7799999998821,658.0764538296921
11640,42.30000325283932,422.79999999988206,658.0864889055937
11641,42.30000325283932,422.81999999988204,658.0965236593548
11642,42.30000325283932,422.839999999882,658.1065580909731
11643,42.30000325283932,422.859999999882,658.1165922004458
11644,42.30000325283932,422.879999999882,658.1266259877704
11645,42.30000325283932,422.89999999988197,658.1366594529442
11646,42.30000325283932,422.91999999988195,658.1466925959647
11647,42.30000325283932,422.93999999988193,658.1567254168294
11648,42.30000325283932,422.9599999998819,658.1667579155358
11649,42.30000325283932,422.9799999998819,658.1767900920811
11650,42.30000325283932,422.9999999998819,658.1868219464628
11651,42.30000325283932,423.01999999988186,658.1968534786783
11652,42.30000325283932,423.03999999988184,658.2068846887252
11653,42.30000325283932,423.0599999998818,658.2169155766006
11654,42.30000325283932,423.0799999998818,658.2269461423023
11655,42.30000325283932,423.0999999998818,658.2369763858273
11656,42.30000325283932,423.11999999988177,658.2470063071734
11657,42.30000325283932,423.13999999988175,658.2570359063378
11658,42.30000325283932,423.15999999988173,658.2670651833181
11659,42.30000325283932,423.1799999998817,658.2770941381116
11660,42.30000325283932,423.1999999998817,658.2871227707157
11661,42.30000325283932,423.2199999998817,658.2971510811278
11662,42.30000325283932,423.23999999988166,658.3071790693455
11663,42.30000325283932,423.25999999988164,658.317206735366
11664,42.30000325283932,423.2799999998816,658.3272340796003
11665,42.30000325283932,423.2999999998816,658.3372611033748
11666,42.30000325283932,423.3199999998816,658.3472878067885
11667,42.30000325283932,423.33999999988157,658.3573141898388
11668,42.30000325283932,423.35999999988155,658.367340252523
11669,42.30000325283932,423.37999999988153,658.3773659948386
11670,42.30000325283932,423.3999999998815,658.3873914167826
11671,42.30000325283932,423.4199999998815,658.3974165183527
11672,42.30000325283932,423.4399999998815,658.407441299546
11673,42.30000325283932,423.45999999988146,658.41746576036
11674,42.30000325283932,423.47999999988144,658.4274899007919
11675,42.30000325283932,423.4999999998814,658.4375137208392
11676,42.30000325283932,423.5199999998814,658.4475372204992
11677,42.30000325283932,423.5399999998814,658.4575603997691
11678,42.30000325283932,423.55999999988137,658.4675832586464
11679,42.30000325283932,423.57999999988135,658.4776057971284
11680,42.30000325283932,423.59999999988133,658.4876280152124
11681,42.30000325283932,423.6199999998813,658.4976499128958
11682,42.30000325283932,423.6399999998813,658.5076714901759
11683,42.30000325283932,423.6599999998813,658.51769274705
11684,42.30000325283932,423.67999999988126,658.5277136835156
11685,42.30000325283932,423.69999999988124,658.5377342995698
11686,42.30000325283932,423.7199999998812,658.5477545952102
11687,42.30000325283932,423.7399999998812,658.557774570434
11688,42.30000325283932,423.7599999998812,658.5677942252386
11689,42.30000325283932,423.77999999988117,658.5778135596213
11690,42.30000325283932,423.79999999988115,658.5878325735794
11691,42.30000325283932,423.81999999988113,658.5978512671103
11692,42.30000325283932,423.8399999998811,658.6078696402113
11693,42.30000325283932,423.8599999998811,658.6178876928799
11694,42.30000325283932,423.8799999998811,658.6279054251132
11695,42.30000325283932,423.89999999988106,658.6379228369087
11696,42.30000325283932,423.91999999988104,658.6479399282638
11697,42.30000325283932,423.939999999881,658.6579566991757
11698,42.30000325283932,423.959999999881,658.6679731496417
11699,42.30000325283932,423.979999999881,658.6779892796593
11700,42.30000325283932,423.99999999988097,658.6880050892257
11701,42.30000325283932,424.01999999988095,658.6980205783384
11702,42.30000325283932,424.03999999988093,658.7080357469946
11703,42.30000325283932,424.0599999998809,658.7180505951917
11704,42.30000325283932,424.0799999998809,658.7280651229271
11705,42.30000325283932,424.0999999998809,658.738079330198
11706,42.30000325283932,424.11999999988086,658.748093217002
11707,42.30000325283932,424.13999999988084,658.7581067833361
11708,42.30000325283932,424.1599999998808,658.7681200291978
11709,42.30000325283932,424.1799999998808,658.7781329545845
11710,42.30000325283932,424.1999999998808,658.7881455594935
11711,42.30000325283932,424.21999999988077,658.7981578439221
11712,42.30000325283932,424.23999999988075,658.8081698078677
11713,42.30000325283932,424.25999999988073,658.8181814513276
11714,42.30000325283932,424.2799999998807,658.8281927742992
11715,42.30000325283932,424.2999999998807,658.8382037773183
11716,42.30000325283932,424.3199999998807,658.8482144616631
11717,42.30000325283932,424.33999999988066,658.8582248274133
11718,42.30000325283932,424.35999999988064,658.8682348745663
11719,42.30000325283932,424.3799999998806,658.8782446031194
11720,42.30000325283932,424.3999999998806,658.8882540130697
11721,42.30000325283932,424.4199999998806,658.8982631044148
11722,42.30000325283932,424.43999999988057,658.9082718771518
11723,42.30000325283932,424.45999999988055,658.9182803312782
11724,42.30000325283932,424.47999999988053,658.9282884667912
11725,42.30000325283932,424.4999999998805,658.938296283688
11726,42.30000325283932,424.5199999998805,658.948303781966
11727,42.30000325283932,424.5399999998805,658.9583109616226
11728,42.30000325283932,424.55999999988046,658.968317822655
11729,42.30000325283932,424.57999999988044,658.9783243650604
11730,42.30000325283932,424.5999999998804,658.9883305888363
11731,42.30000325283932,424.6199999998804,658.99833649398
11732,42.30000325283932,424.6399999998804,659.0083420804887
11733,42.30000325283932,424.65999999988037,659.0183473483597
11734,42.30000325283932,424.67999999988035,659.0283522975903
11735,42.30000325283932,424.69999999988033,659.038356928178
11736,42.30000325283932,424.7199999998803,659.0483612401199
11737,42.30000325283932,424.7399999998803,659.0583652334134
11738,42.30000325283932,424.7599999998803,659.0683689080557
11739,42.30000325283932,424.77999999988026,659.0783722640442
11740,42.30000325283932,424.79999999988024,659.0883753013762
11741,42.30000325283932,424.8199999998802,659.098378020049
11742,42.30000325283932,424.8399999998802,659.1083804200599
11743,42.30000325283932,424.8599999998802,659.1183825014061
11744,42.30000325283932,424.87999999988017,659.1283842640851
11745,42.23389199750253,424.89999999988015,659.138385708094
11746,42.23389199750253,424.91999999988013,659.1483868334303
11747,42.23389199750253,424.9399999998801,659.1583876400912
11748,42.23389199750253,424.9599999998801,659.168388128074
11749,42.23389199750253,424.9799999998801,659.178388297376
11750,42.23389199750253,424.99999999988006,659.1883881479946
11751,42.23389199750253,425.01999999988004,659.198387679927
11752,42.23389199750253,425.03999999988,659.2083868931705
11753,42.23389199750253,425.05999999988,659.2183857877226
11754,42.23389199750253,425.07999999988,659.2283843635804
11755,42.23389199750253,425.09999999987997,659.2383826207413
11756,42.23389199750253,425.11999999987995,659.2483805592025
11757,42.23389199750253,425.13999999987993,659.2583781789614
11758,42.23389199750253,425.1599999998799,659.2683754800153
11759,42.23389199750253,425.1799999998799,659.2783724623614
11760,42.23389199750253,425.1999999998799,659.2883691259972
11761,42.23389199750253,425.21999999987986,659.2983654709197
11762,42.23389199750253,425.23999999987984,659.3083614971266
11763,42.23389199750253,425.2599999998798,659.3183572046149
11764,42.23389199750253,425.2799999998798,659.3283525933821
11765,42.23389199750253,425.2999999998798,659.3383476634253
11766,42.23389199750253,425.31999999987977,659.3483424153549
11767,42.23389199750253,425.33999999987975,659.3583368502897
11768,42.23389199750253,425.35999999987973,659.3683309682835
11769,42.23389199750253,425.3799999998797,659.3783247693337
11770,42.23389199750253,425.3999999998797,659.3883182534377
11771,42.23389199750253,425.4199999998797,659.3983114205924
11772,42.23389199750253,425.43999999987966,659.4083042707954
11773,42.23389199750253,425.45999999987964,659.4182968040437
11774,42.23389199750253,425.4799999998796,659.4282890203348
11775,42.23389199750253,425.4999999998796,659.4382809196658
11776,42.23389199750253,425.5199999998796,659.448272502034
11777,42.23389199750253,425.53999999987957,659.4582637674367
11778,42.23389199750253,425.55999999987955,659.4682547158712
11779,42.23389199750253,425.57999999987953,659.4782453473348
11780,42.23389199750253,425.5999999998795,659.4882356618245
11781,42.23389199750253,425.6199999998795,659.4982256593379
11782,42.23389199750253,425.6399999998795,659.508215339872
11783,42.23389199750253,425.65999999987946,659.5182047034242
11784,42.23389199750253,425.67999999987944,659.5281937499917
11785,42.23389199750253,425.6999999998794,659.5381824795719
11786,42.23389199750253,425.7199999998794,659.5481708921619
11787,42.23389199750253,425.7399999998794,659.558158987759
11788,42.23389199750253,425.75999999987937,659.5681467663607
11789,42.23389199750253,425.77999999987935,659.5781342279639
11790,42.23389199750253,425.79999999987933,659.5881213725661
11791,42.23389199750253,425.8199999998793,659.5981082001645
11792,42.23389199750253,425.8399999998793,659.6080947107563
11793,42.23389199750253,425.8599999998793,659.6180809043389
11794,42.23389199750253,425.87999999987926,659.6280667809093
11795,42.23389199750253,425.89999999987924,659.638052340465
11796,42.23389199750253,425.9199999998792,659.6480375830033
11797,42.23389199750253,425.9399999998792,659.6580225085213
11798,42.23389199750253,425.9599999998792,659.6680071170164
11799,42.23389199750253,425.97999999987917,659.6779914084857
11800,42.23389199750253,425.99999999987915,659.6879753829267
11801,42.23389199750253,426.01999999987913,659.6979590403364
11802,42.23389199750253,426.0399999998791,659.7079423807123
11803,42.23389199750253,426.0599999998791,659.7179254040516
11804,42.23389199750253,426.0799999998791,659.7279081103514
11805,42.23389199750253,426.09999999987906,659.7378904996092
11806,42.23389199750253,426.11999999987904,659.7478725718221
11807,42.23389199750253,426.139999999879,659.7578543269874
11808,42.23389199750253,426.159999999879,659.7678357651024
11809,42.23389199750253,426.179999999879,659.7778168861644
11810,42.23389199750253,426.19999999987897,659.7877976901705
11811,42.23389199750253,426.21999999987895,659.7977781771181
11812,42.23389199750253,426.23999999987893,659.8077583470044
11813,42.23389199750253,426.2599999998789,659.8177381998267
11814,42.23389199750253,426.2799999998789,659.8277177355824
11815,42.23389199750253,426.2999999998789,659.8376969542685
11816,42.23389199750253,426.31999999987886,659.8476758558825
11817,42.23389199750253,426.33999999987884,659.8576544411525
11818,42.23389199750253,426.3599999998788,659.867632711131
11819,42.23389199750253,426.3799999998788,659.8776106658515
11820,42.23389199750253,426.3999999998788,659.887588305311
11821,42.23389199750253,426.41999999987877,659.897565629507
11822,42.23389199750253,426.43999999987875,659.9075426384364
11823,42.23389199750253,426.45999999987873,659.9175193320966
11824,42.23389199750253,426.4799999998787,659.9274957104848
11825,42.23389199750253,426.4999999998787,659.9374717735981
11826,42.23389199750253,426.5199999998787,659.9474475214338
11827,42.23389199750253,426.53999999987866,659.9574229539892
11828,42.23389199750253,426.55999999987864,659.9673980712614
11829,42.23389199750253,426.5799999998786,659.9773728732478
11830,42.23389199750253,426.5999999998786,659.9873473599454
11831,42.23389199750253,426.6199999998786,659.9973215313515
11832,42.23389199750253,426.63999999987857,660.0072953873312
11833,42.23389199750253,426.65999999987855,660.0172689275564
11834,42.23389199750253,426.67999999987853,660.0272421520029
11835,42.23389199750253,426.6999999998785,660.0372150606677
11836,42.23389199750253,426.7199999998785,660.0471876535478
11837,42.23389199750253,426.7399999998785,660.0571599306401
11838,42.23389199750253,426.75999999987846,660.0671318919417
11839,42.23389199750253,426.77999999987844,660.0771035374496
11840,42.23389199750253,426.7999999998784,660.0870748671608
11841,42.23389199750253,426.8199999998784,660.0970458810724
11842,42.23389199750253,426.8399999998784,660.1070165791814
11843,42.23389199750253,426.85999999987837,660.1169869614847
11844,42.23389199750253,426.87999999987835,660.1269570279794
11845,42.23389199750253,426.89999999987833,660.1369267786625
11846,42.23389199750253,426.9199999998783,660.146896213531
11847,42.23389199750253,426.9399999998783,660.156865332582
11848,42.23389199750253,426.9599999998783,660.1668341358125
11849,42.23389199750253,426.97999999987826,660.1768026232193
11850,42.23389199750253,426.99999999987824,660.1867707947996
11851,42.23389199750253,427.0199999998782,660.1967386505504
11852,42.23389199750253,427.0399999998782,660.2067061904687
11853,42.23389199750253,427.0599999998782,660.2166734145515
11854,42.23389199750253,427.07999999987817,660.2266403227958
11855,42.23389199750253,427.09999999987815,660.2366069151986
11856,42.23389199750253,427.11999999987813,660.2465731917571
11857,42.23389199750253,427.1399999998781,660.256539152468
11858,42.23389199750253,427.1599999998781,660.2665047973286
11859,42.23389199750253,427.1799999998781,660.2764701263358
11860,42.23389199750253,427.19999999987806,660.2864351394865
11861,42.23389199750253,427.21999999987804,660.2963998367778
11862,42.23389199750253,427.239999999878,660.3063642182068
11863,42.23389199750253,427.259999999878,660.3163282837704
11864,42.23389199750253,427.279999999878,660.3262920334657
11865,42.23389199750253,427.29999999987797,660.3362554672897
11866,42.23389199750253,427.31999999987795,660.3462185852393
11867,42.23389199750253,427.33999999987793,660.3561813873116
11868,42.23389199750253,427.3599999998779,660.3661438743558
11869,42.23389199750253,427.3799999998779,660.376106047354
11870,42.23389199750253,427.3999999998779,660.3860679063181
11871,42.23389199750253,427.41999999987786,660.396029451245
11872,42.23389199750253,427.43999999987784,660.4059906821317
11873,42.23389199750253,427.4599999998778,660.4159515989751
11874,42.23389199750253,427.4799999998778,660.4259122017722
11875,42.23389199750253,427.4999999998778,660.4358724905202
11876,42.23389199750253,427.51999999987777,660.4458324652159
11877,42.23389199750253,427.53999999987775,660.4557921258562
11878,42.23389199750253,427.55999999987773,660.4657514724382
11879,42.23389199750253,427.5799999998777,660.475710504959
11880,42.23389199750253,427.5999999998777,660.4856692234155
11881,42.23389199750253,427.6199999998777,660.4956276278045
11882,42.23389199750253,427.63999999987766,660.5055857181233
11883,42.23389199750253,427.65999999987764,660.5155434943686
11884,42.23389199750253,427.6799999998776,660.5255009565375
11885,42.23389199750253,427.6999999998776,660.535458104627
11886,42.16795277322461,427.7199999998776,660.545414938634
11887,42.16795277322461,427.73999999987757,660.5553714585557
11888,42.16795277322461,427.75999999987755,660.5653276643889
11889,42.16795277322461,427.77999999987753,660.5752835561306
11890,42.16795277322461,427.7999999998775,660.5852391337778
11891,42.16795277322461,427.8199999998775,660.5951943973275
11892,42.16795277322461,427.8399999998775,660.6051493467768
11893,42.16795277322461,427.85999999987746,660.6151039821225
11894,42.16795277322461,427.87999999987744,660.6250583033616
11895,42.16795277322461,427.8999999998774,660.6350123104911
11896,42.16795277322461,427.9199999998774,660.6449660035081
11897,42.16795277322461,427.9399999998774,660.6549193824095
11898,42.16795277322461,427.95999999987737,660.6648724471922
11899,42.16795277322461,427.97999999987735,660.6748251978534
11900,42.16795277322461,427.99999999987733,660.6847776343898
11901,42.16795277322461,428.0199999998773,660.6947297567986
11902,42.16795277322461,428.0399999998773,660.7046815650767
11903,42.16795277322461,428.0599999998773,660.7146330592211
11904,42.16795277322461,428.07999999987726,660.7245842392289
11905,42.16795277322461,428.09999999987724,660.7345351050968
11906,42.16795277322461,428.1199999998772,660.7444856568221
11907,42.16795277322461,428.1399999998772,660.7544358944016
11908,42.16795277322461,428.1599999998772,660.7643858178322
11909,42.16795277322461,428.17999999987717,660.7743354271112
11910,42.16795277322461,428.19999999987715,660.7842847222353
11911,42.16795277322461,428.21999999987713,660.7942337032016
11912,42.16795277322461,428.2399999998771,660.8041823700071
11913,42.16795277322461,428.2599999998771,660.8141307226487
11914,42.16795277322461,428.2799999998771,660.8240787611234
11915,42.16795277322461,428.29999999987706,660.8340264854282
11916,42.16795277322461,428.31999999987704,660.8439738955602
11917,42.16795277322461,428.339999999877,660.8539209915162
11918,42.16795277322461,428.359999999877,660.8638677733001
11919,42.16795277322461,428.379999999877,660.8738142418082
11920,42.16795277322461,428.39999999987697,660.8837603978774
11921,42.16795277322461,428.41999999987695,660.8937062415046
11922,42.16795277322461,428.43999999987693,660.9036517726867
11923,42.16795277322461,428.4599999998769,660.9135969914207
11924,42.16795277322461,428.4799999998769,660.9235418977037
11925,42.16795277322461,428.4999999998769,660.9334864915324
11926,42.16795277322461,428.51999999987686,660.943430772904
11927,42.16795277322461,428.53999999987684,660.9533747418152
11928,42.16795277322461,428.5599999998768,660.9633183982631
11929,42.16795277322461,428.5799999998768,660.9732617422447
11930,42.16795277322461,428.5999999998768,660.9832047737569
11931,42.16795277322461,428.61999999987677,660.9931474927967
11932,42.16795277322461,428.63999999987675,661.0030898993608
11933,42.16795277322461,428.65999999987673,661.0130319934465
11934,42.16795277322461,428.6799999998767,661.0229737750504
11935,42.16795277322461,428.6999999998767,661.0329152441698
11936,42.16795277322461,428.7199999998767,661.0428564008014
11937,42.16795277322461,428.73999999987666,661.0527972449422
11938,42.16795277322461,428.75999999987664,661.0627377765893
11939,42.16795277322461,428.7799999998766,661.0726779957396
11940,42.16795277322461,428.7999999998766,661.0826179023899
11941,42.16795277322461,428.8199999998766,661.0925574965373
11942,42.16795277322461,428.83999999987657,661.1024967781788
11943,42.16795277322461,428.85999999987655,661.1124357473111
11944,42.16795277322461,428.87999999987653,661.1223744039314
11945,42.16795277322461,428.8999999998765,661.1323127480366
11946,42.16795277322461,428.9199999998765,661.1422507796236
11947,42.16795277322461,428.9399999998765,661.1521884986894
11948,42.16795277322461,428.95999999987646,661.1621259052308
11949,42.16795277322461,428.97999999987644,661.172062999245
11950,42.16795277322461,428.9999999998764,661.1819997807288
11951,42.16795277322461,429.0199999998764,661.1919362496791
11952,42.16795277322461,429.0399999998764,661.201872406093
11953,42.16795277322461,429.05999999987637,661.2118082499674
11954,42.16795277322461,429.07999999987635,661.2217437812991
11955,42.16795277322461,429.09999999987633,661.2316790000853
11956,42.16795277322461,429.1199999998763,661.2416139063228
11957,42.16795277322461,429.1399999998763,661.2515485000085
11958,42.16795277322461,429.1599999998763,661.2614827811395
11959,42.16795277322461,429.17999999987626,661.2714167497128
11960,42.16795277322461,429.19999999987624,661.2813504057252
11961,42.16795277322461,429.2199999998762,661.2912837491737
11962,42.16795277322461,429.2399999998762,661.3012167800553
11963,42.16795277322461,429.2599999998762,661.3111494983668
11964,42.16795277322461,429.27999999987617,661.3210819041053
11965,42.16795277322461,429.29999999987615,661.3310139972677
11966,42.16795277322461,429.31999999987613,661.3409457778511
11967,42.16795277322461,429.3399999998761,661.3508772458522
11968,42.16795277322461,429.3599999998761,661.3608084012681
11969,42.16795277322461,429.3799999998761,661.3707392441237
11970,42.16795277322461,429.39999999987606,661.3806697754258
11971,42.16795277322461,429.41999999987604,661.3905999959287
11972,42.16795277322461,429.439999999876,661.4005299056296
11973,42.16795277322461,429.459999999876,661.4104595045252
11974,42.16795277322461,429.479999999876,661.4203887926125
11975,42.16795277322461,429.49999999987597,661.4303177698883
11976,42.16795277322461,429.51999999987595,661.4402464363496
11977,42.16795277322461,429.53999999987593,661.4501747919933
11978,42.16795277322461,429.5599999998759,661.4601028368161
11979,42.16795277322461,429.5799999998759,661.4700305708151
11980,42.16795277322461,429.5999999998759,661.4799579939871
11981,42.16795277322461,429.61999999987586,661.4898851063291
11982,42.16795277322461,429.63999999987584,661.4998119078379
11983,42.16795277322461,429.6599999998758,661.5097383985103
11984,42.16795277322461,429.6799999998758,661.5196645783434
11985,42.16795277322461,429.6999999998758,661.5295904473339
11986,42.16795277322461,429.71999999987577,661.539516005479
11987,42.16795277322461,429.73999999987575,661.5494412527752
11988,42.16795277322461,429.75999999987573,661.5593661892196
11989,42.16795277322461,429.7799999998757,661.5692908148092
11990,42.16795277322461,429.7999999998757,661.5792151295407
11991,42.16795277322461,429.8199999998757,661.5891391334111
11992,42.16795277322461,429.83999999987566,661.5990628264173
11993,42.16795277322461,429.85999999987564,661.6089862085561
11994,42.16795277322461,429.8799999998756,661.6189092798245
11995,42.16795277322461,429.8999999998756,661.6288320402194
11996,42.16795277322461,429.9199999998756,661.6387544897377
11997,42.16795277322461,429.93999999987557,661.6486766283762
11998,42.16795277322461,429.95999999987555,661.6585984561318
11999,42.16795277322461,429.97999999987553,661.6685199730015
12000,42.16795277322461,429.9999999998755,661.6784411789821
12001,42.16795277322461,430.0199999998755,661.6883620740706
12002,42.16795277322461,430.0399999998755,661.6982826582638
12003,42.16795277322461,430.05999999987546,661.7082029315586
12004,42.16795277322461,430.07999999987544,661.718122893952
12005,42.16795277322461,430.0999999998754,661.7280425454408
12006,42.16795277322461,430.1199999998754,661.7379618860218
12007,42.16795277322461,430.1399999998754,661.7478809156921
12008,42.16795277322461,430.15999999987537,661.7577996344485
12009,42.16795277322461,430.17999999987535,661.7677180422878
12010,42.16795277322461,430.19999999987533,661.7776361392071
12011,42.16795277322461,430.2199999998753,661.7875539252032
12012,42.16795277322461,430.2399999998753,661.7974714002729
12013,42.16795277322461,430.2599999998753,661.8073885644133
12014,42.16795277322461,430.27999999987526,661.817305417621
12015,42.16795277322461,430.29999999987524,661.8272219598931
12016,42.16795277322461,430.3199999998752,661.8371381912265
12017,42.16795277322461,430.3399999998752,661.847054111618
12018,42.16795277322461,430.3599999998752,661.8569697210646
12019,42.16795277322461,430.37999999987517,661.8668850195631
12020,42.16795277322461,430.39999999987515,661.8768000071599
12021,42.16795277322461,430.41999999987513,661.8867146849482
12022,42.16795277322461,430.4399999998751,661.896629053578
12023,42.10218495394757,430.4599999998751,661.9065431130462
12024,42.10218495394757,430.4799999998751,661.9164568633496
12025,42.10218495394757,430.49999999987506,661.9263703044853
12026,42.10218495394757,430.51999999987504,661.9362834364501
12027,42.10218495394757,430.539999999875,661.946196259241
12028,42.10218495394757,430.559999999875,661.9561087728548
12029,42.10218495394757,430.579999999875,661.9660209772885
12030,42.10218495394757,430.59999999987497,661.9759328725389
12031,42.10218495394757,430.61999999987495,661.9858444586031
12032,42.10218495394757,430.63999999987493,661.9957557354778
12033,42.10218495394757,430.6599999998749,662.00566670316
12034,42.10218495394757,430.6799999998749,662.0155773616467
12035,42.10218495394757,430.6999999998749,662.0254877109347
12036,42.10218495394757,430.71999999987486,662.0353977510209
12037,42.10218495394757,430.73999999987484,662.0453074819023
12038,42.10218495394757,430.7599999998748,662.0552169035758
12039,42.10218495394757,430.7799999998748,662.0651260160383
12040,42.10218495394757,430.7999999998748,662.0750348192868
12041,42.10218495394757,430.81999999987477,662.0849433133179
12042,42.10218495394757,430.83999999987475,662.0948514981288
12043,42.10218495394757,430.85999999987473,662.1047593737164
12044,42.10218495394757,430.8799999998747,662.1146669400775
12045,42.10218495394757,430.8999999998747,662.1245741972091
12046,42.10218495394757,430.9199999998747,662.1344811451081
12047,42.10218495394757,430.93999999987466,662.1443877837713
12048,42.10218495394757,430.95999999987464,662.1542941131958
12049,42.10218495394757,430.9799999998746,662.1642001333784
12050,42.10218495394757,430.9999999998746,662.1741058443159
12051,42.10218495394757,431.0199999998746,662.1840112460055
12052,42.10218495394757,431.03999999987457,662.193916338444
12053,42.10218495394757,431.05999999987455,662.2038211216282
12054,42.10218495394757,431.07999999987453,662.213725595555
12055,42.10218495394757,431.0999999998745,662.2236297602215
12056,42.10218495394757,431.1199999998745,662.2335336156244
12057,42.10218495394757,431.1399999998745,662.2434371617608
12058,42.10218495394757,431.15999999987446,662.2533403986274
12059,42.10218495394757,431.17999999987444,662.2632433262213
12060,42.10218495394757,431.1999999998744,662.2731459445394
12061,42.10218495394757,431.2199999998744,662.2830482535785
12062,42.10218495394757,431.2399999998744,662.2929502533357
12063,42.10218495394757,431.25999999987437,662.3028519438077
12064,42.10218495394757,431.27999999987435,662.3127533249915
12065,42.10218495394757,431.29999999987433,662.322654396884
12066,42.10218495394757,431.3199999998743,662.3325551594821
12067,42.10218495394757,431.3399999998743,662.3424556127828
12068,42.10218495394757,431.3599999998743,662.352355756783
12069,42.10218495394757,431.37999999987426,662.3622555914795
12070,42.10218495394757,431.39999999987424,662.3721551168693
12071,42.10218495394757,431.4199999998742,662.3820543330165
12072,42.10218495394757,431.4399999998742,662.3919532410438
12073,42.10218495394757,431.4599999998742,662.4018518414691
12074,42.10218495394757,431.47999999987417,662.4117501342895
12075,42.10218495394757,431.49999999987415,662.4216481195016
12076,42.10218495394757,431.51999999987413,662.4315457971023
12077,42.10218495394757,431.5399999998741,662.4414431670887
12078,42.10218495394757,431.5599999998741,662.4513402294574
12079,42.10218495394757,431.5799999998741,662.4612369842054
12080,42.10218495394757,431.59999999987406,662.4711334313293
12081,42.10218495394757,431.61999999987404,662.4810295708263
12082,42.10218495394757,431.639999999874,662.490925402693
12083,42.10218495394757,431.659999999874,662.5008209269264
12084,42.10218495394757,431.679999999874,662.5107161435233
12085,42.10218495394757,431.69999999987397,662.5206110524805
12086,42.10218495394757,431.71999999987395,662.5305056537949
12087,42.10218495394757,431.73999999987393,662.5403999474634
12088,42.10218495394757,431.7599999998739,662.5502939334827
12089,42.10218495394757,431.7799999998739,662.5601876118499
12090,42.10218495394757,431.7999999998739,662.5700809825615
12091,42.10218495394757,431.81999999987386,662.5799740456147
12092,42.10218495394757,431.83999999987384,662.5898668010062
12093,42.10218495394757,431.8599999998738,662.5997592487329
12094,42.10218495394757,431.8799999998738,662.6096513887916
12095,42.10218495394757,431.8999999998738,662.6195432211791
12096,42.10218495394757,431.91999999987377,662.6294347458925
12097,42.10218495394757,431.93999999987375,662.6393259629284
12098,42.10218495394757,431.95999999987373,662.6492168722838
12099,42.10218495394757,431.9799999998737,662.6591074739555
12100,42.10218495394757,431.9999999998737,662.6689977679404
12101,42.10218495394757,432.0199999998737,662.6788877542352
12102,42.10218495394757,432.03999999987366,662.6887774328369
12103,42.10218495394757,432.05999999987364,662.6986668037423
12104,42.10218495394757,432.0799999998736,662.7085558669482
12105,42.10218495394757,432.0999999998736,662.7184446224517
12106,42.10218495394757,432.1199999998736,662.7283330702494
12107,42.10218495394757,432.13999999987357,662.7382212103382
12108,42.10218495394757,432.15999999987355,662.748109042715
12109,42.10218495394757,432.17999999987353,662.7579965673766
12110,42.10218495394757,432.1999999998735,662.7678837843199
12111,42.10218495394757,432.2199999998735,662.7777706935418
12112,42.10218495394757,432.2399999998735,662.787657295039
12113,42.10218495394757,432.25999999987346,662.7975435888085
12114,42.10218495394757,432.27999999987344,662.8074295748471
12115,42.10218495394757,432.2999999998734,662.8173152531517
12116,42.10218495394757,432.3199999998734,662.8272006237191
12117,42.10218495394757,432.3399999998734,662.8370856865462
12118,42.10218495394757,432.35999999987337,662.8469704416298
12119,42.10218495394757,432.37999999987335,662.8568548889667
12120,42.10218495394757,432.39999999987333,662.8667390285539
12121,42.10218495394757,432.4199999998733,662.8766228603881
12122,42.10218495394757,432.4399999998733,662.8865063845573
12123,42.10218495394757,432.4599999998733,662.8963896023147
12124,42.10218495394757,432.47999999987326,662.9062725140944
12125,42.10218495394757,432.49999999987324,662.9161551198933
12126,42.10218495394757,432.5199999998732,662.9260374197083
12127,42.10218495394757,432.5399999998732,662.9359194135361
12128,42.10218495394757,432.5599999998732,662.9458011013735
12129,42.10218495394757,432.57999999987317,662.9556824832174
12130,42.10218495394757,432.59999999987315,662.9655635590645
12131,42.10218495394757,432.61999999987313,662.9754443289117
12132,42.10218495394757,432.6399999998731,662.9853247927558
12133,42.10218495394757,432.6599999998731,662.9952049505937
12134,42.10218495394757,432.6799999998731,663.0050848024221
12135,42.10218495394757,432.69999999987306,663.0149643482378
12136,42.10218495394757,432.71999999987304,663.0248435880376
12137,42.10218495394757,432.739999999873,663.0347225218184
12138,42.10218495394757,432.759999999873,663.0446011495769
12139,42.10218495394757,432.779999999873,663.0544794713102
12140,42.10218495394757,432.79999999987297,663.0643574870148
12141,42.10218495394757,432.81999999987295,663.0742351966877
12142,42.10218495394757,432.83999999987293,663.0841126003256
12143,42.10218495394757,432.8599999998729,663.0939896979254
12144,42.10218495394757,432.8799999998729,663.1038664894838
12145,42.10218495394757,432.8999999998729,663.1137429749978
12146,42.10218495394757,432.91999999987286,663.123619154464
12147,42.10218495394757,432.93999999987284,663.1334950278793
12148,42.10218495394757,432.9599999998728,663.1433705952406
12149,42.10218495394757,432.9799999998728,663.1532458565447
12150,42.10218495394757,432.9999999998728,663.1631208117883
12151,42.10218495394757,433.01999999987277,663.1729954609682
12152,42.10218495394757,433.03999999987275,663.1828698040813
12153,42.10218495394757,433.05999999987273,663.1927438411244
12154,42.10218495394757,433.0799999998727,663.2026175720944
12155,42.10218495394757,433.0999999998727,663.212490996988
12156,42.10218495394757,433.1199999998727,663.2223641158021
12157,42.10218495394757,433.13999999987266,663.2322369285333
12158,42.10218495394757,433.15999999987264,663.2421094351787
12159,42.10218495394757,433.1799999998726,663.251981635735
12160,42.036587916539766,433.1999999998726,663.261853530199
12161,42.036587916539766,433.2199999998726,663.2717251185675
12162,42.036587916539766,433.23999999987257,663.2815964008373
12163,42.036587916539766,433.25999999987255,663.2914673770053
12164,42.036587916539766,433.27999999987253,663.3013380470683
12165,42.036587916539766,433.2999999998725,663.311208411023
12166,42.036587916539766,433.3199999998725,663.3210784688664
12167,42.036587916539766,433.3399999998725,663.3309482205951
12168,42.036587916539766,433.35999999987246,663.3408176662061
12169,42.036587916539766,433.37999999987244,663.3506868056961
12170,42.036587916539766,433.3999999998724,663.360555639062
12171,42.036587916539766,433.4199999998724,663.3704241663006
12172,42.036587916539766,433.4399999998724,663.3802923874086
12173,42.036587916539766,433.45999999987237,663.3901603024884
12174,42.036587916539766,433.47999999987235,663.4000279127984
12175,42.036587916539766,433.49999999987233,663.4098952186476
12176,42.036587916539766,433.5199999998723,663.4197622200331
12177,42.036587916539766,433.5399999998723,663.4296289169515
12178,42.036587916539766,433.5599999998723,663.4394953093996
12179,42.036587916539766,433.57999999987226,663.4493613973742
12180,42.036587916539766,433.59999999987224,663.4592271808721
12181,42.036587916539766,433.6199999998722,663.46909265989
12182,42.036587916539766,433.6399999998722,663.4789578344246
12183,42.036587916539766,433.6599999998722,663.4888227044728
12184,42.036587916539766,433.67999999987217,663.4986872700313
12185,42.036587916539766,433.69999999987215,663.5085515310968
12186,42.036587916539766,433.71999999987213,663.5184154876662
12187,42.036587916539766,433.7399999998721,663.5282791397361
12188,42.036587916539766,433.7599999998721,663.5381424873035
12189,42.036587916539766,433.7799999998721,663.548005530365
12190,42.036587916539766,433.79999999987206,663.5578682689174
12191,42.036587916539766,433.81999999987204,663.5677307029575
12192,42.036587916539766,433.839999999872,663.5775928324821
12193,42.036587916539766,433.859999999872,663.5874546574878
12194,42.036587916539766,433.879999999872,663.5973161779715
12195,42.036587916539766,433.89999999987197,663.60717739393
12196,42.036587916539766,433.91999999987195,663.61703830536
12197,42.036587916539766,433.93999999987193,663.6268989122582
12198,42.036587916539766,433.9599999998719,663.6367592146215
12199,42.036587916539766,433.9799999998719,663.6466192124466
12200,42.036587916539766,433.9999999998719,663.6564789057303
12201,42.036587916539766,434.01999999987186,663.6663382944693
12202,42.036587916539766,434.03999999987184,663.6761973786604
12203,42.036587916539766,434.0599999998718,663.6860561583004
12204,42.036587916539766,434.0799999998718,663.695914633386
12205,42.036587916539766,434.0999999998718,663.705772803914
12206,42.036587916539766,434.11999999987177,663.7156306698812
12207,42.036587916539766,434.13999999987175,663.7254882312843
12208,42.036587916539766,434.15999999987173,663.7353454881202
12209,42.036587916539766,434.1799999998717,663.7452024403855
12210,42.036587916539766,434.1999999998717,663.755059088077
12211,42.036587916539766,434.2199999998717,663.7649154311916
12212,42.036587916539766,434.23999999987166,663.7747714697259
12213,42.036587916539766,434.25999999987164,663.7846272036768
12214,42.036587916539766,434.2799999998716,663.794482633041
12215,42.036587916539766,434.2999999998716,663.8043377578152
12216,42.036587916539766,434.3199999998716,663.8141925779963
12217,42.036587916539766,434.33999999987157,663.824047093581
12218,42.036587916539766,434.35999999987155,663.8339013045661
12219,42.036587916539766,434.37999999987153,663.8437552109483
12220,42.036587916539766,434.3999999998715,663.8536088127244
12221,42.036587916539766,434.4199999998715,663.8634621098911
12222,42.036587916539766,434.4399999998715,663.8733151024453
12223,42.036587916539766,434.45999999987146,663.8831677903837
12224,42.036587916539766,434.47999999987144,663.8930201738307
12225,42.036587916539766,434.4999999998714,663.9028722541493
12226,42.036587916539766,434.5199999998714,663.9127240315539
12227,42.036587916539766,434.5399999998714,663.9225755060412
12228,42.036587916539766,434.55999999987137,663.932426677608
12229,42.036587916539766,434.57999999987135,663.9422775462508
12230,42.036587916539766,434.59999999987133,663.9521281119665
12231,42.036587916539766,434.6199999998713,663.9619783747519
12232,42.036587916539766,434.6399999998713,663.9718283346035
12233,42.036587916539766,434.6599999998713,663.9816779915182
12234,42.036587916539766,434.67999999987126,663.9915273454925
12235,42.036587916539766,434.69999999987124,664.0013763965234
12236,42.036587916539766,434.7199999998712,664.0112251446075
12237,42.036587916539766,434.7399999998712,664.0210735897415
12238,42.036587916539766,434.7599999998712,664.0309217319221
12239,42.036587916539766,434.77999999987117,664.0407695711463
12240,42.036587916539766,434.79999999987115,664.0506171074105
12241,42.036587916539766,434.81999999987113,664.0604643407115
12242,42.036587916539766,434.8399999998711,664.0703112710462
12243,42.036587916539766,434.8599999998711,664.0801578984111
12244,42.036587916539766,434.8799999998711,664.090004222803
12245,42.036587916539766,434.89999999987106,664.0998502442187
12246,42.036587916539766,434.91999999987104,664.1096959626549
12247,42.036587916539766,434.939999999871,664.1195413781082
12248,42.036587916539766,434.959999999871,664.1293864905756
12249,42.036587916539766,434.979999999871,664.1392313000536
12250,42.036587916539766,434.99999999987097,664.1490758065389
12251,42.036587916539766,435.01999999987095,664.1589200100284
12252,42.036587916539766,435.03999999987093,664.1687639105187
12253,42.036587916539766,435.0599999998709,664.1786075080065
12254,42.036587916539766,435.0799999998709,664.1884508024887
12255,42.036587916539766,435.0999999998709,664.1982937939619
12256,42.036587916539766,435.11999999987086,664.2081364824228
12257,42.036587916539766,435.13999999987084,664.2179788678682
12258,42.036587916539766,435.1599999998708,664.2278209502947
12259,42.036587916539766,435.1799999998708,664.2376627296992
12260,42.036587916539766,435.1999999998708,664.2475042060784
12261,42.036587916539766,435.21999999987077,664.2573453794289
12262,42.036587916539766,435.23999999987075,664.2671862497475
12263,42.036587916539766,435.25999999987073,664.2770268170309
12264,42.036587916539766,435.2799999998707,664.2868670812759
12265,42.036587916539766,435.2999999998707,664.2967070424792
12266,42.036587916539766,435.3199999998707,664.3065467006375
12267,42.036587916539766,435.33999999987066,664.3163860557474
12268,42.036587916539766,435.35999999987064,664.326225107806
12269,42.036587916539766,435.3799999998706,664.3360638568096
12270,42.036587916539766,435.3999999998706,664.3459023027551
12271,42.036587916539766,435.4199999998706,664.3557404456393
12272,42.036587916539766,435.43999999987057,664.3655782854589
12273,42.036587916539766,435.45999999987055,664.3754158222106
12274,42.036587916539766,435.47999999987053,664.3852530558911
12275,42.036587916539766,435.4999999998705,664.3950899866694
12276,42.036587916539766,435.5199999998705,664.4049266159786
12277,42.036587916539766,435.5399999998705,664.4147629439559
12278,42.036587916539766,435.55999999987046,664.424598970598
12279,42.036587916539766,435.57999999987044,664.4344346959016
12280,42.036587916539766,435.5999999998704,664.4442701198633
12281,42.036587916539766,435.6199999998704,664.4541052424798
12282,42.036587916539766,435.6399999998704,664.4639400637478
12283,42.036587916539766,435.65999999987037,664.4737745836641
12284,42.036587916539766,435.67999999987035,664.4836088022253
12285,42.036587916539766,435.69999999987033,664.4934427194281
12286,42.036587916539766,435.7199999998703,664.5032763352692
12287,42.036587916539766,435.7399999998703,664.5131096497454
12288,42.036587916539766,435.7599999998703,664.5229426628532
12289,42.036587916539766,435.77999999987026,664.5327753745894
12290,42.036587916539766,435.79999999987024,664.5426077849507
12291,42.036587916539766,435.8199999998702,664.5524398939339
12292,42.036587916539766,435.8399999998702,664.5622717015355
12293,42.036587916539766,435.8599999998702,664.5721032077522
12294,42.036587916539766,435.87999999987017,664.5819344125808
12295,42.036587916539766,435.89999999987015,664.591765316018
12296,42.036587916539766,435.91999999987013,664.6015959180605
12297,42.036587916539766,435.9399999998701,664.611426218705
12298,41.97116104077907,435.9599999998701,664.621256217948
12299,41.97116104077907,435.9799999998701,664.6310859157865
12300,41.97116104077907,435.99999999987006,664.6409153122169
12301,41.97116104077907,436.01999999987004,664.6507444072361
12302,41.97116104077907,436.03999999987,664.6605732008406
12303,41.97116104077907,436.05999999987,664.6704016930274
12304,41.97116104077907,436.07999999987,664.680229883793
12305,41.97116104077907,436.09999999986996,664.6900577731341
12306,41.97116104077907,436.11999999986995,664.6998853610473
12307,41.97116104077907,436.13999999986993,664.7097126475295
12308,41.97116104077907,436.1599999998699,664.7195396325773
12309,41.97116104077907,436.1799999998699,664.7293663161873
12310,41.97116104077907,436.1999999998699,664.7391926983564
12311,41.97116104077907,436.21999999986986,664.7490187790811
12312,41.97116104077907,436.23999999986984,664.7588445583582
12313,41.97116104077907,436.2599999998698,664.7686700361844
12314,41.97116104077907,436.2799999998698,664.7784952125563
12315,41.97116104077907,436.2999999998698,664.7883200874708
12316,41.97116104077907,436.31999999986976,664.7981446609243
12317,41.97116104077907,436.33999999986975,664.8079689329137
12318,41.97116104077907,436.35999999986973,664.8177929034357
12319,41.97116104077907,436.3799999998697,664.8276165724869
12320,41.97116104077907,436.3999999998697,664.8374399400641
12321,41.97116104077907,436.4199999998697,664.8472630061639
12322,41.97116104077907,436.43999999986966,664.857085770783
12323,41.97116104077907,436.45999999986964,664.8669082339181
12324,41.97116104077907,436.4799999998696,664.8767303955659
12325,41.97116104077907,436.4999999998696,664.8865522557231
12326,41.97116104077907,436.5199999998696,664.8963738146451
12327,41.97116104077907,436.53999999986956,664.9061950735997
12328,41.97116104077907,436.55999999986955,664.9160160326962
12329,41.97116104077907,436.57999999986953,664.9258366919312
12330,41.97116104077907,436.5999999998695,664.9356570513012
12331,41.97116104077907,436.6199999998695,664.945477110803
12332,41.97116104077907,436.6399999998695,664.9552968704334
12333,41.97116104077907,436.65999999986946,664.9651163301888
12334,41.97116104077907,436.67999999986944,664.9749354900661
12335,41.97116104077907,436.6999999998694,664.9847543500617
12336,41.97116104077907,436.7199999998694,664.9945729101726
12337,41.97116104077907,436.7399999998694,665.0043911703951
12338,41.97116104077907,436.75999999986936,665.0142091307262
12339,41.97116104077907,436.77999999986935,665.0240267911623
12340,41.97116104077907,436.7999999998693,665.0338441517004
12341,41.97116104077907,436.8199999998693,665.0436612123368
12342,41.97116104077907,436.8399999998693,665.0534779730684
12343,41.97116104077907,436.8599999998693,665.0632944338918
12344,41.97116104077907,436.87999999986926,665.0731105948036
12345,41.97116104077907,436.89999999986924,665.0829264558005
12346,41.97116104077907,436.9199999998692,665.0927420168792
12347,41.97116104077907,436.9399999998692,665.1025572780364
12348,41.97116104077907,436.9599999998692,665.1123722392688
12349,41.97116104077907,436.97999999986916,665.1221869005728
12350,41.97116104077907,436.99999999986915,665.1320012619454
12351,41.97116104077907,437.0199999998691,665.1418153233832
12352,41.97116104077907,437.0399999998691,665.1516290848826
12353,41.97116104077907,437.0599999998691,665.1614425464405
12354,41.97116104077907,437.0799999998691,665.1712557080535
12355,41.97116104077907,437.09999999986906,665.1810685697184
12356,41.97116104077907,437.11999999986904,665.1908811314316
12357,41.97116104077907,437.139999999869,665.20069339319
12358,41.97116104077907,437.159999999869,665.2105053549902
12359,41.97116104077907,437.179999999869,665.2203170168289
12360,41.97116104077907,437.19999999986896,665.2301283787026
12361,41.97116104077907,437.21999999986895,665.2399394406082
12362,41.97116104077907,437.2399999998689,665.2497502025421
12363,41.97116104077907,437.2599999998689,665.2595606645012
12364,41.97116104077907,437.2799999998689,665.2693708264821
12365,41.97116104077907,437.2999999998689,665.2791806884815
12366,41.97116104077907,437.31999999986886,665.2889902504959
12367,41.97116104077907,437.33999999986884,665.2987995125221
12368,41.97116104077907,437.3599999998688,665.3086084745569
12369,41.97116104077907,437.3799999998688,665.3184171365967
12370,41.97116104077907,437.3999999998688,665.3282254986383
12371,41.97116104077907,437.41999999986876,665.3380335606784
12372,41.97116104077907,437.43999999986875,665.3478413227135
12373,41.97116104077907,437.4599999998687,665.3576487847405
12374,41.97116104077907,437.4799999998687,665.3674559467559
12375,41.97116104077907,437.4999999998687,665.3772628087563
12376,41.97116104077907,437.5199999998687,665.3870693707386
12377,41.97116104077907,437.53999999986866,665.3968756330623
12378,41.97116104077907,437.55999999986864,665.4066815969429
12379,41.97116104077907,437.5799999998686,665.4164872624721
12380,41.97116104077907,437.5999999998686,665.4262926296464
12381,41.97116104077907,437.6199999998686,665.4360976984625
12382,41.97116104077907,437.63999999986856,665.4459024689171
12383,41.97116104077907,437.65999999986855,665.4557069410068
12384,41.97116104077907,437.6799999998685,665.4655111147283
12385,41.97116104077907,437.6999999998685,665.4753149900782
12386,41.97116104077907,437.7199999998685,665.4851185670531
12387,41.97116104077907,437.7399999998685,665.4949218456496
12388,41.97116104077907,437.75999999986846,665.5047248258644
12389,41.97116104077907,437.77999999986844,665.5145275076942
12390,41.97116104077907,437.7999999998684,665.5243298911355
12391,41.97116104077907,437.8199999998684,665.534131976185
12392,41.97116104077907,437.8399999998684,665.5439337628393
12393,41.97116104077907,437.85999999986836,665.5537352510951
12394,41.97116104077907,437.87999999986835,665.563536440949
12395,41.97116104077907,437.8999999998683,665.5733373323976
12396,41.97116104077907,437.9199999998683,665.5831379254375
12397,41.97116104077907,437.9399999998683,665.5929382200655
12398,41.97116104077907,437.9599999998683,665.6027382162781
12399,41.97116104077907,437.97999999986826,665.612537914072
12400,41.97116104077907,437.99999999986824,665.6223373134438
12401,41.97116104077907,438.0199999998682,665.6321364143902
12402,41.97116104077907,438.0399999998682,665.6419352169077
12403,41.97116104077907,438.0599999998682,665.651733720993
12404,41.97116104077907,438.07999999986816,665.6615319266427
12405,41.97116104077907,438.09999999986815,665.6713298338536
12406,41.97116104077907,438.1199999998681,665.6811274426223
12407,41.97116104077907,438.1399999998681,665.6909247529452
12408,41.97116104077907,438.1599999998681,665.7007217648191
12409,41.97116104077907,438.1799999998681,665.7105184782407
12410,41.97116104077907,438.19999999986806,665.7203148932066
12411,41.97116104077907,438.21999999986804,665.7301110097134
12412,41.97116104077907,438.239999999868,665.7399068277576
12413,41.97116104077907,438.259999999868,665.7497023473361
12414,41.97116104077907,438.279999999868,665.7594975684453
12415,41.97116104077907,438.29999999986796,665.7692924910821
12416,41.97116104077907,438.31999999986795,665.7790871152429
12417,41.97116104077907,438.3399999998679,665.7888814409243
12418,41.97116104077907,438.3599999998679,665.7986754681232
12419,41.97116104077907,438.3799999998679,665.808469196836
12420,41.97116104077907,438.3999999998679,665.8182626270594
12421,41.97116104077907,438.41999999986785,665.8280557587901
12422,41.97116104077907,438.43999999986784,665.8378485920247
12423,41.97116104077907,438.4599999998678,665.8476411267598
12424,41.97116104077907,438.4799999998678,665.857433362992
12425,41.97116104077907,438.4999999998678,665.867225300718
12426,41.97116104077907,438.51999999986776,665.8770169399345
12427,41.97116104077907,438.53999999986775,665.8868082806381
12428,41.97116104077907,438.5599999998677,665.8965993232955
12429,41.97116104077907,438.5799999998677,665.9063900690635
12430,41.97116104077907,438.5999999998677,665.9161805180154
12431,41.97116104077907,438.6199999998677,665.9259706701478
12432,41.97116104077907,438.63999999986765,665.9357605254572
12433,41.97116104077907,438.65999999986764,665.9455500839405
12434,41.97116104077907,438.6799999998676,665.955339345594
12435,41.97116104077907,438.6999999998676,665.9651283104145
12436,41.97116104077907,438.7199999998676,665.9749169783985
12437,41.90590370933642,438.73999999986756,665.9847053495428
12438,41.90590370933642,438.75999999986755,665.9944934238438
12439,41.90590370933642,438.7799999998675,666.0042812012982
12440,41.90590370933642,438.7999999998675,666.0140686819027
12441,41.90590370933642,438.8199999998675,666.0238558656538
12442,41.90590370933642,438.8399999998675,666.0336427525481
12443,41.90590370933642,438.85999999986745,666.0434293425823
12444,41.90590370933642,438.87999999986744,666.053215635753
12445,41.90590370933642,438.8999999998674,666.0630016320567
12446,41.90590370933642,438.9199999998674,666.0727873314902
12447,41.90590370933642,438.9399999998674,666.0825727340499
12448,41.90590370933642,438.95999999986736,666.0923578397326
12449,41.90590370933642,438.97999999986735,666.1021426485348
12450,41.90590370933642,438.9999999998673,666.1119271604532
12451,41.90590370933642,439.0199999998673,666.1217113754843
12452,41.90590370933642,439.0399999998673,666.1314952936248
12453,41.90590370933642,439.0599999998673,666.1412789148712
12454,41.90590370933642,439.07999999986725,666.1510622392203
12455,41.90590370933642,439.09999999986724,666.1608452666686
12456,41.90590370933642,439.1199999998672,666.1706279972127
12457,41.90590370933642,439.1399999998672,666.1804104308493
12458,41.90590370933642,439.1599999998672,666.190192567575
12459,41.90590370933642,439.17999999986716,666.1999744073863
12460,41.90590370933642,439.19999999986715,666.2097559502799
12461,41.90590370933642,439.2199999998671,666.2195371962524
12462,41.90590370933642,439.2399999998671,666.2293181453005
12463,41.90590370933642,439.2599999998671,666.2390987974206
12464,41.90590370933642,439.2799999998671,666.2488791526096
12465,41.90590370933642,439.29999999986705,666.2586592108638
12466,41.90590370933642,439.31999999986704,666.26843897218
12467,41.90590370933642,439.339999999867,666.2782184365548
12468,41.90590370933642,439.359999999867,666.2879976039848
12469,41.90590370933642,439.379999999867,666.2977764744666
12470,41.90590370933642,439.39999999986696,666.3075550479967
12471,41.90590370933642,439.41999999986695,666.317333324572
12472,41.90590370933642,439.4399999998669,666.3271113041889
12473,41.90590370933642,439.4599999998669,666.336888986844
12474,41.90590370933642,439.4799999998669,666.3466663725341
12475,41.90590370933642,439.4999999998669,666.3564434612556
12476,41.90590370933642,439.51999999986685,666.3662202530052
12477,41.90590370933642,439.53999999986684,666.3759967477795
12478,41.90590370933642,439.5599999998668,666.3857729455751
12479,41.90590370933642,439.5799999998668,666.3955488469245
12480,41.90590370933642,439.5999999998668,666.4053244528374
12481,41.90590370933642,439.61999999986676,666.4150997633633
12482,41.90590370933642,439.63999999986675,666.424874778499
12483,41.90590370933642,439.6599999998667,666.4346494982409
12484,41.90590370933642,439.6799999998667,666.4444239225858
12485,41.90590370933642,439.6999999998667,666.45419805153
12486,41.90590370933642,439.7199999998667,666.4639718850705
12487,41.90590370933642,439.73999999986665,666.4737454232035
12488,41.90590370933642,439.75999999986664,666.4835186659257
12489,41.90590370933642,439.7799999998666,666.4932916132336
12490,41.90590370933642,439.7999999998666,666.503064265124
12491,41.90590370933642,439.8199999998666,666.5128366215934
12492,41.90590370933642,439.83999999986656,666.5226086826383
12493,41.90590370933642,439.85999999986655,666.5323804482554
12494,41.90590370933642,439.8799999998665,666.5421519184412
12495,41.90590370933642,439.8999999998665,666.5519230931922
12496,41.90590370933642,439.9199999998665,666.561693972505
12497,41.90590370933642,439.9399999998665,666.5714645563764
12498,41.90590370933642,439.95999999986645,666.5812348448029
12499,41.90590370933642,439.97999999986644,666.591004837781
12500,41.90590370933642,439.9999999998664,666.6007745353073
12501,41.90590370933642,440.0199999998664,666.6105439373785
12502,41.90590370933642,440.0399999998664,666.620313043991
12503,41.90590370933642,440.05999999986636,666.6300818551415
12504,41.90590370933642,440.07999999986635,666.6398503708266
12505,41.90590370933642,440.0999999998663,666.6496185910428
12506,41.90590370933642,440.1199999998663,666.6593865157867
12507,41.90590370933642,440.1399999998663,666.6691541450549
12508,41.90590370933642,440.1599999998663,666.678921478844
12509,41.90590370933642,440.17999999986625,666.6886885171506
12510,41.90590370933642,440.19999999986624,666.6984552599712
12511,41.90590370933642,440.2199999998662,666.7082217073025
12512,41.90590370933642,440.2399999998662,666.7179878591411
12513,41.90590370933642,440.2599999998662,666.7277537154835
12514,41.90590370933642,440.27999999986616,666.7375192763262
12515,41.90590370933642,440.29999999986615,666.747284541666
12516,41.90590370933642,440.3199999998661,666.7570495114993
12517,41.90590370933642,440.3399999998661,666.7668141858228
12518,41.90590370933642,440.3599999998661,666.7765785646329
12519,41.90590370933642,440.3799999998661,666.7863426479264
12520,41.90590370933642,440.39999999986605,666.7961064356998
12521,41.90590370933642,440.41999999986604,666.8058699279497
12522,41.90590370933642,440.439999999866,666.8156331246727
12523,41.90590370933642,440.459999999866,666.8253960258653
12524,41.90590370933642,440.479999999866,666.8351586315241
12525,41.90590370933642,440.49999999986596,666.8449209416458
12526,41.90590370933642,440.51999999986595,666.8546829562268
12527,41.90590370933642,440.5399999998659,666.8644446752639
12528,41.90590370933642,440.5599999998659,666.8742060987536
12529,41.90590370933642,440.5799999998659,666.8839672266923
12530,41.90590370933642,440.5999999998659,666.893728059733
12531,41.90590370933642,440.61999999986585,666.9034885988482
12532,41.90590370933642,440.63999999986584,666.9132488440699
12533,41.90590370933642,440.6599999998658,666.9230087953948
12534,41.90590370933642,440.6799999998658,666.9327684528195
12535,41.90590370933642,440.6999999998658,666.9425278163402
12536,41.90590370933642,440.71999999986576,666.9522868859536
12537,41.90590370933642,440.73999999986574,666.9620456616564
12538,41.90590370933642,440.7599999998657,666.9718041434448
12539,41.90590370933642,440.7799999998657,666.9815623313156
12540,41.90590370933642,440.7999999998657,666.9913202252651
12541,41.90590370933642,440.8199999998657,667.0010778252899
12542,41.90590370933642,440.83999999986565,667.0108351313866
12543,41.90590370933642,440.85999999986564,667.0205921435515
12544,41.90590370933642,440.8799999998656,667.0303488617814
12545,41.90590370933642,440.8999999998656,667.0401052860726
12546,41.90590370933642,440.9199999998656,667.0498614164217
12547,41.90590370933642,440.93999999986556,667.0596172528252
12548,41.90590370933642,440.95999999986554,667.0693727952796
12549,41.90590370933642,440.9799999998655,667.0791280437816
12550,41.90590370933642,440.9999999998655,667.0888829983274
12551,41.90590370933642,441.0199999998655,667.0986376589138
12552,41.90590370933642,441.0399999998655,667.1083920255372
12553,41.90590370933642,441.05999999986545,667.1181460981942
12554,41.90590370933642,441.07999999986544,667.1278998768812
12555,41.90590370933642,441.0999999998654,667.1376533615947
12556,41.90590370933642,441.1199999998654,667.1474065523314
12557,41.90590370933642,441.1399999998654,667.1571594490877
12558,41.90590370933642,441.15999999986536,667.1669120518601
12559,41.90590370933642,441.17999999986534,667.1766643606452
12560,41.90590370933642,441.1999999998653,667.1864163754394
12561,41.90590370933642,441.2199999998653,667.1961680962394
12562,41.90590370933642,441.2399999998653,667.2059195230415
12563,41.90590370933642,441.2599999998653,667.2156706558424
12564,41.90590370933642,441.27999999986525,667.2254214946385
12565,41.90590370933642,441.29999999986524,667.2351720394263
12566,41.90590370933642,441.3199999998652,667.2449222902025
12567,41.90590370933642,441.3399999998652,667.2546722469634
12568,41.90590370933642,441.3599999998652,667.2644219097058
12569,41.90590370933642,441.37999999986516,667.2741712784259
12570,41.90590370933642,441.39999999986514,667.2839203531205
12571,41.90590370933642,441.4199999998651,667.2936691337859
12572,41.90590370933642,441.4399999998651,667.3034176204187
12573,41.90590370933642,441.4599999998651,667.3131658130155
12574,41.90590370933642,441.4799999998651,667.3229137115727
12575,41.90590370933642,441.49999999986505,667.332661316087
12576,41.840815307759186,441.51999999986504,667.3424086265546
12577,41.840815307759186,441.539999999865,667.3521556429723
12578,41.840815307759186,441.559999999865,667.3619023653365
12579,41.840815307759186,441.579999999865,667.3716487936438
12580,41.840815307759186,441.59999999986496,667.3813949278906
12581,41.840815307759186,441.61999999986494,667.3911407688009
12582,41.840815307759186,441.6399999998649,667.4008863172367
12583,41.840815307759186,441.6599999998649,667.4106315732096
12584,41.840815307759186,441.6799999998649,667.4203765367164
12585,41.840815307759186,441.6999999998649,667.4301212077536
12586,41.840815307759186,441.71999999986485,667.4398655863178
12587,41.840815307759186,441.73999999986484,667.4496096724054
12588,41.840815307759186,441.7599999998648,667.4593534660131
12589,41.840815307759186,441.7799999998648,667.4690969671375
12590,41.840815307759186,441.7999999998648,667.4788401757751
12591,41.840815307759186,441.81999999986476,667.4885830919225
12592,41.840815307759186,441.83999999986474,667.4983257155762
12593,41.840815307759186,441.8599999998647,667.5080680467329
12594,41.840815307759186,441.8799999998647,667.5178100853891
12595,41.840815307759186,441.8999999998647,667.5275518315414
12596,41.840815307759186,441.9199999998647,667.5372932851863
12597,41.840815307759186,441.93999999986465,667.5470344463203
12598,41.840815307759186,441.95999999986464,667.5567753149401
12599,41.840815307759186,441.9799999998646,667.5665158910422
12600,41.840815307759186,441.9999999998646,667.5762561746232
12601,41.840815307759186,442.0199999998646,667.5859961656796
12602,41.840815307759186,442.03999999986456,667.595735864208
12603,41.840815307759186,442.05999999986454,667.605475270205
12604,41.840815307759186,442.0799999998645,667.6152143836672
12605,41.840815307759186,442.0999999998645,667.6249532045911
12606,41.840815307759186,442.1199999998645,667.6346917329732
12607,41.840815307759186,442.1399999998645,667.6444299688102
12608,41.840815307759186,442.15999999986445,667.6541679120986
12609,41.840815307759186,442.17999999986444,667.663905562835
12610,41.840815307759186,442.1999999998644,667.6736429210159
12611,41.840815307759186,442.2199999998644,667.683379986638
12612,41.840815307759186,442.2399999998644,667.6931167596977
12613,41.840815307759186,442.25999999986436,667.7028532401916
12614,41.840815307759186,442.27999999986434,667.7125894281164
12615,41.840815307759186,442.2999999998643,667.7223253234686
12616,41.840815307759186,442.3199999998643,667.7320609262447
12617,41.840815307759186,442.3399999998643,667.7417962364412
12618,41.840815307759186,442.35999999986427,667.751531254055
12619,41.840815307759186,442.37999999986425,667.7612659790823
12620,41.840815307759186,442.39999999986424,667.7710004115198
12621,41.840815307759186,442.4199999998642,667.7807345513642
12622,41.840815307759186,442.4399999998642,667.7904683986118
12623,41.840815307759186,442.4599999998642,667.8002019532594
12624,41.840815307759186,442.47999999986416,667.8099352153034
12625,41.840815307759186,442.49999999986414,667.8196681847405
12626,41.840815307759186,442.5199999998641,667.8294008615671
12627,41.840815307759186,442.5399999998641,667.83913324578
12628,41.840815307759186,442.5599999998641,667.8488653373755
12629,41.840815307759186,442.57999999986407,667.8585971363505
12630,41.840815307759186,442.59999999986405,667.8683286427012
12631,41.840815307759186,442.61999999986404,667.878059856428
12632,41.840815307759186,442.639999999864,667.8877907783383
12633,41.840815307759186,442.659999999864,667.897521409207
12634,41.840815307759186,442.679999999864,667.9072517490307
12635,41.840815307759186,442.69999999986396,667.9169817978059
12636,41.840815307759186,442.71999999986394,667.926711555529
12637,41.840815307759186,442.7399999998639,667.9364410221965
12638,41.840815307759186,442.7599999998639,667.9461701978049
12639,41.840815307759186,442.7799999998639,667.9558990823508
12640,41.840815307759186,442.79999999986387,667.9656276758307
12641,41.840815307759186,442.81999999986385,667.9753559782409
12642,41.840815307759186,442.83999999986384,667.9850839895782
12643,41.840815307759186,442.8599999998638,667.9948117098389
12644,41.840815307759186,442.8799999998638,668.0045391390196
12645,41.840815307759186,442.8999999998638,668.0142662771167
12646,41.840815307759186,442.91999999986376,668.0239931241268
12647,41.840815307759186,442.93999999986374,668.0337196800464
12648,41.840815307759186,442.9599999998637,668.0434459448719
12649,41.840815307759186,442.9799999998637,668.0531719185999
12650,41.840815307759186,442.9999999998637,668.0628976012268
12651,41.840815307759186,443.01999999986367,668.0726229927493
12652,41.840815307759186,443.03999999986365,668.0823480931637
12653,41.840815307759186,443.05999999986363,668.0920729024665
12654,41.840815307759186,443.0799999998636,668.1017974206543
12655,41.840815307759186,443.0999999998636,668.1115216477236
12656,41.840815307759186,443.1199999998636,668.1212455836709
12657,41.840815307759186,443.13999999986356,668.1309692284926
12658,41.840815307759186,443.15999999986354,668.1406925821854
12659,41.840815307759186,443.1799999998635,668.1504156447456
12660,41.840815307759186,443.1999999998635,668.1601384161698
12661,41.840815307759186,443.2199999998635,668.1698608964546
12662,41.840815307759186,443.23999999986347,668.1795830855963
12663,41.840815307759186,443.25999999986345,668.1893049835915
12664,41.840815307759186,443.27999999986343,668.1990265904366
12665,41.840815307759186,443.2999999998634,668.2087479061282
12666,41.840815307759186,443.3199999998634,668.2184689306629
12667,41.840815307759186,443.3399999998634,668.228189664037
12668,41.840815307759186,443.35999999986336,668.2379101062471
12669,41.840815307759186,443.37999999986334,668.2476302572898
12670,41.840815307759186,443.3999999998633,668.2573501171614
12671,41.840815307759186,443.4199999998633,668.2670696858586
12672,41.840815307759186,443.4399999998633,668.2767889633777
12673,41.840815307759186,443.45999999986327,668.2865079497154
12674,41.840815307759186,443.47999999986325,668.296226644868
12675,41.840815307759186,443.49999999986323,668.3059450488322
12676,41.840815307759186,443.5199999998632,668.3156631616044
12677,41.840815307759186,443.5399999998632,668.3253809831812
12678,41.840815307759186,443.5599999998632,668.3350985135589
12679,41.840815307759186,443.57999999986316,668.3448157527341
12680,41.840815307759186,443.59999999986314,668.3545327007034
12681,41.840815307759186,443.6199999998631,668.3642493574632
12682,41.840815307759186,443.6399999998631,668.3739657230332
12683,41.840815307759186,443.6599999998631,668.3836817983251
12684,41.840815307759186,443.67999999986307,668.3933975840429
12685,41.840815307759186,443.69999999986305,668.4031130801828
12686,41.840815307759186,443.71999999986303,668.4128282867415
12687,41.840815307759186,443.739999999863,668.4225432037153
12688,41.840815307759186,443.759999999863,668.4322578311009
12689,41.840815307759186,443.779999999863,668.4419721688945
12690,41.840815307759186,443.79999999986296,668.4516862170927
12691,41.840815307759186,443.81999999986294,668.4613999756921
12692,41.840815307759186,443.8399999998629,668.471113444689
12693,41.840815307759186,443.8599999998629,668.4808266240799
12694,41.840815307759186,443.8799999998629,668.4905395138613
12695,41.840815307759186,443.89999999986287,668.5002521140298
12696,41.840815307759186,443.91999999986285,668.5099644245817
12697,41.840815307759186,443.93999999986283,668.5196764455135
12698,41.840815307759186,443.9599999998628,668.5293881768217
12699,41.840815307759186,443.9799999998628,668.539099618503
12700,41.840815307759186,443.9999999998628,668.5488107705536
12701,41.840815307759186,444.01999999986276,668.55852163297
12702,41.840815307759186,444.03999999986274,668.5682322057488
12703,41.840815307759186,444.0599999998627,668.5779424888864
12704,41.840815307759186,444.0799999998627,668.5876524823792
12705,41.840815307759186,444.0999999998627,668.5973621862238
12706,41.840815307759186,444.11999999986267,668.6070716004166
12707,41.840815307759186,444.13999999986265,668.6167807249541
12708,41.840815307759186,444.15999999986263,668.6264895598327
12709,41.840815307759186,444.1799999998626,668.6361981050491
12710,41.840815307759186,444.1999999998626,668.6459063605996
12711,41.840815307759186,444.2199999998626,668.6556143264808
12712,41.840815307759186,444.23999999986256,668.665322002689
12713,41.840815307759186,444.25999999986254,668.6750293892208
12714,41.840815307759186,444.2799999998625,668.6847364860726
12715,41.77589522445494,444.2999999998625,668.6944432932409
12716,41.77589522445494,444.3199999998625,668.7041498107222
12717,41.77589522445494,444.33999999986247,668.7138560385131
12718,41.77589522445494,444.35999999986245,668.7235619766099
12719,41.77589522445494,444.37999999986243,668.733267625009
12720,41.77589522445494,444.3999999998624,668.7429729837072
12721,41.77589522445494,444.4199999998624,668.7526780527007
12722,41.77589522445494,444.4399999998624,668.7623828319861
12723,41.77589522445494,444.45999999986236,668.7720873215598
12724,41.77589522445494,444.47999999986234,668.7817915214183
12725,41.77589522445494,444.4999999998623,668.7914954315581
12726,41.77589522445494,444.5199999998623,668.8011990519757
12727,41.77589522445494,444.5399999998623,668.8109023826675
12728,41.77589522445494,444.55999999986227,668.82060542363
12729,41.77589522445494,444.57999999986225,668.8303081748597
12730,41.77589522445494,444.59999999986223,668.8400106363531
12731,41.77589522445494,444.6199999998622,668.8497128081067
12732,41.77589522445494,444.6399999998622,668.8594146901169
12733,41.77589522445494,444.6599999998622,668.8691162824201
12734,41.77589522445494,444.67999999986216,668.8788175859457
12735,41.77589522445494,444.69999999986214,668.8885186012632
12736,41.77589522445494,444.7199999998621,668.898219328369
12737,41.77589522445494,444.7399999998621,668.9079197672596
12738,41.77589522445494,444.7599999998621,668.9176199179315
12739,41.77589522445494,444.77999999986207,668.927319780381
12740,41.77589522445494,444.79999999986205,668.9370193546047
12741,41.77589522445494,444.81999999986203,668.946718640599
12742,41.77589522445494,444.839999999862,668.9564176383603
12743,41.77589522445494,444.859999999862,668.9661163478852
12744,41.77589522445494,444.879999999862,668.97581476917
12745,41.77589522445494,444.89999999986196,668.9855129022112
12746,41.77589522445494,444.91999999986194,668.9952107470052
12747,41.77589522445494,444.9399999998619,669.0049083035486
12748,41.77589522445494,444.9599999998619,669.0146055718377
12749,41.77589522445494,444.9799999998619,669.024302551869
12750,41.77589522445494,444.99999999986187,669.0339992436391
12751,41.77589522445494,445.01999999986185,669.0436956471442
12752,41.77589522445494,445.03999999986183,669.0533917623809
12753,41.77589522445494,445.0599999998618,669.0630875893456
12754,41.77589522445494,445.0799999998618,669.0727831280348
12755,41.77589522445494,445.0999999998618,669.0824783784449
12756,41.77589522445494,445.11999999986176,669.0921733405723
12757,41.77589522445494,445.13999999986174,669.1018680144136
12758,41.77589522445494,445.1599999998617,669.1115623999652
12759,41.77589522445494,445.1799999998617,669.1212564972235
12760,41.77589522445494,445.1999999998617,669.130950306185
12761,41.77589522445494,445.21999999986167,669.1406438268461
12762,41.77589522445494,445.23999999986165,669.1503370592034
12763,41.77589522445494,445.25999999986163,669.160030003253
12764,41.77589522445494,445.2799999998616,669.1697226589918
12765,41.77589522445494,445.2999999998616,669.1794150264159
12766,41.77589522445494,445.3199999998616,669.1891071055219
12767,41.77589522445494,445.33999999986156,669.1987988963062
12768,41.77589522445494,445.35999999986154,669.2084903987654
12769,41.77589522445494,445.3799999998615,669.2181816128958
12770,41.77589522445494,445.3999999998615,669.227872538694
12771,41.77589522445494,445.4199999998615,669.2375631761563
12772,41.77589522445494,445.43999999986147,669.2472535252792
12773,41.77589522445494,445.45999999986145,669.2569435860592
12774,41.77589522445494,445.47999999986143,669.2666333584926
12775,41.77589522445494,445.4999999998614,669.2763228425761
12776,41.77589522445494,445.5199999998614,669.2860120383059
12777,41.77589522445494,445.5399999998614,669.2957009456786
12778,41.77589522445494,445.55999999986136,669.3053895646906
12779,41.77589522445494,445.57999999986134,669.3150778953384
12780,41.77589522445494,445.5999999998613,669.3247659376184
12781,41.77589522445494,445.6199999998613,669.3344536915271
12782,41.77589522445494,445.6399999998613,669.3441411570609
12783,41.77589522445494,445.65999999986127,669.3538283342162
12784,41.77589522445494,445.67999999986125,669.3635152230489
12785,41.77589522445494,445.69999999986123,669.3732018245793
12786,41.77589522445494,445.7199999998612,669.3828881392944
12787,41.77589522445494,445.7399999998612,669.3925741671909
12788,41.77589522445494,445.7599999998612,669.402259908265
12789,41.77589522445494,445.77999999986116,669.4119453625132
12790,41.77589522445494,445.79999999986114,669.4216305299318
12791,41.77589522445494,445.8199999998611,669.4313154105174
12792,41.77589522445494,445.8399999998611,669.4410000042664
12793,41.77589522445494,445.8599999998611,669.4506843111751
12794,41.77589522445494,445.87999999986107,669.46036833124
12795,41.77589522445494,445.89999999986105,669.4700520644575
12796,41.77589522445494,445.91999999986103,669.479735510824
12797,41.77589522445494,445.939999999861,669.4894186703359
12798,41.77589522445494,445.959999999861,669.4991015429897
12799,41.77589522445494,445.979999999861,669.5087841287817
12800,41.77589522445494,445.99999999986096,669.5184664277084
12801,41.77589522445494,446.01999999986094,669.5281484397663
12802,41.77589522445494,446.0399999998609,669.5378301649516
12803,41.77589522445494,446.0599999998609,669.547511603261
12804,41.77589522445494,446.0799999998609,669.5571927546907
12805,41.77589522445494,446.09999999986087,669.5668736192372
12806,41.77589522445494,446.11999999986085,669.5765541968968
12807,41.77589522445494,446.13999999986083,669.5862344876662
12808,41.77589522445494,446.1599999998608,669.5959144915415
12809,41.77589522445494,446.1799999998608,669.6055942085193
12810,41.77589522445494,446.1999999998608,669.6152736385959
12811,41.77589522445494,446.21999999986076,669.6249527817679
12812,41.77589522445494,446.23999999986074,669.6346316380316
12813,41.77589522445494,446.2599999998607,669.6443102073833
12814,41.77589522445494,446.2799999998607,669.6539884898198
12815,41.77589522445494,446.2999999998607,669.6636664853371
12816,41.77589522445494,446.31999999986067,669.6733441939318
12817,41.77589522445494,446.33999999986065,669.6830216156004
12818,41.77589522445494,446.35999999986063,669.6926987503392
12819,41.77589522445494,446.3799999998606,669.7023755981446
12820,41.77589522445494,446.3999999998606,669.7120521590131
12821,41.77589522445494,446.4199999998606,669.7217284329411
12822,41.77589522445494,446.43999999986056,669.731404419925
12823,41.77589522445494,446.45999999986054,669.7410801199612
12824,41.77589522445494,446.4799999998605,669.7507555330462
12825,41.77589522445494,446.4999999998605,669.7604306591763
12826,41.77589522445494,446.5199999998605,669.770105498348
12827,41.77589522445494,446.53999999986047,669.7797800505577
12828,41.77589522445494,446.55999999986045,669.7894543158019
12829,41.77589522445494,446.57999999986043,669.7991282940768
12830,41.77589522445494,446.5999999998604,669.8088019853791
12831,41.77589522445494,446.6199999998604,669.818475389705
12832,41.77589522445494,446.6399999998604,669.828148507051
12833,41.77589522445494,446.65999999986036,669.8378213374135
12834,41.77589522445494,446.67999999986034,669.847493880789
12835,41.77589522445494,446.6999999998603,669.8571661372532
12836,41.77589522445494,446.7199999998603,669.8668381079235
12837,41.77589522445494,446.7399999998603,669.8765097932024
12838,41.77589522445494,446.75999999986027,669.8861811930864
12839,41.77589522445494,446.77999999986025,669.8958523075717
12840,41.77589522445494,446.79999999986023,669.9055231366547
12841,41.77589522445494,446.8199999998602,669.9151936803318
12842,41.77589522445494,446.8399999998602,669.9248639385994
12843,41.77589522445494,446.8599999998602,669.934533911454
12844,41.77589522445494,446.87999999986016,669.9442035988918
12845,41.77589522445494,446.89999999986014,669.9538730009093
12846,41.77589522445494,446.9199999998601,669.9635421175028
12847,41.77589522445494,446.9399999998601,669.9732109486688
12848,41.77589522445494,446.9599999998601,669.9828794944036
12849,41.77589522445494,446.97999999986007,669.9925477547037
12850,41.77589522445494,446.99999999986005,670.002215729548
12851,41.77589522445494,447.01999999986003,670.0118834186377
12852,41.77589522445494,447.03999999986,670.0215508218295
12853,41.77589522445494,447.05999999986,670.0312179391193
12854,41.77589522445494,447.07999999986,670.0408847705036
12855,41.77589522445494,447.09999999985996,670.0505513159784
12856,41.77589522445494,447.11999999985994,670.0602175755399
12857,41.77589522445494,447.1399999998599,670.0698835491844
12858,41.77589522445494,447.1599999998599,670.0795492369081
12859,41.77589522445494,447.1799999998599,670.0892146387071
12860,41.71114285067512,447.19999999985987,670.0988797545776
12861,41.71114285067512,447.21999999985985,670.1085445845159
12862,41.71114285067512,447.23999999985983,670.1182091285182
12863,41.71114285067512,447.2599999998598,670.1278733865805
12864,41.71114285067512,447.2799999998598,670.1375373586993
12865,41.71114285067512,447.2999999998598,670.1472010448706
12866,41.71114285067512,447.31999999985976,670.1568644450906
12867,41.71114285067512,447.33999999985974,670.1665275593556
12868,41.71114285067512,447.3599999998597,670.1761903876618
12869,41.71114285067512,447.3799999998597,670.1858529300052
12870,41.71114285067512,447.3999999998597,670.1955151863823
12871,41.71114285067512,447.41999999985967,670.2051771567891
12872,41.71114285067512,447.43999999985965,670.2148388412219
12873,41.71114285067512,447.45999999985963,670.2245002396768
12874,41.71114285067512,447.4799999998596,670.2341613521501
12875,41.71114285067512,447.4999999998596,670.2438221786379
12876,41.71114285067512,447.5199999998596,670.2534827191364
12877,41.71114285067512,447.53999999985956,670.263142973642
12878,41.71114285067512,447.55999999985954,670.2728029421506
12879,41.71114285067512,447.5799999998595,670.2824626246587
12880,41.71114285067512,447.5999999998595,670.2921220211623
12881,41.71114285067512,447.6199999998595,670.3017811316577
12882,41.71114285067512,447.63999999985947,670.3114399561409
12883,41.71114285067512,447.65999999985945,670.3210984946083
12884,41.71114285067512,447.67999999985943,670.3307567470562
12885,41.71114285067512,447.6999999998594,670.3404147134805
12886,41.71114285067512,447.7199999998594,670.3500723939696
12887,41.71114285067512,447.7399999998594,670.3597297896398
12888,41.71114285067512,447.75999999985936,670.3693869007784
12889,41.71114285067512,447.77999999985934,670.3790437273817
12890,41.71114285067512,447.7999999998593,670.388700269446
12891,41.71114285067512,447.8199999998593,670.3983565269673
12892,41.71114285067512,447.8399999998593,670.4080124999418
12893,41.71114285067512,447.85999999985927,670.4176681883657
12894,41.71114285067512,447.87999999985925,670.4273235922352
12895,41.71114285067512,447.89999999985923,670.4369787115464
12896,41.71114285067512,447.9199999998592,670.4466335462955
12897,41.71114285067512,447.9399999998592,670.4562880964787
12898,41.71114285067512,447.9599999998592,670.4659423620922
12899,41.71114285067512,447.97999999985916,670.4755963431321
12900,41.71114285067512,447.99999999985914,670.4852500395947
12901,41.71114285067512,448.0199999998591,670.494903451476
12902,41.71114285067512,448.0399999998591,670.5045565787723
12903,41.71114285067512,448.0599999998591,670.5142094214797
12904,41.71114285067512,448.07999999985907,670.5238619795944
12905,41.71114285067512,448.09999999985905,670.5335142531125
12906,41.71114285067512,448.11999999985903,670.5431662420302
12907,41.71114285067512,448.139999999859,670.5528179463438
12908,41.71114285067512,448.159999999859,670.5624693660494
12909,41.71114285067512,448.179999999859,670.5721205011432
12910,41.71114285067512,448.19999999985896,670.5817713516213
12911,41.71114285067512,448.21999999985894,670.5914219174799
12912,41.71114285067512,448.2399999998589,670.6010721987152
12913,41.71114285067512,448.2599999998589,670.6107221953233
12914,41.71114285067512,448.2799999998589,670.6203719073005
12915,41.71114285067512,448.29999999985887,670.630021334643
12916,41.71114285067512,448.31999999985885,670.6396704773467
12917,41.71114285067512,448.33999999985883,670.649319335408
12918,41.71114285067512,448.3599999998588,670.658967908823
12919,41.71114285067512,448.3799999998588,670.6686161975879
12920,41.71114285067512,448.3999999998588,670.6782642016989
12921,41.71114285067512,448.41999999985876,670.6879119211521
12922,41.71114285067512,448.43999999985874,670.6975593559438
12923,41.71114285067512,448.4599999998587,670.70720650607
12924,41.71114285067512,448.4799999998587,670.7168533715269
12925,41.71114285067512,448.4999999998587,670.7264999523109
12926,41.71114285067512,448.51999999985867,670.7361462484179
12927,41.71114285067512,448.53999999985865,670.7457922598442
12928,41.71114285067512,448.55999999985863,670.7554379865859
12929,41.71114285067512,448.5799999998586,670.7650834286393
12930,41.71114285067512,448.5999999998586,670.7747285860005
12931,41.71114285067512,448.6199999998586,670.7843734586656
12932,41.71114285067512,448.63999999985856,670.794018046631
12933,41.71114285067512,448.65999999985854,670.8036623498926
12934,41.71114285067512,448.6799999998585,670.8133063684468
12935,41.71114285067512,448.6999999998585,670.8229501022896
12936,41.71114285067512,448.7199999998585,670.8325935514173
12937,41.71114285067512,448.73999999985847,670.8422367159385
12938,41.71114285067512,448.75999999985845,670.8518795970698
12939,41.71114285067512,448.77999999985843,670.861522195015
12940,41.71114285067512,448.7999999998584,670.8711645097704
12941,41.71114285067512,448.8199999998584,670.8808065413322
12942,41.71114285067512,448.8399999998584,670.8904482896963
12943,41.71114285067512,448.85999999985836,670.9000897548591
12944,41.71114285067512,448.87999999985834,670.9097309368167
12945,41.71114285067512,448.8999999998583,670.9193718355651
12946,41.71114285067512,448.9199999998583,670.9290124511007
12947,41.71114285067512,448.9399999998583,670.9386527834193
12948,41.71114285067512,448.95999999985827,670.9482928325174
12949,41.71114285067512,448.97999999985825,670.9579325983909
12950,41.71114285067512,448.99999999985823,670.9675720810361
12951,41.71114285067512,449.0199999998582,670.9772112804492
12952,41.71114285067512,449.0399999998582,670.9868501966262
12953,41.71114285067512,449.0599999998582,670.9964888295633
12954,41.71114285067512,449.07999999985816,671.0061271792566
12955,41.71114285067512,449.09999999985814,671.0157652457024
12956,41.71114285067512,449.1199999998581,671.0254030288967
12957,41.71114285067512,449.1399999998581,671.0350405288357
12958,41.71114285067512,449.1599999998581,671.0446777455155
12959,41.71114285067512,449.17999999985807,671.0543146789323
12960,41.71114285067512,449.19999999985805,671.0639513290823
12961,41.71114285067512,449.21999999985803,671.0735876959617
12962,41.71114285067512,449.239999999858,671.0832237795664
12963,41.71114285067512,449.259999999858,671.0928595798928
12964,41.71114285067512,449.279999999858,671.1024950969369
12965,41.71114285067512,449.29999999985796,671.1121303306949
12966,41.71114285067512,449.31999999985794,671.121765281163
12967,41.71114285067512,449.3399999998579,671.1313999483373
12968,41.71114285067512,449.3599999998579,671.141034332214
12969,41.71114285067512,449.3799999998579,671.1506684327891
12970,41.71114285067512,449.39999999985787,671.1603022500589
12971,41.71114285067512,449.41999999985785,671.1699357840195
12972,41.71114285067512,449.43999999985783,671.179569034667
12973,41.71114285067512,449.4599999998578,671.1892020019977
12974,41.71114285067512,449.4799999998578,671.1988346860077
12975,41.71114285067512,449.4999999998578,671.208467086693
12976,41.71114285067512,449.51999999985776,671.2180992040498
12977,41.71114285067512,449.53999999985774,671.2277310380745
12978,41.71114285067512,449.5599999998577,671.237362588763
12979,41.71114285067512,449.5799999998577,671.2469938561114
12980,41.71114285067512,449.5999999998577,671.256624840116
12981,41.71114285067512,449.61999999985767,671.266255540773
12982,41.71114285067512,449.63999999985765,671.2758859580784
12983,41.71114285067512,449.65999999985763,671.2855160920285
12984,41.71114285067512,449.6799999998576,671.2951459426193
12985,41.71114285067512,449.6999999998576,671.3047755098471
12986,41.71114285067512,449.7199999998576,671.3144047937079
12987,41.71114285067512,449.73999999985756,671.3240337941979
12988,41.71114285067512,449.75999999985754,671.333662511456
12989,41.71114285067512,449.7799999998575,671.3432909467792
12990,41.71114285067512,449.7999999998575,671.3529191002924
12991,41.71114285067512,449.8199999998575,671.3625469719916
12992,41.71114285067512,449.83999999985747,671.3721745618731
12993,41.71114285067512,449.85999999985745,671.3818018699329
12994,41.71114285067512,449.87999999985743,671.3914288961673
12995,41.71114285067512,449.8999999998574,671.4010556405723
12996,41.71114285067512,449.9199999998574,671.410682103144
12997,41.71114285067512,449.9399999998574,671.4203082838787
12998,41.71114285067512,449.95999999985736,671.4299341827725
12999,41.71114285067512,449.97999999985734,671.4395597998215
13000,41.71114285067512,449.9999999998573,671.4491851350219
13001,41.646557580498914,450.0199999998573,671.4588101883699
13002,41.646557580498914,450.0399999998573,671.4684349598614
13003,41.646557580498914,450.05999999985727,671.4780594494928
13004,41.646557580498914,450.07999999985725,671.48768365726
13005,41.646557580498914,450.09999999985723,671.4973075831593
13006,41.646557580498914,450.1199999998572,671.5069312271869
13007,41.646557580498914,450.1399999998572,671.5165545893389
13008,41.646557580498914,450.1599999998572,671.5261776696112
13009,41.646557580498914,450.17999999985716,671.5358004680003
13010,41.646557580498914,450.19999999985714,671.5454229845021
13011,41.646557580498914,450.2199999998571,671.5550452191129
13012,41.646557580498914,450.2399999998571,671.5646671718288
13013,41.646557580498914,450.2599999998571,671.5742888426458
13014,41.646557580498914,450.27999999985707,671.5839102315603
13015,41.646557580498914,450.29999999985705,671.5935313385681
13016,41.646557580498914,450.31999999985703,671.6031521636656
13017,41.646557580498914,450.339999999857,671.6127727068489
13018,41.646557580498914,450.359999999857,671.6223929681141
13019,41.646557580498914,450.379999999857,671.6320129474574
13020,41.646557580498914,450.39999999985696,671.6416326448749
13021,41.646557580498914,450.41999999985694,671.6512520603627
13022,41.646557580498914,450.4399999998569,671.660871193917
13023,41.646557580498914,450.4599999998569,671.670490045534
13024,41.646557580498914,450.4799999998569,671.6801086152097
13025,41.646557580498914,450.49999999985687,671.6897269029404
13026,41.646557580498914,450.51999999985685,671.6993449087221
13027,41.646557580498914,450.53999999985683,671.708962632551
13028,41.646557580498914,450.5599999998568,671.7185800744232
13029,41.646557580498914,450.5799999998568,671.728197234335
13030,41.646557580498914,450.5999999998568,671.7378141122823
13031,41.646557580498914,450.61999999985676,671.7474307082615
13032,41.646557580498914,450.63999999985674,671.7570470222686
13033,41.646557580498914,450.6599999998567,671.7666630542997
13034,41.646557580498914,450.6799999998567,671.776278804351
13035,41.646557580498914,450.6999999998567,671.7858942724187
13036,41.646557580498914,450.71999999985667,671.7955094584988
13037,41.646557580498914,450.73999999985665,671.8051243625877
13038,41.646557580498914,450.75999999985663,671.8147389846813
13039,41.646557580498914,450.7799999998566,671.8243533249964
13040,41.646557580498914,450.7999999998566,671.8339673846787
13041,41.646557580498914,450.8199999998566,671.8435811638274
13042,41.646557580498914,450.83999999985656,671.8531946624387
13043,41.646557580498914,450.85999999985654,671.8628078805087
13044,41.646557580498914,450.8799999998565,671.8724208180336
13045,41.646557580498914,450.8999999998565,671.8820334750094
13046,41.646557580498914,450.9199999998565,671.8916458514324
13047,41.646557580498914,450.93999999985647,671.9012579472985
13048,41.646557580498914,450.95999999985645,671.910869762604
13049,41.646557580498914,450.97999999985643,671.920481297345
13050,41.646557580498914,450.9999999998564,671.9300925515175
13051,41.646557580498914,451.0199999998564,671.9397035251178
13052,41.646557580498914,451.0399999998564,671.9493142181419
13053,41.646557580498914,451.05999999985636,671.958924630586
13054,41.646557580498914,451.07999999985634,671.9685347624462
13055,41.646557580498914,451.0999999998563,671.9781446137185
13056,41.646557580498914,451.1199999998563,671.9877541843993
13057,41.646557580498914,451.1399999998563,671.9973634744845
13058,41.646557580498914,451.15999999985627,672.0069724839702
13059,41.646557580498914,451.17999999985625,672.0165812128528
13060,41.646557580498914,451.19999999985623,672.0261896611281
13061,41.646557580498914,451.2199999998562,672.0357978287924
13062,41.646557580498914,451.2399999998562,672.0454057158418
13063,41.646557580498914,451.2599999998562,672.0550133222724
13064,41.646557580498914,451.27999999985616,672.0646206480804
13065,41.646557580498914,451.29999999985614,672.074227693262
13066,41.646557580498914,451.3199999998561,672.0838344578129
13067,41.646557580498914,451.3399999998561,672.0934409417297
13068,41.646557580498914,451.3599999998561,672.1030471450083
13069,41.646557580498914,451.37999999985607,672.1126530676449
13070,41.646557580498914,451.39999999985605,672.1222587096356
13071,41.646557580498914,451.41999999985603,672.1318640709766
13072,41.646557580498914,451.439999999856,672.1414691516638
13073,41.646557580498914,451.459999999856,672.1510739516937
13074,41.646557580498914,451.479999999856,672.160678471062
13075,41.646557580498914,451.49999999985596,672.1702827097652
13076,41.646557580498914,451.51999999985594,672.1798866677991
13077,41.646557580498914,451.5399999998559,672.18949034516
13078,41.646557580498914,451.5599999998559,672.1990937418441
13079,41.646557580498914,451.5799999998559,672.2086968578474
13080,41.646557580498914,451.59999999985587,672.218299693166
13081,41.646557580498914,451.61999999985585,672.2279022477962
13082,41.646557580498914,451.63999999985583,672.2375045217341
13083,41.646557580498914,451.6599999998558,672.2471065149756
13084,41.646557580498914,451.6799999998558,672.256708227517
13085,41.646557580498914,451.6999999998558,672.2663096593544
13086,41.646557580498914,451.71999999985576,672.275910810484
13087,41.646557580498914,451.73999999985574,672.2855116809018
13088,41.646557580498914,451.7599999998557,672.2951122706039
13089,41.646557580498914,451.7799999998557,672.3047125795865
13090,41.646557580498914,451.7999999998557,672.3143126081637
13091,41.646557580498914,451.81999999985567,672.323912357448
13092,41.646557580498914,451.83999999985565,672.333511827524
13093,41.646557580498914,451.85999999985563,672.3431110183881
13094,41.646557580498914,451.8799999998556,672.3527099300361
13095,41.646557580498914,451.8999999998556,672.3623085624642
13096,41.646557580498914,451.9199999998556,672.3719069156685
13097,41.646557580498914,451.93999999985556,672.3815049896451
13098,41.646557580498914,451.95999999985554,672.39110278439
13099,41.646557580498914,451.9799999998555,672.4007002998992
13100,41.646557580498914,451.9999999998555,672.4102975361689
13101,41.646557580498914,452.0199999998555,672.4198944931951
13102,41.646557580498914,452.03999999985547,672.4294911709738
13103,41.646557580498914,452.05999999985545,672.4390875695013
13104,41.646557580498914,452.07999999985543,672.4486836887736
13105,41.646557580498914,452.0999999998554,672.4582795287866
13106,41.646557580498914,452.1199999998554,672.4678750895365
13107,41.646557580498914,452.1399999998554,672.4774703710194
13108,41.646557580498914,452.15999999985536,672.4870653732313
13109,41.646557580498914,452.17999999985534,672.4966600961683
13110,41.646557580498914,452.1999999998553,672.5062545398265
13111,41.646557580498914,452.2199999998553,672.515848704202
13112,41.646557580498914,452.2399999998553,672.5254425892907
13113,41.646557580498914,452.25999999985527,672.5350361950889
13114,41.646557580498914,452.27999999985525,672.5446295215925
13115,41.646557580498914,452.29999999985523,672.5542225687976
13116,41.646557580498914,452.3199999998552,672.5638153367004
13117,41.646557580498914,452.3399999998552,672.5734078252968
13118,41.646557580498914,452.3599999998552,672.583000034583
13119,41.646557580498914,452.37999999985516,672.5925919645551
13120,41.646557580498914,452.39999999985514,672.6021836152091
13121,41.646557580498914,452.4199999998551,672.6117749865411
13122,41.646557580498914,452.4399999998551,672.6213660785472
13123,41.646557580498914,452.4599999998551,672.6309568912234
13124,41.646557580498914,452.47999999985507,672.6405474245657
13125,41.646557580498914,452.49999999985505,672.6501376785703
13126,41.646557580498914,452.51999999985503,672.6597276532333
13127,41.646557580498914,452.539999999855,672.6693173485507
13128,41.646557580498914,452.559999999855,672.6789067645187
13129,41.646557580498914,452.579999999855,672.6884959011333
13130,41.646557580498914,452.59999999985496,672.6980847583905
13131,41.646557580498914,452.61999999985494,672.7076733362863
13132,41.646557580498914,452.6399999998549,672.717261634817
13133,41.646557580498914,452.6599999998549,672.7268496539784
13134,41.646557580498914,452.6799999998549,672.7364373937669
13135,41.646557580498914,452.69999999985487,672.7460248541784
13136,41.646557580498914,452.71999999985485,672.755612035209
13137,41.646557580498914,452.73999999985483,672.7651989368547
13138,41.646557580498914,452.7599999998548,672.7747855591117
13139,41.646557580498914,452.7799999998548,672.784371901976
13140,41.646557580498914,452.7999999998548,672.7939579654436
13141,41.646557580498914,452.81999999985476,672.8035437499167
13142,41.58213881081724,452.83999999985474,672.8131292564311
13143,41.58213881081724,452.8599999998547,672.8227144850536
13144,41.58213881081724,452.8799999998547,672.83229943578
13145,41.58213881081724,452.8999999998547,672.8418841086066
13146,41.58213881081724,452.91999999985467,672.8514685035294
13147,41.58213881081724,452.93999999985465,672.8610526205447
13148,41.58213881081724,452.95999999985463,672.8706364596484
13149,41.58213881081724,452.9799999998546,672.8802200208366
13150,41.58213881081724,452.9999999998546,672.8898033041056
13151,41.58213881081724,453.0199999998546,672.8993863094514
13152,41.58213881081724,453.03999999985456,672.9089690368701
13153,41.58213881081724,453.05999999985454,672.9185514863577
13154,41.58213881081724,453.0799999998545,672.9281336579104
13155,41.58213881081724,453.0999999998545,672.9377155515243
13156,41.58213881081724,453.1199999998545,672.9472971671955
13157,41.58213881081724,453.13999999985447,672.9568785049202
13158,41.58213881081724,453.15999999985445,672.9664595646942
13159,41.58213881081724,453.17999999985443,672.976040346514
13160,41.58213881081724,453.1999999998544,672.9856208503754
13161,41.58213881081724,453.2199999998544,672.9952010762747
13162,41.58213881081724,453.2399999998544,673.0047810242079
13163,41.58213881081724,453.25999999985436,673.014360694171
13164,41.58213881081724,453.27999999985434,673.0239400861603
13165,41.58213881081724,453.2999999998543,673.0335192001719
13166,41.58213881081724,453.3199999998543,673.0430980362017
13167,41.58213881081724,453.3399999998543,673.052676594246
13168,41.58213881081724,453.35999999985427,673.0622548743008
13169,41.58213881081724,453.37999999985425,673.0718328763624
13170,41.58213881081724,453.39999999985423,673.0814106004266
13171,41.58213881081724,453.4199999998542,673.0909880464897
13172,41.58213881081724,453.4399999998542,673.1005652145477
13173,41.58213881081724,453.4599999998542,673.1101421045968
13174,41.58213881081724,453.47999999985416,673.119718716633
13175,41.58213881081724,453.49999999985414,673.1292950506524
13176,41.58213881081724,453.5199999998541,673.1388711066513
13177,41.58213881081724,453.5399999998541,673.1484468846256
13178,41.58213881081724,453.5599999998541,673.1580223845715
13179,41.58213881081724,453.57999999985407,673.1675976064851
13180,41.58213881081724,453.59999999985405,673.1771725503625
13181,41.58213881081724,453.61999999985403,673.1867472161997
13182,41.58213881081724,453.639999999854,673.1963216039929
13183,41.58213881081724,453.659999999854,673.2058957137383
13184,41.58213881081724,453.679999999854,673.2154695454318
13185,41.58213881081724,453.69999999985396,673.2250430990696
13186,41.58213881081724,453.71999999985394,673.2346163746478
13187,41.58213881081724,453.7399999998539,673.2441893721625
13188,41.58213881081724,453.7599999998539,673.2537620916098
13189,41.58213881081724,453.7799999998539,673.2633345329859
13190,41.58213881081724,453.79999999985387,673.2729066962868
13191,41.58213881081724,453.81999999985385,673.2824785815086
13192,41.58213881081724,453.83999999985383,673.2920501891219
13193,41.58213881081724,453.8599999998538,673.3016215200506
13194,41.58213881081724,453.8799999998538,673.311192574341
13195,41.58213881081724,453.8999999998538,673.3207633519892
13196,41.58213881081724,453.91999999985376,673.3303338529912
13197,41.58213881081724,453.93999999985374,673.339904077343
13198,41.58213881081724,453.9599999998537,673.3494740250408
13199,41.58213881081724,453.9799999998537,673.3590436960806
13200,41.58213881081724,453.9999999998537,673.3686130904583
13201,41.58213881081724,454.01999999985367,673.3781822081701
13202,41.58213881081724,454.03999999985365,673.3877510492119
13203,41.58213881081724,454.05999999985363,673.39731961358
13204,41.58213881081724,454.0799999998536,673.4068879012701
13205,41.58213881081724,454.0999999998536,673.4164559122786
13206,41.58213881081724,454.1199999998536,673.4260236466014
13207,41.58213881081724,454.13999999985356,673.4355911042344
13208,41.58213881081724,454.15999999985354,673.4451582851739
13209,41.58213881081724,454.1799999998535,673.4547251894157
13210,41.58213881081724,454.1999999998535,673.464291816956
13211,41.58213881081724,454.2199999998535,673.4738581677908
13212,41.58213881081724,454.23999999985347,673.4834242419162
13213,41.58213881081724,454.25999999985345,673.4929900393281
13214,41.58213881081724,454.27999999985343,673.5025555600228
13215,41.58213881081724,454.2999999998534,673.512120803996
13216,41.58213881081724,454.3199999998534,673.521685771244
13217,41.58213881081724,454.3399999998534,673.5312504617629
13218,41.58213881081724,454.35999999985336,673.5408148755486
13219,41.58213881081724,454.37999999985334,673.5503790125971
13220,41.58213881081724,454.3999999998533,673.5599428729046
13221,41.58213881081724,454.4199999998533,673.569506456467
13222,41.58213881081724,454.4399999998533,673.5790697632805
13223,41.58213881081724,454.45999999985327,673.588632793341
13224,41.58213881081724,454.47999999985325,673.5981955466447
13225,41.58213881081724,454.49999999985323,673.6077580231874
13226,41.58213881081724,454.5199999998532,673.6173202229654
13227,41.58213881081724,454.5399999998532,673.6268821459747
13228,41.58213881081724,454.5599999998532,673.6364437922113
13229,41.58213881081724,454.57999999985316,673.6460051616712
13230,41.58213881081724,454.59999999985314,673.6555662543504
13231,41.58213881081724,454.6199999998531,673.6651270702451
13232,41.58213881081724,454.6399999998531,673.6746876093514
13233,41.58213881081724,454.6599999998531,673.6842478716651
13234,41.58213881081724,454.67999999985307,673.6938078571824
13235,41.58213881081724,454.69999999985305,673.7033675658993
13236,41.58213881081724,454.71999999985303,673.7129269978119
13237,41.58213881081724,454.739999999853,673.7224861529162
13238,41.58213881081724,454.759999999853,673.7320450312083
13239,41.58213881081724,454.779999999853,673.7416036326841
13240,41.58213881081724,454.79999999985296,673.75116195734
13241,41.58213881081724,454.81999999985294,673.7607200051716
13242,41.58213881081724,454.8399999998529,673.7702777761752
13243,41.58213881081724,454.8599999998529,673.7798352709323
13244,41.58213881081724,454.8799999998529,673.7893924903366
13245,41.58213881081724,454.89999999985287,673.7989494344189
13246,41.58213881081724,454.91999999985285,673.8085061031752
13247,41.58213881081724,454.93999999985283,673.8180624966016
13248,41.58213881081724,454.9599999998528,673.8276186146941
13249,41.58213881081724,454.9799999998528,673.8371744574487
13250,41.58213881081724,454.9999999998528,673.8467300248614
13251,41.58213881081724,455.01999999985276,673.8562853169282
13252,41.58213881081724,455.03999999985274,673.8658403336452
13253,41.58213881081724,455.0599999998527,673.8753950750084
13254,41.58213881081724,455.0799999998527,673.8849495410138
13255,41.58213881081724,455.0999999998527,673.8945037316576
13256,41.58213881081724,455.11999999985267,673.9040576469355
13257,41.58213881081724,455.13999999985265,673.9136112868437
13258,41.58213881081724,455.15999999985263,673.9231646513781
13259,41.58213881081724,455.1799999998526,673.9327177405349
13260,41.58213881081724,455.1999999998526,673.9422705543101
13261,41.58213881081724,455.2199999998526,673.9518230926997
13262,41.58213881081724,455.23999999985256,673.9613753556996
13263,41.58213881081724,455.25999999985254,673.9709273433059
13264,41.58213881081724,455.2799999998525,673.9804790555147
13265,41.58213881081724,455.2999999998525,673.9900304923219
13266,41.58213881081724,455.3199999998525,673.9995816537236
13267,41.58213881081724,455.33999999985247,674.0091325397158
13268,41.58213881081724,455.35999999985245,674.0186831502945
13269,41.58213881081724,455.37999999985243,674.0282334854558
13270,41.58213881081724,455.3999999998524,674.0377835451956
13271,41.58213881081724,455.4199999998524,674.04733332951
13272,41.58213881081724,455.4399999998524,674.056882838395
13273,41.58213881081724,455.45999999985236,674.0664320718467
13274,41.58213881081724,455.47999999985234,674.075981029861
13275,41.58213881081724,455.4999999998523,674.0855297124341
13276,41.58213881081724,455.5199999998523,674.0950781195618
13277,41.58213881081724,455.5399999998523,674.1046262512402
13278,41.58213881081724,455.55999999985227,674.1141741074654
13279,41.58213881081724,455.57999999985225,674.1237216882333
13280,41.58213881081724,455.59999999985223,674.1332689935401
13281,41.58213881081724,455.6199999998522,674.1428160233817
13282,41.58213881081724,455.6399999998522,674.1523627777541
13283,41.58213881081724,455.6599999998522,674.1619092566534
13284,41.517885941316784,455.67999999985216,674.1714554600755
13285,41.517885941316784,455.69999999985214,674.1810013880166
13286,41.517885941316784,455.7199999998521,674.1905470404727
13287,41.517885941316784,455.7399999998521,674.2000924174396
13288,41.517885941316784,455.7599999998521,674.2096375189135
13289,41.517885941316784,455.77999999985207,674.2191823448904
13290,41.517885941316784,455.79999999985205,674.2287268953664
13291,41.517885941316784,455.81999999985203,674.2382711703374
13292,41.517885941316784,455.839999999852,674.2478151697994
13293,41.517885941316784,455.859999999852,674.2573588937486
13294,41.517885941316784,455.879999999852,674.2669023428125
13295,41.517885941316784,455.89999999985196,674.2764455177605
13296,41.517885941316784,455.91999999985194,674.2859884186043
13297,41.517885941316784,455.9399999998519,674.29553104534
13298,41.517885941316784,455.9599999998519,674.3050733979635
13299,41.517885941316784,455.9799999998519,674.3146154764709
13300,41.517885941316784,455.99999999985187,674.324157280858
13301,41.517885941316784,456.01999999985185,674.3336988111209
13302,41.517885941316784,456.03999999985183,674.3432400672557
13303,41.517885941316784,456.0599999998518,674.3527810492583
13304,41.517885941316784,456.0799999998518,674.3623217571247
13305,41.517885941316784,456.0999999998518,674.371862190851
13306,41.517885941316784,456.11999999985176,674.381402350433
13307,41.517885941316784,456.13999999985174,674.3909422358668
13308,41.517885941316784,456.1599999998517,674.4004818471484
13309,41.517885941316784,456.1799999998517,674.4100211842739
13310,41.517885941316784,456.1999999998517,674.4195602472392
13311,41.517885941316784,456.21999999985167,674.4290990360404
13312,41.517885941316784,456.23999999985165,674.4386375506733
13313,41.517885941316784,456.25999999985163,674.4481757911341
13314,41.517885941316784,456.2799999998516,674.4577137574187
13315,41.517885941316784,456.2999999998516,674.467251449523
13316,41.517885941316784,456.3199999998516,674.4767888674432
13317,41.517885941316784,456.33999999985156,674.4863260111753
13318,41.517885941316784,456.35999999985154,674.4958628807151
13319,41.517885941316784,456.3799999998515,674.5053994760588
13320,41.517885941316784,456.3999999998515,674.5149357972022
13321,41.517885941316784,456.4199999998515,674.5244718441414
13322,41.517885941316784,456.43999999985147,674.5340076168725
13323,41.517885941316784,456.45999999985145,674.5435431153913
13324,41.517885941316784,456.47999999985143,674.553078339694
13325,41.517885941316784,456.4999999998514,674.5626132897766
13326,41.517885941316784,456.5199999998514,674.5721479656348
13327,41.517885941316784,456.5399999998514,674.5816823672649
13328,41.517885941316784,456.55999999985136,674.5912164946628
13329,41.517885941316784,456.57999999985134,674.6007503478246
13330,41.517885941316784,456.5999999998513,674.6102839267461
13331,41.517885941316784,456.6199999998513,674.6198172314234
13332,41.517885941316784,456.6399999998513,674.6293502618526
13333,41.517885941316784,456.65999999985127,674.6388830180296
13334,41.517885941316784,456.67999999985125,674.6484154999504
13335,41.517885941316784,456.69999999985123,674.6579477076109
13336,41.517885941316784,456.7199999998512,674.6674796410073
13337,41.517885941316784,456.7399999998512,674.6770113001355
13338,41.517885941316784,456.7599999998512,674.6865426849915
13339,41.517885941316784,456.77999999985116,674.6960737955714
13340,41.517885941316784,456.79999999985114,674.705604631871
13341,41.517885941316784,456.8199999998511,674.7151351938865
13342,41.517885941316784,456.8399999998511,674.7246654816138
13343,41.517885941316784,456.8599999998511,674.7341954950489
13344,41.517885941316784,456.87999999985107,674.7437252341888
13345,41.517885941316784,456.89999999985105,674.753254699758
13346,41.517885941316784,456.91999999985103,674.7627838924715
13347,41.517885941316784,456.939999999851,674.7723128123253
13348,41.517885941316784,456.959999999851,674.7818414593153
13349,41.517885941316784,456.979999999851,674.7913698334376
13350,41.517885941316784,456.99999999985096,674.800897934688
13351,41.517885941316784,457.01999999985094,674.8104257630625
13352,41.517885941316784,457.0399999998509,674.8199533185573
13353,41.517885941316784,457.0599999998509,674.829480601168
13354,41.517885941316784,457.0799999998509,674.8390076108909
13355,41.517885941316784,457.09999999985087,674.8485343477219
13356,41.517885941316784,457.11999999985085,674.8580608116567
13357,41.517885941316784,457.13999999985083,674.8675870026916
13358,41.517885941316784,457.1599999998508,674.8771129208225
13359,41.517885941316784,457.1799999998508,674.8866385660452
13360,41.517885941316784,457.1999999998508,674.8961639383559
13361,41.517885941316784,457.21999999985076,674.9056890377504
13362,41.517885941316784,457.23999999985074,674.9152138642248
13363,41.517885941316784,457.2599999998507,674.924738417775
13364,41.517885941316784,457.2799999998507,674.9342626983969
13365,41.517885941316784,457.2999999998507,674.9437867060865
13366,41.517885941316784,457.31999999985067,674.9533104408398
13367,41.517885941316784,457.33999999985065,674.9628339026528
13368,41.517885941316784,457.35999999985063,674.9723570915215
13369,41.517885941316784,457.3799999998506,674.9818800074419
13370,41.517885941316784,457.3999999998506,674.9914026504098
13371,41.517885941316784,457.4199999998506,675.0009250204213
13372,41.517885941316784,457.43999999985056,675.0104471174723
13373,41.517885941316784,457.45999999985054,675.0199689415588
13374,41.517885941316784,457.4799999998505,675.0294904926768
13375,41.517885941316784,457.4999999998505,675.0390117708223
13376,41.517885941316784,457.5199999998505,675.0485327759912
13377,41.517885941316784,457.53999999985047,675.0580535081796
13378,41.517885941316784,457.55999999985045,675.0675739673833
13379,41.517885941316784,457.57999999985043,675.0770941535983
13380,41.517885941316784,457.5999999998504,675.0866140668206
13381,41.517885941316784,457.6199999998504,675.0961337070462
13382,41.517885941316784,457.6399999998504,675.105653074271
13383,41.517885941316784,457.65999999985036,675.1151721684911
13384,41.517885941316784,457.67999999985034,675.1246909897023
13385,41.517885941316784,457.6999999998503,675.1342095379008
13386,41.517885941316784,457.7199999998503,675.1437278130824
13387,41.517885941316784,457.7399999998503,675.153245815243
13388,41.517885941316784,457.75999999985027,675.1627635443789
13389,41.517885941316784,457.77999999985025,675.1722810004858
13390,41.517885941316784,457.79999999985023,675.1817981835596
13391,41.517885941316784,457.8199999998502,675.1913150935965
13392,41.517885941316784,457.8399999998502,675.2008317305923
13393,41.517885941316784,457.8599999998502,675.2103480945431
13394,41.517885941316784,457.87999999985016,675.2198641854447
13395,41.517885941316784,457.89999999985014,675.2293800033119
13396,41.517885941316784,457.9199999998501,675.2388955489564
13397,41.517885941316784,457.9399999998501,675.2484108230233
13398,41.517885941316784,457.9599999998501,675.2579258255083
13399,41.517885941316784,457.97999999985007,675.2674405564076
13400,41.517885941316784,457.99999999985005,675.2769550157169
13401,41.517885941316784,458.01999999985003,675.2864692034323
13402,41.517885941316784,458.03999999985,675.2959831195496
13403,41.517885941316784,458.05999999985,675.305496764065
13404,41.517885941316784,458.07999999985,675.3150101369741
13405,41.517885941316784,458.09999999984996,675.3245232382732
13406,41.517885941316784,458.11999999984994,675.3340360679579
13407,41.517885941316784,458.1399999998499,675.3435486260242
13408,41.517885941316784,458.1599999998499,675.3530609124683
13409,41.517885941316784,458.1799999998499,675.3625729272859
13410,41.517885941316784,458.19999999984987,675.372084670473
13411,41.517885941316784,458.21999999984985,675.3815961420255
13412,41.517885941316784,458.23999999984983,675.3911073419395
13413,41.517885941316784,458.2599999998498,675.4006182702108
13414,41.517885941316784,458.2799999998498,675.4101289268353
13415,41.517885941316784,458.2999999998498,675.4196393118091
13416,41.517885941316784,458.31999999984976,675.429149425128
13417,41.517885941316784,458.33999999984974,675.4386592667879
13418,41.517885941316784,458.3599999998497,675.4481688367849
13419,41.517885941316784,458.3799999998497,675.4576781351149
13420,41.517885941316784,458.3999999998497,675.4671871617737
13421,41.517885941316784,458.41999999984967,675.4766959167574
13422,41.517885941316784,458.43999999984965,675.4862044000619
13423,41.517885941316784,458.45999999984963,675.4957126116831
13424,41.517885941316784,458.4799999998496,675.505220551617
13425,41.517885941316784,458.4999999998496,675.5147282198594
13426,41.453798374464164,458.5199999998496,675.5242356164064
13427,41.453798374464164,458.53999999984956,675.5337427412538
13428,41.453798374464164,458.55999999984954,675.5432495943977
13429,41.453798374464164,458.5799999998495,675.552756175834
13430,41.453798374464164,458.5999999998495,675.5622624855586
13431,41.453798374464164,458.6199999998495,675.5717685235674
13432,41.453798374464164,458.63999999984946,675.5812742898563
13433,41.453798374464164,458.65999999984945,675.5907797844214
13434,41.453798374464164,458.67999999984943,675.6002850072587
13435,41.453798374464164,458.6999999998494,675.6097899583639
13436,41.453798374464164,458.7199999998494,675.619294637733
13437,41.453798374464164,458.7399999998494,675.628799045362
13438,41.453798374464164,458.75999999984936,675.6383031812469
13439,41.453798374464164,458.77999999984934,675.6478070453835
13440,41.453798374464164,458.7999999998493,675.6573106377679
13441,41.453798374464164,458.8199999998493,675.6668139583958
13442,41.453798374464164,458.8399999998493,675.6763170072634
13443,41.453798374464164,458.85999999984926,675.6858197843665
13444,41.453798374464164,458.87999999984925,675.695322289701
13445,41.453798374464164,458.89999999984923,675.704824523263
13446,41.453798374464164,458.9199999998492,675.7143264850821
13447,41.453798374464164,458.9399999998492,675.7238281759819
13448,41.453798374464164,458.9599999998492,675.7333295964831
13449,41.453798374464164,458.97999999984916,675.7428307465816
13450,41.453798374464164,458.99999999984914,675.7523316262733
13451,41.453798374464164,459.0199999998491,675.761832235554
13452,41.453798374464164,459.0399999998491,675.7713325744198
13453,41.453798374464164,459.0599999998491,675.7808326428665
13454,41.453798374464164,459.07999999984906,675.79033244089
13455,41.453798374464164,459.09999999984905,675.7998319684862
13456,41.453798374464164,459.11999999984903,675.809331225651
13457,41.453798374464164,459.139999999849,675.8188302123804
13458,41.453798374464164,459.159999999849,675.8283289286702
13459,41.453798374464164,459.179999999849,675.8378273745163
13460,41.453798374464164,459.19999999984896,675.8473255499148
13461,41.453798374464164,459.21999999984894,675.8568234548615
13462,41.453798374464164,459.2399999998489,675.8663210893521
13463,41.453798374464164,459.2599999998489,675.8758184533829
13464,41.453798374464164,459.2799999998489,675.8853155469494
13465,41.453798374464164,459.29999999984886,675.8948123700478
13466,41.453798374464164,459.31999999984885,675.9043089226739
13467,41.453798374464164,459.3399999998488,675.9138052048236
13468,41.453798374464164,459.3599999998488,675.9233012164929
13469,41.453798374464164,459.3799999998488,675.9327969576775
13470,41.453798374464164,459.3999999998488,675.9422924283735
13471,41.453798374464164,459.41999999984876,675.9517876285769
13472,41.453798374464164,459.43999999984874,675.9612825582833
13473,41.453798374464164,459.4599999998487,675.9707772174888
13474,41.453798374464164,459.4799999998487,675.9802716061894
13475,41.453798374464164,459.4999999998487,675.9897657243807
13476,41.453798374464164,459.51999999984866,675.9992595720589
13477,41.453798374464164,459.53999999984865,676.0087531492198
13478,41.453798374464164,459.5599999998486,676.0182464558593
13479,41.453798374464164,459.5799999998486,676.0277394919733
13480,41.453798374464164,459.5999999998486,676.0372322575578
13481,41.453798374464164,459.6199999998486,676.0467247526086
13482,41.453798374464164,459.63999999984856,676.0562169771216
13483,41.453798374464164,459.65999999984854,676.0657089310928
13484,41.453798374464164,459.6799999998485,676.075200614518
13485,41.453798374464164,459.6999999998485,676.0846920273933
13486,41.453798374464164,459.7199999998485,676.0941831697145
13487,41.453798374464164,459.73999999984846,676.1036740414773
13488,41.453798374464164,459.75999999984845,676.1131646426779
13489,41.453798374464164,459.7799999998484,676.1226549733121
13490,41.453798374464164,459.7999999998484,676.1321450333759
13491,41.453798374464164,459.8199999998484,676.1416348228651
13492,41.453798374464164,459.8399999998484,676.1511243417756
13493,41.453798374464164,459.85999999984836,676.1606135901034
13494,41.453798374464164,459.87999999984834,676.1701025678443
13495,41.453798374464164,459.8999999998483,676.1795912749943
13496,41.453798374464164,459.9199999998483,676.1890797115493
13497,41.453798374464164,459.9399999998483,676.1985678775563
13498,41.453798374464164,459.95999999984826,676.2080557739259
13499,41.453798374464164,459.97999999984825,676.2175434011073
13500,41.453798374464164,459.9999999998482,676.2270307590962
13501,41.453798374464164,460.0199999998482,676.2365178478888
13502,41.453798374464164,460.0399999998482,676.2460046674807
13503,41.453798374464164,460.0599999998482,676.2554912178681
13504,41.453798374464164,460.07999999984816,676.2649774990466
13505,41.453798374464164,460.09999999984814,676.2744635110123
13506,41.453798374464164,460.1199999998481,676.283949253761
13507,41.453798374464164,460.1399999998481,676.2934347272885
13508,41.453798374464164,460.1599999998481,676.3029199315907
13509,41.453798374464164,460.17999999984806,676.3124048666637
13510,41.453798374464164,460.19999999984805,676.3218895325031
13511,41.453798374464164,460.219999999848,676.3313739291049
13512,41.453798374464164,460.239999999848,676.340858056465
13513,41.453798374464164,460.259999999848,676.3503419145793
13514,41.453798374464164,460.279999999848,676.3598255034437
13515,41.453798374464164,460.29999999984796,676.3693088230541
13516,41.453798374464164,460.31999999984794,676.3787918734063
13517,41.453798374464164,460.3399999998479,676.3882746544962
13518,41.453798374464164,460.3599999998479,676.3977571663197
13519,41.453798374464164,460.3799999998479,676.4072394088728
13520,41.453798374464164,460.39999999984786,676.4167213821512
13521,41.453798374464164,460.41999999984785,676.4262030861508
13522,41.453798374464164,460.4399999998478,676.4356845208677
13523,41.453798374464164,460.4599999998478,676.4451656862975
13524,41.453798374464164,460.4799999998478,676.4546465824363
13525,41.453798374464164,460.4999999998478,676.4641272092799
13526,41.453798374464164,460.51999999984776,676.4736075668243
13527,41.453798374464164,460.53999999984774,676.4830876550652
13528,41.453798374464164,460.5599999998477,676.4925674739986
13529,41.453798374464164,460.5799999998477,676.5020470236203
13530,41.453798374464164,460.5999999998477,676.5115263039263
13531,41.453798374464164,460.61999999984766,676.5210053149124
13532,41.453798374464164,460.63999999984765,676.5304840565744
13533,41.453798374464164,460.6599999998476,676.5399625289084
13534,41.453798374464164,460.6799999998476,676.5494407319102
13535,41.453798374464164,460.6999999998476,676.5589186655757
13536,41.453798374464164,460.7199999998476,676.5683963299007
13537,41.453798374464164,460.73999999984756,676.5778737248811
13538,41.453798374464164,460.75999999984754,676.587350850513
13539,41.453798374464164,460.7799999998475,676.5968277067919
13540,41.453798374464164,460.7999999998475,676.6063042937141
13541,41.453798374464164,460.8199999998475,676.6157806112752
13542,41.453798374464164,460.83999999984746,676.6252566594712
13543,41.453798374464164,460.85999999984745,676.634732438298
13544,41.453798374464164,460.8799999998474,676.6442079477514
13545,41.453798374464164,460.8999999998474,676.6536831878274
13546,41.453798374464164,460.9199999998474,676.6631581585218
13547,41.453798374464164,460.9399999998474,676.6726328598305
13548,41.453798374464164,460.95999999984735,676.6821072918191
13549,41.453798374464164,460.97999999984734,676.6915814554884
13550,41.453798374464164,460.9999999998473,676.7010553512132
13551,41.453798374464164,461.0199999998473,676.7105289789893
13552,41.453798374464164,461.0399999998473,676.7200023388125
13553,41.453798374464164,461.05999999984726,676.7294754306788
13554,41.453798374464164,461.07999999984725,676.738948254584
13555,41.453798374464164,461.0999999998472,676.748420810524
13556,41.453798374464164,461.1199999998472,676.7578930984946
13557,41.453798374464164,461.1399999998472,676.7673651184919
13558,41.453798374464164,461.1599999998472,676.7768368705115
13559,41.453798374464164,461.17999999984715,676.7863083545494
13560,41.453798374464164,461.19999999984714,676.7957795706016
13561,41.453798374464164,461.2199999998471,676.8052505186638
13562,41.453798374464164,461.2399999998471,676.814721198732
13563,41.453798374464164,461.2599999998471,676.8241916108019
13564,41.453798374464164,461.27999999984706,676.8336617548696
13565,41.453798374464164,461.29999999984705,676.8431316309308
13566,41.453798374464164,461.319999999847,676.8526012389814
13567,41.453798374464164,461.339999999847,676.8620705790173
13568,41.453798374464164,461.359999999847,676.8715396510345
13569,41.38987551549027,461.379999999847,676.8810084550287
13570,41.38987551549027,461.39999999984695,676.8904769909959
13571,41.38987551549027,461.41999999984694,676.8999452589319
13572,41.38987551549027,461.4399999998469,676.9094132588326
13573,41.38987551549027,461.4599999998469,676.9188809906939
13574,41.38987551549027,461.4799999998469,676.9283484545117
13575,41.38987551549027,461.49999999984686,676.9378156502818
13576,41.38987551549027,461.51999999984685,676.9472825780001
13577,41.38987551549027,461.5399999998468,676.9567492376625
13578,41.38987551549027,461.5599999998468,676.9662156292649
13579,41.38987551549027,461.5799999998468,676.9756817528031
13580,41.38987551549027,461.5999999998468,676.9851476082731
13581,41.38987551549027,461.61999999984675,676.9946131956707
13582,41.38987551549027,461.63999999984674,677.0040785149918
13583,41.38987551549027,461.6599999998467,677.0135435662322
13584,41.38987551549027,461.6799999998467,677.0230083493879
13585,41.38987551549027,461.6999999998467,677.0324728644546
13586,41.38987551549027,461.71999999984666,677.0419371114283
13587,41.38987551549027,461.73999999984665,677.0514010903049
13588,41.38987551549027,461.7599999998466,677.0608648010802
13589,41.38987551549027,461.7799999998466,677.0703282437503
13590,41.38987551549027,461.7999999998466,677.0797914183107
13591,41.38987551549027,461.8199999998466,677.0892543247576
13592,41.38987551549027,461.83999999984655,677.0987169630868
13593,41.38987551549027,461.85999999984654,677.1081793332941
13594,41.38987551549027,461.8799999998465,677.1176414353754
13595,41.38987551549027,461.8999999998465,677.1271032693265
13596,41.38987551549027,461.9199999998465,677.1365648351435
13597,41.38987551549027,461.93999999984646,677.1460261328222
13598,41.38987551549027,461.95999999984645,677.1554871623583
13599,41.38987551549027,461.9799999998464,677.1649479238289
13600,41.38987551549027,461.9999999998464,677.1744084182332
13601,41.38987551549027,462.0199999998464,677.1838686458409
13602,41.38987551549027,462.0399999998464,677.1933286066478
13603,41.38987551549027,462.05999999984635,677.2027883006499
13604,41.38987551549027,462.07999999984634,677.2122477278429
13605,41.38987551549027,462.0999999998463,677.2217068882227
13606,41.38987551549027,462.1199999998463,677.2311657817852
13607,41.38987551549027,462.1399999998463,677.2406244085263
13608,41.38987551549027,462.15999999984626,677.2500827684419
13609,41.38987551549027,462.17999999984625,677.2595408615277
13610,41.38987551549027,462.1999999998462,677.2689986877797
13611,41.38987551549027,462.2199999998462,677.2784562471937
13612,41.38987551549027,462.2399999998462,677.2879135397657
13613,41.38987551549027,462.2599999998462,677.2973705654914
13614,41.38987551549027,462.27999999984615,677.3068273243667
13615,41.38987551549027,462.29999999984614,677.3162838163876
13616,41.38987551549027,462.3199999998461,677.3257400415497
13617,41.38987551549027,462.3399999998461,677.3351959998491
13618,41.38987551549027,462.3599999998461,677.3446516912816
13619,41.38987551549027,462.37999999984606,677.354107115843
13620,41.38987551549027,462.39999999984605,677.3635622735293
13621,41.38987551549027,462.419999999846,677.3730171643363
13622,41.38987551549027,462.439999999846,677.3824717882597
13623,41.38987551549027,462.459999999846,677.3919261452957
13624,41.38987551549027,462.479999999846,677.4013802354399
13625,41.38987551549027,462.49999999984595,677.4108340586882
13626,41.38987551549027,462.51999999984594,677.4202876150366
13627,41.38987551549027,462.5399999998459,677.4297409044809
13628,41.38987551549027,462.5599999998459,677.439193927017
13629,41.38987551549027,462.5799999998459,677.4486466826406
13630,41.38987551549027,462.59999999984586,677.4580991713478
13631,41.38987551549027,462.61999999984585,677.4675513931344
13632,41.38987551549027,462.6399999998458,677.4770033479962
13633,41.38987551549027,462.6599999998458,677.486455035929
13634,41.38987551549027,462.6799999998458,677.4959064569289
13635,41.38987551549027,462.6999999998458,677.5053576109915
13636,41.38987551549027,462.71999999984575,677.5148084981129
13637,41.38987551549027,462.73999999984574,677.5242591182888
13638,41.38987551549027,462.7599999998457,677.5337094715152
13639,41.38987551549027,462.7799999998457,677.5431595577878
13640,41.38987551549027,462.7999999998457,677.5526093771026
13641,41.38987551549027,462.81999999984566,677.5620589294555
13642,41.38987551549027,462.83999999984565,677.5715082148422
13643,41.38987551549027,462.8599999998456,677.5809572332587
13644,41.38987551549027,462.8799999998456,677.5904059847009
13645,41.38987551549027,462.8999999998456,677.5998544691645
13646,41.38987551549027,462.9199999998456,677.6093026866455
13647,41.38987551549027,462.93999999984555,677.6187506371398
13648,41.38987551549027,462.95999999984554,677.6281983206432
13649,41.38987551549027,462.9799999998455,677.6376457371515
13650,41.38987551549027,462.9999999998455,677.6470928867602
13651,41.38987551549027,463.0199999998455,677.6565397705604
13652,41.38987551549027,463.03999999984546,677.6659863887464
13653,41.38987551549027,463.05999999984545,677.6754327413142
13654,41.38987551549027,463.0799999998454,677.6848788282597
13655,41.38987551549027,463.0999999998454,677.6943246495786
13656,41.38987551549027,463.1199999998454,677.7037702052668
13657,41.38987551549027,463.1399999998454,677.7132154953202
13658,41.38987551549027,463.15999999984535,677.7226605197346
13659,41.38987551549027,463.17999999984534,677.732105278506
13660,41.38987551549027,463.1999999998453,677.74154977163
13661,41.38987551549027,463.2199999998453,677.7509939991027
13662,41.38987551549027,463.2399999998453,677.7604379609197
13663,41.38987551549027,463.25999999984526,677.7698816570771
13664,41.38987551549027,463.27999999984524,677.7793250875707
13665,41.38987551549027,463.2999999998452,677.7887682523962
13666,41.38987551549027,463.3199999998452,677.7982111515495
13667,41.38987551549027,463.3399999998452,677.8076537850266
13668,41.38987551549027,463.3599999998452,677.8170961528232
13669,41.38987551549027,463.37999999984515,677.8265382549351
13670,41.38987551549027,463.39999999984514,677.8359800913584
13671,41.38987551549027,463.4199999998451,677.8454216620887
13672,41.38987551549027,463.4399999998451,677.854862967122
13673,41.38987551549027,463.4599999998451,677.8643040064542
13674,41.38987551549027,463.47999999984506,677.873744780081
13675,41.38987551549027,463.49999999984504,677.8831852879982
13676,41.38987551549027,463.519999999845,677.8926255302019
13677,41.38987551549027,463.539999999845,677.9020655066878
13678,41.38987551549027,463.559999999845,677.9115052174518
13679,41.38987551549027,463.579999999845,677.9209446624897
13680,41.38987551549027,463.59999999984495,677.9303838417974
13681,41.38987551549027,463.61999999984494,677.9398227553706
13682,41.38987551549027,463.6399999998449,677.9492614032055
13683,41.38987551549027,463.6599999998449,677.9586997852975
13684,41.38987551549027,463.6799999998449,677.9681379016429
13685,41.38987551549027,463.69999999984486,677.9775757522373
13686,41.38987551549027,463.71999999984484,677.9870133370765
13687,41.38987551549027,463.7399999998448,677.9964506561565
13688,41.38987551549027,463.7599999998448,678.0058877094731
13689,41.38987551549027,463.7799999998448,678.0153244970221
13690,41.38987551549027,463.7999999998448,678.0247610187995
13691,41.38987551549027,463.81999999984475,678.034197274801
13692,41.38987551549027,463.83999999984474,678.0436332650225
13693,41.38987551549027,463.8599999998447,678.0530689894599
13694,41.38987551549027,463.8799999998447,678.062504448109
13695,41.38987551549027,463.8999999998447,678.0719396409658
13696,41.38987551549027,463.91999999984466,678.0813745680259
13697,41.38987551549027,463.93999999984464,678.0908092292854
13698,41.38987551549027,463.9599999998446,678.10024362474
13699,41.38987551549027,463.9799999998446,678.1096777543855
13700,41.38987551549027,463.9999999998446,678.119111618218
13701,41.38987551549027,464.0199999998446,678.1285452163519
13702,41.38987551549027,464.03999999984455,678.1379785499715
13703,41.38987551549027,464.05999999984454,678.1474116191921
13704,41.38987551549027,464.0799999998445,678.1568444240094
13705,41.38987551549027,464.0999999998445,678.1662769644192
13706,41.38987551549027,464.1199999998445,678.1757092404175
13707,41.38987551549027,464.13999999984446,678.1851412520001
13708,41.38987551549027,464.15999999984444,678.1945729991628
13709,41.38987551549027,464.1799999998444,678.2040044819014
13710,41.38987551549027,464.1999999998444,678.2134357002118
13711,41.38987551549027,464.2199999998444,678.2228666540899
13712,41.32611677237459,464.2399999998444,678.2322973435315
13713,41.32611677237459,464.25999999984435,678.2417277685325
13714,41.32611677237459,464.27999999984434,678.2511579290888
13715,41.32611677237459,464.2999999998443,678.260587825196
13716,41.32611677237459,464.3199999998443,678.2700174568502
13717,41.32611677237459,464.3399999998443,678.279446824047
13718,41.32611677237459,464.35999999984426,678.2888759267825
13719,41.32611677237459,464.37999999984424,678.2983047650524
13720,41.32611677237459,464.3999999998442,678.3077333388527
13721,41.32611677237459,464.4199999998442,678.3171616481791
13722,41.32611677237459,464.4399999998442,678.3265896930275
13723,41.32611677237459,464.4599999998442,678.3360174733937
13724,41.32611677237459,464.47999999984415,678.3454449892736
13725,41.32611677237459,464.49999999984414,678.354872240663
13726,41.32611677237459,464.5199999998441,678.3642992275578
13727,41.32611677237459,464.5399999998441,678.3737259499538
13728,41.32611677237459,464.5599999998441,678.383152407847
13729,41.32611677237459,464.57999999984406,678.392578601233
13730,41.32611677237459,464.59999999984404,678.4020045301078
13731,41.32611677237459,464.619999999844,678.4114301944671
13732,41.32611677237459,464.639999999844,678.420855594307
13733,41.32611677237459,464.659999999844,678.4302807296232
13734,41.32611677237459,464.679999999844,678.4397056004116
13735,41.32611677237459,464.69999999984395,678.449130206668
13736,41.32611677237459,464.71999999984394,678.4585545483882
13737,41.32611677237459,464.7399999998439,678.4679786255681
13738,41.32611677237459,464.7599999998439,678.4774024382036
13739,41.32611677237459,464.7799999998439,678.4868259862906
13740,41.32611677237459,464.79999999984386,678.4962492698247
13741,41.32611677237459,464.81999999984384,678.505672288802
13742,41.32611677237459,464.8399999998438,678.5150950432183
13743,41.32611677237459,464.8599999998438,678.5245175330693
13744,41.32611677237459,464.8799999998438,678.533939758351
13745,41.32611677237459,464.89999999984377,678.5433617190592
13746,41.32611677237459,464.91999999984375,678.5527834151898
13747,41.32611677237459,464.93999999984374,678.5622048467385
13748,41.32611677237459,464.9599999998437,678.5716260137012
13749,41.32611677237459,464.9799999998437,678.5810469160739
13750,41.32611677237459,464.9999999998437,678.5904675538524
13751,41.32611677237459,465.01999999984366,678.5998879270323
13752,41.32611677237459,465.03999999984364,678.6093080357988
13753,41.32611677237459,465.0599999998436,678.6187278811939
13754,41.32611677237459,465.0799999998436,678.6281474633088
13755,41.32611677237459,465.0999999998436,678.6375667821393
13756,41.32611677237459,465.11999999984357,678.6469858376812
13757,41.32611677237459,465.13999999984355,678.6564046299303
13758,41.32611677237459,465.15999999984354,678.6658231588825
13759,41.32611677237459,465.1799999998435,678.6752414245337
13760,41.32611677237459,465.1999999998435,678.6846594268796
13761,41.32611677237459,465.2199999998435,678.6940771659162
13762,41.32611677237459,465.23999999984346,678.7034946416392
13763,41.32611677237459,465.25999999984344,678.7129118540444
13764,41.32611677237459,465.2799999998434,678.7223288031277
13765,41.32611677237459,465.2999999998434,678.7317454888849
13766,41.32611677237459,465.3199999998434,678.741161911312
13767,41.32611677237459,465.33999999984337,678.7505780704047
13768,41.32611677237459,465.35999999984335,678.7599939661587
13769,41.32611677237459,465.37999999984333,678.7694095985701
13770,41.32611677237459,465.3999999998433,678.7788249676345
13771,41.32611677237459,465.4199999998433,678.7882400733479
13772,41.32611677237459,465.4399999998433,678.797654915706
13773,41.32611677237459,465.45999999984326,678.8070694947047
13774,41.32611677237459,465.47999999984324,678.8164838103398
13775,41.32611677237459,465.4999999998432,678.8258978626072
13776,41.32611677237459,465.5199999998432,678.8353116515028
13777,41.32611677237459,465.5399999998432,678.8447251770223
13778,41.32611677237459,465.55999999984317,678.8541384391615
13779,41.32611677237459,465.57999999984315,678.8635514379164
13780,41.32611677237459,465.59999999984313,678.8729641732826
13781,41.32611677237459,465.6199999998431,678.8823766452562
13782,41.32611677237459,465.6399999998431,678.8917888538328
13783,41.32611677237459,465.6599999998431,678.9012007990085
13784,41.32611677237459,465.67999999984306,678.9106124807789
13785,41.32611677237459,465.69999999984304,678.9200238991399
13786,41.32611677237459,465.719999999843,678.9294350540873
13787,41.32611677237459,465.739999999843,678.9388459456171
13788,41.32611677237459,465.759999999843,678.948256573725
13789,41.32611677237459,465.77999999984297,678.9576669384068
13790,41.32611677237459,465.79999999984295,678.9670770396584
13791,41.32611677237459,465.81999999984293,678.9764868774756
13792,41.32611677237459,465.8399999998429,678.9858964518543
13793,41.32611677237459,465.8599999998429,678.9953057627903
13794,41.32611677237459,465.8799999998429,679.0047148102793
13795,41.32611677237459,465.89999999984286,679.0141235943174
13796,41.32611677237459,465.91999999984284,679.0235321149003
13797,41.32611677237459,465.9399999998428,679.0329403720237
13798,41.32611677237459,465.9599999998428,679.0423483656837
13799,41.32611677237459,465.9799999998428,679.0517560958759
13800,41.32611677237459,465.99999999984277,679.0611635625963
13801,41.32611677237459,466.01999999984275,679.0705707658407
13802,41.32611677237459,466.03999999984273,679.0799777056048
13803,41.32611677237459,466.0599999998427,679.089384382159
13804,41.32611677237459,466.0799999998427,679.0987907965077
13805,41.32611677237459,466.0999999998427,679.1081969487285
13806,41.32611677237459,466.11999999984266,679.1176028388171
13807,41.32611677237459,466.13999999984264,679.1270084667693
13808,41.32611677237459,466.1599999998426,679.136413832581
13809,41.32611677237459,466.1799999998426,679.1458189362478
13810,41.32611677237459,466.1999999998426,679.1552237777656
13811,41.32611677237459,466.21999999984257,679.1646283571301
13812,41.32611677237459,466.23999999984255,679.1740326743372
13813,41.32611677237459,466.25999999984253,679.1834367293827
13814,41.32611677237459,466.2799999998425,679.1928405222624
13815,41.32611677237459,466.2999999998425,679.202244052972
13816,41.32611677237459,466.3199999998425,679.2116473215074
13817,41.32611677237459,466.33999999984246,679.2210503278643
13818,41.32611677237459,466.35999999984244,679.2304530720385
13819,41.32611677237459,466.3799999998424,679.2398555540258
13820,41.32611677237459,466.3999999998424,679.249257773822
13821,41.32611677237459,466.4199999998424,679.258659731423
13822,41.32611677237459,466.43999999984237,679.2680614268245
13823,41.32611677237459,466.45999999984235,679.2774628600222
13824,41.32611677237459,466.47999999984233,679.286864031012
13825,41.32611677237459,466.4999999998423,679.2962649397897
13826,41.32611677237459,466.5199999998423,679.305665586351
13827,41.32611677237459,466.5399999998423,679.3150659706918
13828,41.32611677237459,466.55999999984226,679.3244660928078
13829,41.32611677237459,466.57999999984224,679.333865952695
13830,41.32611677237459,466.5999999998422,679.3432655503489
13831,41.32611677237459,466.6199999998422,679.3526648857654
13832,41.32611677237459,466.6399999998422,679.3620639589404
13833,41.32611677237459,466.65999999984217,679.3714627698696
13834,41.32611677237459,466.67999999984215,679.3808613185488
13835,41.32611677237459,466.69999999984213,679.3902596049738
13836,41.32611677237459,466.7199999998421,679.3996576291404
13837,41.32611677237459,466.7399999998421,679.4090553910444
13838,41.32611677237459,466.7599999998421,679.4184528906816
13839,41.32611677237459,466.77999999984206,679.4278501280477
13840,41.32611677237459,466.79999999984204,679.4372471031386
13841,41.32611677237459,466.819999999842,679.44664381595
13842,41.32611677237459,466.839999999842,679.4560402664778
13843,41.32611677237459,466.859999999842,679.4654364547177
13844,41.32611677237459,466.87999999984197,679.4748323806656
13845,41.32611677237459,466.89999999984195,679.4842280443172
13846,41.32611677237459,466.91999999984193,679.4936234456684
13847,41.32611677237459,466.9399999998419,679.5030185847148
13848,41.32611677237459,466.9599999998419,679.5124134614524
13849,41.32611677237459,466.9799999998419,679.5218080758768
13850,41.32611677237459,466.99999999984186,679.531202427984
13851,41.32611677237459,467.01999999984184,679.5405965177697
13852,41.32611677237459,467.0399999998418,679.5499903452296
13853,41.32611677237459,467.0599999998418,679.5593839103597
13854,41.32611677237459,467.0799999998418,679.5687772135157
13855,41.32611677237459,467.09999999984177,679.5781702556523
13856,41.26252155582972,467.11999999984175,679.5875630368317
13857,41.26252155582972,467.13999999984173,679.5969555570498
13858,41.26252155582972,467.1599999998417,679.6063478163023
13859,41.26252155582972,467.1799999998417,679.6157398145851
13860,41.26252155582972,467.1999999998417,679.625131551894
13861,41.26252155582972,467.21999999984166,679.6345230282247
13862,41.26252155582972,467.23999999984164,679.6439142435731
13863,41.26252155582972,467.2599999998416,679.6533051979349
13864,41.26252155582972,467.2799999998416,679.6626958913058
13865,41.26252155582972,467.2999999998416,679.6720863236818
13866,41.26252155582972,467.31999999984157,679.6814764950586
13867,41.26252155582972,467.33999999984155,679.6908664054321
13868,41.26252155582972,467.35999999984153,679.7002560547979
13869,41.26252155582972,467.3799999998415,679.709645443152
13870,41.26252155582972,467.3999999998415,679.71903457049
13871,41.26252155582972,467.4199999998415,679.7284234368077
13872,41.26252155582972,467.43999999984146,679.737812042101
13873,41.26252155582972,467.45999999984144,679.7472003863658
13874,41.26252155582972,467.4799999998414,679.7565884695977
13875,41.26252155582972,467.4999999998414,679.7659762917925
13876,41.26252155582972,467.5199999998414,679.7753638529462
13877,41.26252155582972,467.53999999984137,679.7847511530543
13878,41.26252155582972,467.55999999984135,679.7941381921129
13879,41.26252155582972,467.57999999984133,679.8035249701176
13880,41.26252155582972,467.5999999998413,679.8129114870642
13881,41.26252155582972,467.6199999998413,679.8222977429485
13882,41.26252155582972,467.6399999998413,679.8316837377664
13883,41.26252155582972,467.65999999984126,679.8410694715136
13884,41.26252155582972,467.67999999984124,679.8504549441859
13885,41.26252155582972,467.6999999998412,679.8598401557792
13886,41.26252155582972,467.7199999998412,679.8692251062893
13887,41.26252155582972,467.7399999998412,679.8786097957118
13888,41.26252155582972,467.75999999984117,679.8879942240426
13889,41.26252155582972,467.77999999984115,679.8973783912775
13890,41.26252155582972,467.79999999984113,679.9067622974122
13891,41.26252155582972,467.8199999998411,679.9161459424428
13892,41.26252155582972,467.8399999998411,679.9255293263648
13893,41.26252155582972,467.8599999998411,679.934912449174
13894,41.26252155582972,467.87999999984106,679.9442953108663
13895,41.26252155582972,467.89999999984104,679.9536779114376
13896,41.26252155582972,467.919999999841,679.9630602508835
13897,41.26252155582972,467.939999999841,679.9724423291998
13898,41.26252155582972,467.959999999841,679.9818241463825
13899,41.26252155582972,467.97999999984097,679.9912057024271
13900,41.26252155582972,467.99999999984095,680.0005869973253
13901,41.26252155582972,468.01999999984093,680.0099680308434
13902,41.26252155582972,468.0399999998409,680.0193488027878
13903,41.26252155582972,468.0599999998409,680.028729313154
13904,41.26252155582972,468.0799999998409,680.0381095619377
13905,41.26252155582972,468.09999999984086,680.0474895495478
13906,41.26252155582972,468.11999999984084,680.0568692768152
13907,41.26252155582972,468.1399999998408,680.0662487437825
13908,41.26252155582972,468.1599999998408,680.0756279504452
13909,41.26252155582972,468.1799999998408,680.0850068967991
13910,41.26252155582972,468.19999999984077,680.0943855828397
13911,41.26252155582972,468.21999999984075,680.1037640085626
13912,41.26252155582972,468.23999999984073,680.1131421739634
13913,41.26252155582972,468.2599999998407,680.1225200790377
13914,41.26252155582972,468.2799999998407,680.1318977237812
13915,41.26252155582972,468.2999999998407,680.1412751081893
13916,41.26252155582972,468.31999999984066,680.1506522322578
13917,41.26252155582972,468.33999999984064,680.1600290959823
13918,41.26252155582972,468.3599999998406,680.1694056993582
13919,41.26252155582972,468.3799999998406,680.1787820423813
13920,41.26252155582972,468.3999999998406,680.188158125047
13921,41.26252155582972,468.41999999984057,680.1975339473512
13922,41.26252155582972,468.43999999984055,680.2069095092893
13923,41.26252155582972,468.45999999984053,680.2162848108569
13924,41.26252155582972,468.4799999998405,680.2256598520496
13925,41.26252155582972,468.4999999998405,680.2350346328631
13926,41.26252155582972,468.5199999998405,680.2444091532928
13927,41.26252155582972,468.53999999984046,680.2537834133346
13928,41.26252155582972,468.55999999984044,680.2631574129839
13929,41.26252155582972,468.5799999998404,680.2725311522363
13930,41.26252155582972,468.5999999998404,680.2819046310875
13931,41.26252155582972,468.6199999998404,680.291277849533
13932,41.26252155582972,468.63999999984037,680.3006508075684
13933,41.26252155582972,468.65999999984035,680.3100235051895
13934,41.26252155582972,468.67999999984033,680.3193959423917
13935,41.26252155582972,468.6999999998403,680.3287681191706
13936,41.26252155582972,468.7199999998403,680.338140035522
13937,41.26252155582972,468.7399999998403,680.3475116914412
13938,41.26252155582972,468.75999999984026,680.3568830869241
13939,41.26252155582972,468.77999999984024,680.3662542219661
13940,41.26252155582972,468.7999999998402,680.3756250965629
13941,41.26252155582972,468.8199999998402,680.3849957107101
13942,41.26252155582972,468.8399999998402,680.3943660644032
13943,41.26252155582972,468.85999999984017,680.403736157638
13944,41.26252155582972,468.87999999984015,680.41310599041
13945,41.26252155582972,468.89999999984013,680.4224755627148
13946,41.26252155582972,468.9199999998401,680.4318448745479
13947,41.26252155582972,468.9399999998401,680.441213925905
13948,41.26252155582972,468.9599999998401,680.4505827167817
13949,41.26252155582972,468.97999999984006,680.4599512471736
13950,41.26252155582972,468.99999999984004,680.4693195170764
13951,41.26252155582972,469.01999999984,680.4786875264856
13952,41.26252155582972,469.03999999984,680.4880552753968
13953,41.26252155582972,469.05999999984,680.4974227638056
13954,41.26252155582972,469.07999999983997,680.5067899917077
13955,41.26252155582972,469.09999999983995,680.5161569590986
13956,41.26252155582972,469.11999999983993,680.5255236664872
13957,41.26252155582972,469.1399999998399,680.5348901146808
13958,41.26252155582972,469.1599999998399,680.5442563037083
13959,41.26252155582972,469.1799999998399,680.5536222335651
13960,41.26252155582972,469.19999999983986,680.5629879042468
13961,41.26252155582972,469.21999999983984,680.572353315749
13962,41.26252155582972,469.2399999998398,680.5817184680672
13963,41.26252155582972,469.2599999998398,680.5910833611969
13964,41.26252155582972,469.2799999998398,680.6004479951338
13965,41.26252155582972,469.29999999983977,680.6098123698733
13966,41.26252155582972,469.31999999983975,680.6191764854111
13967,41.26252155582972,469.33999999983973,680.6285403417427
13968,41.26252155582972,469.3599999998397,680.6379039388635
13969,41.26252155582972,469.3799999998397,680.6472672767692
13970,41.26252155582972,469.3999999998397,680.6566303554553
13971,41.26252155582972,469.41999999983966,680.6659931749174
13972,41.26252155582972,469.43999999983964,680.675355735151
13973,41.26252155582972,469.4599999998396,680.6847180361517
13974,41.26252155582972,469.4799999998396,680.694080077915
13975,41.26252155582972,469.4999999998396,680.7034418604364
13976,41.26252155582972,469.51999999983957,680.7128033837116
13977,41.26252155582972,469.53999999983955,680.7221646477361
13978,41.26252155582972,469.55999999983953,680.7315256525054
13979,41.26252155582972,469.5799999998395,680.740886398015
13980,41.26252155582972,469.5999999998395,680.7502468842606
13981,41.26252155582972,469.6199999998395,680.7596071112376
13982,41.26252155582972,469.63999999983946,680.7689670789417
13983,41.26252155582972,469.65999999983944,680.7783267873684
13984,41.26252155582972,469.6799999998394,680.7876862365133
13985,41.26252155582972,469.6999999998394,680.7970454263718
13986,41.26252155582972,469.7199999998394,680.8064043569397
13987,41.26252155582972,469.73999999983937,680.8157630282122
13988,41.26252155582972,469.75999999983935,680.8251214401852
13989,41.26252155582972,469.77999999983933,680.834479592854
13990,41.26252155582972,469.7999999998393,680.8438374862143
13991,41.26252155582972,469.8199999998393,680.8531951202616
13992,41.26252155582972,469.8399999998393,680.8625524949914
13993,41.26252155582972,469.85999999983926,680.8719096103994
13994,41.26252155582972,469.87999999983924,680.881266466481
13995,41.26252155582972,469.8999999998392,680.8906230632317
13996,41.26252155582972,469.9199999998392,680.8999794006473
13997,41.26252155582972,469.9399999998392,680.9093354787233
13998,41.26252155582972,469.95999999983917,680.9186912974551
13999,41.26252155582972,469.97999999983915,680.9280468568383
14000,41.26252155582972,469.99999999983913,680.9374021568684
14001,41.26252155582972,470.0199999998391,680.9467571975412
14002,41.26252155582972,470.0399999998391,680.9561119788519
14003,41.26252155582972,470.0599999998391,680.9654665007963
14004,41.26252155582972,470.07999999983906,680.97482076337
14005,41.199089279286014,470.09999999983904,680.9841747665683
14006,41.199089279286014,470.119999999839,680.993528510387
14007,41.199089279286014,470.139999999839,681.0028819953956
14008,41.199089279286014,470.159999999839,681.012235222313
14009,41.199089279286014,470.17999999983897,681.0215881911517
14010,41.199089279286014,470.19999999983895,681.0309409019072
14011,41.199089279286014,470.21999999983893,681.040293354575
14012,41.199089279286014,470.2399999998389,681.0496455491508
14013,41.199089279286014,470.2599999998389,681.0589974856301
14014,41.199089279286014,470.2799999998389,681.0683491640086
14015,41.199089279286014,470.29999999983886,681.0777005842818
14016,41.199089279286014,470.31999999983884,681.0870517464455
14017,41.199089279286014,470.3399999998388,681.0964026504951
14018,41.199089279286014,470.3599999998388,681.1057532964262
14019,41.199089279286014,470.3799999998388,681.1151036842346
14020,41.199089279286014,470.39999999983877,681.1244538139157
14021,41.199089279286014,470.41999999983875,681.1338036854652
14022,41.199089279286014,470.43999999983873,681.1431532988787
14023,41.199089279286014,470.4599999998387,681.1525026541518
14024,41.199089279286014,470.4799999998387,681.1618517512801
14025,41.199089279286014,470.4999999998387,681.1712005902591
14026,41.199089279286014,470.51999999983866,681.1805491710845
14027,41.199089279286014,470.53999999983864,681.1898974937519
14028,41.199089279286014,470.5599999998386,681.199245558257
14029,41.199089279286014,470.5799999998386,681.2085933645952
14030,41.199089279286014,470.5999999998386,681.2179409127623
14031,41.199089279286014,470.61999999983857,681.2272882027537
14032,41.199089279286014,470.63999999983855,681.2366352345651
14033,41.199089279286014,470.65999999983853,681.2459820081922
14034,41.199089279286014,470.6799999998385,681.2553285236305
14035,41.199089279286014,470.6999999998385,681.2646747808757
14036,41.199089279286014,470.7199999998385,681.2740207799233
14037,41.199089279286014,470.73999999983846,681.2833665207688
14038,41.199089279286014,470.75999999983844,681.292712003408
14039,41.199089279286014,470.7799999998384,681.3020572278365
14040,41.199089279286014,470.7999999998384,681.3114021940497
14041,41.199089279286014,470.8199999998384,681.3207469020434
14042,41.199089279286014,470.83999999983837,681.3300913518132
14043,41.199089279286014,470.85999999983835,681.3394355433546
14044,41.199089279286014,470.87999999983833,681.3487794766633
14045,41.199089279286014,470.8999999998383,681.3581231517347
14046,41.199089279286014,470.9199999998383,681.3674665685647
14047,41.199089279286014,470.9399999998383,681.3768097271488
14048,41.199089279286014,470.95999999983826,681.3861526274826
14049,41.199089279286014,470.97999999983824,681.3954952695616
14050,41.199089279286014,470.9999999998382,681.4048376533815
14051,41.199089279286014,471.0199999998382,681.4141797789379
14052,41.199089279286014,471.0399999998382,681.4235216462263
14053,41.199089279286014,471.05999999983817,681.4328632552424
14054,41.199089279286014,471.07999999983815,681.4422046059818
14055,41.199089279286014,471.09999999983813,681.4515456984402
14056,41.199089279286014,471.1199999998381,681.460886532613
14057,41.199089279286014,471.1399999998381,681.4702271084959
14058,41.199089279286014,471.1599999998381,681.4795674267266
14059,41.199089279286014,471.17999999983806,681.4889074879524
14060,41.199089279286014,471.19999999983804,681.4982472921699
14061,41.199089279286014,471.219999999838,681.5075868393748
14062,41.199089279286014,471.239999999838,681.5169261295624
14063,41.199089279286014,471.259999999838,681.5262651627285
14064,41.199089279286014,471.27999999983797,681.5356039388685
14065,41.199089279286014,471.29999999983795,681.5449424579779
14066,41.199089279286014,471.31999999983793,681.5542807200524
14067,41.199089279286014,471.3399999998379,681.5636187250874
14068,41.199089279286014,471.3599999998379,681.5729564730786
14069,41.199089279286014,471.3799999998379,681.5822939640216
14070,41.199089279286014,471.39999999983786,681.5916311979117
14071,41.199089279286014,471.41999999983784,681.6009681747447
14072,41.199089279286014,471.4399999998378,681.610304894516
14073,41.199089279286014,471.4599999998378,681.6196413572213
14074,41.199089279286014,471.4799999998378,681.628977562856
14075,41.199089279286014,471.49999999983777,681.6383135114157
14076,41.199089279286014,471.51999999983775,681.647649202896
14077,41.199089279286014,471.53999999983773,681.6569846372923
14078,41.199089279286014,471.5599999998377,681.6663198146003
14079,41.199089279286014,471.5799999998377,681.6756547348156
14080,41.199089279286014,471.5999999998377,681.6849893979336
14081,41.199089279286014,471.61999999983766,681.6943238039499
14082,41.199089279286014,471.63999999983764,681.7036579528602
14083,41.199089279286014,471.6599999998376,681.7129918446599
14084,41.199089279286014,471.6799999998376,681.7223254793446
14085,41.199089279286014,471.6999999998376,681.7316588569098
14086,41.199089279286014,471.71999999983757,681.7409919773511
14087,41.199089279286014,471.73999999983755,681.750324840664
14088,41.199089279286014,471.75999999983753,681.7596574468441
14089,41.199089279286014,471.7799999998375,681.768989795887
14090,41.199089279286014,471.7999999998375,681.7783218877883
14091,41.199089279286014,471.8199999998375,681.7876537225433
14092,41.199089279286014,471.83999999983746,681.7969853001478
14093,41.199089279286014,471.85999999983744,681.8063166205972
14094,41.199089279286014,471.8799999998374,681.8156476838872
14095,41.199089279286014,471.8999999998374,681.8249784900132
14096,41.199089279286014,471.9199999998374,681.8343090389709
14097,41.199089279286014,471.93999999983737,681.8436393307558
14098,41.199089279286014,471.95999999983735,681.8529693653634
14099,41.199089279286014,471.97999999983733,681.8622991427892
14100,41.199089279286014,471.9999999998373,681.8716286630289
14101,41.199089279286014,472.0199999998373,681.8809579260779
14102,41.199089279286014,472.0399999998373,681.890286931932
14103,41.199089279286014,472.05999999983726,681.8996156805865
14104,41.199089279286014,472.07999999983724,681.9089441720371
14105,41.199089279286014,472.0999999998372,681.9182724062794
14106,41.199089279286014,472.1199999998372,681.9276003833088
14107,41.199089279286014,472.1399999998372,681.9369281031209
14108,41.199089279286014,472.15999999983717,681.946255565726
14109,41.199089279286014,472.17999999983715,681.9555827718511
14110,41.199089279286014,472.19999999983713,681.9649097220905
14111,41.199089279286014,472.2199999998371,681.9742364164398
14112,41.199089279286014,472.2399999998371,681.9835628548944
14113,41.199089279286014,472.2599999998371,681.99288903745
14114,41.199089279286014,472.27999999983706,682.002214964102
14115,41.199089279286014,472.29999999983704,682.0115406348459
14116,41.199089279286014,472.319999999837,682.0208660496775
14117,41.199089279286014,472.339999999837,682.0301912085921
14118,41.199089279286014,472.359999999837,682.0395161115853
14119,41.199089279286014,472.37999999983697,682.0488407586527
14120,41.199089279286014,472.39999999983695,682.0581651497897
14121,41.199089279286014,472.41999999983693,682.067489284992
14122,41.199089279286014,472.4399999998369,682.0768131642551
14123,41.199089279286014,472.4599999998369,682.0861367875746
14124,41.199089279286014,472.4799999998369,682.0954601549458
14125,41.199089279286014,472.49999999983686,682.1047832663645
14126,41.199089279286014,472.51999999983684,682.1141061218261
14127,41.199089279286014,472.5399999998368,682.1234287213263
14128,41.199089279286014,472.5599999998368,682.1327510648604
14129,41.199089279286014,472.5799999998368,682.1420731524241
14130,41.199089279286014,472.59999999983677,682.151394984013
14131,41.199089279286014,472.61999999983675,682.1607165596225
14132,41.199089279286014,472.63999999983673,682.1700378792482
14133,41.199089279286014,472.6599999998367,682.1793589428856
14134,41.199089279286014,472.6799999998367,682.1886797505304
14135,41.199089279286014,472.6999999998367,682.1980003021779
14136,41.199089279286014,472.71999999983666,682.2073205978238
14137,41.199089279286014,472.73999999983664,682.2166406374636
14138,41.199089279286014,472.7599999998366,682.2259604210929
14139,41.199089279286014,472.7799999998366,682.2352799487071
14140,41.199089279286014,472.7999999998366,682.2445992203019
14141,41.199089279286014,472.81999999983657,682.2539182358728
14142,41.199089279286014,472.83999999983655,682.2632369954152
14143,41.199089279286014,472.85999999983653,682.2725554989249
14144,41.199089279286014,472.8799999998365,682.2818737463973
14145,41.199089279286014,472.8999999998365,682.291191737828
14146,41.199089279286014,472.9199999998365,682.3005094732123
14147,41.199089279286014,472.93999999983646,682.309826952546
14148,41.199089279286014,472.95999999983644,682.3191441758246
14149,41.199089279286014,472.9799999998364,682.3284611430436
14150,41.13581935887616,472.9999999998364,682.3377778541985
14151,41.13581935887616,473.0199999998364,682.347094309285
14152,41.13581935887616,473.03999999983637,682.3564105082985
14153,41.13581935887616,473.05999999983635,682.3657264512347
14154,41.13581935887616,473.07999999983633,682.3750421380889
14155,41.13581935887616,473.0999999998363,682.3843575688569
14156,41.13581935887616,473.1199999998363,682.393672743534
14157,41.13581935887616,473.1399999998363,682.402987662116
14158,41.13581935887616,473.15999999983626,682.4123023245982
14159,41.13581935887616,473.17999999983624,682.4216167310047
14160,41.13581935887616,473.1999999998362,682.4309308820724
14161,41.13581935887616,473.2199999998362,682.4402447782809
14162,41.13581935887616,473.2399999998362,682.4495584196259
14163,41.13581935887616,473.25999999983617,682.4588718061027
14164,41.13581935887616,473.27999999983615,682.4681849377071
14165,41.13581935887616,473.29999999983613,682.4774978144344
14166,41.13581935887616,473.3199999998361,682.4868104362804
14167,41.13581935887616,473.3399999998361,682.4961228032404
14168,41.13581935887616,473.3599999998361,682.50543491531
14169,41.13581935887616,473.37999999983606,682.5147467724848
14170,41.13581935887616,473.39999999983604,682.5240583747603
14171,41.13581935887616,473.419999999836,682.5333697221321
14172,41.13581935887616,473.439999999836,682.5426808145957
14173,41.13581935887616,473.459999999836,682.5519916521465
14174,41.13581935887616,473.47999999983597,682.5613022347802
14175,41.13581935887616,473.49999999983595,682.5706125624922
14176,41.13581935887616,473.51999999983593,682.5799226352782
14177,41.13581935887616,473.5399999998359,682.5892324531336
14178,41.13581935887616,473.5599999998359,682.598542016054
14179,41.13581935887616,473.5799999998359,682.607851324035
14180,41.13581935887616,473.59999999983586,682.617160377072
14181,41.13581935887616,473.61999999983584,682.6264691751605
14182,41.13581935887616,473.6399999998358,682.6357777182963
14183,41.13581935887616,473.6599999998358,682.6450860064747
14184,41.13581935887616,473.6799999998358,682.6543940396913
14185,41.13581935887616,473.69999999983577,682.6637018179416
14186,41.13581935887616,473.71999999983575,682.6730093412212
14187,41.13581935887616,473.73999999983573,682.6823166095256
14188,41.13581935887616,473.7599999998357,682.6916236228504
14189,41.13581935887616,473.7799999998357,682.7009303811911
14190,41.13581935887616,473.7999999998357,682.7102368845433
14191,41.13581935887616,473.81999999983566,682.7195431329023
14192,41.13581935887616,473.83999999983564,682.7288491262639
14193,41.13581935887616,473.8599999998356,682.7381548646234
14194,41.13581935887616,473.8799999998356,682.7474603479766
14195,41.13581935887616,473.8999999998356,682.7567655763189
14196,41.13581935887616,473.91999999983557,682.7660705496459
14197,41.13581935887616,473.93999999983555,682.775375267953
14198,41.13581935887616,473.95999999983553,682.7846797312359
14199,41.13581935887616,473.9799999998355,682.79398393949
14200,41.13581935887616,473.9999999998355,682.803287892711
14201,41.13581935887616,474.0199999998355,682.8125915908943
14202,41.13581935887616,474.03999999983546,682.8218950340354
14203,41.13581935887616,474.05999999983544,682.83119822213
14204,41.13581935887616,474.0799999998354,682.8405011551735
14205,41.13581935887616,474.0999999998354,682.8498038331614
14206,41.13581935887616,474.1199999998354,682.8591062560895
14207,41.13581935887616,474.13999999983537,682.868408423953
14208,41.13581935887616,474.15999999983535,682.8777103367478
14209,41.13581935887616,474.17999999983533,682.8870119944692
14210,41.13581935887616,474.1999999998353,682.8963133971571
14211,41.13581935887616,474.2199999998353,682.9056145456263
14212,41.13581935887616,474.2399999998353,682.9149154402927
14213,41.13581935887616,474.25999999983526,682.9242160811516
14214,41.13581935887616,474.27999999983524,682.9335164681986
14215,41.13581935887616,474.2999999998352,682.9428166014292
14216,41.13581935887616,474.3199999998352,682.9521164808389
14217,41.13581935887616,474.3399999998352,682.9614161064233
14218,41.13581935887616,474.35999999983517,682.9707154781778
14219,41.13581935887616,474.37999999983515,682.980014596098
14220,41.13581935887616,474.39999999983513,682.9893134601796
14221,41.13581935887616,474.4199999998351,682.9986120704178
14222,41.13581935887616,474.4399999998351,683.0079104268083
14223,41.13581935887616,474.4599999998351,683.0172085293466
14224,41.13581935887616,474.47999999983506,683.0265063780282
14225,41.13581935887616,474.49999999983504,683.0358039728486
14226,41.13581935887616,474.519999999835,683.0451013138033
14227,41.13581935887616,474.539999999835,683.054398400888
14228,41.13581935887616,474.559999999835,683.0636952340981
14229,41.13581935887616,474.57999999983497,683.0729918134291
14230,41.13581935887616,474.59999999983495,683.0822881388765
14231,41.13581935887616,474.61999999983493,683.0915842104359
14232,41.13581935887616,474.6399999998349,683.1008800281029
14233,41.13581935887616,474.6599999998349,683.1101755918728
14234,41.13581935887616,474.6799999998349,683.1194709017412
14235,41.13581935887616,474.69999999983486,683.1287659577038
14236,41.13581935887616,474.71999999983484,683.1380607597558
14237,41.13581935887616,474.7399999998348,683.147355307893
14238,41.13581935887616,474.7599999998348,683.1566496021109
14239,41.13581935887616,474.7799999998348,683.1659436424048
14240,41.13581935887616,474.79999999983477,683.1752374287705
14241,41.13581935887616,474.81999999983475,683.1845309612034
14242,41.13581935887616,474.83999999983473,683.1938242396991
14243,41.13581935887616,474.8599999998347,683.2031172642529
14244,41.13581935887616,474.8799999998347,683.2124100348606
14245,41.13581935887616,474.8999999998347,683.2217025515175
14246,41.13581935887616,474.91999999983466,683.2309948142192
14247,41.13581935887616,474.93999999983464,683.2402868229614
14248,41.13581935887616,474.9599999998346,683.2495785777393
14249,41.13581935887616,474.9799999998346,683.2588700785486
14250,41.13581935887616,474.9999999998346,683.2681613253849
14251,41.13581935887616,475.01999999983457,683.2774523182436
14252,41.13581935887616,475.03999999983455,683.2867430571202
14253,41.13581935887616,475.05999999983453,683.2960335420104
14254,41.13581935887616,475.0799999998345,683.3053237729096
14255,41.13581935887616,475.0999999998345,683.3146137498132
14256,41.13581935887616,475.1199999998345,683.323903472717
14257,41.13581935887616,475.13999999983446,683.3331929416163
14258,41.13581935887616,475.15999999983444,683.3424821565068
14259,41.13581935887616,475.1799999998344,683.3517711173838
14260,41.13581935887616,475.1999999998344,683.3610598242431
14261,41.13581935887616,475.2199999998344,683.3703482771411
14262,41.13581935887616,475.23999999983437,683.3796364769793
14263,41.13581935887616,475.25999999983435,683.3889244241074
14264,41.13581935887616,475.27999999983433,683.3982121185209
14265,41.13581935887616,475.2999999998343,683.4074995602153
14266,41.13581935887616,475.3199999998343,683.4167867491863
14267,41.13581935887616,475.3399999998343,683.4260736854292
14268,41.13581935887616,475.35999999983426,683.4353603689395
14269,41.13581935887616,475.37999999983424,683.4446467997129
14270,41.13581935887616,475.3999999998342,683.4539329777448
14271,41.13581935887616,475.4199999998342,683.4632189030307
14272,41.13581935887616,475.4399999998342,683.4725045755661
14273,41.13581935887616,475.45999999983417,683.4817899953465
14274,41.13581935887616,475.47999999983415,683.4910751623675
14275,41.13581935887616,475.49999999983413,683.5003600766244
14276,41.13581935887616,475.5199999998341,683.5096447381129
14277,41.13581935887616,475.5399999998341,683.5189291468284
14278,41.13581935887616,475.5599999998341,683.5282133027666
14279,41.13581935887616,475.57999999983406,683.5374972059228
14280,41.13581935887616,475.59999999983404,683.5467808562926
14281,41.13581935887616,475.619999999834,683.5560642538715
14282,41.13581935887616,475.639999999834,683.5653473986549
14283,41.13581935887616,475.659999999834,683.5746302906385
14284,41.13581935887616,475.67999999983397,683.5839129298178
14285,41.13581935887616,475.69999999983395,683.5931953161881
14286,41.13581935887616,475.71999999983393,683.6024774497452
14287,41.13581935887616,475.7399999998339,683.6117593304843
14288,41.13581935887616,475.7599999998339,683.6210409584012
14289,41.13581935887616,475.7799999998339,683.6303223334912
14290,41.13581935887616,475.79999999983386,683.6396034557499
14291,41.13581935887616,475.81999999983384,683.6488843251728
14292,41.13581935887616,475.8399999998338,683.6581649417554
14293,41.13581935887616,475.8599999998338,683.6674453054933
14294,41.13581935887616,475.8799999998338,683.6767254163818
14295,41.13581935887616,475.89999999983377,683.6860052744165
14296,41.07271121342012,475.91999999983375,683.695284879593
14297,41.07271121342012,475.93999999983373,683.7045642319067
14298,41.07271121342012,475.9599999998337,683.7138433313532
14299,41.07271121342012,475.9799999998337,683.723122177928
14300,41.07271121342012,475.9999999998337,683.7324007716265
14301,41.07271121342012,476.01999999983366,683.7416791124444
14302,41.07271121342012,476.03999999983364,683.7509572003771
14303,41.07271121342012,476.0599999998336,683.7602350354201
14304,41.07271121342012,476.0799999998336,683.7695126175689
14305,41.07271121342012,476.0999999998336,683.7787899468191
14306,41.07271121342012,476.11999999983357,683.788067023166
14307,41.07271121342012,476.13999999983355,683.7973438466054
14308,41.07271121342012,476.15999999983353,683.8066204171325
14309,41.07271121342012,476.1799999998335,683.8158967347431
14310,41.07271121342012,476.1999999998335,683.8251727994326
14311,41.07271121342012,476.2199999998335,683.8344486111964
14312,41.07271121342012,476.23999999983346,683.8437241701017
14313,41.07271121342012,476.25999999983344,683.8529994770457
14314,41.07271121342012,476.2799999998334,683.8622745322814
14315,41.07271121342012,476.2999999998334,683.8715493358044
14316,41.07271121342012,476.3199999998334,683.8808238876101
14317,41.07271121342012,476.33999999983337,683.890098187694
14318,41.07271121342012,476.35999999983335,683.8993722360517
14319,41.07271121342012,476.37999999983333,683.9086460326786
14320,41.07271121342012,476.3999999998333,683.9179195775703
14321,41.07271121342012,476.4199999998333,683.9271928707221
14322,41.07271121342012,476.4399999998333,683.9364659121297
14323,41.07271121342012,476.45999999983326,683.9457387017885
14324,41.07271121342012,476.47999999983324,683.955011239694
14325,41.07271121342012,476.4999999998332,683.9642835258418
14326,41.07271121342012,476.5199999998332,683.9735555602272
14327,41.07271121342012,476.5399999998332,683.9828273428458
14328,41.07271121342012,476.55999999983317,683.9920988736932
14329,41.07271121342012,476.57999999983315,684.0013701527647
14330,41.07271121342012,476.59999999983313,684.0106411800559
14331,41.07271121342012,476.6199999998331,684.0199119555624
14332,41.07271121342012,476.6399999998331,684.0291824792795
14333,41.07271121342012,476.6599999998331,684.0384527512028
14334,41.07271121342012,476.67999999983306,684.0477227713278
14335,41.07271121342012,476.69999999983304,684.05699253965
14336,41.07271121342012,476.719999999833,684.0662620561649
14337,41.07271121342012,476.739999999833,684.0755313208679
14338,41.07271121342012,476.759999999833,684.0848003337546
14339,41.07271121342012,476.77999999983297,684.0940690948205
14340,41.07271121342012,476.79999999983295,684.103337604061
14341,41.07271121342012,476.81999999983293,684.1126058614717
14342,41.07271121342012,476.8399999998329,684.1218738670481
14343,41.07271121342012,476.8599999998329,684.1311416207856
14344,41.07271121342012,476.8799999998329,684.1404091226798
14345,41.07271121342012,476.89999999983286,684.1496763727262
14346,41.07271121342012,476.91999999983284,684.1589433709202
14347,41.07271121342012,476.9399999998328,684.1682101172573
14348,41.07271121342012,476.9599999998328,684.1774766117331
14349,41.07271121342012,476.9799999998328,684.1867428543432
14350,41.07271121342012,476.99999999983277,684.1960088450828
14351,41.07271121342012,477.01999999983275,684.2052745839476
14352,41.07271121342012,477.03999999983273,684.214540070933
14353,41.07271121342012,477.0599999998327,684.2238053060346
14354,41.07271121342012,477.0799999998327,684.2330702892477
14355,41.07271121342012,477.0999999998327,684.242335020568
14356,41.07271121342012,477.11999999983266,684.251599499991
14357,41.07271121342012,477.13999999983264,684.2608637275121
14358,41.07271121342012,477.1599999998326,684.2701277031268
14359,41.07271121342012,477.1799999998326,684.2793914268307
14360,41.07271121342012,477.1999999998326,684.2886548986191
14361,41.07271121342012,477.21999999983257,684.2979181184878
14362,41.07271121342012,477.23999999983255,684.307181086432
14363,41.07271121342012,477.25999999983253,684.3164438025354
14364,41.07271121342012,477.2799999998325,684.3257062677752
14365,41.07271121342012,477.2999999998325,684.3349684823362
14366,41.07271121342012,477.3199999998325,684.3442304462138
14367,41.07271121342012,477.33999999983246,684.3534921594036
14368,41.07271121342012,477.35999999983244,684.3627536219009
14369,41.07271121342012,477.3799999998324,684.3720148337012
14370,41.07271121342012,477.3999999998324,684.3812757948001
14371,41.07271121342012,477.4199999998324,684.390536505193
14372,41.07271121342012,477.43999999983237,684.3997969648755
14373,41.07271121342012,477.45999999983235,684.4090571738428
14374,41.07271121342012,477.47999999983233,684.4183171320907
14375,41.07271121342012,477.4999999998323,684.4275768396145
14376,41.07271121342012,477.5199999998323,684.4368362964098
14377,41.07271121342012,477.5399999998323,684.4460955024718
14378,41.07271121342012,477.55999999983226,684.4553544577963
14379,41.07271121342012,477.57999999983224,684.4646131623786
14380,41.07271121342012,477.5999999998322,684.4738716162142
14381,41.07271121342012,477.6199999998322,684.4831298192986
14382,41.07271121342012,477.6399999998322,684.4923877716273
14383,41.07271121342012,477.65999999983217,684.5016454731957
14384,41.07271121342012,477.67999999983215,684.5109029239994
14385,41.07271121342012,477.69999999983213,684.5201601240339
14386,41.07271121342012,477.7199999998321,684.5294170732944
14387,41.07271121342012,477.7399999998321,684.5386737717766
14388,41.07271121342012,477.7599999998321,684.547930219476
14389,41.07271121342012,477.77999999983206,684.557186416388
14390,41.07271121342012,477.79999999983204,684.5664423625082
14391,41.07271121342012,477.819999999832,684.5756980578318
14392,41.07271121342012,477.839999999832,684.5849535023546
14393,41.07271121342012,477.859999999832,684.5942086960719
14394,41.07271121342012,477.87999999983197,684.6034636389792
14395,41.07271121342012,477.89999999983195,684.612718331072
14396,41.07271121342012,477.91999999983193,684.6219727723458
14397,41.07271121342012,477.9399999998319,684.6312269627961
14398,41.07271121342012,477.9599999998319,684.6404809024183
14399,41.07271121342012,477.9799999998319,684.6497345912079
14400,41.07271121342012,477.99999999983186,684.6589880291604
14401,41.07271121342012,478.01999999983184,684.6682412162712
14402,41.07271121342012,478.0399999998318,684.6774941525359
14403,41.07271121342012,478.0599999998318,684.68674683795
14404,41.07271121342012,478.0799999998318,684.6959992725089
14405,41.07271121342012,478.09999999983177,684.705251456208
14406,41.07271121342012,478.11999999983175,684.7145033890429
14407,41.07271121342012,478.13999999983173,684.723755071009
14408,41.07271121342012,478.1599999998317,684.733006502102
14409,41.07271121342012,478.1799999998317,684.742257682317
14410,41.07271121342012,478.1999999998317,684.7515086116498
14411,41.07271121342012,478.21999999983166,684.7607592900957
14412,41.07271121342012,478.23999999983164,684.7700097176504
14413,41.07271121342012,478.2599999998316,684.7792598943091
14414,41.07271121342012,478.2799999998316,684.7885098201731
14415,41.07271121342012,478.2999999998316,684.797759496306
14416,41.07271121342012,478.31999999983157,684.8070089228213
14417,41.07271121342012,478.33999999983155,684.8162580997144
14418,41.07271121342012,478.35999999983153,684.825507026981
14419,41.07271121342012,478.3799999998315,684.8347557046163
14420,41.07271121342012,478.3999999998315,684.844004132616
14421,41.07271121342012,478.4199999998315,684.8532523109753
14422,41.07271121342012,478.43999999983146,684.8625002396899
14423,41.07271121342012,478.45999999983144,684.871747918755
14424,41.07271121342012,478.4799999998314,684.8809953481662
14425,41.07271121342012,478.4999999998314,684.8902425279189
14426,41.07271121342012,478.5199999998314,684.8994894580086
14427,41.07271121342012,478.53999999983137,684.9087361384308
14428,41.07271121342012,478.55999999983135,684.9179825691808
14429,41.07271121342012,478.57999999983133,684.9272287502544
14430,41.07271121342012,478.5999999998313,684.9364746816467
14431,41.07271121342012,478.6199999998313,684.9457203633533
14432,41.07271121342012,478.6399999998313,684.9549657953696
14433,41.07271121342012,478.65999999983126,684.9642109776911
14434,41.07271121342012,478.67999999983124,684.9734559103133
14435,41.07271121342012,478.6999999998312,684.9827005932316
14436,41.07271121342012,478.7199999998312,684.9919450264414
14437,41.07271121342012,478.7399999998312,685.0011892099383
14438,41.07271121342012,478.75999999983117,685.0104331437176
14439,41.07271121342012,478.77999999983115,685.0196768277748
14440,41.07271121342012,478.79999999983113,685.0289202621054
14441,41.07271121342012,478.8199999998311,685.0381634467049
14442,41.009764264409895,478.8399999998311,685.0474063815686
14443,41.009764264409895,478.8599999998311,685.0566490666922
14444,41.009764264409895,478.87999999983106,685.0658915020709
14445,41.009764264409895,478.89999999983104,685.0751336877004
14446,41.009764264409895,478.919999999831,685.084375623576
14447,41.009764264409895,478.939999999831,685.0936173096931
14448,41.009764264409895,478.959999999831,685.1028587460472
14449,41.009764264409895,478.97999999983097,685.1120999326339
14450,41.009764264409895,478.99999999983095,685.1213408694485
14451,41.009764264409895,479.01999999983093,685.1305815564866
14452,41.009764264409895,479.0399999998309,685.1398219937436
14453,41.009764264409895,479.0599999998309,685.1490621812148
14454,41.009764264409895,479.0799999998309,685.1583021188959
14455,41.009764264409895,479.09999999983086,685.1675418067822
14456,41.009764264409895,479.11999999983084,685.1767812448692
14457,41.009764264409895,479.1399999998308,685.1860204331524
14458,41.009764264409895,479.1599999998308,685.1952593716272
14459,41.009764264409895,479.1799999998308,685.2044980602891
14460,41.009764264409895,479.19999999983077,685.2137364991336
14461,41.009764264409895,479.21999999983075,685.222974688156
14462,41.009764264409895,479.23999999983073,685.2322126273519
14463,41.009764264409895,479.2599999998307,685.2414503167167
14464,41.009764264409895,479.2799999998307,685.250687756246
14465,41.009764264409895,479.2999999998307,685.2599249460964
14466,41.009764264409895,479.31999999983066,685.2691618872161
14467,41.009764264409895,479.33999999983064,685.2783985796887
14468,41.009764264409895,479.3599999998306,685.2876350235093
14469,41.009764264409895,479.3799999998306,685.2968712186736
14470,41.009764264409895,479.3999999998306,685.3061071651769
14471,41.009764264409895,479.41999999983057,685.3153428630146
14472,41.009764264409895,479.43999999983055,685.3245783121823
14473,41.009764264409895,479.45999999983053,685.3338135126753
14474,41.009764264409895,479.4799999998305,685.343048464489
14475,41.009764264409895,479.4999999998305,685.3522831676189
14476,41.009764264409895,479.5199999998305,685.3615176220604
14477,41.009764264409895,479.53999999983046,685.3707518278089
14478,41.009764264409895,479.55999999983044,685.3799857848599
14479,41.009764264409895,479.5799999998304,685.3892194932088
14480,41.009764264409895,479.5999999998304,685.3984529528509
14481,41.009764264409895,479.6199999998304,685.4076861637818
14482,41.009764264409895,479.63999999983037,685.416919125997
14483,41.009764264409895,479.65999999983035,685.4261518394917
14484,41.009764264409895,479.67999999983033,685.4353843042614
14485,41.009764264409895,479.6999999998303,685.4446165203017
14486,41.009764264409895,479.7199999998303,685.4538484876078
14487,41.009764264409895,479.7399999998303,685.4630802061753
14488,41.009764264409895,479.75999999983026,685.4723116759994
14489,41.009764264409895,479.77999999983024,685.4815428970758
14490,41.009764264409895,479.7999999998302,685.4907738693997
14491,41.009764264409895,479.8199999998302,685.5000045929668
14492,41.009764264409895,479.8399999998302,685.5092350677724
14493,41.009764264409895,479.85999999983017,685.5184652938118
14494,41.009764264409895,479.87999999983015,685.5276952710806
14495,41.009764264409895,479.89999999983013,685.5369249995741
14496,41.009764264409895,479.9199999998301,685.5461544792879
14497,41.009764264409895,479.9399999998301,685.5553837102173
14498,41.009764264409895,479.9599999998301,685.5646126923577
14499,41.009764264409895,479.97999999983006,685.5738414257047
14500,41.009764264409895,479.99999999983004,685.5830699102536
14501,41.009764264409895,480.01999999983,685.5922981459997
14502,41.009764264409895,480.03999999983,685.6015261329387
14503,41.009764264409895,480.05999999983,685.6107538710659
14504,41.009764264409895,480.07999999982997,685.6199813603768
14505,41.009764264409895,480.09999999982995,685.6292086008667
14506,41.009764264409895,480.11999999982993,685.6384355925311
14507,41.009764264409895,480.1399999998299,685.6476623353655
14508,41.009764264409895,480.1599999998299,685.6568888293652
14509,41.009764264409895,480.1799999998299,685.6661150745258
14510,41.009764264409895,480.19999999982986,685.6753410708426
14511,41.009764264409895,480.21999999982984,685.684566818311
14512,41.009764264409895,480.2399999998298,685.6937923169266
14513,41.009764264409895,480.2599999998298,685.7030175666847
14514,41.009764264409895,480.2799999998298,685.7122425675807
14515,41.009764264409895,480.29999999982977,685.7214673196102
14516,41.009764264409895,480.31999999982975,685.7306918230065
14517,41.009764264409895,480.33999999982973,685.7399160786836
14518,41.009764264409895,480.3599999998297,685.7491400867125
14519,41.009764264409895,480.3799999998297,685.7583638470885
14520,41.009764264409895,480.3999999998297,685.7675873598072
14521,41.009764264409895,480.41999999982966,685.7768106248639
14522,41.009764264409895,480.43999999982964,685.786033642254
14523,41.009764264409895,480.4599999998296,685.7952564119729
14524,41.009764264409895,480.4799999998296,685.8044789340161
14525,41.009764264409895,480.4999999998296,685.8137012083789
14526,41.009764264409895,480.51999999982957,685.8229232350569
14527,41.009764264409895,480.53999999982955,685.8321450140454
14528,41.009764264409895,480.55999999982953,685.8413665453397
14529,41.009764264409895,480.5799999998295,685.8505878289354
14530,41.009764264409895,480.5999999998295,685.8598088648279
14531,41.009764264409895,480.6199999998295,685.8690296530124
14532,41.009764264409895,480.63999999982946,685.8782501934844
14533,41.009764264409895,480.65999999982944,685.8874704862394
14534,41.009764264409895,480.6799999998294,685.8966905312728
14535,41.009764264409895,480.6999999998294,685.90591032858
14536,41.009764264409895,480.7199999998294,685.9151298781564
14537,41.009764264409895,480.73999999982937,685.9243491799975
14538,41.009764264409895,480.75999999982935,685.9335682340986
14539,41.009764264409895,480.77999999982933,685.9427870404552
14540,41.009764264409895,480.7999999998293,685.9520055990625
14541,41.009764264409895,480.8199999998293,685.9612239099162
14542,41.009764264409895,480.8399999998293,685.9704419730115
14543,41.009764264409895,480.85999999982926,685.979659788344
14544,41.009764264409895,480.87999999982924,685.9888773559089
14545,41.009764264409895,480.8999999998292,685.9980946757017
14546,41.009764264409895,480.9199999998292,686.007311747718
14547,41.009764264409895,480.9399999998292,686.0165285719529
14548,41.009764264409895,480.95999999982917,686.025745148402
14549,41.009764264409895,480.97999999982915,686.0349614770607
14550,41.009764264409895,480.99999999982913,686.0441775579244
14551,41.009764264409895,481.0199999998291,686.0533933909885
14552,41.009764264409895,481.0399999998291,686.0626089762484
14553,41.009764264409895,481.0599999998291,686.0718243136995
14554,41.009764264409895,481.07999999982906,686.0810394033373
14555,41.009764264409895,481.09999999982904,686.0902542451571
14556,41.009764264409895,481.119999999829,686.0994688391544
14557,41.009764264409895,481.139999999829,686.1086831853246
14558,41.009764264409895,481.159999999829,686.1178972836632
14559,41.009764264409895,481.17999999982896,686.1271111341655
14560,41.009764264409895,481.19999999982895,686.1363247368269
14561,41.009764264409895,481.21999999982893,686.1455380916428
14562,41.009764264409895,481.2399999998289,686.1547511986088
14563,41.009764264409895,481.2599999998289,686.16396405772
14564,41.009764264409895,481.2799999998289,686.1731766689721
14565,41.009764264409895,481.29999999982886,686.1823890323604
14566,41.009764264409895,481.31999999982884,686.1916011478804
14567,41.009764264409895,481.3399999998288,686.2008130158459
14568,41.009764264409895,481.3599999998288,686.2100246371342
14569,41.009764264409895,481.3799999998288,686.2192360118032
14570,41.009764264409895,481.39999999982876,686.2284471398484
14571,41.009764264409895,481.41999999982875,686.2376580212652
14572,41.009764264409895,481.43999999982873,686.2468686560491
14573,41.009764264409895,481.4599999998287,686.2560790441953
14574,41.009764264409895,481.4799999998287,686.2652891856994
14575,41.009764264409895,481.4999999998287,686.2744990805568
14576,41.009764264409895,481.51999999982866,686.2837087287628
14577,41.009764264409895,481.53999999982864,686.2929181303128
14578,41.009764264409895,481.5599999998286,686.3021272852023
14579,41.009764264409895,481.5799999998286,686.3113361934267
14580,41.009764264409895,481.5999999998286,686.3205448549813
14581,41.009764264409895,481.61999999982856,686.3297532698616
14582,41.009764264409895,481.63999999982855,686.338961438063
14583,41.009764264409895,481.6599999998285,686.348169359581
14584,41.009764264409895,481.6799999998285,686.3573770344108
14585,41.009764264409895,481.6999999998285,686.366584462548
14586,41.009764264409895,481.7199999998285,686.3757916439878
14587,41.009764264409895,481.73999999982846,686.3849985787258
14588,40.94697793599466,481.75999999982844,686.3942052667574
14589,40.94697793599466,481.7799999998284,686.4034117080779
14590,40.94697793599466,481.7999999998284,686.4126179026828
14591,40.94697793599466,481.8199999998284,686.4218238505674
14592,40.94697793599466,481.83999999982836,686.4310295517273
14593,40.94697793599466,481.85999999982835,686.4402350061578
14594,40.94697793599466,481.8799999998283,686.4494402138541
14595,40.94697793599466,481.8999999998283,686.458645174812
14596,40.94697793599466,481.9199999998283,686.4678498890266
14597,40.94697793599466,481.9399999998283,686.4770543564936
14598,40.94697793599466,481.95999999982826,686.4862585772081
14599,40.94697793599466,481.97999999982824,686.4954625511657
14600,40.94697793599466,481.9999999998282,686.5046662783617
14601,40.94697793599466,482.0199999998282,686.5138697587915
14602,40.94697793599466,482.0399999998282,686.5230729924507
14603,40.94697793599466,482.05999999982816,686.5322759793346
14604,40.94697793599466,482.07999999982815,686.5414787194386
14605,40.94697793599466,482.0999999998281,686.550681212758
14606,40.94697793599466,482.1199999998281,686.5598834592885
14607,40.94697793599466,482.1399999998281,686.5690854590251
14608,40.94697793599466,482.1599999998281,686.5782872119636
14609,40.94697793599466,482.17999999982806,686.5874887180992
14610,40.94697793599466,482.19999999982804,686.5966899774273
14611,40.94697793599466,482.219999999828,686.6058909899434
14612,40.94697793599466,482.239999999828,686.6150917556429
14613,40.94697793599466,482.259999999828,686.6242922745212
14614,40.94697793599466,482.27999999982796,686.6334925465736
14615,40.94697793599466,482.29999999982795,686.6426925717957
14616,40.94697793599466,482.3199999998279,686.6518923501828
14617,40.94697793599466,482.3399999998279,686.6610918817304
14618,40.94697793599466,482.3599999998279,686.6702911667987
14619,40.94697793599466,482.3799999998279,686.6794902061469
14620,40.94697793599466,482.39999999982786,686.6886889998145
14621,40.94697793599466,482.41999999982784,686.6978875477971
14622,40.94697793599466,482.4399999998278,686.7070858500899
14623,40.94697793599466,482.4599999998278,686.7162839066884
14624,40.94697793599466,482.4799999998278,686.7254817175881
14625,40.94697793599466,482.49999999982776,686.7346792827842
14626,40.94697793599466,482.51999999982775,686.7438766022723
14627,40.94697793599466,482.5399999998277,686.7530736760476
14628,40.94697793599466,482.5599999998277,686.7622705041057
14629,40.94697793599466,482.5799999998277,686.7714670864418
14630,40.94697793599466,482.5999999998277,686.7806634230515
14631,40.94697793599466,482.61999999982766,686.7898595139301
14632,40.94697793599466,482.63999999982764,686.799055359073
14633,40.94697793599466,482.6599999998276,686.8082509584757
14634,40.94697793599466,482.6799999998276,686.8174463121335
14635,40.94697793599466,482.6999999998276,686.8266414200418
14636,40.94697793599466,482.71999999982756,686.835836282196
14637,40.94697793599466,482.73999999982755,686.8450308985916
14638,40.94697793599466,482.7599999998275,686.8542252692239
14639,40.94697793599466,482.7799999998275,686.8634193940883
14640,40.94697793599466,482.7999999998275,686.8726132731803
14641,40.94697793599466,482.8199999998275,686.8818069064952
14642,40.94697793599466,482.83999999982746,686.8910002940285
14643,40.94697793599466,482.85999999982744,686.9001934357755
14644,40.94697793599466,482.8799999998274,686.9093863317316
14645,40.94697793599466,482.8999999998274,686.9185789818923
14646,40.94697793599466,482.9199999998274,686.927771386253
14647,40.94697793599466,482.93999999982736,686.936963544809
14648,40.94697793599466,482.95999999982735,686.9461554575558
14649,40.94697793599466,482.9799999998273,686.9553471244888
14650,40.94697793599466,482.9999999998273,686.9645385456033
14651,40.94697793599466,483.0199999998273,686.9737297208949
14652,40.94697793599466,483.0399999998273,686.9829206503588
14653,40.94697793599466,483.05999999982726,686.9921113339905
14654,40.94697793599466,483.07999999982724,687.0013017717853
14655,40.94697793599466,483.0999999998272,687.0104919637388
14656,40.94697793599466,483.1199999998272,687.0196819098462
14657,40.94697793599466,483.1399999998272,687.0288716101031
14658,40.94697793599466,483.15999999982716,687.0380610645047
14659,40.94697793599466,483.17999999982715,687.0472502730466
14660,40.94697793599466,483.1999999998271,687.0564392357242
14661,40.94697793599466,483.2199999998271,687.0656279525326
14662,40.94697793599466,483.2399999998271,687.0748164234675
14663,40.94697793599466,483.2599999998271,687.0840046485242
14664,40.94697793599466,483.27999999982706,687.0931926276982
14665,40.94697793599466,483.29999999982704,687.1023803609847
14666,40.94697793599466,483.319999999827,687.1115678483794
14667,40.94697793599466,483.339999999827,687.1207550898775
14668,40.94697793599466,483.359999999827,687.1299420854745
14669,40.94697793599466,483.37999999982696,687.1391288356132
14670,40.94697793599466,483.39999999982695,687.148315341019
14671,40.94697793599466,483.4199999998269,687.1575016017189
14672,40.94697793599466,483.4399999998269,687.166687617708
14673,40.94697793599466,483.4599999998269,687.1758733889818
14674,40.94697793599466,483.4799999998269,687.1850589155357
14675,40.94697793599466,483.49999999982685,687.1942441973652
14676,40.94697793599466,483.51999999982684,687.2034292344655
14677,40.94697793599466,483.5399999998268,687.2126140268322
14678,40.94697793599466,483.5599999998268,687.2217985744604
14679,40.94697793599466,483.5799999998268,687.2309828773458
14680,40.94697793599466,483.59999999982676,687.2401669354837
14681,40.94697793599466,483.61999999982675,687.2493507488693
14682,40.94697793599466,483.6399999998267,687.2585343174983
14683,40.94697793599466,483.6599999998267,687.2677176413658
14684,40.94697793599466,483.6799999998267,687.2769007204673
14685,40.94697793599466,483.6999999998267,687.2860835547982
14686,40.94697793599466,483.71999999982665,687.295266144354
14687,40.94697793599466,483.73999999982664,687.3044484891299
14688,40.94697793599466,483.7599999998266,687.3136305891213
14689,40.94697793599466,483.7799999998266,687.3228124443237
14690,40.94697793599466,483.7999999998266,687.3319940547326
14691,40.94697793599466,483.81999999982656,687.3411754203432
14692,40.94697793599466,483.83999999982655,687.350356541151
14693,40.94697793599466,483.8599999998265,687.3595374171513
14694,40.94697793599466,483.8799999998265,687.3687180483395
14695,40.94697793599466,483.8999999998265,687.3778984347109
14696,40.94697793599466,483.9199999998265,687.3870785762612
14697,40.94697793599466,483.93999999982645,687.3962584729854
14698,40.94697793599466,483.95999999982644,687.4054381248792
14699,40.94697793599466,483.9799999998264,687.4146175319379
14700,40.94697793599466,483.9999999998264,687.4237966941569
14701,40.94697793599466,484.0199999998264,687.4329756115314
14702,40.94697793599466,484.03999999982636,687.4421542840571
14703,40.94697793599466,484.05999999982635,687.4513327117292
14704,40.94697793599466,484.0799999998263,687.4605108945431
14705,40.94697793599466,484.0999999998263,687.4696888324942
14706,40.94697793599466,484.1199999998263,687.4788665255779
14707,40.94697793599466,484.1399999998263,687.4880439737897
14708,40.94697793599466,484.15999999982625,687.4972211771249
14709,40.94697793599466,484.17999999982624,687.5063981355788
14710,40.94697793599466,484.1999999998262,687.515574849147
14711,40.94697793599466,484.2199999998262,687.5247513178248
14712,40.94697793599466,484.2399999998262,687.5339275416076
14713,40.94697793599466,484.25999999982616,687.5431035204907
14714,40.94697793599466,484.27999999982615,687.5522792544696
14715,40.94697793599466,484.2999999998261,687.5614547435396
14716,40.94697793599466,484.3199999998261,687.5706299876962
14717,40.94697793599466,484.3399999998261,687.5798049869347
14718,40.94697793599466,484.3599999998261,687.5889797412506
14719,40.94697793599466,484.37999999982605,687.5981542506391
14720,40.94697793599466,484.39999999982604,687.6073285156291
14721,40.94697793599466,484.419999999826,687.6165025369078
14722,40.94697793599466,484.439999999826,687.625676314488
14723,40.94697793599466,484.459999999826,687.6348498483653
14724,40.94697793599466,484.47999999982596,687.6440231385351
14725,40.94697793599466,484.49999999982595,687.6531961849926
14726,40.94697793599466,484.5199999998259,687.6623689877333
14727,40.94697793599466,484.5399999998259,687.6715415467526
14728,40.94697793599466,484.5599999998259,687.6807138620458
14729,40.94697793599466,484.5799999998259,687.6898859336083
14730,40.94697793599466,484.59999999982585,687.6990577614354
14731,40.94697793599466,484.61999999982584,687.7082293455226
14732,40.94697793599466,484.6399999998258,687.7174006858653
14733,40.94697793599466,484.6599999998258,687.7265717824588
14734,40.94697793599466,484.6799999998258,687.7357426352985
14735,40.884351654965705,484.69999999982576,687.7449132443797
14736,40.884351654965705,484.71999999982575,687.754083609698
14737,40.884351654965705,484.7399999998257,687.7632537312486
14738,40.884351654965705,484.7599999998257,687.7724236090269
14739,40.884351654965705,484.7799999998257,687.7815932430283
14740,40.884351654965705,484.7999999998257,687.7907626332482
14741,40.884351654965705,484.81999999982565,687.7999317796819
14742,40.884351654965705,484.83999999982564,687.8091006823248
14743,40.884351654965705,484.8599999998256,687.8182693411724
14744,40.884351654965705,484.8799999998256,687.82743775622
14745,40.884351654965705,484.8999999998256,687.836605927463
14746,40.884351654965705,484.91999999982556,687.8457738548967
14747,40.884351654965705,484.93999999982555,687.8549415385165
14748,40.884351654965705,484.9599999998255,687.8641089783179
14749,40.884351654965705,484.9799999998255,687.8732761742962
14750,40.884351654965705,484.9999999998255,687.8824431264467
14751,40.884351654965705,485.0199999998255,687.8916098347648
14752,40.884351654965705,485.03999999982545,687.9007762992461
14753,40.884351654965705,485.05999999982544,687.9099425198858
14754,40.884351654965705,485.0799999998254,687.9191084966793
14755,40.884351654965705,485.0999999998254,687.9282742296219
14756,40.884351654965705,485.1199999998254,687.9374397187091
14757,40.884351654965705,485.13999999982536,687.9466049639362
14758,40.884351654965705,485.15999999982535,687.9557699652987
14759,40.884351654965705,485.1799999998253,687.9649347227919
14760,40.884351654965705,485.1999999998253,687.9740992364111
14761,40.884351654965705,485.2199999998253,687.9832635061518
14762,40.884351654965705,485.2399999998253,687.9924275320094
14763,40.884351654965705,485.25999999982525,688.0015913139792
14764,40.884351654965705,485.27999999982524,688.0107548520566
14765,40.884351654965705,485.2999999998252,688.019918146237
14766,40.884351654965705,485.3199999998252,688.0290811965158
14767,40.884351654965705,485.3399999998252,688.0382440028883
14768,40.884351654965705,485.35999999982516,688.0474065653499
14769,40.884351654965705,485.37999999982515,688.056568883896
14770,40.884351654965705,485.3999999998251,688.0657309585221
14771,40.884351654965705,485.4199999998251,688.0748927897865
14772,40.884351654965705,485.4399999998251,688.0840543782728
14773,40.884351654965705,485.4599999998251,688.0932157239788
14774,40.884351654965705,485.47999999982505,688.1023768269001
14775,40.884351654965705,485.49999999982504,688.1115376870321
14776,40.884351654965705,485.519999999825,688.12069830437
14777,40.884351654965705,485.539999999825,688.1298586789092
14778,40.884351654965705,485.559999999825,688.139018810645
14779,40.884351654965705,485.57999999982496,688.1481786995729
14780,40.884351654965705,485.59999999982495,688.1573383456882
14781,40.884351654965705,485.6199999998249,688.1664977489863
14782,40.884351654965705,485.6399999998249,688.1756569094626
14783,40.884351654965705,485.6599999998249,688.1848158271124
14784,40.884351654965705,485.6799999998249,688.193974501931
14785,40.884351654965705,485.69999999982485,688.2031329339139
14786,40.884351654965705,485.71999999982484,688.2122911230565
14787,40.884351654965705,485.7399999998248,688.221449069354
14788,40.884351654965705,485.7599999998248,688.2306067728018
14789,40.884351654965705,485.7799999998248,688.2397642333954
14790,40.884351654965705,485.79999999982476,688.2489214511301
14791,40.884351654965705,485.81999999982474,688.2580784260011
14792,40.884351654965705,485.8399999998247,688.267235158004
14793,40.884351654965705,485.8599999998247,688.2763916471341
14794,40.884351654965705,485.8799999998247,688.2855478933867
14795,40.884351654965705,485.8999999998247,688.2947038967573
14796,40.884351654965705,485.91999999982465,688.3038596572411
14797,40.884351654965705,485.93999999982464,688.3130151748336
14798,40.884351654965705,485.9599999998246,688.3221704495301
14799,40.884351654965705,485.9799999998246,688.331325481326
14800,40.884351654965705,485.9999999998246,688.3404802702166
14801,40.884351654965705,486.01999999982456,688.3496348161974
14802,40.884351654965705,486.03999999982454,688.3587891192636
14803,40.884351654965705,486.0599999998245,688.3679431794108
14804,40.884351654965705,486.0799999998245,688.3770969966341
14805,40.884351654965705,486.0999999998245,688.3862505709291
14806,40.884351654965705,486.1199999998245,688.3954039022909
14807,40.884351654965705,486.13999999982445,688.4045569907152
14808,40.884351654965705,486.15999999982444,688.4137098361971
14809,40.884351654965705,486.1799999998244,688.4228624387321
14810,40.884351654965705,486.1999999998244,688.4320147983154
14811,40.884351654965705,486.2199999998244,688.4411669149426
14812,40.884351654965705,486.23999999982436,688.450318788609
14813,40.884351654965705,486.25999999982434,688.4594704193099
14814,40.884351654965705,486.2799999998243,688.4686218070407
14815,40.884351654965705,486.2999999998243,688.4777729517967
14816,40.884351654965705,486.3199999998243,688.4869238535734
14817,40.884351654965705,486.3399999998243,688.4960745123661
14818,40.884351654965705,486.35999999982425,688.5052249281702
14819,40.884351654965705,486.37999999982424,688.5143751009809
14820,40.884351654965705,486.3999999998242,688.5235250307938
14821,40.884351654965705,486.4199999998242,688.5326747176155
14822,40.884351654965705,486.4399999998242,688.5418241620788
14823,40.884351654965705,486.45999999982416,688.5509733647167
14824,40.884351654965705,486.47999999982414,688.5601223255244
14825,40.884351654965705,486.4999999998241,688.5692710444972
14826,40.884351654965705,486.5199999998241,688.5784195216306
14827,40.884351654965705,486.5399999998241,688.5875677569198
14828,40.884351654965705,486.5599999998241,688.5967157503603
14829,40.884351654965705,486.57999999982405,688.6058635019474
14830,40.884351654965705,486.59999999982404,688.6150110116764
14831,40.884351654965705,486.619999999824,688.6241582795427
14832,40.884351654965705,486.639999999824,688.6333053055416
14833,40.884351654965705,486.659999999824,688.6424520896686
14834,40.884351654965705,486.67999999982396,688.6515986319189
14835,40.884351654965705,486.69999999982394,688.6607449322879
14836,40.884351654965705,486.7199999998239,688.6698909907709
14837,40.884351654965705,486.7399999998239,688.6790368073633
14838,40.884351654965705,486.7599999998239,688.6881823820605
14839,40.884351654965705,486.7799999998239,688.6973277148578
14840,40.884351654965705,486.79999999982385,688.7064728057505
14841,40.884351654965705,486.81999999982384,688.715617654734
14842,40.884351654965705,486.8399999998238,688.7247622618038
14843,40.884351654965705,486.8599999998238,688.733906626955
14844,40.884351654965705,486.8799999998238,688.7430507501831
14845,40.884351654965705,486.89999999982376,688.7521946314835
14846,40.884351654965705,486.91999999982374,688.7613382708514
14847,40.884351654965705,486.9399999998237,688.7704816682823
14848,40.884351654965705,486.9599999998237,688.7796248237714
14849,40.884351654965705,486.9799999998237,688.7887677373142
14850,40.884351654965705,486.9999999998237,688.7979104089059
14851,40.884351654965705,487.01999999982365,688.807052838542
14852,40.884351654965705,487.03999999982364,688.8161950262177
14853,40.884351654965705,487.0599999998236,688.8253369719284
14854,40.884351654965705,487.0799999998236,688.8344786756696
14855,40.884351654965705,487.0999999998236,688.8436201374366
14856,40.884351654965705,487.11999999982356,688.8527613572246
14857,40.884351654965705,487.13999999982354,688.8619023350291
14858,40.884351654965705,487.1599999998235,688.8710430708454
14859,40.884351654965705,487.1799999998235,688.8801835646689
14860,40.884351654965705,487.1999999998235,688.8893238164949
14861,40.884351654965705,487.2199999998235,688.8984638263188
14862,40.884351654965705,487.23999999982345,688.9076035941359
14863,40.884351654965705,487.25999999982344,688.9167431199417
14864,40.884351654965705,487.2799999998234,688.9258824037313
14865,40.884351654965705,487.2999999998234,688.9350214455002
14866,40.884351654965705,487.3199999998234,688.9441602452438
14867,40.884351654965705,487.33999999982336,688.9532988029573
14868,40.884351654965705,487.35999999982334,688.9624371186362
14869,40.884351654965705,487.3799999998233,688.9715751922758
14870,40.884351654965705,487.3999999998233,688.9807130238715
14871,40.884351654965705,487.4199999998233,688.9898506134186
14872,40.884351654965705,487.43999999982327,688.9989879609383
14873,40.884351654965705,487.45999999982325,689.0081250671359
14874,40.884351654965705,487.47999999982324,689.0172619324853
14875,40.884351654965705,487.4999999998232,689.0263985569818
14876,40.884351654965705,487.5199999998232,689.0355349406207
14877,40.884351654965705,487.5399999998232,689.0446710833974
14878,40.884351654965705,487.55999999982316,689.0538069853071
14879,40.884351654965705,487.57999999982314,689.0629426463454
14880,40.884351654965705,487.5999999998231,689.0720780665074
14881,40.884351654965705,487.6199999998231,689.0812132457886
14882,40.884351654965705,487.6399999998231,689.0903481841842
14883,40.82188485074179,487.65999999982307,689.0994828816897
14884,40.82188485074179,487.67999999982305,689.1086173383003
14885,40.82188485074179,487.69999999982304,689.1177515540114
14886,40.82188485074179,487.719999999823,689.1268855288183
14887,40.82188485074179,487.739999999823,689.1360192627164
14888,40.82188485074179,487.759999999823,689.145152755701
14889,40.82188485074179,487.77999999982296,689.1542860077675
14890,40.82188485074179,487.79999999982294,689.1634190189111
14891,40.82188485074179,487.8199999998229,689.1725517891273
14892,40.82188485074179,487.8399999998229,689.1816843184113
14893,40.82188485074179,487.8599999998229,689.1908166067585
14894,40.82188485074179,487.87999999982287,689.1999486541642
14895,40.82188485074179,487.89999999982285,689.2090804606239
14896,40.82188485074179,487.91999999982283,689.2182120261327
14897,40.82188485074179,487.9399999998228,689.2273433506862
14898,40.82188485074179,487.9599999998228,689.2364744342794
14899,40.82188485074179,487.9799999998228,689.245605276908
14900,40.82188485074179,487.99999999982276,689.2547358785672
14901,40.82188485074179,488.01999999982274,689.2638662392523
14902,40.82188485074179,488.0399999998227,689.2729963589586
14903,40.82188485074179,488.0599999998227,689.2821262376815
14904,40.82188485074179,488.0799999998227,689.2912558754164
14905,40.82188485074179,488.09999999982267,689.3003852721586
14906,40.82188485074179,488.11999999982265,689.3095144279033
14907,40.82188485074179,488.13999999982263,689.318643342646
14908,40.82188485074179,488.1599999998226,689.327772016382
14909,40.82188485074179,488.1799999998226,689.3369004491067
14910,40.82188485074179,488.1999999998226,689.3460286408153
14911,40.82188485074179,488.21999999982256,689.3551565915034
14912,40.82188485074179,488.23999999982254,689.364284301166
14913,40.82188485074179,488.2599999998225,689.3734117697986
14914,40.82188485074179,488.2799999998225,689.3825389973966
14915,40.82188485074179,488.2999999998225,689.3916659839554
14916,40.82188485074179,488.31999999982247,689.40079272947
14917,40.82188485074179,488.33999999982245,689.4099192339361
14918,40.82188485074179,488.35999999982243,689.4190454973489
14919,40.82188485074179,488.3799999998224,689.4281715197037
14920,40.82188485074179,488.3999999998224,689.437297300996
14921,40.82188485074179,488.4199999998224,689.446422841221
14922,40.82188485074179,488.43999999982236,689.455548140374
14923,40.82188485074179,488.45999999982234,689.4646731984877
14924,40.82188485074179,488.4799999998223,689.4737980162707
14925,40.82188485074179,488.4999999998223,689.4829225940965
14926,40.82188485074179,488.5199999998223,689.4920469319604
14927,40.82188485074179,488.53999999982227,689.5011710298578
14928,40.82188485074179,488.55999999982225,689.510294887784
14929,40.82188485074179,488.57999999982223,689.5194185057342
14930,40.82188485074179,488.5999999998222,689.5285418837037
14931,40.82188485074179,488.6199999998222,689.5376650216881
14932,40.82188485074179,488.6399999998222,689.5467879196825
14933,40.82188485074179,488.65999999982216,689.5559105776823
14934,40.82188485074179,488.67999999982214,689.5650329956827
14935,40.82188485074179,488.6999999998221,689.5741551736792
14936,40.82188485074179,488.7199999998221,689.583277111667
14937,40.82188485074179,488.7399999998221,689.5923988096415
14938,40.82188485074179,488.75999999982207,689.601520267598
14939,40.82188485074179,488.77999999982205,689.6106414855317
14940,40.82188485074179,488.79999999982203,689.6197624634381
14941,40.82188485074179,488.819999999822,689.6288832013124
14942,40.82188485074179,488.839999999822,689.6380036991501
14943,40.82188485074179,488.859999999822,689.6471239569464
14944,40.82188485074179,488.87999999982196,689.6562439746966
14945,40.82188485074179,488.89999999982194,689.6653637523962
14946,40.82188485074179,488.9199999998219,689.6744832900403
14947,40.82188485074179,488.9399999998219,689.6836025876243
14948,40.82188485074179,488.9599999998219,689.6927216451435
14949,40.82188485074179,488.97999999982187,689.7018404625933
14950,40.82188485074179,488.99999999982185,689.710959039969
14951,40.82188485074179,489.01999999982183,689.720077377266
14952,40.82188485074179,489.0399999998218,689.7291954744794
14953,40.82188485074179,489.0599999998218,689.7383133316048
14954,40.82188485074179,489.0799999998218,689.7474309486373
14955,40.82188485074179,489.09999999982176,689.7565483255723
14956,40.82188485074179,489.11999999982174,689.7656654624052
14957,40.82188485074179,489.1399999998217,689.7747823591312
14958,40.82188485074179,489.1599999998217,689.7838990157458
14959,40.82188485074179,489.1799999998217,689.7930154322441
14960,40.82188485074179,489.19999999982167,689.8021316086217
14961,40.82188485074179,489.21999999982165,689.8112475448737
14962,40.82188485074179,489.23999999982163,689.8203632409954
14963,40.82188485074179,489.2599999998216,689.8294786969824
14964,40.82188485074179,489.2799999998216,689.8385939128298
14965,40.82188485074179,489.2999999998216,689.8477088885329
14966,40.82188485074179,489.31999999982156,689.8568236240872
14967,40.82188485074179,489.33999999982154,689.8659381194879
14968,40.82188485074179,489.3599999998215,689.8750523747303
14969,40.82188485074179,489.3799999998215,689.8841663898098
14970,40.82188485074179,489.3999999998215,689.8932801647218
14971,40.82188485074179,489.41999999982147,689.9023936994614
14972,40.82188485074179,489.43999999982145,689.9115069940241
14973,40.82188485074179,489.45999999982143,689.9206200484052
14974,40.82188485074179,489.4799999998214,689.9297328626521
14975,40.82188485074179,489.4999999998214,689.9388454375497
14976,40.82188485074179,489.5199999998214,689.9479577734141
14977,40.82188485074179,489.53999999982136,689.9570698702407
14978,40.82188485074179,489.55999999982134,689.9661817280248
14979,40.82188485074179,489.5799999998213,689.9752933467618
14980,40.82188485074179,489.5999999998213,689.9844047264469
14981,40.82188485074179,489.6199999998213,689.9935158670754
14982,40.82188485074179,489.63999999982127,690.0026267686239
14983,40.82188485074179,489.65999999982125,690.0117374308185
14984,40.82188485074179,489.67999999982123,690.020847853553
14985,40.82188485074179,489.6999999998212,690.0299580368228
14986,40.82188485074179,489.7199999998212,690.0390679806229
14987,40.82188485074179,489.7399999998212,690.0481776849487
14988,40.82188485074179,489.75999999982116,690.0572871497951
14989,40.82188485074179,489.77999999982114,690.0663963751575
14990,40.82188485074179,489.7999999998211,690.0755053610311
14991,40.82188485074179,489.8199999998211,690.084614107411
14992,40.82188485074179,489.8399999998211,690.0937226142923
14993,40.82188485074179,489.85999999982107,690.1028308816705
14994,40.82188485074179,489.87999999982105,690.1119389095404
14995,40.82188485074179,489.89999999982103,690.1210466978974
14996,40.82188485074179,489.919999999821,690.1301542467367
14997,40.82188485074179,489.939999999821,690.1392615560533
14998,40.82188485074179,489.959999999821,690.1483686258425
14999,40.82188485074179,489.97999999982096,690.1574754560995
15000,40.82188485074179,489.99999999982094,690.1665820468195
15001,40.82188485074179,490.0199999998209,690.1756883979976
15002,40.82188485074179,490.0399999998209,690.1847945096291
15003,40.82188485074179,490.0599999998209,690.1939003817091
15004,40.82188485074179,490.07999999982087,690.2030060142329
15005,40.82188485074179,490.09999999982085,690.2121114071955
15006,40.82188485074179,490.11999999982083,690.2212165605922
15007,40.82188485074179,490.1399999998208,690.2303214744182
15008,40.82188485074179,490.1599999998208,690.2394261486687
15009,40.82188485074179,490.1799999998208,690.2485305833388
15010,40.82188485074179,490.19999999982076,690.2576347784237
15011,40.82188485074179,490.21999999982074,690.2667387339186
15012,40.82188485074179,490.2399999998207,690.2758424498187
15013,40.82188485074179,490.2599999998207,690.2849459261192
15014,40.82188485074179,490.2799999998207,690.2940491628153
15015,40.82188485074179,490.29999999982067,690.3031521599022
15016,40.82188485074179,490.31999999982065,690.312254917375
15017,40.82188485074179,490.33999999982063,690.3213574352288
15018,40.82188485074179,490.3599999998206,690.330459713459
15019,40.82188485074179,490.3799999998206,690.3395617520607
15020,40.82188485074179,490.3999999998206,690.3486635510291
15021,40.82188485074179,490.41999999982056,690.3577651103593
15022,40.82188485074179,490.43999999982054,690.3668664300466
15023,40.82188485074179,490.4599999998205,690.3759675100861
15024,40.82188485074179,490.4799999998205,690.385068350473
15025,40.82188485074179,490.4999999998205,690.39416895127
15026,40.82188485074179,490.51999999982047,690.4032693133369
15027,40.82188485074179,490.53999999982045,690.4123694369272
15028,40.82188485074179,490.55999999982043,690.421469322036
15029,40.82188485074179,490.5799999998204,690.4305689686588
15030,40.82188485074179,490.5999999998204,690.4396683767905
15031,40.82188485074179,490.6199999998204,690.4487675464263
15032,40.82188485074179,490.63999999982036,690.4578664775615
15033,40.82188485074179,490.65999999982034,690.4669651701912
15034,40.82188485074179,490.6799999998203,690.4760636243105
15035,40.82188485074179,490.6999999998203,690.4851618399148
15036,40.75957695535435,490.7199999998203,690.494259816999
15037,40.75957695535435,490.73999999982027,690.5033575555585
15038,40.75957695535435,490.75999999982025,690.5124550555884
15039,40.75957695535435,490.77999999982023,690.5215523170838
15040,40.75957695535435,490.7999999998202,690.5306493400399
15041,40.75957695535435,490.8199999998202,690.5397461244519
15042,40.75957695535435,490.8399999998202,690.548842670315
15043,40.75957695535435,490.85999999982016,690.5579389776244
15044,40.75957695535435,490.87999999982014,690.5670350463752
15045,40.75957695535435,490.8999999998201,690.5761308765625
15046,40.75957695535435,490.9199999998201,690.5852264681816
15047,40.75957695535435,490.9399999998201,690.5943218212278
15048,40.75957695535435,490.95999999982007,690.603416935696
15049,40.75957695535435,490.97999999982005,690.6125118115816
15050,40.75957695535435,490.99999999982003,690.6216064488797
15051,40.75957695535435,491.01999999982,690.6307008475853
15052,40.75957695535435,491.03999999982,690.6397950076939
15053,40.75957695535435,491.05999999982,690.6488889292004
15054,40.75957695535435,491.07999999981996,690.6579826121002
15055,40.75957695535435,491.09999999981994,690.6670760563883
15056,40.75957695535435,491.1199999998199,690.67616926206
15057,40.75957695535435,491.1399999998199,690.6852622291103
15058,40.75957695535435,491.1599999998199,690.6943549575345
15059,40.75957695535435,491.17999999981987,690.7034474473279
15060,40.75957695535435,491.19999999981985,690.7125396984854
15061,40.75957695535435,491.21999999981983,690.7216317110025
15062,40.75957695535435,491.2399999998198,690.730723484874
15063,40.75957695535435,491.2599999998198,690.7398150200954
15064,40.75957695535435,491.2799999998198,690.7489063166618
15065,40.75957695535435,491.29999999981976,690.7579973745683
15066,40.75957695535435,491.31999999981974,690.7670881938101
15067,40.75957695535435,491.3399999998197,690.7761787743823
15068,40.75957695535435,491.3599999998197,690.7852691162802
15069,40.75957695535435,491.3799999998197,690.794359219499
15070,40.75957695535435,491.39999999981967,690.8034490840338
15071,40.75957695535435,491.41999999981965,690.8125387098797
15072,40.75957695535435,491.43999999981963,690.8216280970321
15073,40.75957695535435,491.4599999998196,690.830717245486
15074,40.75957695535435,491.4799999998196,690.8398061552366
15075,40.75957695535435,491.4999999998196,690.8488948262791
15076,40.75957695535435,491.51999999981956,690.8579832586842
15077,40.75957695535435,491.53999999981954,690.8670714533013
15078,40.75957695535435,491.5599999998195,690.8761594103001
15079,40.75957695535435,491.5799999998195,690.8852471296759
15080,40.75957695535435,491.5999999998195,690.8943346114238
15081,40.75957695535435,491.61999999981947,690.9034218555389
15082,40.75957695535435,491.63999999981945,690.9125088620164
15083,40.75957695535435,491.65999999981943,690.9215956308514
15084,40.75957695535435,491.6799999998194,690.9306821620391
15085,40.75957695535435,491.6999999998194,690.9397684555748
15086,40.75957695535435,491.7199999998194,690.9488545114535
15087,40.75957695535435,491.73999999981936,690.9579403296705
15088,40.75957695535435,491.75999999981934,690.9670259102209
15089,40.75957695535435,491.7799999998193,690.9761112530998
15090,40.75957695535435,491.7999999998193,690.9851963583025
15091,40.75957695535435,491.8199999998193,690.994281225824
15092,40.75957695535435,491.83999999981927,691.0033658556596
15093,40.75957695535435,491.85999999981925,691.0124502478044
15094,40.75957695535435,491.87999999981923,691.0215344022536
15095,40.75957695535435,491.8999999998192,691.0306183190022
15096,40.75957695535435,491.9199999998192,691.0397019980456
15097,40.75957695535435,491.9399999998192,691.0487854393789
15098,40.75957695535435,491.95999999981916,691.0578686429972
15099,40.75957695535435,491.97999999981914,691.0669516088957
15100,40.75957695535435,491.9999999998191,691.0760343370696
15101,40.75957695535435,492.0199999998191,691.085116827514
15102,40.75957695535435,492.0399999998191,691.094199080224
15103,40.75957695535435,492.05999999981907,691.103281095195
15104,40.75957695535435,492.07999999981905,691.1123628724221
15105,40.75957695535435,492.09999999981903,691.1214444119003
15106,40.75957695535435,492.119999999819,691.1305257136248
15107,40.75957695535435,492.139999999819,691.1396067775909
15108,40.75957695535435,492.159999999819,691.1486876037936
15109,40.75957695535435,492.17999999981896,691.1577681922283
15110,40.75957695535435,492.19999999981894,691.16684854289
15111,40.75957695535435,492.2199999998189,691.1759286557739
15112,40.75957695535435,492.2399999998189,691.185008530875
15113,40.75957695535435,492.2599999998189,691.1940881681888
15114,40.75957695535435,492.27999999981887,691.2031675677102
15115,40.75957695535435,492.29999999981885,691.2122467294346
15116,40.75957695535435,492.31999999981883,691.2213256533569
15117,40.75957695535435,492.3399999998188,691.2304043394723
15118,40.75957695535435,492.3599999998188,691.2394827877762
15119,40.75957695535435,492.3799999998188,691.2485609982635
15120,40.75957695535435,492.39999999981876,691.2576389709296
15121,40.75957695535435,492.41999999981874,691.2667167057696
15122,40.75957695535435,492.4399999998187,691.2757942027786
15123,40.75957695535435,492.4599999998187,691.2848714619518
15124,40.75957695535435,492.4799999998187,691.2939484832842
15125,40.75957695535435,492.49999999981867,691.3030252667712
15126,40.75957695535435,492.51999999981865,691.312101812408
15127,40.75957695535435,492.53999999981863,691.3211781202809
15128,40.75957695535435,492.5599999998186,691.3302541913209
15129,40.75957695535435,492.5799999998186,691.3393300256361
15130,40.75957695535435,492.5999999998186,691.3484056232214
15131,40.75957695535435,492.61999999981856,691.3574809840721
15132,40.75957695535435,492.63999999981854,691.3665561081834
15133,40.75957695535435,492.6599999998185,691.3756309955505
15134,40.75957695535435,492.6799999998185,691.3847056461685
15135,40.75957695535435,492.6999999998185,691.3937800600326
15136,40.75957695535435,492.71999999981847,691.4028542371378
15137,40.75957695535435,492.73999999981845,691.4119281774795
15138,40.75957695535435,492.75999999981843,691.4210018810526
15139,40.75957695535435,492.7799999998184,691.4300753478524
15140,40.75957695535435,492.7999999998184,691.439148577874
15141,40.75957695535435,492.8199999998184,691.4482215711126
15142,40.75957695535435,492.83999999981836,691.4572943275634
15143,40.75957695535435,492.85999999981834,691.4663668472215
15144,40.75957695535435,492.8799999998183,691.475439130082
15145,40.75957695535435,492.8999999998183,691.4845111761401
15146,40.75957695535435,492.9199999998183,691.4935829853911
15147,40.75957695535435,492.93999999981827,691.5026545578299
15148,40.75957695535435,492.95999999981825,691.5117258934519
15149,40.75957695535435,492.97999999981823,691.520796992252
15150,40.75957695535435,492.9999999998182,691.5298678542256
15151,40.75957695535435,493.0199999998182,691.5389384793677
15152,40.75957695535435,493.0399999998182,691.5480088676736
15153,40.75957695535435,493.05999999981816,691.5570790191383
15154,40.75957695535435,493.07999999981814,691.5661489337571
15155,40.75957695535435,493.0999999998181,691.5752186115251
15156,40.75957695535435,493.1199999998181,691.5842880524374
15157,40.75957695535435,493.1399999998181,691.5933572564892
15158,40.75957695535435,493.15999999981807,691.6024262236757
15159,40.75957695535435,493.17999999981805,691.6114949539921
15160,40.75957695535435,493.19999999981803,691.6205634474334
15161,40.75957695535435,493.219999999818,691.6296317039948
15162,40.75957695535435,493.239999999818,691.6386997236716
15163,40.75957695535435,493.259999999818,691.6477675064588
15164,40.75957695535435,493.27999999981796,691.6568350523515
15165,40.75957695535435,493.29999999981794,691.6659023613452
15166,40.75957695535435,493.3199999998179,691.6749694334346
15167,40.75957695535435,493.3399999998179,691.6840362686153
15168,40.75957695535435,493.3599999998179,691.6931028668821
15169,40.75957695535435,493.37999999981787,691.7021692282303
15170,40.75957695535435,493.39999999981785,691.7112353526552
15171,40.75957695535435,493.41999999981783,691.7203012401518
15172,40.75957695535435,493.4399999998178,691.7293668907153
15173,40.75957695535435,493.4599999998178,691.7384323043408
15174,40.75957695535435,493.4799999998178,691.7474974810235
15175,40.75957695535435,493.49999999981776,691.7565624207585
15176,40.75957695535435,493.51999999981774,691.7656271235411
15177,40.75957695535435,493.5399999998177,691.7746915893664
15178,40.75957695535435,493.5599999998177,691.7837558183774
15179,40.75957695535435,493.5799999998177,691.7928198115025
15180,40.75957695535435,493.59999999981767,691.8018835688241
15181,40.75957695535435,493.61999999981765,691.8109470903374
15182,40.75957695535435,493.63999999981763,691.8200103760377
15183,40.75957695535435,493.6599999998176,691.82907342592
15184,40.75957695535435,493.6799999998176,691.8381362399795
15185,40.69742740343288,493.6999999998176,691.8471988182114
15186,40.69742740343288,493.71999999981756,691.8562611606108
15187,40.69742740343288,493.73999999981754,691.8653232671728
15188,40.69742740343288,493.7599999998175,691.8743851378927
15189,40.69742740343288,493.7799999998175,691.8834467727655
15190,40.69742740343288,493.7999999998175,691.8925081717865
15191,40.69742740343288,493.81999999981747,691.9015693349509
15192,40.69742740343288,493.83999999981745,691.9106302622537
15193,40.69742740343288,493.85999999981743,691.9196909536901
15194,40.69742740343288,493.8799999998174,691.9287514092553
15195,40.69742740343288,493.8999999998174,691.9378116289444
15196,40.69742740343288,493.9199999998174,691.9468716127526
15197,40.69742740343288,493.93999999981736,691.9559313606751
15198,40.69742740343288,493.95999999981734,691.964990872707
15199,40.69742740343288,493.9799999998173,691.9740501488434
15200,40.69742740343288,493.9999999998173,691.9831091890795
15201,40.69742740343288,494.0199999998173,691.9921679934106
15202,40.69742740343288,494.03999999981727,692.0012265618317
15203,40.69742740343288,494.05999999981725,692.0102848943379
15204,40.69742740343288,494.07999999981723,692.0193429909245
15205,40.69742740343288,494.0999999998172,692.0284008515868
15206,40.69742740343288,494.1199999998172,692.0374584763196
15207,40.69742740343288,494.1399999998172,692.0465158651183
15208,40.69742740343288,494.15999999981716,692.055573017978
15209,40.69742740343288,494.17999999981714,692.0646299348938
15210,40.69742740343288,494.1999999998171,692.073686615861
15211,40.69742740343288,494.2199999998171,692.0827430608746
15212,40.69742740343288,494.2399999998171,692.0917992699299
15213,40.69742740343288,494.25999999981707,692.1008552430219
15214,40.69742740343288,494.27999999981705,692.1099109801459
15215,40.69742740343288,494.29999999981703,692.118966481297
15216,40.69742740343288,494.319999999817,692.1280217464704
15217,40.69742740343288,494.339999999817,692.1370767756612
15218,40.69742740343288,494.359999999817,692.1461315688646
15219,40.69742740343288,494.37999999981696,692.1551861260757
15220,40.69742740343288,494.39999999981694,692.1642404472898
15221,40.69742740343288,494.4199999998169,692.1732945325019
15222,40.69742740343288,494.4399999998169,692.1823483817074
15223,40.69742740343288,494.4599999998169,692.1914019949012
15224,40.69742740343288,494.47999999981687,692.2004553720785
15225,40.69742740343288,494.49999999981685,692.2095085132346
15226,40.69742740343288,494.51999999981683,692.2185614183645
15227,40.69742740343288,494.5399999998168,692.2276140874635
15228,40.69742740343288,494.5599999998168,692.2366665205267
15229,40.69742740343288,494.5799999998168,692.2457187177502
15230,40.69742740343288,494.59999999981676,692.2547706799432
15231,40.69742740343288,494.61999999981674,692.2638224071693
15232,40.69742740343288,494.6399999998167,692.2728738994235
15233,40.69742740343288,494.6599999998167,692.2819251567009
15234,40.69742740343288,494.6799999998167,692.2909761789969
15235,40.69742740343288,494.69999999981667,692.3000269663063
15236,40.69742740343288,494.71999999981665,692.3090775186245
15237,40.69742740343288,494.73999999981663,692.3181278359466
15238,40.69742740343288,494.7599999998166,692.3271779182677
15239,40.69742740343288,494.7799999998166,692.3362277655831
15240,40.69742740343288,494.7999999998166,692.3452773778878
15241,40.69742740343288,494.81999999981656,692.354326755177
15242,40.69742740343288,494.83999999981654,692.3633758974458
15243,40.69742740343288,494.8599999998165,692.3724248046896
15244,40.69742740343288,494.8799999998165,692.3814734769032
15245,40.69742740343288,494.8999999998165,692.390521914082
15246,40.69742740343288,494.91999999981647,692.3995701162211
15247,40.69742740343288,494.93999999981645,692.4086180833156
15248,40.69742740343288,494.95999999981643,692.4176658153607
15249,40.69742740343288,494.9799999998164,692.4267133123515
15250,40.69742740343288,494.9999999998164,692.4357605742832
15251,40.69742740343288,495.0199999998164,692.444807601151
15252,40.69742740343288,495.03999999981636,692.4538543929499
15253,40.69742740343288,495.05999999981634,692.4629009496753
15254,40.69742740343288,495.0799999998163,692.4719472713222
15255,40.69742740343288,495.0999999998163,692.4809933578857
15256,40.69742740343288,495.1199999998163,692.490039209361
15257,40.69742740343288,495.13999999981627,692.4990848257434
15258,40.69742740343288,495.15999999981625,692.5081302070279
15259,40.69742740343288,495.17999999981623,692.5171753532097
15260,40.69742740343288,495.1999999998162,692.526220264284
15261,40.69742740343288,495.2199999998162,692.5352649402458
15262,40.69742740343288,495.2399999998162,692.5443093810904
15263,40.69742740343288,495.25999999981616,692.5533535868129
15264,40.69742740343288,495.27999999981614,692.5623975574085
15265,40.69742740343288,495.2999999998161,692.5714412928724
15266,40.69742740343288,495.3199999998161,692.5804847931996
15267,40.69742740343288,495.3399999998161,692.5895280583854
15268,40.69742740343288,495.35999999981607,692.5985710884249
15269,40.69742740343288,495.37999999981605,692.6076138833133
15270,40.69742740343288,495.39999999981603,692.6166564430457
15271,40.69742740343288,495.419999999816,692.6256987676172
15272,40.69742740343288,495.439999999816,692.6347408570231
15273,40.69742740343288,495.459999999816,692.6437827112584
15274,40.69742740343288,495.47999999981596,692.6528243303184
15275,40.69742740343288,495.49999999981594,692.6618657141981
15276,40.69742740343288,495.5199999998159,692.6709068628928
15277,40.69742740343288,495.5399999998159,692.6799477763976
15278,40.69742740343288,495.5599999998159,692.6889884547078
15279,40.69742740343288,495.57999999981587,692.6980288978183
15280,40.69742740343288,495.59999999981585,692.7070691059979
15281,40.69742740343288,495.61999999981583,692.71610908003
15282,40.69742740343288,495.6399999998158,692.725148819967
15283,40.69742740343288,495.6599999998158,692.7341883258039
15284,40.69742740343288,495.6799999998158,692.7432275975358
15285,40.69742740343288,495.69999999981576,692.752266635158
15286,40.69742740343288,495.71999999981574,692.7613054386655
15287,40.69742740343288,495.7399999998157,692.7703440080536
15288,40.69742740343288,495.7599999998157,692.7793823433173
15289,40.69742740343288,495.7799999998157,692.7884204444517
15290,40.69742740343288,495.79999999981567,692.7974583114521
15291,40.69742740343288,495.81999999981565,692.8064959443136
15292,40.69742740343288,495.83999999981563,692.8155333430313
15293,40.69742740343288,495.8599999998156,692.8245705076004
15294,40.69742740343288,495.8799999998156,692.8336074380159
15295,40.69742740343288,495.8999999998156,692.8426441342731
15296,40.69742740343288,495.91999999981556,692.851680596367
15297,40.69742740343288,495.93999999981554,692.8607168242929
15298,40.69742740343288,495.9599999998155,692.8697528180459
15299,40.69742740343288,495.9799999998155,692.8787885776211
15300,40.69742740343288,495.9999999998155,692.8878241030136
15301,40.69742740343288,496.01999999981547,692.8968593942186
15302,40.69742740343288,496.03999999981545,692.9058944512312
15303,40.69742740343288,496.05999999981543,692.9149292740467
15304,40.69742740343288,496.0799999998154,692.9239638626601
15305,40.69742740343288,496.0999999998154,692.9329982170666
15306,40.69742740343288,496.1199999998154,692.9420323372613
15307,40.69742740343288,496.13999999981536,692.9510662232392
15308,40.69742740343288,496.15999999981534,692.9600998749956
15309,40.69742740343288,496.1799999998153,692.9691332925257
15310,40.69742740343288,496.1999999998153,692.9781664758247
15311,40.69742740343288,496.2199999998153,692.9871994248875
15312,40.69742740343288,496.23999999981527,692.9962321397095
15313,40.69742740343288,496.25999999981525,693.0052646202856
15314,40.69742740343288,496.27999999981523,693.0142968666111
15315,40.69742740343288,496.2999999998152,693.023328878681
15316,40.69742740343288,496.3199999998152,693.0323606564906
15317,40.69742740343288,496.3399999998152,693.041392200035
15318,40.69742740343288,496.35999999981516,693.0504235093093
15319,40.69742740343288,496.37999999981514,693.0594545843087
15320,40.69742740343288,496.3999999998151,693.0684854250284
15321,40.69742740343288,496.4199999998151,693.0775160314633
15322,40.69742740343288,496.4399999998151,693.0865464036088
15323,40.69742740343288,496.45999999981507,693.09557654146
15324,40.69742740343288,496.47999999981505,693.104606445012
15325,40.69742740343288,496.49999999981503,693.1136361142599
15326,40.69742740343288,496.519999999815,693.1226655491988
15327,40.69742740343288,496.539999999815,693.1316947498241
15328,40.69742740343288,496.559999999815,693.1407237161307
15329,40.69742740343288,496.57999999981496,693.1497524481138
15330,40.69742740343288,496.59999999981494,693.1587809457685
15331,40.69742740343288,496.6199999998149,693.1678092094339
15332,40.69742740343288,496.6399999998149,693.1768372398498
15333,40.69742740343288,496.6599999998149,693.1858650370557
15334,40.63543563219051,496.67999999981487,693.194892601047
15335,40.63543563219051,496.69999999981485,693.2039199318186
15336,40.63543563219051,496.71999999981483,693.2129470293659
15337,40.63543563219051,496.7399999998148,693.2219738936839
15338,40.63543563219051,496.7599999998148,693.2310005247678
15339,40.63543563219051,496.7799999998148,693.2400269226127
15340,40.63543563219051,496.79999999981476,693.249053087214
15341,40.63543563219051,496.81999999981474,693.2580790185665
15342,40.63543563219051,496.8399999998147,693.2671047166656
15343,40.63543563219051,496.8599999998147,693.2761301815063
15344,40.63543563219051,496.8799999998147,693.2851554130839
15345,40.63543563219051,496.89999999981467,693.2941804113934
15346,40.63543563219051,496.91999999981465,693.3032051764301
15347,40.63543563219051,496.93999999981463,693.312229708189
15348,40.63543563219051,496.9599999998146,693.3212540066653
15349,40.63543563219051,496.9799999998146,693.3302780718542
15350,40.63543563219051,496.9999999998146,693.3393019037509
15351,40.63543563219051,497.01999999981456,693.3483255023503
15352,40.63543563219051,497.03999999981454,693.3573488676479
15353,40.63543563219051,497.0599999998145,693.3663719996387
15354,40.63543563219051,497.0799999998145,693.3753948983177
15355,40.63543563219051,497.0999999998145,693.3844175636804
15356,40.63543563219051,497.11999999981447,693.3934399957216
15357,40.63543563219051,497.13999999981445,693.4024621944366
15358,40.63543563219051,497.15999999981443,693.4114841598206
15359,40.63543563219051,497.1799999998144,693.4205058918687
15360,40.63543563219051,497.1999999998144,693.4295273905761
15361,40.63543563219051,497.2199999998144,693.438548655938
15362,40.63543563219051,497.23999999981436,693.4475696879493
15363,40.63543563219051,497.25999999981434,693.4565904866055
15364,40.63543563219051,497.2799999998143,693.4656110519015
15365,40.63543563219051,497.2999999998143,693.4746313838326
15366,40.63543563219051,497.3199999998143,693.4836514823938
15367,40.63543563219051,497.33999999981427,693.4926713475804
15368,40.63543563219051,497.35999999981425,693.5016909793875
15369,40.63543563219051,497.37999999981423,693.5107103778103
15370,40.63543563219051,497.3999999998142,693.5197295428438
15371,40.63543563219051,497.4199999998142,693.5287484744833
15372,40.63543563219051,497.4399999998142,693.537767172724
15373,40.63543563219051,497.45999999981416,693.5467856375609
15374,40.63543563219051,497.47999999981414,693.5558038689892
15375,40.63543563219051,497.4999999998141,693.5648218670041
15376,40.63543563219051,497.5199999998141,693.5738396316007
15377,40.63543563219051,497.5399999998141,693.5828571627742
15378,40.63543563219051,497.55999999981407,693.5918744605198
15379,40.63543563219051,497.57999999981405,693.6008915248326
15380,40.63543563219051,497.59999999981403,693.6099083557077
15381,40.63543563219051,497.619999999814,693.6189249531403
15382,40.63543563219051,497.639999999814,693.6279413175106
15383,40.63543563219051,497.659999999814,693.6369574494618
15384,40.63543563219051,497.67999999981396,693.645973349018
15385,40.63543563219051,497.69999999981394,693.6549890161747
15386,40.63543563219051,497.7199999998139,693.6640044509269
15387,40.63543563219051,497.7399999998139,693.6730196532696
15388,40.63543563219051,497.7599999998139,693.6820346231982
15389,40.63543563219051,497.77999999981387,693.6910493607076
15390,40.63543563219051,497.79999999981385,693.7000638657929
15391,40.63543563219051,497.81999999981383,693.7090781384494
15392,40.63543563219051,497.8399999998138,693.7180921786722
15393,40.63543563219051,497.8599999998138,693.7271059864564
15394,40.63543563219051,497.8799999998138,693.7361195617972
15395,40.63543563219051,497.89999999981376,693.7451329046896
15396,40.63543563219051,497.91999999981374,693.7541460151289
15397,40.63543563219051,497.9399999998137,693.76315889311
15398,40.63543563219051,497.9599999998137,693.7721715386283
15399,40.63543563219051,497.9799999998137,693.7811839516787
15400,40.63543563219051,497.99999999981367,693.7901961322565
15401,40.63543563219051,498.01999999981365,693.7992080803567
15402,40.63543563219051,498.03999999981363,693.8082197959747
15403,40.63543563219051,498.0599999998136,693.8172312791053
15404,40.63543563219051,498.0799999998136,693.8262425297438
15405,40.63543563219051,498.0999999998136,693.8352535478854
15406,40.63543563219051,498.11999999981356,693.8442643335251
15407,40.63543563219051,498.13999999981354,693.853274886658
15408,40.63543563219051,498.1599999998135,693.8622852072795
15409,40.63543563219051,498.1799999998135,693.8712952953845
15410,40.63543563219051,498.1999999998135,693.8803051509681
15411,40.63543563219051,498.21999999981347,693.8893147740256
15412,40.63543563219051,498.23999999981345,693.898324164552
15413,40.63543563219051,498.25999999981343,693.9073333225426
15414,40.63543563219051,498.2799999998134,693.9163422479924
15415,40.63543563219051,498.2999999998134,693.9253509408965
15416,40.63543563219051,498.3199999998134,693.9343594012502
15417,40.63543563219051,498.33999999981336,693.9433676290485
15418,40.63543563219051,498.35999999981334,693.9523756242866
15419,40.63543563219051,498.3799999998133,693.9613833869595
15420,40.63543563219051,498.3999999998133,693.9703909170624
15421,40.63543563219051,498.4199999998133,693.9793982145907
15422,40.63543563219051,498.43999999981327,693.9884052795392
15423,40.63543563219051,498.45999999981325,693.9974121119031
15424,40.63543563219051,498.47999999981323,694.0064187116777
15425,40.63543563219051,498.4999999998132,694.015425078858
15426,40.63543563219051,498.5199999998132,694.0244312134391
15427,40.63543563219051,498.5399999998132,694.0334371154163
15428,40.63543563219051,498.55999999981316,694.0424427847846
15429,40.63543563219051,498.57999999981314,694.0514482215392
15430,40.63543563219051,498.5999999998131,694.0604534256752
15431,40.63543563219051,498.6199999998131,694.0694583971876
15432,40.63543563219051,498.6399999998131,694.0784631360718
15433,40.63543563219051,498.65999999981307,694.0874676427884
15434,40.63543563219051,498.67999999981305,694.0964719179543
15435,40.63543563219051,498.69999999981303,694.1054759615821
15436,40.63543563219051,498.719999999813,694.1144797736669
15437,40.63543563219051,498.739999999813,694.1234833542036
15438,40.63543563219051,498.759999999813,694.1324867031875
15439,40.63543563219051,498.77999999981296,694.1414898206136
15440,40.63543563219051,498.79999999981294,694.150492706477
15441,40.63543563219051,498.8199999998129,694.1594953607729
15442,40.63543563219051,498.8399999998129,694.1684977834963
15443,40.63543563219051,498.8599999998129,694.1774999746423
15444,40.63543563219051,498.87999999981287,694.1865019342059
15445,40.63543563219051,498.89999999981285,694.1955036621824
15446,40.63543563219051,498.91999999981283,694.2045051585668
15447,40.63543563219051,498.9399999998128,694.2135064233543
15448,40.63543563219051,498.9599999998128,694.2225074565398
15449,40.63543563219051,498.9799999998128,694.2315082581184
15450,40.63543563219051,498.99999999981276,694.2405088280854
15451,40.63543563219051,499.01999999981274,694.2495091664357
15452,40.63543563219051,499.0399999998127,694.2585092731645
15453,40.63543563219051,499.0599999998127,694.2675091482669
15454,40.63543563219051,499.0799999998127,694.2765087917379
15455,40.63543563219051,499.09999999981267,694.2855082035727
15456,40.63543563219051,499.11999999981265,694.2945073837664
15457,40.63543563219051,499.13999999981263,694.303506332314
15458,40.63543563219051,499.1599999998126,694.3125050492107
15459,40.63543563219051,499.1799999998126,694.3215035344515
15460,40.63543563219051,499.1999999998126,694.3305017880316
15461,40.63543563219051,499.21999999981256,694.339499809946
15462,40.63543563219051,499.23999999981254,694.3484976001898
15463,40.63543563219051,499.2599999998125,694.3574951587582
15464,40.63543563219051,499.2799999998125,694.3664924856462
15465,40.63543563219051,499.2999999998125,694.3754895808489
15466,40.63543563219051,499.31999999981247,694.3844864443615
15467,40.63543563219051,499.33999999981245,694.393483076179
15468,40.63543563219051,499.35999999981243,694.4024794762965
15469,40.63543563219051,499.3799999998124,694.4114756447092
15470,40.63543563219051,499.3999999998124,694.420471581412
15471,40.63543563219051,499.4199999998124,694.4294672864002
15472,40.63543563219051,499.43999999981236,694.4384627596687
15473,40.63543563219051,499.45999999981234,694.4474580012128
15474,40.63543563219051,499.4799999998123,694.4564530110275
15475,40.63543563219051,499.4999999998123,694.465447789108
15476,40.63543563219051,499.5199999998123,694.4744423354492
15477,40.63543563219051,499.53999999981227,694.4834366500463
15478,40.63543563219051,499.55999999981225,694.4924307328945
15479,40.63543563219051,499.57999999981223,694.5014245839888
15480,40.63543563219051,499.5999999998122,694.5104182033242
15481,40.63543563219051,499.6199999998122,694.519411590896
15482,40.63543563219051,499.6399999998122,694.528404746699
15483,40.63543563219051,499.65999999981216,694.5373976707286
15484,40.573601081409464,499.67999999981214,694.5463903635132
15485,40.573601081409464,499.6999999998121,694.5553828256205
15486,40.573601081409464,499.7199999998121,694.5643750570501
15487,40.573601081409464,499.7399999998121,694.5733670577971
15488,40.573601081409464,499.75999999981207,694.5823588278566
15489,40.573601081409464,499.77999999981205,694.5913503672238
15490,40.573601081409464,499.79999999981203,694.6003416758937
15491,40.573601081409464,499.819999999812,694.6093327538615
15492,40.573601081409464,499.839999999812,694.6183236011224
15493,40.573601081409464,499.859999999812,694.6273142176714
15494,40.573601081409464,499.87999999981196,694.6363046035036
15495,40.573601081409464,499.89999999981194,694.6452947586143
15496,40.573601081409464,499.9199999998119,694.6542846829985
15497,40.573601081409464,499.9399999998119,694.6632743766514
15498,40.573601081409464,499.9599999998119,694.672263839568
15499,40.573601081409464,499.97999999981187,694.6812530717435
15500,40.573601081409464,499.99999999981185,694.6902420731731
15501,40.573601081409464,500.01999999981183,694.6992308438518
15502,40.573601081409464,500.0399999998118,694.7082193837748
15503,40.573601081409464,500.0599999998118,694.7172076929372
15504,40.573601081409464,500.0799999998118,694.7261957713342
15505,40.573601081409464,500.09999999981176,694.7351836189608
15506,40.573601081409464,500.11999999981174,694.7441712358122
15507,40.573601081409464,500.1399999998117,694.7531586218836
15508,40.573601081409464,500.1599999998117,694.76214577717
15509,40.573601081409464,500.1799999998117,694.7711327016665
15510,40.573601081409464,500.19999999981167,694.7801193953684
15511,40.573601081409464,500.21999999981165,694.7891058582707
15512,40.573601081409464,500.23999999981163,694.7980920903685
15513,40.573601081409464,500.2599999998116,694.8070780916571
15514,40.573601081409464,500.2799999998116,694.8160638621315
15515,40.573601081409464,500.2999999998116,694.8250494017868
15516,40.573601081409464,500.31999999981156,694.8340347106182
15517,40.573601081409464,500.33999999981154,694.8430197886208
15518,40.573601081409464,500.3599999998115,694.8520046357897
15519,40.573601081409464,500.3799999998115,694.8609892521201
15520,40.573601081409464,500.3999999998115,694.8699736376071
15521,40.573601081409464,500.41999999981147,694.8789577922458
15522,40.573601081409464,500.43999999981145,694.8879417160314
15523,40.573601081409464,500.45999999981143,694.8969254089589
15524,40.573601081409464,500.4799999998114,694.9059088710234
15525,40.573601081409464,500.4999999998114,694.9148921022202
15526,40.573601081409464,500.5199999998114,694.9238751025443
15527,40.573601081409464,500.53999999981136,694.932857871991
15528,40.573601081409464,500.55999999981134,694.9418404105553
15529,40.573601081409464,500.5799999998113,694.9508227182323
15530,40.573601081409464,500.5999999998113,694.9598047950171
15531,40.573601081409464,500.6199999998113,694.968786640905
15532,40.573601081409464,500.63999999981127,694.977768255891
15533,40.573601081409464,500.65999999981125,694.9867496399702
15534,40.573601081409464,500.67999999981123,694.995730793146
15535,40.573601081409464,500.6999999998112,695.0047117159711
15536,40.573601081409464,500.7199999998112,695.0136924089238
15537,40.573601081409464,500.7399999998112,695.0226728719992
15538,40.573601081409464,500.75999999981116,695.0316531051924
15539,40.573601081409464,500.77999999981114,695.0406331084985
15540,40.573601081409464,500.7999999998111,695.0496128819125
15541,40.573601081409464,500.8199999998111,695.0585924254295
15542,40.573601081409464,500.8399999998111,695.0675717390448
15543,40.573601081409464,500.85999999981107,695.0765508227531
15544,40.573601081409464,500.87999999981105,695.0855296765498
15545,40.573601081409464,500.89999999981103,695.0945083004298
15546,40.573601081409464,500.919999999811,695.1034866943883
15547,40.573601081409464,500.939999999811,695.1124648584204
15548,40.573601081409464,500.959999999811,695.1214427925211
15549,40.573601081409464,500.97999999981096,695.1304204966855
15550,40.573601081409464,500.99999999981094,695.1393979709087
15551,40.573601081409464,501.0199999998109,695.1483752151859
15552,40.573601081409464,501.0399999998109,695.1573522295121
15553,40.573601081409464,501.0599999998109,695.1663290138823
15554,40.573601081409464,501.07999999981087,695.1753055682917
15555,40.573601081409464,501.09999999981085,695.1842818927354
15556,40.573601081409464,501.11999999981083,695.1932579872083
15557,40.573601081409464,501.1399999998108,695.2022338517057
15558,40.573601081409464,501.1599999998108,695.2112094862226
15559,40.573601081409464,501.1799999998108,695.2201848907541
15560,40.573601081409464,501.19999999981076,695.2291600652953
15561,40.573601081409464,501.21999999981074,695.2381350098414
15562,40.573601081409464,501.2399999998107,695.2471097243872
15563,40.573601081409464,501.2599999998107,695.256084208928
15564,40.573601081409464,501.2799999998107,695.2650584634588
15565,40.573601081409464,501.29999999981067,695.2740324879748
15566,40.573601081409464,501.31999999981065,695.283006282471
15567,40.573601081409464,501.33999999981063,695.2919798469425
15568,40.573601081409464,501.3599999998106,695.3009531813843
15569,40.573601081409464,501.3799999998106,695.3099262857917
15570,40.573601081409464,501.3999999998106,695.3188991601596
15571,40.573601081409464,501.41999999981056,695.3278718044832
15572,40.573601081409464,501.43999999981054,695.3368442187575
15573,40.573601081409464,501.4599999998105,695.3458164029777
15574,40.573601081409464,501.4799999998105,695.3547883571388
15575,40.573601081409464,501.4999999998105,695.3637600812358
15576,40.573601081409464,501.51999999981047,695.372731575264
15577,40.573601081409464,501.53999999981045,695.3817028392183
15578,40.573601081409464,501.55999999981043,695.3906738730939
15579,40.573601081409464,501.5799999998104,695.3996446768858
15580,40.573601081409464,501.5999999998104,695.4086152505893
15581,40.573601081409464,501.6199999998104,695.4175855941993
15582,40.573601081409464,501.63999999981036,695.4265557077109
15583,40.573601081409464,501.65999999981034,695.4355255911192
15584,40.573601081409464,501.6799999998103,695.4444952444194
15585,40.573601081409464,501.6999999998103,695.4534646676278
15586,40.573601081409464,501.7199999998103,695.4624338613692
15587,40.573601081409464,501.73999999981027,695.4714028260754
15588,40.573601081409464,501.75999999981025,695.4803715617417
15589,40.573601081409464,501.77999999981023,695.4893400683629
15590,40.573601081409464,501.7999999998102,695.4983083459343
15591,40.573601081409464,501.8199999998102,695.5072763944509
15592,40.573601081409464,501.8399999998102,695.5162442139076
15593,40.573601081409464,501.85999999981016,695.5252118042995
15594,40.573601081409464,501.87999999981014,695.5341791656217
15595,40.573601081409464,501.8999999998101,695.5431462978692
15596,40.573601081409464,501.9199999998101,695.5521132010371
15597,40.573601081409464,501.9399999998101,695.5610798751203
15598,40.573601081409464,501.95999999981007,695.570046320114
15599,40.573601081409464,501.97999999981005,695.5790125360131
15600,40.573601081409464,501.99999999981003,695.5879785228128
15601,40.573601081409464,502.01999999981,695.5969442805081
15602,40.573601081409464,502.03999999981,695.605909809094
15603,40.573601081409464,502.05999999981,695.6148751085656
15604,40.573601081409464,502.07999999980996,695.6238401789178
15605,40.573601081409464,502.09999999980994,695.6328050201458
15606,40.573601081409464,502.1199999998099,695.6417696322446
15607,40.573601081409464,502.1399999998099,695.6507340152092
15608,40.573601081409464,502.1599999998099,695.6596981690346
15609,40.573601081409464,502.17999999980987,695.6686620937161
15610,40.573601081409464,502.19999999980985,695.6776257892485
15611,40.573601081409464,502.21999999980983,695.6865892556269
15612,40.573601081409464,502.2399999998098,695.6955524928464
15613,40.573601081409464,502.2599999998098,695.7045155009021
15614,40.573601081409464,502.2799999998098,695.7134782797888
15615,40.573601081409464,502.29999999980976,695.7224408295017
15616,40.573601081409464,502.31999999980974,695.7314031500359
15617,40.573601081409464,502.3399999998097,695.7403652413864
15618,40.573601081409464,502.3599999998097,695.7493271035481
15619,40.573601081409464,502.3799999998097,695.7582887365163
15620,40.573601081409464,502.39999999980967,695.7672501402859
15621,40.573601081409464,502.41999999980965,695.776211314852
15622,40.573601081409464,502.43999999980963,695.7851722602096
15623,40.573601081409464,502.4599999998096,695.7941329763538
15624,40.573601081409464,502.4799999998096,695.8030934632795
15625,40.573601081409464,502.4999999998096,695.812053720982
15626,40.573601081409464,502.51999999980956,695.8210137494561
15627,40.573601081409464,502.53999999980954,695.829973548697
15628,40.573601081409464,502.5599999998095,695.8389331186997
15629,40.573601081409464,502.5799999998095,695.8478924594592
15630,40.573601081409464,502.5999999998095,695.8568515709707
15631,40.573601081409464,502.61999999980947,695.865810453229
15632,40.573601081409464,502.63999999980945,695.8747691062293
15633,40.573601081409464,502.65999999980943,695.8837275299667
15634,40.573601081409464,502.6799999998094,695.8926857244361
15635,40.51192319342687,502.6999999998094,695.9016436896327
15636,40.51192319342687,502.7199999998094,695.9106014255851
15637,40.51192319342687,502.73999999980936,695.9195589329598
15638,40.51192319342687,502.75999999980934,695.9285162121196
15639,40.51192319342687,502.7799999998093,695.9374732630594
15640,40.51192319342687,502.7999999998093,695.9464300857744
15641,40.51192319342687,502.8199999998093,695.9553866802597
15642,40.51192319342687,502.83999999980927,695.9643430465104
15643,40.51192319342687,502.85999999980925,695.9732991845216
15644,40.51192319342687,502.87999999980923,695.9822550942882
15645,40.51192319342687,502.8999999998092,695.9912107758056
15646,40.51192319342687,502.9199999998092,696.0001662290687
15647,40.51192319342687,502.9399999998092,696.0091214540726
15648,40.51192319342687,502.95999999980916,696.0180764508124
15649,40.51192319342687,502.97999999980914,696.0270312192832
15650,40.51192319342687,502.9999999998091,696.0359857594802
15651,40.51192319342687,503.0199999998091,696.0449400713985
15652,40.51192319342687,503.0399999998091,696.053894155033
15653,40.51192319342687,503.05999999980907,696.062848010379
15654,40.51192319342687,503.07999999980905,696.0718016374313
15655,40.51192319342687,503.09999999980903,696.0807550361853
15656,40.51192319342687,503.119999999809,696.089708206636
15657,40.51192319342687,503.139999999809,696.0986611487785
15658,40.51192319342687,503.159999999809,696.1076138626079
15659,40.51192319342687,503.17999999980896,696.1165663481192
15660,40.51192319342687,503.19999999980894,696.1255186053077
15661,40.51192319342687,503.2199999998089,696.1344706341682
15662,40.51192319342687,503.2399999998089,696.143422434696
15663,40.51192319342687,503.2599999998089,696.1523740068861
15664,40.51192319342687,503.27999999980887,696.1613253507337
15665,40.51192319342687,503.29999999980885,696.1702764662339
15666,40.51192319342687,503.31999999980883,696.1792273533816
15667,40.51192319342687,503.3399999998088,696.1881780121721
15668,40.51192319342687,503.3599999998088,696.1971284426004
15669,40.51192319342687,503.3799999998088,696.2060786446616
15670,40.51192319342687,503.39999999980876,696.2150286183509
15671,40.51192319342687,503.41999999980874,696.2239783636632
15672,40.51192319342687,503.4399999998087,696.2329278805937
15673,40.51192319342687,503.4599999998087,696.2418771691375
15674,40.51192319342687,503.4799999998087,696.2508262292897
15675,40.51192319342687,503.49999999980867,696.2597750610454
15676,40.51192319342687,503.51999999980865,696.2687236643997
15677,40.51192319342687,503.53999999980863,696.2776720393476
15678,40.51192319342687,503.5599999998086,696.2866201858843
15679,40.51192319342687,503.5799999998086,696.2955681040049
15680,40.51192319342687,503.5999999998086,696.3045157937045
15681,40.51192319342687,503.61999999980856,696.313463254978
15682,40.51192319342687,503.63999999980854,696.3224104878208
15683,40.51192319342687,503.6599999998085,696.3313574922278
15684,40.51192319342687,503.6799999998085,696.3403042681941
15685,40.51192319342687,503.6999999998085,696.349250815715
15686,40.51192319342687,503.71999999980846,696.3581971347853
15687,40.51192319342687,503.73999999980845,696.3671432254449
15688,40.51192319342687,503.75999999980843,696.3760890883825
15689,40.51192319342687,503.7799999998084,696.3850347238857
15690,40.51192319342687,503.7999999998084,696.3939801319497
15691,40.51192319342687,503.8199999998084,696.4029253125693
15692,40.51192319342687,503.83999999980836,696.4118702657397
15693,40.51192319342687,503.85999999980834,696.4208149914559
15694,40.51192319342687,503.8799999998083,696.4297594897131
15695,40.51192319342687,503.8999999998083,696.4387037605062
15696,40.51192319342687,503.9199999998083,696.4476478038304
15697,40.51192319342687,503.93999999980826,696.4565916196806
15698,40.51192319342687,503.95999999980825,696.465535208052
15699,40.51192319342687,503.97999999980823,696.4744785689395
15700,40.51192319342687,503.9999999998082,696.4834217023383
15701,40.51192319342687,504.0199999998082,696.4923646082434
15702,40.51192319342687,504.0399999998082,696.5013072866499
15703,40.51192319342687,504.05999999980816,696.5102497375528
15704,40.51192319342687,504.07999999980814,696.5191919609473
15705,40.51192319342687,504.0999999998081,696.5281339568282
15706,40.51192319342687,504.1199999998081,696.5370757251908
15707,40.51192319342687,504.1399999998081,696.54601726603
15708,40.51192319342687,504.15999999980806,696.554958579341
15709,40.51192319342687,504.17999999980805,696.5638996651188
15710,40.51192319342687,504.199999999808,696.5728405233584
15711,40.51192319342687,504.219999999808,696.581781154055
15712,40.51192319342687,504.239999999808,696.5907215572034
15713,40.51192319342687,504.259999999808,696.599661732799
15714,40.51192319342687,504.27999999980796,696.6086016808365
15715,40.51192319342687,504.29999999980794,696.6175414013112
15716,40.51192319342687,504.3199999998079,696.6264808942182
15717,40.51192319342687,504.3399999998079,696.6354201595524
15718,40.51192319342687,504.3599999998079,696.6443591973089
15719,40.51192319342687,504.37999999980786,696.6532980074828
15720,40.51192319342687,504.39999999980785,696.6622365900691
15721,40.51192319342687,504.4199999998078,696.6711749450631
15722,40.51192319342687,504.4399999998078,696.6801130724594
15723,40.51192319342687,504.4599999998078,696.6890509722535
15724,40.51192319342687,504.4799999998078,696.6979886444403
15725,40.51192319342687,504.49999999980776,696.7069260890148
15726,40.51192319342687,504.51999999980774,696.7158633059721
15727,40.51192319342687,504.5399999998077,696.7248002953073
15728,40.51192319342687,504.5599999998077,696.7337370570154
15729,40.51192319342687,504.5799999998077,696.7426735910915
15730,40.51192319342687,504.59999999980766,696.7516098975307
15731,40.51192319342687,504.61999999980765,696.7605459763279
15732,40.51192319342687,504.6399999998076,696.7694818274783
15733,40.51192319342687,504.6599999998076,696.778417450977
15734,40.51192319342687,504.6799999998076,696.787352846819
15735,40.51192319342687,504.6999999998076,696.7962880149993
15736,40.51192319342687,504.71999999980756,696.805222955513
15737,40.51192319342687,504.73999999980754,696.8141576683553
15738,40.51192319342687,504.7599999998075,696.82309215358
15739,40.51192319342687,504.7799999998075,696.8320264119541
15740,40.51192319342687,504.7999999998075,696.8409604437134
15741,40.51192319342687,504.81999999980746,696.8498942488529
15742,40.51192319342687,504.83999999980745,696.8588278273678
15743,40.51192319342687,504.8599999998074,696.867761179253
15744,40.51192319342687,504.8799999998074,696.8766943045034
15745,40.51192319342687,504.8999999998074,696.8856272031143
15746,40.51192319342687,504.9199999998074,696.8945598750805
15747,40.51192319342687,504.93999999980736,696.9034923203973
15748,40.51192319342687,504.95999999980734,696.9124245390595
15749,40.51192319342687,504.9799999998073,696.9213565310623
15750,40.51192319342687,504.9999999998073,696.9302882964006
15751,40.51192319342687,505.0199999998073,696.9392198350695
15752,40.51192319342687,505.03999999980726,696.9481511470639
15753,40.51192319342687,505.05999999980725,696.957082232379
15754,40.51192319342687,505.0799999998072,696.9660130910097
15755,40.51192319342687,505.0999999998072,696.9749437229511
15756,40.51192319342687,505.1199999998072,696.9838741281983
15757,40.51192319342687,505.1399999998072,696.9928043067462
15758,40.51192319342687,505.15999999980716,697.0017342585899
15759,40.51192319342687,505.17999999980714,697.0106639837244
15760,40.51192319342687,505.1999999998071,697.0195934821447
15761,40.51192319342687,505.2199999998071,697.028522753846
15762,40.51192319342687,505.2399999998071,697.0374517988232
15763,40.51192319342687,505.25999999980706,697.0463806170713
15764,40.51192319342687,505.27999999980705,697.0553092085855
15765,40.51192319342687,505.299999999807,697.0642375733607
15766,40.51192319342687,505.319999999807,697.073165711392
15767,40.51192319342687,505.339999999807,697.0820936226743
15768,40.51192319342687,505.359999999807,697.0910213072027
15769,40.51192319342687,505.37999999980696,697.0999487649723
15770,40.51192319342687,505.39999999980694,697.108875995978
15771,40.51192319342687,505.4199999998069,697.117803000215
15772,40.51192319342687,505.4399999998069,697.1267297776782
15773,40.51192319342687,505.4599999998069,697.1356563283626
15774,40.51192319342687,505.47999999980686,697.1445826522635
15775,40.51192319342687,505.49999999980685,697.1535087493756
15776,40.51192319342687,505.5199999998068,697.1624346196942
15777,40.51192319342687,505.5399999998068,697.1713602632141
15778,40.51192319342687,505.5599999998068,697.1802856799304
15779,40.51192319342687,505.5799999998068,697.1892108698382
15780,40.51192319342687,505.59999999980676,697.1981358329326
15781,40.51192319342687,505.61999999980674,697.2070605692086
15782,40.51192319342687,505.6399999998067,697.2159850786611
15783,40.51192319342687,505.6599999998067,697.2249093612852
15784,40.51192319342687,505.6799999998067,697.233833417076
15785,40.51192319342687,505.69999999980666,697.2427572460284
15786,40.45040141312042,505.71999999980665,697.2516808481375
15787,40.45040141312042,505.7399999998066,697.2606042233984
15788,40.45040141312042,505.7599999998066,697.2695273718061
15789,40.45040141312042,505.7799999998066,697.2784502934259
15790,40.45040141312042,505.7999999998066,697.2873729890584
15791,40.45040141312042,505.81999999980656,697.2962954588733
15792,40.45040141312042,505.83999999980654,697.3052177028653
15793,40.45040141312042,505.8599999998065,697.3141397210297
15794,40.45040141312042,505.8799999998065,697.3230615133617
15795,40.45040141312042,505.8999999998065,697.3319830798563
15796,40.45040141312042,505.91999999980646,697.3409044205087
15797,40.45040141312042,505.93999999980645,697.3498255353139
15798,40.45040141312042,505.9599999998064,697.3587464242672
15799,40.45040141312042,505.9799999998064,697.3676670873635
15800,40.45040141312042,505.9999999998064,697.3765875245981
15801,40.45040141312042,506.0199999998064,697.385507735966
15802,40.45040141312042,506.03999999980635,697.3944277214624
15803,40.45040141312042,506.05999999980634,697.4033474810824
15804,40.45040141312042,506.0799999998063,697.412267014821
15805,40.45040141312042,506.0999999998063,697.4211863226735
15806,40.45040141312042,506.1199999998063,697.430105404635
15807,40.45040141312042,506.13999999980626,697.4390242607005
15808,40.45040141312042,506.15999999980625,697.4479428908652
15809,40.45040141312042,506.1799999998062,697.4568612951242
15810,40.45040141312042,506.1999999998062,697.4657794734726
15811,40.45040141312042,506.2199999998062,697.4746974259056
15812,40.45040141312042,506.2399999998062,697.4836151524181
15813,40.45040141312042,506.25999999980615,697.4925326530055
15814,40.45040141312042,506.27999999980614,697.5014499276627
15815,40.45040141312042,506.2999999998061,697.510366976385
15816,40.45040141312042,506.3199999998061,697.5192837991673
15817,40.45040141312042,506.3399999998061,697.5282003960049
15818,40.45040141312042,506.35999999980606,697.5371167668928
15819,40.45040141312042,506.37999999980605,697.5460329118263
15820,40.45040141312042,506.399999999806,697.5549488308004
15821,40.45040141312042,506.419999999806,697.5638645238103
15822,40.45040141312042,506.439999999806,697.5727799908509
15823,40.45040141312042,506.459999999806,697.5816952319176
15824,40.45040141312042,506.47999999980595,697.5906102470053
15825,40.45040141312042,506.49999999980594,697.5995250361093
15826,40.45040141312042,506.5199999998059,697.6084395992245
15827,40.45040141312042,506.5399999998059,697.6173539363463
15828,40.45040141312042,506.5599999998059,697.6262680474696
15829,40.45040141312042,506.57999999980586,697.6351819325896
15830,40.45040141312042,506.59999999980585,697.6440955917013
15831,40.45040141312042,506.6199999998058,697.6530090248
15832,40.45040141312042,506.6399999998058,697.6619222318808
15833,40.45040141312042,506.6599999998058,697.6708352129388
15834,40.45040141312042,506.6799999998058,697.679747967969
15835,40.45040141312042,506.69999999980575,697.6886604969666
15836,40.45040141312042,506.71999999980574,697.6975727999268
15837,40.45040141312042,506.7399999998057,697.7064848768446
15838,40.45040141312042,506.7599999998057,697.7153967277152
15839,40.45040141312042,506.7799999998057,697.7243083525337
15840,40.45040141312042,506.79999999980566,697.7332197513751
15841,40.45040141312042,506.81999999980565,697.7421309250622
15842,40.45040141312042,506.8399999998056,697.7510418736983
15843,40.45040141312042,506.8599999998056,697.7599525972789
15844,40.45040141312042,506.8799999998056,697.7688630957989
15845,40.45040141312042,506.8999999998056,697.7777733692534
15846,40.45040141312042,506.91999999980555,697.7866834176374
15847,40.45040141312042,506.93999999980554,697.7955932409461
15848,40.45040141312042,506.9599999998055,697.8045028391746
15849,40.45040141312042,506.9799999998055,697.8134122123179
15850,40.45040141312042,506.9999999998055,697.8223213603711
15851,40.45040141312042,507.01999999980546,697.8312302833293
15852,40.45040141312042,507.03999999980545,697.8401389811877
15853,40.45040141312042,507.0599999998054,697.8490474539412
15854,40.45040141312042,507.0799999998054,697.8579557015851
15855,40.45040141312042,507.0999999998054,697.8668637241142
15856,40.45040141312042,507.1199999998054,697.8757715215238
15857,40.45040141312042,507.13999999980535,697.8846790938089
15858,40.45040141312042,507.15999999980534,697.8935864409647
15859,40.45040141312042,507.1799999998053,697.9024935629861
15860,40.45040141312042,507.1999999998053,697.9114004598684
15861,40.45040141312042,507.2199999998053,697.9203071316066
15862,40.45040141312042,507.23999999980526,697.9292135781957
15863,40.45040141312042,507.25999999980525,697.9381197996308
15864,40.45040141312042,507.2799999998052,697.9470257959072
15865,40.45040141312042,507.2999999998052,697.9559315670198
15866,40.45040141312042,507.3199999998052,697.9648371129637
15867,40.45040141312042,507.3399999998052,697.973742433734
15868,40.45040141312042,507.35999999980515,697.9826475293257
15869,40.45040141312042,507.37999999980514,697.9915523997341
15870,40.45040141312042,507.3999999998051,698.0004570449543
15871,40.45040141312042,507.4199999998051,698.0093614649811
15872,40.45040141312042,507.4399999998051,698.0182656598098
15873,40.45040141312042,507.45999999980506,698.0271696294354
15874,40.45040141312042,507.47999999980505,698.0360733738531
15875,40.45040141312042,507.499999999805,698.044976893058
15876,40.45040141312042,507.519999999805,698.053880187045
15877,40.45040141312042,507.539999999805,698.0627832558093
15878,40.45040141312042,507.559999999805,698.071686099346
15879,40.45040141312042,507.57999999980495,698.0805887176502
15880,40.45040141312042,507.59999999980494,698.089491110717
15881,40.45040141312042,507.6199999998049,698.0983932785414
15882,40.45040141312042,507.6399999998049,698.1072952211185
15883,40.45040141312042,507.6599999998049,698.1161969384435
15884,40.45040141312042,507.67999999980486,698.1250984305115
15885,40.45040141312042,507.69999999980485,698.1339996973173
15886,40.45040141312042,507.7199999998048,698.1429007388564
15887,40.45040141312042,507.7399999998048,698.1518015551236
15888,40.45040141312042,507.7599999998048,698.1607021461141
15889,40.45040141312042,507.7799999998048,698.169602511823
15890,40.45040141312042,507.79999999980475,698.1785026522452
15891,40.45040141312042,507.81999999980474,698.1874025675011
15892,40.45040141312042,507.8399999998047,698.1963022584323
15893,40.45040141312042,507.8599999998047,698.2052017251142
15894,40.45040141312042,507.8799999998047,698.2141009675418
15895,40.45040141312042,507.89999999980466,698.2229999857101
15896,40.45040141312042,507.91999999980465,698.2318987796142
15897,40.45040141312042,507.9399999998046,698.2407973492492
15898,40.45040141312042,507.9599999998046,698.2496956946101
15899,40.45040141312042,507.9799999998046,698.2585938156918
15900,40.45040141312042,507.9999999998046,698.2674917124896
15901,40.45040141312042,508.01999999980455,698.2763893849983
15902,40.45040141312042,508.03999999980454,698.2852868332131
15903,40.45040141312042,508.0599999998045,698.2941840571292
15904,40.45040141312042,508.0799999998045,698.3030810567413
15905,40.45040141312042,508.0999999998045,698.3119778320447
15906,40.45040141312042,508.11999999980446,698.3208743830344
15907,40.45040141312042,508.13999999980444,698.3297707097054
15908,40.45040141312042,508.1599999998044,698.3386668120528
15909,40.45040141312042,508.1799999998044,698.3475626900715
15910,40.45040141312042,508.1999999998044,698.3564583437568
15911,40.45040141312042,508.2199999998044,698.3653537731036
15912,40.45040141312042,508.23999999980435,698.374248978107
15913,40.45040141312042,508.25999999980434,698.3831439587619
15914,40.45040141312042,508.2799999998043,698.3920387150636
15915,40.45040141312042,508.2999999998043,698.4009332470068
15916,40.45040141312042,508.3199999998043,698.409827554587
15917,40.45040141312042,508.33999999980426,698.4187216377989
15918,40.45040141312042,508.35999999980424,698.4276154966376
15919,40.45040141312042,508.3799999998042,698.4365091310983
15920,40.45040141312042,508.3999999998042,698.4454025411759
15921,40.45040141312042,508.4199999998042,698.4542957268656
15922,40.45040141312042,508.4399999998042,698.4631886881623
15923,40.45040141312042,508.45999999980415,698.4720814250611
15924,40.45040141312042,508.47999999980414,698.4809739375571
15925,40.45040141312042,508.4999999998041,698.4898662256453
15926,40.45040141312042,508.5199999998041,698.4987582893207
15927,40.45040141312042,508.5399999998041,698.5076501285785
15928,40.45040141312042,508.55999999980406,698.5165417434135
15929,40.45040141312042,508.57999999980404,698.525433133821
15930,40.45040141312042,508.599999999804,698.534324299796
15931,40.45040141312042,508.619999999804,698.5432152413335
15932,40.45040141312042,508.639999999804,698.5521059584286
15933,40.45040141312042,508.659999999804,698.5609964510762
15934,40.45040141312042,508.67999999980395,698.5698867192715
15935,40.45040141312042,508.69999999980394,698.5787767630095
15936,40.45040141312042,508.7199999998039,698.5876665822852
15937,40.45040141312042,508.7399999998039,698.5965561770938
15938,40.389035187894336,508.7599999998039,698.6054455474302
15939,40.389035187894336,508.77999999980386,698.6143346932896
15940,40.389035187894336,508.79999999980384,698.6232236146669
15941,40.389035187894336,508.8199999998038,698.6321123115572
15942,40.389035187894336,508.8399999998038,698.6410007841367
15943,40.389035187894336,508.8599999998038,698.649889033173
15944,40.389035187894336,508.8799999998038,698.6587770587269
15945,40.389035187894336,508.89999999980375,698.6676648607933
15946,40.389035187894336,508.91999999980374,698.6765524393674
15947,40.389035187894336,508.9399999998037,698.6854397944442
15948,40.389035187894336,508.9599999998037,698.6943269260189
15949,40.389035187894336,508.9799999998037,698.7032138340865
15950,40.389035187894336,508.99999999980366,698.712100518642
15951,40.389035187894336,509.01999999980364,698.7209869796807
15952,40.389035187894336,509.0399999998036,698.7298732171975
15953,40.389035187894336,509.0599999998036,698.7387592311874
15954,40.389035187894336,509.0799999998036,698.7476450216457
15955,40.389035187894336,509.0999999998036,698.7565305885673
15956,40.389035187894336,509.11999999980355,698.7654159319474
15957,40.389035187894336,509.13999999980354,698.774301051781
15958,40.389035187894336,509.1599999998035,698.7831859480632
15959,40.389035187894336,509.1799999998035,698.7920706207891
15960,40.389035187894336,509.1999999998035,698.8009550699537
15961,40.389035187894336,509.21999999980346,698.8098392955521
15962,40.389035187894336,509.23999999980344,698.8187232975795
15963,40.389035187894336,509.2599999998034,698.8276070760309
15964,40.389035187894336,509.2799999998034,698.8364906309013
15965,40.389035187894336,509.2999999998034,698.8453739621858
15966,40.389035187894336,509.3199999998034,698.8542570698796
15967,40.389035187894336,509.33999999980335,698.8631399539777
15968,40.389035187894336,509.35999999980334,698.8720226144752
15969,40.389035187894336,509.3799999998033,698.8809050513671
15970,40.389035187894336,509.3999999998033,698.8897872646486
15971,40.389035187894336,509.4199999998033,698.8986692543147
15972,40.389035187894336,509.43999999980326,698.9075510203604
15973,40.389035187894336,509.45999999980324,698.916432562781
15974,40.389035187894336,509.4799999998032,698.9253138815714
15975,40.389035187894336,509.4999999998032,698.9341949767268
15976,40.389035187894336,509.5199999998032,698.9430758482421
15977,40.389035187894336,509.5399999998032,698.9519564961125
15978,40.389035187894336,509.55999999980315,698.9608369203331
15979,40.389035187894336,509.57999999980314,698.969717120899
15980,40.389035187894336,509.5999999998031,698.9785970978052
15981,40.389035187894336,509.6199999998031,698.9874768510467
15982,40.389035187894336,509.6399999998031,698.9963563806189
15983,40.389035187894336,509.65999999980306,699.0052356865165
15984,40.389035187894336,509.67999999980304,699.0141147687348
15985,40.389035187894336,509.699999999803,699.0229936272688
15986,40.389035187894336,509.719999999803,699.0318722621136
15987,40.389035187894336,509.739999999803,699.0407506732643
15988,40.389035187894336,509.759999999803,699.049628860716
15989,40.389035187894336,509.77999999980295,699.0585068244637
15990,40.389035187894336,509.79999999980294,699.0673845645026
15991,40.389035187894336,509.8199999998029,699.0762620808276
15992,40.389035187894336,509.8399999998029,699.085139373434
15993,40.389035187894336,509.8599999998029,699.0940164425524
15994,40.389035187894336,509.87999999980286,699.1028932888856
15995,40.389035187894336,509.89999999980284,699.1117699124812
15996,40.389035187894336,509.9199999998028,699.1206463133341
15997,40.389035187894336,509.9399999998028,699.1295224914393
15998,40.389035187894336,509.9599999998028,699.1383984467918
15999,40.389035187894336,509.97999999980277,699.1472741793868
16000,40.389035187894336,509.99999999980275,699.1561496892193
16001,40.389035187894336,510.01999999980274,699.1650249762843
16002,40.389035187894336,510.0399999998027,699.1739000405767
16003,40.389035187894336,510.0599999998027,699.1827748820916
16004,40.389035187894336,510.0799999998027,699.1916495008242
16005,40.389035187894336,510.09999999980266,699.2005238967693
16006,40.389035187894336,510.11999999980264,699.209398069922
16007,40.389035187894336,510.1399999998026,699.2182720202774
16008,40.389035187894336,510.1599999998026,699.2271457478305
16009,40.389035187894336,510.1799999998026,699.2360192525763
16010,40.389035187894336,510.19999999980257,699.2448925345099
16011,40.389035187894336,510.21999999980255,699.2537655936262
16012,40.389035187894336,510.23999999980254,699.2626384299203
16013,40.389035187894336,510.2599999998025,699.2715110433874
16014,40.389035187894336,510.2799999998025,699.2803834340223
16015,40.389035187894336,510.2999999998025,699.2892556018201
16016,40.389035187894336,510.31999999980246,699.2981275467758
16017,40.389035187894336,510.33999999980244,699.3069992688846
16018,40.389035187894336,510.3599999998024,699.3158707681414
16019,40.389035187894336,510.3799999998024,699.3247420445412
16020,40.389035187894336,510.3999999998024,699.333613098079
16021,40.389035187894336,510.41999999980237,699.34248392875
16022,40.389035187894336,510.43999999980235,699.3513545365491
16023,40.389035187894336,510.45999999980233,699.3602249214714
16024,40.389035187894336,510.4799999998023,699.3690950835119
16025,40.389035187894336,510.4999999998023,699.3779650226656
16026,40.389035187894336,510.5199999998023,699.3868347389276
16027,40.389035187894336,510.53999999980226,699.3957042322929
16028,40.389035187894336,510.55999999980224,699.4045735027566
16029,40.389035187894336,510.5799999998022,699.4134425503137
16030,40.389035187894336,510.5999999998022,699.4223113749591
16031,40.389035187894336,510.6199999998022,699.431179976688
16032,40.389035187894336,510.63999999980217,699.4400483554954
16033,40.389035187894336,510.65999999980215,699.4489165113763
16034,40.389035187894336,510.67999999980213,699.4577844443257
16035,40.389035187894336,510.6999999998021,699.4666521543387
16036,40.389035187894336,510.7199999998021,699.4755196414103
16037,40.389035187894336,510.7399999998021,699.4843869055355
16038,40.389035187894336,510.75999999980206,699.4932539467095
16039,40.389035187894336,510.77999999980204,699.5021207649271
16040,40.389035187894336,510.799999999802,699.5109873601835
16041,40.389035187894336,510.819999999802,699.5198537324737
16042,40.389035187894336,510.839999999802,699.5287198817928
16043,40.389035187894336,510.85999999980197,699.5375858081356
16044,40.389035187894336,510.87999999980195,699.5464515118022
16045,40.389035187894336,510.89999999980193,699.5553169934714
16046,40.389035187894336,510.9199999998019,699.5641822531802
16047,40.389035187894336,510.9399999998019,699.5730472909238
16048,40.389035187894336,510.9599999998019,699.5819121066971
16049,40.389035187894336,510.97999999980186,699.5907767004951
16050,40.389035187894336,510.99999999980184,699.5996410723128
16051,40.389035187894336,511.0199999998018,699.6085052221451
16052,40.389035187894336,511.0399999998018,699.6173691499872
16053,40.389035187894336,511.0599999998018,699.6262328558339
16054,40.389035187894336,511.07999999980177,699.6350963396802
16055,40.389035187894336,511.09999999980175,699.6439596015213
16056,40.389035187894336,511.11999999980173,699.6528226413519
16057,40.389035187894336,511.1399999998017,699.6616854591672
16058,40.389035187894336,511.1599999998017,699.6705480549621
16059,40.389035187894336,511.1799999998017,699.6794104287316
16060,40.389035187894336,511.19999999980166,699.6882725804707
16061,40.389035187894336,511.21999999980164,699.6971345101744
16062,40.389035187894336,511.2399999998016,699.7059962178375
16063,40.389035187894336,511.2599999998016,699.7148577034553
16064,40.389035187894336,511.2799999998016,699.7237189670227
16065,40.389035187894336,511.29999999980157,699.7325800085346
16066,40.389035187894336,511.31999999980155,699.741440827986
16067,40.389035187894336,511.33999999980153,699.750301425372
16068,40.389035187894336,511.3599999998015,699.7591618006874
16069,40.389035187894336,511.3799999998015,699.7680219539274
16070,40.389035187894336,511.3999999998015,699.7768818850868
16071,40.389035187894336,511.41999999980146,699.7857415941608
16072,40.389035187894336,511.43999999980144,699.7946010811442
16073,40.389035187894336,511.4599999998014,699.8034603460321
16074,40.389035187894336,511.4799999998014,699.8123193888196
16075,40.389035187894336,511.4999999998014,699.8211782095015
16076,40.389035187894336,511.51999999980137,699.8300368080728
16077,40.389035187894336,511.53999999980135,699.8388951845286
16078,40.389035187894336,511.55999999980133,699.8477533388638
16079,40.389035187894336,511.5799999998013,699.8566112710733
16080,40.389035187894336,511.5999999998013,699.8654689811524
16081,40.389035187894336,511.6199999998013,699.8743264690959
16082,40.389035187894336,511.63999999980126,699.8831837348987
16083,40.389035187894336,511.65999999980124,699.892040778556
16084,40.389035187894336,511.6799999998012,699.9008976000625
16085,40.389035187894336,511.6999999998012,699.9097541994136
16086,40.389035187894336,511.7199999998012,699.9186105766039
16087,40.389035187894336,511.73999999980117,699.9274667316287
16088,40.389035187894336,511.75999999980115,699.9363226644828
16089,40.389035187894336,511.77999999980113,699.9451783751613
16090,40.32782396766524,511.7999999998011,699.9540338636591
16091,40.32782396766524,511.8199999998011,699.9628891299712
16092,40.32782396766524,511.8399999998011,699.9717441740927
16093,40.32782396766524,511.85999999980106,699.9805989960186
16094,40.32782396766524,511.87999999980104,699.9894535957437
16095,40.32782396766524,511.899999999801,699.9983079736179
16096,40.32782396766524,511.919999999801,700.0071621301324
16097,40.32782396766524,511.939999999801,700.0160160650903
16098,40.32782396766524,511.95999999980097,700.0248697784752
16099,40.32782396766524,511.97999999980095,700.0337232702822
16100,40.32782396766524,511.99999999980093,700.042576540506
16101,40.32782396766524,512.0199999998009,700.0514295891419
16102,40.32782396766524,512.0399999998009,700.0602824161847
16103,40.32782396766524,512.0599999998009,700.0691350216293
16104,40.32782396766524,512.0799999998009,700.0779874054708
16105,40.32782396766524,512.0999999998008,700.086839567704
16106,40.32782396766524,512.1199999998008,700.0956915083241
16107,40.32782396766524,512.1399999998008,700.1045432273258
16108,40.32782396766524,512.1599999998008,700.1133947247043
16109,40.32782396766524,512.1799999998008,700.1222460004545
16110,40.32782396766524,512.1999999998008,700.1310970545713
16111,40.32782396766524,512.2199999998007,700.1399478870497
16112,40.32782396766524,512.2399999998007,700.1487984978847
16113,40.32782396766524,512.2599999998007,700.1576488870712
16114,40.32782396766524,512.2799999998007,700.1664990546042
16115,40.32782396766524,512.2999999998007,700.1753490004786
16116,40.32782396766524,512.3199999998006,700.1841987246895
16117,40.32782396766524,512.3399999998006,700.1930482272318
16118,40.32782396766524,512.3599999998006,700.2018975081005
16119,40.32782396766524,512.3799999998006,700.2107465672905
16120,40.32782396766524,512.3999999998006,700.2195954047968
16121,40.32782396766524,512.4199999998006,700.2284440206143
16122,40.32782396766524,512.4399999998005,700.2372924147381
16123,40.32782396766524,512.4599999998005,700.2461405871632
16124,40.32782396766524,512.4799999998005,700.2549885378844
16125,40.32782396766524,512.4999999998005,700.2638362668968
16126,40.32782396766524,512.5199999998005,700.2726837741952
16127,40.32782396766524,512.5399999998004,700.2815310597748
16128,40.32782396766524,512.5599999998004,700.2903781236304
16129,40.32782396766524,512.5799999998004,700.299224965757
16130,40.32782396766524,512.5999999998004,700.3080715861497
16131,40.32782396766524,512.6199999998004,700.3169179848032
16132,40.32782396766524,512.6399999998004,700.3257641617128
16133,40.32782396766524,512.6599999998003,700.3346101168731
16134,40.32782396766524,512.6799999998003,700.3434558502794
16135,40.32782396766524,512.6999999998003,700.3523013619265
16136,40.32782396766524,512.7199999998003,700.3611466518093
16137,40.32782396766524,512.7399999998003,700.369991719923
16138,40.32782396766524,512.7599999998002,700.3788365662623
16139,40.32782396766524,512.7799999998002,700.3876811908224
16140,40.32782396766524,512.7999999998002,700.3965255935981
16141,40.32782396766524,512.8199999998002,700.4053697745844
16142,40.32782396766524,512.8399999998002,700.4142137337764
16143,40.32782396766524,512.8599999998002,700.4230574711689
16144,40.32782396766524,512.8799999998001,700.431900986757
16145,40.32782396766524,512.8999999998001,700.4407442805357
16146,40.32782396766524,512.9199999998001,700.4495873529048
16147,40.32782396766524,512.9399999998001,700.4584302044166
16148,40.32782396766524,512.9599999998001,700.4672728350828
16149,40.32782396766524,512.9799999998,700.4761152448983
16150,40.32782396766524,512.9999999998,700.4849574338582
16151,40.32782396766524,513.0199999998,700.4937994019573
16152,40.32782396766524,513.0399999998,700.5026411491906
16153,40.32782396766524,513.0599999998,700.511482675553
16154,40.32782396766524,513.0799999998,700.5203239810394
16155,40.32782396766524,513.0999999997999,700.5291650656447
16156,40.32782396766524,513.1199999997999,700.538005929364
16157,40.32782396766524,513.1399999997999,700.5468465721921
16158,40.32782396766524,513.1599999997999,700.5556869941239
16159,40.32782396766524,513.1799999997999,700.5645271951544
16160,40.32782396766524,513.1999999997998,700.5733671752785
16161,40.32782396766524,513.2199999997998,700.5822069344912
16162,40.32782396766524,513.2399999997998,700.5910464727873
16163,40.32782396766524,513.2599999997998,700.5998857901618
16164,40.32782396766524,513.2799999997998,700.6087248866097
16165,40.32782396766524,513.2999999997998,700.6175637621259
16166,40.32782396766524,513.3199999997997,700.6264024167052
16167,40.32782396766524,513.3399999997997,700.6352408503427
16168,40.32782396766524,513.3599999997997,700.6440790630332
16169,40.32782396766524,513.3799999997997,700.6529170547717
16170,40.32782396766524,513.3999999997997,700.6617548255531
16171,40.32782396766524,513.4199999997996,700.6705923753724
16172,40.32782396766524,513.4399999997996,700.6794297042245
16173,40.32782396766524,513.4599999997996,700.6882668121043
16174,40.32782396766524,513.4799999997996,700.6971036990067
16175,40.32782396766524,513.4999999997996,700.7059403649267
16176,40.32782396766524,513.5199999997996,700.7147768098592
16177,40.32782396766524,513.5399999997995,700.7236130337992
16178,40.32782396766524,513.5599999997995,700.7324490367415
16179,40.32782396766524,513.5799999997995,700.7412848186812
16180,40.32782396766524,513.5999999997995,700.750120379613
16181,40.32782396766524,513.6199999997995,700.7589557195321
16182,40.32782396766524,513.6399999997994,700.7677908384333
16183,40.32782396766524,513.6599999997994,700.7766257363114
16184,40.32782396766524,513.6799999997994,700.7854604131616
16185,40.32782396766524,513.6999999997994,700.7942948689786
16186,40.32782396766524,513.7199999997994,700.8031291037574
16187,40.32782396766524,513.7399999997994,700.8119631174931
16188,40.32782396766524,513.7599999997993,700.8207969101803
16189,40.32782396766524,513.7799999997993,700.8296304818142
16190,40.32782396766524,513.7999999997993,700.8384638323897
16191,40.32782396766524,513.8199999997993,700.8472969619016
16192,40.32782396766524,513.8399999997993,700.8561298703451
16193,40.32782396766524,513.8599999997992,700.8649625577148
16194,40.32782396766524,513.8799999997992,700.8737950240059
16195,40.32782396766524,513.8999999997992,700.8826272692131
16196,40.32782396766524,513.9199999997992,700.8914592933315
16197,40.32782396766524,513.9399999997992,700.9002910968354
16198,40.32782396766524,513.9599999997992,700.909122680249
16199,40.32782396766524,513.9799999997991,700.9179540435725
16200,40.32782396766524,513.9999999997991,700.9267851868011
16201,40.32782396766524,514.0199999997991,700.9356161099296
16202,40.32782396766524,514.0399999997991,700.9444468129528
16203,40.32782396766524,514.0599999997991,700.9532772958657
16204,40.32782396766524,514.079999999799,700.9621075586633
16205,40.32782396766524,514.099999999799,700.9709376013403
16206,40.32782396766524,514.119999999799,700.9797674238916
16207,40.32782396766524,514.139999999799,700.9885970263122
16208,40.32782396766524,514.159999999799,700.9974264085968
16209,40.32782396766524,514.179999999799,701.0062555707403
16210,40.32782396766524,514.1999999997989,701.0150845127379
16211,40.32782396766524,514.2199999997989,701.0239132345841
16212,40.32782396766524,514.2399999997989,701.0327417362741
16213,40.32782396766524,514.2599999997989,701.0415700178027
16214,40.32782396766524,514.2799999997989,701.0503980791646
16215,40.32782396766524,514.2999999997988,701.0592259203548
16216,40.32782396766524,514.3199999997988,701.0680535413684
16217,40.32782396766524,514.3399999997988,701.0768809422
16218,40.32782396766524,514.3599999997988,701.0857081228446
16219,40.32782396766524,514.3799999997988,701.0945350832972
16220,40.32782396766524,514.3999999997988,701.1033618235524
16221,40.32782396766524,514.4199999997987,701.1121883436053
16222,40.32782396766524,514.4399999997987,701.1210146434508
16223,40.32782396766524,514.4599999997987,701.1298407230838
16224,40.32782396766524,514.4799999997987,701.1386665824991
16225,40.32782396766524,514.4999999997987,701.1474922216917
16226,40.32782396766524,514.5199999997986,701.1563176406563
16227,40.32782396766524,514.5399999997986,701.165142839388
16228,40.32782396766524,514.5599999997986,701.1739678178815
16229,40.32782396766524,514.5799999997986,701.1827925761319
16230,40.32782396766524,514.5999999997986,701.1916171141339
16231,40.32782396766524,514.6199999997986,701.2004414318825
16232,40.32782396766524,514.6399999997985,701.2092655293726
16233,40.32782396766524,514.6599999997985,701.218089406599
16234,40.32782396766524,514.6799999997985,701.2269130635567
16235,40.32782396766524,514.6999999997985,701.2357365002405
16236,40.32782396766524,514.7199999997985,701.2445597166453
16237,40.32782396766524,514.7399999997984,701.253382712766
16238,40.32782396766524,514.7599999997984,701.2622054885975
16239,40.32782396766524,514.7799999997984,701.2710280441347
16240,40.32782396766524,514.7999999997984,701.2798503793725
16241,40.32782396766524,514.8199999997984,701.2886724943058
16242,40.32782396766524,514.8399999997984,701.2974943889295
16243,40.32782396766524,514.8599999997983,701.3063160632385
16244,40.32782396766524,514.8799999997983,701.3151375172275
16245,40.32782396766524,514.8999999997983,701.3239587508916
16246,40.32782396766524,514.9199999997983,701.3327797642257
16247,40.266767204848286,514.9399999997983,701.341600557231
16248,40.266767204848286,514.9599999997982,701.3504211304277
16249,40.266767204848286,514.9799999997982,701.3592414842793
16250,40.266767204848286,514.9999999997982,701.3680616187809
16251,40.266767204848286,515.0199999997982,701.3768815339272
16252,40.266767204848286,515.0399999997982,701.3857012297133
16253,40.266767204848286,515.0599999997982,701.394520706134
16254,40.266767204848286,515.0799999997981,701.4033399631843
16255,40.266767204848286,515.0999999997981,701.412159000859
16256,40.266767204848286,515.1199999997981,701.4209778191531
16257,40.266767204848286,515.1399999997981,701.4297964180615
16258,40.266767204848286,515.1599999997981,701.4386147975791
16259,40.266767204848286,515.179999999798,701.4474329577008
16260,40.266767204848286,515.199999999798,701.4562508984216
16261,40.266767204848286,515.219999999798,701.4650686197363
16262,40.266767204848286,515.239999999798,701.4738861216398
16263,40.266767204848286,515.259999999798,701.4827034041272
16264,40.266767204848286,515.279999999798,701.4915204671931
16265,40.266767204848286,515.2999999997979,701.5003373108328
16266,40.266767204848286,515.3199999997979,701.509153935041
16267,40.266767204848286,515.3399999997979,701.5179703398126
16268,40.266767204848286,515.3599999997979,701.5267865251425
16269,40.266767204848286,515.3799999997979,701.5356024910257
16270,40.266767204848286,515.3999999997978,701.5444182374571
16271,40.266767204848286,515.4199999997978,701.5532337644316
16272,40.266767204848286,515.4399999997978,701.5620490719442
16273,40.266767204848286,515.4599999997978,701.5708641599897
16274,40.266767204848286,515.4799999997978,701.579679028563
16275,40.266767204848286,515.4999999997978,701.588493677659
16276,40.266767204848286,515.5199999997977,701.5973081072727
16277,40.266767204848286,515.5399999997977,701.6061223173991
16278,40.266767204848286,515.5599999997977,701.6149363080331
16279,40.266767204848286,515.5799999997977,701.6237500791693
16280,40.266767204848286,515.5999999997977,701.632563630803
16281,40.266767204848286,515.6199999997976,701.6413769629289
16282,40.266767204848286,515.6399999997976,701.650190075542
16283,40.266767204848286,515.6599999997976,701.6590029686372
16284,40.266767204848286,515.6799999997976,701.6678156422095
16285,40.266767204848286,515.6999999997976,701.6766280962536
16286,40.266767204848286,515.7199999997976,701.6854403307645
16287,40.266767204848286,515.7399999997975,701.6942523457374
16288,40.266767204848286,515.7599999997975,701.7030641411668
16289,40.266767204848286,515.7799999997975,701.7118757170479
16290,40.266767204848286,515.7999999997975,701.7206870733754
16291,40.266767204848286,515.8199999997975,701.7294982101445
16292,40.266767204848286,515.8399999997974,701.7383091273498
16293,40.266767204848286,515.8599999997974,701.7471198249864
16294,40.266767204848286,515.8799999997974,701.7559303030492
16295,40.266767204848286,515.8999999997974,701.7647405615331
16296,40.266767204848286,515.9199999997974,701.773550600433
16297,40.266767204848286,515.9399999997974,701.7823604197439
16298,40.266767204848286,515.9599999997973,701.791170019478
16299,40.266767204848286,515.9799999997973,701.7999794001797
16300,40.266767204848286,515.9999999997973,701.8087885622369
16301,40.266767204848286,516.0199999997973,701.8175975056445
16302,40.266767204848286,516.0399999997973,701.8264062303973
16303,40.266767204848286,516.0599999997972,701.8352147364902
16304,40.266767204848286,516.0799999997972,701.8440230239181
16305,40.266767204848286,516.0999999997972,701.8528310926758
16306,40.266767204848286,516.1199999997972,701.8616389427583
16307,40.266767204848286,516.1399999997972,701.8704465741604
16308,40.266767204848286,516.1599999997972,701.879253986877
16309,40.266767204848286,516.1799999997971,701.8880611809029
16310,40.266767204848286,516.1999999997971,701.896868156233
16311,40.266767204848286,516.2199999997971,701.9056749128623
16312,40.266767204848286,516.2399999997971,701.9144814507855
16313,40.266767204848286,516.2599999997971,701.9232877699976
16314,40.266767204848286,516.279999999797,701.9320938704934
16315,40.266767204848286,516.299999999797,701.9408997522678
16316,40.266767204848286,516.319999999797,701.9497054153157
16317,40.266767204848286,516.339999999797,701.958510859632
16318,40.266767204848286,516.359999999797,701.9673160852116
16319,40.266767204848286,516.379999999797,701.9761210920491
16320,40.266767204848286,516.3999999997969,701.9849258801396
16321,40.266767204848286,516.4199999997969,701.993730449478
16322,40.266767204848286,516.4399999997969,702.0025348000592
16323,40.266767204848286,516.4599999997969,702.0113389318778
16324,40.266767204848286,516.4799999997969,702.0201428449291
16325,40.266767204848286,516.4999999997968,702.0289465392076
16326,40.266767204848286,516.5199999997968,702.0377500147084
16327,40.266767204848286,516.5399999997968,702.0465532714263
16328,40.266767204848286,516.5599999997968,702.0553563093562
16329,40.266767204848286,516.5799999997968,702.0641591284929
16330,40.266767204848286,516.5999999997968,702.0729617288313
16331,40.266767204848286,516.6199999997967,702.0817641103663
16332,40.266767204848286,516.6399999997967,702.0905662730928
16333,40.266767204848286,516.6599999997967,702.0993682170057
16334,40.266767204848286,516.6799999997967,702.1081699420998
16335,40.266767204848286,516.6999999997967,702.11697144837
16336,40.266767204848286,516.7199999997966,702.1257727358112
16337,40.266767204848286,516.7399999997966,702.1345738044183
16338,40.266767204848286,516.7599999997966,702.1433746541861
16339,40.266767204848286,516.7799999997966,702.1521752851096
16340,40.266767204848286,516.7999999997966,702.1609756971835
16341,40.266767204848286,516.8199999997966,702.1697758904028
16342,40.266767204848286,516.8399999997965,702.1785758647624
16343,40.266767204848286,516.8599999997965,702.1873756202571
16344,40.266767204848286,516.8799999997965,702.1961751568817
16345,40.266767204848286,516.8999999997965,702.2049744746313
16346,40.266767204848286,516.9199999997965,702.2137735735006
16347,40.266767204848286,516.9399999997964,702.2225724534845
16348,40.266767204848286,516.9599999997964,702.231371114578
16349,40.266767204848286,516.9799999997964,702.2401695568053
16350,40.266767204848286,516.9999999997964,702.2489677807736
16351,40.266767204848286,517.0199999997964,702.2577657868238
16352,40.266767204848286,517.0399999997964,702.2665635749509
16353,40.266767204848286,517.0599999997963,702.2753611451495
16354,40.266767204848286,517.0799999997963,702.2841584974148
16355,40.266767204848286,517.0999999997963,702.2929556317414
16356,40.266767204848286,517.1199999997963,702.3017525481242
16357,40.266767204848286,517.1399999997963,702.3105492465581
16358,40.266767204848286,517.1599999997962,702.3193457270379
16359,40.266767204848286,517.1799999997962,702.3281419895584
16360,40.266767204848286,517.1999999997962,702.3369380341145
16361,40.266767204848286,517.2199999997962,702.3457338607011
16362,40.266767204848286,517.2399999997962,702.354529469313
16363,40.266767204848286,517.2599999997962,702.363324859945
16364,40.266767204848286,517.2799999997961,702.372120032592
16365,40.266767204848286,517.2999999997961,702.3809149872487
16366,40.266767204848286,517.3199999997961,702.3897097239102
16367,40.266767204848286,517.3399999997961,702.3985042425712
16368,40.266767204848286,517.3599999997961,702.4072985432266
16369,40.266767204848286,517.379999999796,702.4160926258712
16370,40.266767204848286,517.399999999796,702.4248864904998
16371,40.266767204848286,517.419999999796,702.4336801371073
16372,40.266767204848286,517.439999999796,702.4424735656886
16373,40.266767204848286,517.459999999796,702.4512667762385
16374,40.266767204848286,517.479999999796,702.4600597687519
16375,40.266767204848286,517.4999999997959,702.4688525432235
16376,40.266767204848286,517.5199999997959,702.4776450996484
16377,40.266767204848286,517.5399999997959,702.4864374380212
16378,40.266767204848286,517.5599999997959,702.4952295583369
16379,40.266767204848286,517.5799999997959,702.5040214605903
16380,40.266767204848286,517.5999999997958,702.5128131447761
16381,40.266767204848286,517.6199999997958,702.5216046108894
16382,40.266767204848286,517.6399999997958,702.530395858925
16383,40.266767204848286,517.6599999997958,702.5391868888777
16384,40.266767204848286,517.6799999997958,702.5479777007423
16385,40.266767204848286,517.6999999997958,702.5567682945136
16386,40.266767204848286,517.7199999997957,702.5655586701866
16387,40.266767204848286,517.7399999997957,702.5743488277561
16388,40.266767204848286,517.7599999997957,702.583138767217
16389,40.266767204848286,517.7799999997957,702.591928488564
16390,40.266767204848286,517.7999999997957,702.6007179917921
16391,40.266767204848286,517.8199999997956,702.609507276896
16392,40.266767204848286,517.8399999997956,702.6182963438706
16393,40.266767204848286,517.8599999997956,702.6270851927109
16394,40.266767204848286,517.8799999997956,702.6358738234115
16395,40.266767204848286,517.8999999997956,702.6446622359675
16396,40.266767204848286,517.9199999997956,702.6534504303736
16397,40.266767204848286,517.9399999997955,702.6622384066246
16398,40.266767204848286,517.9599999997955,702.6710261647155
16399,40.266767204848286,517.9799999997955,702.6798137046411
16400,40.266767204848286,517.9999999997955,702.6886010264367
16401,40.20586435434322,518.0199999997955,702.6973881307455
16402,40.20586435434322,518.0399999997954,702.7061750178457
16403,40.20586435434322,518.0599999997954,702.7149616877323
16404,40.20586435434322,518.0799999997954,702.7237481404003
16405,40.20586435434322,518.0999999997954,702.7325343758445
16406,40.20586435434322,518.1199999997954,702.7413203940598
16407,40.20586435434322,518.1399999997954,702.7501061950413
16408,40.20586435434322,518.1599999997953,702.7588917787838
16409,40.20586435434322,518.1799999997953,702.7676771452822
16410,40.20586435434322,518.1999999997953,702.7764622945315
16411,40.20586435434322,518.2199999997953,702.7852472265265
16412,40.20586435434322,518.2399999997953,702.7940319412622
16413,40.20586435434322,518.2599999997952,702.8028164387337
16414,40.20586435434322,518.2799999997952,702.8116007189356
16415,40.20586435434322,518.2999999997952,702.820384781863
16416,40.20586435434322,518.3199999997952,702.8291686275109
16417,40.20586435434322,518.3399999997952,702.837952255874
16418,40.20586435434322,518.3599999997951,702.8467356669474
16419,40.20586435434322,518.3799999997951,702.855518860726
16420,40.20586435434322,518.3999999997951,702.8643018372046
16421,40.20586435434322,518.4199999997951,702.8730845963782
16422,40.20586435434322,518.4399999997951,702.8818671382419
16423,40.20586435434322,518.4599999997951,702.8906494627904
16424,40.20586435434322,518.479999999795,702.8994315700187
16425,40.20586435434322,518.499999999795,702.9082134599217
16426,40.20586435434322,518.519999999795,702.9169951324944
16427,40.20586435434322,518.539999999795,702.9257765877317
16428,40.20586435434322,518.559999999795,702.9345578256284
16429,40.20586435434322,518.579999999795,702.9433388461796
16430,40.20586435434322,518.5999999997949,702.95211964938
16431,40.20586435434322,518.6199999997949,702.9609002352248
16432,40.20586435434322,518.6399999997949,702.9696806037088
16433,40.20586435434322,518.6599999997949,702.9784607548268
16434,40.20586435434322,518.6799999997949,702.9872406885738
16435,40.20586435434322,518.6999999997948,702.9960204049448
16436,40.20586435434322,518.7199999997948,703.0047999039348
16437,40.20586435434322,518.7399999997948,703.0135791855386
16438,40.20586435434322,518.7599999997948,703.022358249751
16439,40.20586435434322,518.7799999997948,703.0311370965672
16440,40.20586435434322,518.7999999997947,703.039915725982
16441,40.20586435434322,518.8199999997947,703.0486941379903
16442,40.20586435434322,518.8399999997947,703.057472332587
16443,40.20586435434322,518.8599999997947,703.0662503097672
16444,40.20586435434322,518.8799999997947,703.0750280695256
16445,40.20586435434322,518.8999999997947,703.0838056118573
16446,40.20586435434322,518.9199999997946,703.0925829367571
16447,40.20586435434322,518.9399999997946,703.1013600442201
16448,40.20586435434322,518.9599999997946,703.110136934241
16449,40.20586435434322,518.9799999997946,703.1189136068149
16450,40.20586435434322,518.9999999997946,703.1276900619366
16451,40.20586435434322,519.0199999997945,703.136466299651
16452,40.20586435434322,519.0399999997945,703.1452423206188
16453,40.20586435434322,519.0599999997945,703.1540181250517
16454,40.20586435434322,519.0799999997945,703.1627937129448
16455,40.20586435434322,519.0999999997945,703.1715690842929
16456,40.20586435434322,519.1199999997945,703.1803442390908
16457,40.20586435434322,519.1399999997944,703.1891191773336
16458,40.20586435434322,519.1599999997944,703.1978938990161
16459,40.20586435434322,519.1799999997944,703.2066684041332
16460,40.20586435434322,519.1999999997944,703.2154426926799
16461,40.20586435434322,519.2199999997944,703.2242167646509
16462,40.20586435434322,519.2399999997943,703.2329906200413
16463,40.20586435434322,519.2599999997943,703.2417642588458
16464,40.20586435434322,519.2799999997943,703.2505376810595
16465,40.20586435434322,519.2999999997943,703.2593108866773
16466,40.20586435434322,519.3199999997943,703.268083875694
16467,40.20586435434322,519.3399999997943,703.2768566481045
16468,40.20586435434322,519.3599999997942,703.2856292039038
16469,40.20586435434322,519.3799999997942,703.2944015430867
16470,40.20586435434322,519.3999999997942,703.3031736656482
16471,40.20586435434322,519.4199999997942,703.311945571583
16472,40.20586435434322,519.4399999997942,703.3207172608862
16473,40.20586435434322,519.4599999997941,703.3294887335527
16474,40.20586435434322,519.4799999997941,703.3382599895773
16475,40.20586435434322,519.4999999997941,703.347031028955
16476,40.20586435434322,519.5199999997941,703.3558018516807
16477,40.20586435434322,519.5399999997941,703.3645724577492
16478,40.20586435434322,519.5599999997941,703.3733428471555
16479,40.20586435434322,519.579999999794,703.3821130198945
16480,40.20586435434322,519.599999999794,703.3908829759611
16481,40.20586435434322,519.619999999794,703.3996527153502
16482,40.20586435434322,519.639999999794,703.4084222380567
16483,40.20586435434322,519.659999999794,703.4171915440754
16484,40.20586435434322,519.679999999794,703.4259606334014
16485,40.20586435434322,519.6999999997939,703.4347295060295
16486,40.20586435434322,519.7199999997939,703.4434981619546
16487,40.20586435434322,519.7399999997939,703.4522666011716
16488,40.20586435434322,519.7599999997939,703.4610348236754
16489,40.20586435434322,519.7799999997939,703.469802829461
16490,40.20586435434322,519.7999999997938,703.4785706185231
16491,40.20586435434322,519.8199999997938,703.4873381908569
16492,40.20586435434322,519.8399999997938,703.4961055464571
16493,40.20586435434322,519.8599999997938,703.5048726853187
16494,40.20586435434322,519.8799999997938,703.5136396074365
16495,40.20586435434322,519.8999999997937,703.5224063128055
16496,40.20586435434322,519.9199999997937,703.5311728014206
16497,40.20586435434322,519.9399999997937,703.5399390732765
16498,40.20586435434322,519.9599999997937,703.5487051283684
16499,40.20586435434322,519.9799999997937,703.5574709666911
16500,40.20586435434322,519.9999999997937,703.5662365882395
16501,40.20586435434322,520.0199999997936,703.5750019930084
16502,40.20586435434322,520.0399999997936,703.5837671810558
16503,40.20586435434322,520.0599999997936,703.5925321531105
16504,40.20586435434322,520.0799999997936,703.6012969093347
16505,40.20586435434322,520.0999999997936,703.6100614497233
16506,40.20586435434322,520.1199999997935,703.6188257742712
16507,40.20586435434322,520.1399999997935,703.6275898829732
16508,40.20586435434322,520.1599999997935,703.6363537758243
16509,40.20586435434322,520.1799999997935,703.6451174528194
16510,40.20586435434322,520.1999999997935,703.6538809139532
16511,40.20586435434322,520.2199999997935,703.6626441592208
16512,40.20586435434322,520.2399999997934,703.671407188617
16513,40.20586435434322,520.2599999997934,703.6801700021366
16514,40.20586435434322,520.2799999997934,703.6889325997746
16515,40.20586435434322,520.2999999997934,703.697694981526
16516,40.20586435434322,520.3199999997934,703.7064571473854
16517,40.20586435434322,520.3399999997933,703.7152190973479
16518,40.20586435434322,520.3599999997933,703.7239808314084
16519,40.20586435434322,520.3799999997933,703.7327423495617
16520,40.20586435434322,520.3999999997933,703.7415036518026
16521,40.20586435434322,520.4199999997933,703.7502647381262
16522,40.20586435434322,520.4399999997933,703.7590256085273
16523,40.20586435434322,520.4599999997932,703.7677862630007
16524,40.20586435434322,520.4799999997932,703.7765467015414
16525,40.20586435434322,520.4999999997932,703.7853069241443
16526,40.20586435434322,520.5199999997932,703.7940669308041
16527,40.20586435434322,520.5399999997932,703.8028267215159
16528,40.20586435434322,520.5599999997931,703.8115862962745
16529,40.20586435434322,520.5799999997931,703.8203456550748
16530,40.20586435434322,520.5999999997931,703.8291047979117
16531,40.20586435434322,520.6199999997931,703.83786372478
16532,40.20586435434322,520.6399999997931,703.8466224356748
16533,40.20586435434322,520.6599999997931,703.8553809305907
16534,40.20586435434322,520.679999999793,703.8641392095228
16535,40.20586435434322,520.699999999793,703.8728972724659
16536,40.20586435434322,520.719999999793,703.881655119415
16537,40.20586435434322,520.739999999793,703.8904127503648
16538,40.20586435434322,520.759999999793,703.8991701653104
16539,40.20586435434322,520.779999999793,703.9079273642466
16540,40.20586435434322,520.7999999997929,703.9166843471683
16541,40.20586435434322,520.8199999997929,703.9254411140703
16542,40.20586435434322,520.8399999997929,703.9341976649475
16543,40.20586435434322,520.8599999997929,703.942953999795
16544,40.20586435434322,520.8799999997929,703.9517101186075
16545,40.20586435434322,520.8999999997928,703.9604660213798
16546,40.20586435434322,520.9199999997928,703.969221708107
16547,40.20586435434322,520.9399999997928,703.9779771787839
16548,40.20586435434322,520.9599999997928,703.9867324334055
16549,40.20586435434322,520.9799999997928,703.9954874719665
16550,40.20586435434322,520.9999999997927,704.0042422944618
16551,40.20586435434322,521.0199999997927,704.0129969008865
16552,40.20586435434322,521.0399999997927,704.0217512912353
16553,40.20586435434322,521.0599999997927,704.030505465578
16554,40.20586435434322,521.0799999997927,704.0392594246938
16555,40.14511487352075,521.0999999997927,704.048013168689
16556,40.14511487352075,521.1199999997926,704.0567666975583
16557,40.14511487352075,521.1399999997926,704.0655200112968
16558,40.14511487352075,521.1599999997926,704.0742731098994
16559,40.14511487352075,521.1799999997926,704.083025993361
16560,40.14511487352075,521.1999999997926,704.0917786616766
16561,40.14511487352075,521.2199999997925,704.100531114841
16562,40.14511487352075,521.2399999997925,704.1092833528493
16563,40.14511487352075,521.2599999997925,704.1180353756963
16564,40.14511487352075,521.2799999997925,704.126787183377
16565,40.14511487352075,521.2999999997925,704.1355387758863
16566,40.14511487352075,521.3199999997925,704.1442901532191
16567,40.14511487352075,521.3399999997924,704.1530413153704
16568,40.14511487352075,521.3599999997924,704.161792262335
16569,40.14511487352075,521.3799999997924,704.1705429941079
16570,40.14511487352075,521.3999999997924,704.179293510684
16571,40.14511487352075,521.4199999997924,704.1880438120584
16572,40.14511487352075,521.4399999997923,704.1967938982258
16573,40.14511487352075,521.4599999997923,704.2055437691812
16574,40.14511487352075,521.4799999997923,704.2142934249196
16575,40.14511487352075,521.4999999997923,704.2230428654359
16576,40.14511487352075,521.5199999997923,704.231792090725
16577,40.14511487352075,521.5399999997923,704.2405411007818
16578,40.14511487352075,521.5599999997922,704.2492898956014
16579,40.14511487352075,521.5799999997922,704.2580384751785
16580,40.14511487352075,521.5999999997922,704.2667868395082
16581,40.14511487352075,521.6199999997922,704.2755349885854
16582,40.14511487352075,521.6399999997922,704.2842829224049
16583,40.14511487352075,521.6599999997921,704.2930306409618
16584,40.14511487352075,521.6799999997921,704.3017781442509
16585,40.14511487352075,521.6999999997921,704.3105254322671
16586,40.14511487352075,521.7199999997921,704.3192725050055
16587,40.14511487352075,521.7399999997921,704.328019362461
16588,40.14511487352075,521.7599999997921,704.3367660046284
16589,40.14511487352075,521.779999999792,704.3455124315028
16590,40.14511487352075,521.799999999792,704.354258643079
16591,40.14511487352075,521.819999999792,704.363004639352
16592,40.14511487352075,521.839999999792,704.3717504203166
16593,40.14511487352075,521.859999999792,704.380495985968
16594,40.14511487352075,521.879999999792,704.3892413363009
16595,40.14511487352075,521.8999999997919,704.3979864713102
16596,40.14511487352075,521.9199999997919,704.406731390991
16597,40.14511487352075,521.9399999997919,704.4154760953381
16598,40.14511487352075,521.9599999997919,704.4242205843466
16599,40.14511487352075,521.9799999997919,704.4329648580112
16600,40.14511487352075,521.9999999997918,704.4417089163271
16601,40.14511487352075,522.0199999997918,704.4504527592891
16602,40.14511487352075,522.0399999997918,704.459196386892
16603,40.14511487352075,522.0599999997918,704.4679397991309
16604,40.14511487352075,522.0799999997918,704.4766829961022
16605,40.14511487352075,522.0999999997917,704.485425978543
16606,40.14511487352075,522.1199999997917,704.4941687465194
16607,40.14511487352075,522.1399999997917,704.5029113000263
16608,40.14511487352075,522.1599999997917,704.5116536390585
16609,40.14511487352075,522.1799999997917,704.520395763611
16610,40.14511487352075,522.1999999997917,704.5291376736786
16611,40.14511487352075,522.2199999997916,704.5378793692564
16612,40.14511487352075,522.2399999997916,704.5466208503392
16613,40.14511487352075,522.2599999997916,704.5553621169219
16614,40.14511487352075,522.2799999997916,704.5641031689993
16615,40.14511487352075,522.2999999997916,704.5728440065665
16616,40.14511487352075,522.3199999997915,704.5815846296182
16617,40.14511487352075,522.3399999997915,704.5903250381494
16618,40.14511487352075,522.3599999997915,704.5990652321551
16619,40.14511487352075,522.3799999997915,704.6078052116302
16620,40.14511487352075,522.3999999997915,704.6165449765695
16621,40.14511487352075,522.4199999997915,704.6252845269679
16622,40.14511487352075,522.4399999997914,704.6340238628203
16623,40.14511487352075,522.4599999997914,704.6427629841216
16624,40.14511487352075,522.4799999997914,704.6515018908669
16625,40.14511487352075,522.4999999997914,704.660240583051
16626,40.14511487352075,522.5199999997914,704.6689790606687
16627,40.14511487352075,522.5399999997913,704.677717323715
16628,40.14511487352075,522.5599999997913,704.6864553721848
16629,40.14511487352075,522.5799999997913,704.695193206073
16630,40.14511487352075,522.5999999997913,704.7039308253744
16631,40.14511487352075,522.6199999997913,704.7126682300841
16632,40.14511487352075,522.6399999997913,704.7214054201969
16633,40.14511487352075,522.6599999997912,704.7301423957077
16634,40.14511487352075,522.6799999997912,704.7388791566115
16635,40.14511487352075,522.6999999997912,704.747615702903
16636,40.14511487352075,522.7199999997912,704.7563520345773
16637,40.14511487352075,522.7399999997912,704.7650881516292
16638,40.14511487352075,522.7599999997911,704.7738240540538
16639,40.14511487352075,522.7799999997911,704.7825597418457
16640,40.14511487352075,522.7999999997911,704.791295215
16641,40.14511487352075,522.8199999997911,704.8000304735116
16642,40.14511487352075,522.8399999997911,704.8087655173754
16643,40.14511487352075,522.8599999997911,704.8175003465863
16644,40.14511487352075,522.879999999791,704.8262349611391
16645,40.14511487352075,522.899999999791,704.8349693610289
16646,40.14511487352075,522.919999999791,704.8437035462505
16647,40.14511487352075,522.939999999791,704.8524375167988
16648,40.14511487352075,522.959999999791,704.8611712726687
16649,40.14511487352075,522.979999999791,704.8699048138552
16650,40.14511487352075,522.9999999997909,704.8786381403531
16651,40.14511487352075,523.0199999997909,704.8873712521574
16652,40.14511487352075,523.0399999997909,704.896104149263
16653,40.14511487352075,523.0599999997909,704.9048368316647
16654,40.14511487352075,523.0799999997909,704.9135692993576
16655,40.14511487352075,523.0999999997908,704.9223015524968
16656,40.14511487352075,523.1199999997908,704.9310335917984
16657,40.14511487352075,523.1399999997908,704.9397654173193
16658,40.14511487352075,523.1599999997908,704.9484970290547
16659,40.14511487352075,523.1799999997908,704.9572284269993
16660,40.14511487352075,523.1999999997907,704.965959611148
16661,40.14511487352075,523.2199999997907,704.9746905814958
16662,40.14511487352075,523.2399999997907,704.9834213380374
16663,40.14511487352075,523.2599999997907,704.9921518807678
16664,40.14511487352075,523.2799999997907,705.0008822096819
16665,40.14511487352075,523.2999999997907,705.0096123247746
16666,40.14511487352075,523.3199999997906,705.0183422260408
16667,40.14511487352075,523.3399999997906,705.0270719134753
16668,40.14511487352075,523.3599999997906,705.035801387073
16669,40.14511487352075,523.3799999997906,705.0445306468288
16670,40.14511487352075,523.3999999997906,705.0532596927376
16671,40.14511487352075,523.4199999997905,705.0619885247944
16672,40.14511487352075,523.4399999997905,705.070717142994
16673,40.14511487352075,523.4599999997905,705.0794455473313
16674,40.14511487352075,523.4799999997905,705.0881737378011
16675,40.14511487352075,523.4999999997905,705.0969017143983
16676,40.14511487352075,523.5199999997905,705.105629477118
16677,40.14511487352075,523.5399999997904,705.1143570259549
16678,40.14511487352075,523.5599999997904,705.1230843609038
16679,40.14511487352075,523.5799999997904,705.1318114819599
16680,40.14511487352075,523.5999999997904,705.1405383891178
16681,40.14511487352075,523.6199999997904,705.1492650823725
16682,40.14511487352075,523.6399999997903,705.157991561719
16683,40.14511487352075,523.6599999997903,705.166717827152
16684,40.14511487352075,523.6799999997903,705.1754438786664
16685,40.14511487352075,523.6999999997903,705.1841697162573
16686,40.14511487352075,523.7199999997903,705.1928953399195
16687,40.14511487352075,523.7399999997903,705.2016207496478
16688,40.14511487352075,523.7599999997902,705.2103459454371
16689,40.14511487352075,523.7799999997902,705.2190709272824
16690,40.14511487352075,523.7999999997902,705.2277956951784
16691,40.14511487352075,523.8199999997902,705.2365202491202
16692,40.14511487352075,523.8399999997902,705.2452445891025
16693,40.14511487352075,523.8599999997901,705.2539687151203
16694,40.14511487352075,523.8799999997901,705.2626926271686
16695,40.14511487352075,523.8999999997901,705.2714163252421
16696,40.14511487352075,523.9199999997901,705.2801398093358
16697,40.14511487352075,523.9399999997901,705.2888630794445
16698,40.14511487352075,523.95999999979,705.2975861355632
16699,40.14511487352075,523.97999999979,705.3063089776867
16700,40.14511487352075,523.99999999979,705.31503160581
16701,40.14511487352075,524.01999999979,705.3237540199278
16702,40.14511487352075,524.03999999979,705.3324762200352
16703,40.14511487352075,524.05999999979,705.341198206127
16704,40.14511487352075,524.07999999979,705.3499199781982
16705,40.14511487352075,524.0999999997899,705.3586415362435
16706,40.14511487352075,524.1199999997899,705.3673628804778
16707,40.14511487352075,524.1399999997899,705.3760840115847
16708,40.14511487352075,524.1599999997899,705.384804929611
16709,40.084518222208665,524.1799999997899,705.3935256345518
16710,40.084518222208665,524.1999999997898,705.4022461264018
16711,40.084518222208665,524.2199999997898,705.4109664051559
16712,40.084518222208665,524.2399999997898,705.4196864708091
16713,40.084518222208665,524.2599999997898,705.4284063233562
16714,40.084518222208665,524.2799999997898,705.437125962792
16715,40.084518222208665,524.2999999997897,705.4458453891116
16716,40.084518222208665,524.3199999997897,705.4545646023098
16717,40.084518222208665,524.3399999997897,705.4632836023815
16718,40.084518222208665,524.3599999997897,705.4720023893215
16719,40.084518222208665,524.3799999997897,705.4807209631247
16720,40.084518222208665,524.3999999997897,705.4894393237861
16721,40.084518222208665,524.4199999997896,705.4981574713005
16722,40.084518222208665,524.4399999997896,705.5068754056628
16723,40.084518222208665,524.4599999997896,705.5155931268679
16724,40.084518222208665,524.4799999997896,705.5243106349106
16725,40.084518222208665,524.4999999997896,705.533027929786
16726,40.084518222208665,524.5199999997895,705.5417450114888
16727,40.084518222208665,524.5399999997895,705.550461880014
16728,40.084518222208665,524.5599999997895,705.5591785353564
16729,40.084518222208665,524.5799999997895,705.567894977511
16730,40.084518222208665,524.5999999997895,705.5766112064725
16731,40.084518222208665,524.6199999997895,705.585327222236
16732,40.084518222208665,524.6399999997894,705.5940430247962
16733,40.084518222208665,524.6599999997894,705.6027586141481
16734,40.084518222208665,524.6799999997894,705.6114739902866
16735,40.084518222208665,524.6999999997894,705.6201891532066
16736,40.084518222208665,524.7199999997894,705.628904102903
16737,40.084518222208665,524.7399999997893,705.6376188393706
16738,40.084518222208665,524.7599999997893,705.6463333626043
16739,40.084518222208665,524.7799999997893,705.655047672599
16740,40.084518222208665,524.7999999997893,705.6637617693497
16741,40.084518222208665,524.8199999997893,705.6724756528511
16742,40.084518222208665,524.8399999997893,705.6811893230981
16743,40.084518222208665,524.8599999997892,705.6899027800857
16744,40.084518222208665,524.8799999997892,705.6986160238089
16745,40.084518222208665,524.8999999997892,705.7073290542623
16746,40.084518222208665,524.9199999997892,705.7160418714411
16747,40.084518222208665,524.9399999997892,705.72475447534
16748,40.084518222208665,524.9599999997891,705.7334668659539
16749,40.084518222208665,524.9799999997891,705.7421790432777
16750,40.084518222208665,524.9999999997891,705.7508910073063
16751,40.084518222208665,525.0199999997891,705.7596027580346
16752,40.084518222208665,525.0399999997891,705.7683142954575
16753,40.084518222208665,525.059999999789,705.7770256195698
16754,40.084518222208665,525.079999999789,705.7857367303666
16755,40.084518222208665,525.099999999789,705.7944476278426
16756,40.084518222208665,525.119999999789,705.8031583119928
16757,40.084518222208665,525.139999999789,705.8118687830693
16758,40.084518222208665,525.159999999789,705.8205790416654
16759,40.084518222208665,525.179999999789,705.8292890878139
16760,40.084518222208665,525.1999999997889,705.8379989215096
16761,40.084518222208665,525.2199999997889,705.8467085427474
16762,40.084518222208665,525.2399999997889,705.8554179515221
16763,40.084518222208665,525.2599999997889,705.8641271478288
16764,40.084518222208665,525.2799999997889,705.8728361316621
16765,40.084518222208665,525.2999999997888,705.881544903017
16766,40.084518222208665,525.3199999997888,705.8902534618884
16767,40.084518222208665,525.3399999997888,705.898961808271
16768,40.084518222208665,525.3599999997888,705.9076699421598
16769,40.084518222208665,525.3799999997888,705.9163778635497
16770,40.084518222208665,525.3999999997887,705.9250855724355
16771,40.084518222208665,525.4199999997887,705.9337930688121
16772,40.084518222208665,525.4399999997887,705.9425003526743
16773,40.084518222208665,525.4599999997887,705.9512074240171
16774,40.084518222208665,525.4799999997887,705.9599142828353
16775,40.084518222208665,525.4999999997887,705.9686209291236
16776,40.084518222208665,525.5199999997886,705.9773273628772
16777,40.084518222208665,525.5399999997886,705.9860335840907
16778,40.084518222208665,525.5599999997886,705.9947395927591
16779,40.084518222208665,525.5799999997886,706.0034453888771
16780,40.084518222208665,525.5999999997886,706.0121509724398
16781,40.084518222208665,525.6199999997885,706.020856343442
16782,40.084518222208665,525.6399999997885,706.0295615018786
16783,40.084518222208665,525.6599999997885,706.0382664477443
16784,40.084518222208665,525.6799999997885,706.0469711810341
16785,40.084518222208665,525.6999999997885,706.0556757017429
16786,40.084518222208665,525.7199999997885,706.0643800098654
16787,40.084518222208665,525.7399999997884,706.0730841053967
16788,40.084518222208665,525.7599999997884,706.0817879883315
16789,40.084518222208665,525.7799999997884,706.0904916586647
16790,40.084518222208665,525.7999999997884,706.0991951163913
16791,40.084518222208665,525.8199999997884,706.107898361506
16792,40.084518222208665,525.8399999997883,706.1166013940039
16793,40.084518222208665,525.8599999997883,706.1253042138795
16794,40.084518222208665,525.8799999997883,706.134006821128
16795,40.084518222208665,525.8999999997883,706.142709215744
16796,40.084518222208665,525.9199999997883,706.1514113977227
16797,40.084518222208665,525.9399999997883,706.1601133670587
16798,40.084518222208665,525.9599999997882,706.168815123747
16799,40.084518222208665,525.9799999997882,706.1775166677825
16800,40.084518222208665,525.9999999997882,706.1862179991599
16801,40.084518222208665,526.0199999997882,706.1949191178742
16802,40.084518222208665,526.0399999997882,706.2036200239203
16803,40.084518222208665,526.0599999997881,706.212320717293
16804,40.084518222208665,526.0799999997881,706.2210211979872
16805,40.084518222208665,526.0999999997881,706.2297214659977
16806,40.084518222208665,526.1199999997881,706.2384215213195
16807,40.084518222208665,526.1399999997881,706.2471213639474
16808,40.084518222208665,526.159999999788,706.2558209941968
16809,40.084518222208665,526.179999999788,706.2645204126379
16810,40.084518222208665,526.199999999788,706.2732196192939
16811,40.084518222208665,526.219999999788,706.2819186141595
16812,40.084518222208665,526.239999999788,706.2906173972298
16813,40.084518222208665,526.259999999788,706.2993159684994
16814,40.084518222208665,526.279999999788,706.3080143279634
16815,40.084518222208665,526.2999999997879,706.3167124756166
16816,40.084518222208665,526.3199999997879,706.3254104114537
16817,40.084518222208665,526.3399999997879,706.3341081354697
16818,40.084518222208665,526.3599999997879,706.3428056476595
16819,40.084518222208665,526.3799999997879,706.3515029480178
16820,40.084518222208665,526.3999999997878,706.3602000365396
16821,40.084518222208665,526.4199999997878,706.3688969132197
16822,40.084518222208665,526.4399999997878,706.377593578053
16823,40.084518222208665,526.4599999997878,706.3862900310344
16824,40.084518222208665,526.4799999997878,706.3949862721586
16825,40.084518222208665,526.4999999997877,706.4036823014205
16826,40.084518222208665,526.5199999997877,706.4123781188151
16827,40.084518222208665,526.5399999997877,706.4210737243372
16828,40.084518222208665,526.5599999997877,706.4297691179818
16829,40.084518222208665,526.5799999997877,706.4384642997435
16830,40.084518222208665,526.5999999997877,706.4471592696173
16831,40.084518222208665,526.6199999997876,706.455854027598
16832,40.084518222208665,526.6399999997876,706.4645485736805
16833,40.084518222208665,526.6599999997876,706.4732429078597
16834,40.084518222208665,526.6799999997876,706.4819370301304
16835,40.084518222208665,526.6999999997876,706.4906309404876
16836,40.084518222208665,526.7199999997875,706.4993246389259
16837,40.084518222208665,526.7399999997875,706.5080181254405
16838,40.084518222208665,526.7599999997875,706.5167114000259
16839,40.084518222208665,526.7799999997875,706.5254044626772
16840,40.084518222208665,526.7999999997875,706.5340973133892
16841,40.084518222208665,526.8199999997875,706.5427899521568
16842,40.084518222208665,526.8399999997874,706.5514823789748
16843,40.084518222208665,526.8599999997874,706.5601745938382
16844,40.084518222208665,526.8799999997874,706.5688665967416
16845,40.084518222208665,526.8999999997874,706.5775583876801
16846,40.084518222208665,526.9199999997874,706.5862499666486
16847,40.084518222208665,526.9399999997873,706.5949413336417
16848,40.084518222208665,526.9599999997873,706.6036324886544
16849,40.084518222208665,526.9799999997873,706.6123234316816
16850,40.084518222208665,526.9999999997873,706.6210141627182
16851,40.084518222208665,527.0199999997873,706.629704681759
16852,40.084518222208665,527.0399999997873,706.6383949887988
16853,40.084518222208665,527.0599999997872,706.6470850838326
16854,40.084518222208665,527.0799999997872,706.6557749668552
16855,40.084518222208665,527.0999999997872,706.6644646378614
16856,40.084518222208665,527.1199999997872,706.6731540968462
16857,40.084518222208665,527.1399999997872,706.6818433438044
16858,40.084518222208665,527.1599999997871,706.6905323787308
16859,40.084518222208665,527.1799999997871,706.699221202007
16860,40.084518222208665,527.1999999997871,706.7079098141761
16861,40.084518222208665,527.2199999997871,706.7165982152508
16862,40.084518222208665,527.2399999997871,706.7252864052258
16863,40.084518222208665,527.259999999787,706.7339743840962
16864,40.0240738626785,527.279999999787,706.7426621518567
16865,40.0240738626785,527.299999999787,706.7513497085023
16866,40.0240738626785,527.319999999787,706.7600370540277
16867,40.0240738626785,527.339999999787,706.7687241884279
16868,40.0240738626785,527.359999999787,706.7774111116977
16869,40.0240738626785,527.379999999787,706.7860978238319
16870,40.0240738626785,527.3999999997869,706.7947843248255
16871,40.0240738626785,527.4199999997869,706.8034706146733
16872,40.0240738626785,527.4399999997869,706.8121566933702
16873,40.0240738626785,527.4599999997869,706.8208425609109
16874,40.0240738626785,527.4799999997869,706.8295282172904
16875,40.0240738626785,527.4999999997868,706.8382136625036
16876,40.0240738626785,527.5199999997868,706.8468988965452
16877,40.0240738626785,527.5399999997868,706.8555839194103
16878,40.0240738626785,527.5599999997868,706.8642687310935
16879,40.0240738626785,527.5799999997868,706.8729533315899
16880,40.0240738626785,527.5999999997867,706.8816377208942
16881,40.0240738626785,527.6199999997867,706.8903218990014
16882,40.0240738626785,527.6399999997867,706.8990058659062
16883,40.0240738626785,527.6599999997867,706.9076896216036
16884,40.0240738626785,527.6799999997867,706.9163731660883
16885,40.0240738626785,527.6999999997867,706.9250564993554
16886,40.0240738626785,527.7199999997866,706.9337396213996
16887,40.0240738626785,527.7399999997866,706.9424225322157
16888,40.0240738626785,527.7599999997866,706.9511052317987
16889,40.0240738626785,527.7799999997866,706.9597877201435
16890,40.0240738626785,527.7999999997866,706.9684699972448
16891,40.0240738626785,527.8199999997865,706.9771520630976
16892,40.0240738626785,527.8399999997865,706.9858339176967
16893,40.0240738626785,527.8599999997865,706.994515561037
16894,40.0240738626785,527.8799999997865,707.0031969931133
16895,40.0240738626785,527.8999999997865,707.0118782139206
16896,40.0240738626785,527.9199999997865,707.0205592234536
16897,40.0240738626785,527.9399999997864,707.0292400217072
16898,40.0240738626785,527.9599999997864,707.0379206086764
16899,40.0240738626785,527.9799999997864,707.0466009843558
16900,40.0240738626785,527.9999999997864,707.0552811487405
16901,40.0240738626785,528.0199999997864,707.0639611018253
16902,40.0240738626785,528.0399999997863,707.072640843605
16903,40.0240738626785,528.0599999997863,707.0813203740745
16904,40.0240738626785,528.0799999997863,707.0899996932287
16905,40.0240738626785,528.0999999997863,707.0986788010625
16906,40.0240738626785,528.1199999997863,707.1073576975707
16907,40.0240738626785,528.1399999997863,707.1160363827481
16908,40.0240738626785,528.1599999997862,707.1247148565898
16909,40.0240738626785,528.1799999997862,707.1333931190904
16910,40.0240738626785,528.1999999997862,707.1420711706506
16911,40.0240738626785,528.2199999997862,707.1507490117264
16912,40.0240738626785,528.2399999997862,707.1594266423185
16913,40.0240738626785,528.2599999997861,707.1681040624219
16914,40.0240738626785,528.2799999997861,707.1767812720315
16915,40.0240738626785,528.2999999997861,707.185458271142
16916,40.0240738626785,528.3199999997861,707.1941350597485
16917,40.0240738626785,528.3399999997861,707.2028116378458
16918,40.0240738626785,528.359999999786,707.2114880054287
16919,40.0240738626785,528.379999999786,707.220164162492
16920,40.0240738626785,528.399999999786,707.2288401090307
16921,40.0240738626785,528.419999999786,707.2375158450395
16922,40.0240738626785,528.439999999786,707.2461913705134
16923,40.0240738626785,528.459999999786,707.2548666854473
16924,40.0240738626785,528.479999999786,707.2635417898358
16925,40.0240738626785,528.4999999997859,707.2722166836741
16926,40.0240738626785,528.5199999997859,707.2808913669568
16927,40.0240738626785,528.5399999997859,707.2895658396789
16928,40.0240738626785,528.5599999997859,707.2982401018352
16929,40.0240738626785,528.5799999997859,707.3069141534206
16930,40.0240738626785,528.5999999997858,707.31558799443
16931,40.0240738626785,528.6199999997858,707.3242616248581
16932,40.0240738626785,528.6399999997858,707.3329350446999
16933,40.0240738626785,528.6599999997858,707.3416082539502
16934,40.0240738626785,528.6799999997858,707.350281252604
16935,40.0240738626785,528.6999999997857,707.358954040656
16936,40.0240738626785,528.7199999997857,707.3676266181012
16937,40.0240738626785,528.7399999997857,707.3762989849344
16938,40.0240738626785,528.7599999997857,707.3849711411503
16939,40.0240738626785,528.7799999997857,707.3936430867441
16940,40.0240738626785,528.7999999997857,707.4023148217104
16941,40.0240738626785,528.8199999997856,707.4109863460442
16942,40.0240738626785,528.8399999997856,707.4196576597402
16943,40.0240738626785,528.8599999997856,707.4283287627935
16944,40.0240738626785,528.8799999997856,707.4369996551987
16945,40.0240738626785,528.8999999997856,707.4456703369509
16946,40.0240738626785,528.9199999997855,707.4543408080449
16947,40.0240738626785,528.9399999997855,707.4630110684755
16948,40.0240738626785,528.9599999997855,707.4716811182375
16949,40.0240738626785,528.9799999997855,707.4803509573259
16950,40.0240738626785,528.9999999997855,707.4890205857355
16951,40.0240738626785,529.0199999997855,707.4976900034612
16952,40.0240738626785,529.0399999997854,707.5063592104979
16953,40.0240738626785,529.0599999997854,707.5150282068404
16954,40.0240738626785,529.0799999997854,707.5236969924836
16955,40.0240738626785,529.0999999997854,707.5323655674223
16956,40.0240738626785,529.1199999997854,707.5410339316514
16957,40.0240738626785,529.1399999997853,707.5497020851658
16958,40.0240738626785,529.1599999997853,707.5583700279603
16959,40.0240738626785,529.1799999997853,707.5670377600298
16960,40.0240738626785,529.1999999997853,707.5757052813735
16961,40.0240738626785,529.2199999997853,707.5843725924562
16962,40.0240738626785,529.2399999997853,707.593039693704
16963,40.0240738626785,529.2599999997852,707.6017065851116
16964,40.0240738626785,529.2799999997852,707.6103732666741
16965,40.0240738626785,529.2999999997852,707.6190397383862
16966,40.0240738626785,529.3199999997852,707.6277060002427
16967,40.0240738626785,529.3399999997852,707.6363720522386
16968,40.0240738626785,529.3599999997851,707.6450378943687
16969,40.0240738626785,529.3799999997851,707.6537035266279
16970,40.0240738626785,529.3999999997851,707.662368949011
16971,40.0240738626785,529.4199999997851,707.6710341615129
16972,40.0240738626785,529.4399999997851,707.6796991641285
16973,40.0240738626785,529.459999999785,707.6883639568525
16974,40.0240738626785,529.479999999785,707.69702853968
16975,40.0240738626785,529.499999999785,707.7056929126057
16976,40.0240738626785,529.519999999785,707.7143570756245
16977,40.0240738626785,529.539999999785,707.7230210287314
16978,40.0240738626785,529.559999999785,707.7316847719211
16979,40.0240738626785,529.579999999785,707.7403483051885
16980,40.0240738626785,529.5999999997849,707.7490116285285
16981,40.0240738626785,529.6199999997849,707.7576747419358
16982,40.0240738626785,529.6399999997849,707.7663376454055
16983,40.0240738626785,529.6599999997849,707.7750003389324
16984,40.0240738626785,529.6799999997849,707.7836628225112
16985,40.0240738626785,529.6999999997848,707.792325096137
16986,40.0240738626785,529.7199999997848,707.8009871598045
16987,40.0240738626785,529.7399999997848,707.8096490135088
16988,40.0240738626785,529.7599999997848,707.8183106572444
16989,40.0240738626785,529.7799999997848,707.8269720910064
16990,40.0240738626785,529.7999999997847,707.8356333147896
16991,40.0240738626785,529.8199999997847,707.8442943285888
16992,40.0240738626785,529.8399999997847,707.8529551323991
16993,40.0240738626785,529.8599999997847,707.8616157262152
16994,40.0240738626785,529.8799999997847,707.8702761100319
16995,40.0240738626785,529.8999999997847,707.8789362838442
16996,40.0240738626785,529.9199999997846,707.8875962476468
16997,40.0240738626785,529.9399999997846,707.8962560014347
16998,40.0240738626785,529.9599999997846,707.9049155452028
16999,40.0240738626785,529.9799999997846,707.913574878946
17000,40.0240738626785,529.9999999997846,707.9222340026589
17001,40.0240738626785,530.0199999997845,707.9308929163366
17002,40.0240738626785,530.0399999997845,707.9395516199739
17003,40.0240738626785,530.0599999997845,707.9482101135658
17004,40.0240738626785,530.0799999997845,707.9568683971069
17005,40.0240738626785,530.0999999997845,707.9655264705922
17006,40.0240738626785,530.1199999997845,707.9741843340165
17007,40.0240738626785,530.1399999997844,707.9828419873749
17008,40.0240738626785,530.1599999997844,707.991499430662
17009,40.0240738626785,530.1799999997844,708.0001566638728
17010,40.0240738626785,530.1999999997844,708.0088136870021
17011,40.0240738626785,530.2199999997844,708.0174705000602
17012,40.0240738626785,530.2399999997843,708.0261271035682
17013,40.0240738626785,530.2599999997843,708.034783497909
17014,40.0240738626785,530.2799999997843,708.0434396830772
17015,40.0240738626785,530.2999999997843,708.0520956590677
17016,40.0240738626785,530.3199999997843,708.0607514258755
17017,40.0240738626785,530.3399999997843,708.0694069834955
17018,40.0240738626785,530.3599999997842,708.0780623319224
17019,40.0240738626785,530.3799999997842,708.0867174711512
17020,39.96378125963178,530.3999999997842,708.0953724011769
17021,39.96378125963178,530.4199999997842,708.1040271219941
17022,39.96378125963178,530.4399999997842,708.1126816335978
17023,39.96378125963178,530.4599999997841,708.121335935983
17024,39.96378125963178,530.4799999997841,708.1299900291443
17025,39.96378125963178,530.4999999997841,708.1386439130769
17026,39.96378125963178,530.5199999997841,708.1472975877754
17027,39.96378125963178,530.5399999997841,708.1559510532348
17028,39.96378125963178,530.559999999784,708.16460430945
17029,39.96378125963178,530.579999999784,708.1732573564159
17030,39.96378125963178,530.599999999784,708.1819101941272
17031,39.96378125963178,530.619999999784,708.1905628225791
17032,39.96378125963178,530.639999999784,708.1992152417662
17033,39.96378125963178,530.659999999784,708.2078674516835
17034,39.96378125963178,530.679999999784,708.2165194523258
17035,39.96378125963178,530.6999999997839,708.2251712436879
17036,39.96378125963178,530.7199999997839,708.2338228257648
17037,39.96378125963178,530.7399999997839,708.2424741985515
17038,39.96378125963178,530.7599999997839,708.2511253620427
17039,39.96378125963178,530.7799999997839,708.2597763162332
17040,39.96378125963178,530.7999999997838,708.2684270611181
17041,39.96378125963178,530.8199999997838,708.2770775966923
17042,39.96378125963178,530.8399999997838,708.2857279229504
17043,39.96378125963178,530.8599999997838,708.2943780398875
17044,39.96378125963178,530.8799999997838,708.3030279474984
17045,39.96378125963178,530.8999999997837,708.311677645778
17046,39.96378125963178,530.9199999997837,708.3203271347212
17047,39.96378125963178,530.9399999997837,708.3289764143228
17048,39.96378125963178,530.9599999997837,708.3376254845778
17049,39.96378125963178,530.9799999997837,708.3462743454809
17050,39.96378125963178,530.9999999997837,708.3549229970271
17051,39.96378125963178,531.0199999997836,708.3635714392113
17052,39.96378125963178,531.0399999997836,708.3722196720285
17053,39.96378125963178,531.0599999997836,708.3808676954733
17054,39.96378125963178,531.0799999997836,708.3895155095407
17055,39.96378125963178,531.0999999997836,708.3981631142256
17056,39.96378125963178,531.1199999997835,708.4068105095228
17057,39.96378125963178,531.1399999997835,708.4154576954272
17058,39.96378125963178,531.1599999997835,708.4241046719338
17059,39.96378125963178,531.1799999997835,708.4327514390375
17060,39.96378125963178,531.1999999997835,708.4413979967329
17061,39.96378125963178,531.2199999997835,708.4500443450152
17062,39.96378125963178,531.2399999997834,708.4586904839034
17063,39.96378125963178,531.2599999997834,708.4673364139187
17064,39.96378125963178,531.2799999997834,708.4759821353632
17065,39.96378125963178,531.2999999997834,708.4846276482318
17066,39.96378125963178,531.3199999997834,708.4932729525194
17067,39.96378125963178,531.3399999997833,708.5019180482209
17068,39.96378125963178,531.3599999997833,708.510562935331
17069,39.96378125963178,531.3799999997833,708.5192076138447
17070,39.96378125963178,531.3999999997833,708.527852083757
17071,39.96378125963178,531.4199999997833,708.5364963450626
17072,39.96378125963178,531.4399999997833,708.5451403977564
17073,39.96378125963178,531.4599999997832,708.5537842418333
17074,39.96378125963178,531.4799999997832,708.5624278772883
17075,39.96378125963178,531.4999999997832,708.5710713041161
17076,39.96378125963178,531.5199999997832,708.5797145223116
17077,39.96378125963178,531.5399999997832,708.5883575318699
17078,39.96378125963178,531.5599999997831,708.5970003327856
17079,39.96378125963178,531.5799999997831,708.6056429250536
17080,39.96378125963178,531.5999999997831,708.614285308669
17081,39.96378125963178,531.6199999997831,708.6229274836264
17082,39.96378125963178,531.6399999997831,708.6315694499209
17083,39.96378125963178,531.659999999783,708.6402112075473
17084,39.96378125963178,531.679999999783,708.6488527565004
17085,39.96378125963178,531.699999999783,708.6574940967753
17086,39.96378125963178,531.719999999783,708.6661352283667
17087,39.96378125963178,531.739999999783,708.6747761512695
17088,39.96378125963178,531.759999999783,708.6834168654786
17089,39.96378125963178,531.779999999783,708.6920573709889
17090,39.96378125963178,531.7999999997829,708.7006976677952
17091,39.96378125963178,531.8199999997829,708.7093377558925
17092,39.96378125963178,531.8399999997829,708.7179776352756
17093,39.96378125963178,531.8599999997829,708.7266173059394
17094,39.96378125963178,531.8799999997829,708.7352567678787
17095,39.96378125963178,531.8999999997828,708.7438960210885
17096,39.96378125963178,531.9199999997828,708.7525350655636
17097,39.96378125963178,531.9399999997828,708.761173901299
17098,39.96378125963178,531.9599999997828,708.7698125282894
17099,39.96378125963178,531.9799999997828,708.7784509465299
17100,39.96378125963178,531.9999999997827,708.7870891560152
17101,39.96378125963178,532.0199999997827,708.7957271567402
17102,39.96378125963178,532.0399999997827,708.8043649486998
17103,39.96378125963178,532.0599999997827,708.813002531889
17104,39.96378125963178,532.0799999997827,708.8216399063025
17105,39.96378125963178,532.0999999997827,708.8302770719353
17106,39.96378125963178,532.1199999997826,708.8389140287821
17107,39.96378125963178,532.1399999997826,708.847550776838
17108,39.96378125963178,532.1599999997826,708.8561873160978
17109,39.96378125963178,532.1799999997826,708.8648236465564
17110,39.96378125963178,532.1999999997826,708.8734597682086
17111,39.96378125963178,532.2199999997825,708.8820956810493
17112,39.96378125963178,532.2399999997825,708.8907313850735
17113,39.96378125963178,532.2599999997825,708.8993668803117
17114,39.96378125963178,532.2799999997825,708.9080021673466
17115,39.96378125963178,532.2999999997825,708.9166372464391
17116,39.96378125963178,532.3199999997825,708.9252721175842
17117,39.96378125963178,532.3399999997824,708.9339067807767
17118,39.96378125963178,532.3599999997824,708.9425412360116
17119,39.96378125963178,532.3799999997824,708.9511754832837
17120,39.96378125963178,532.3999999997824,708.9598095225878
17121,39.96378125963178,532.4199999997824,708.9684433539188
17122,39.96378125963178,532.4399999997823,708.9770769772717
17123,39.96378125963178,532.4599999997823,708.9857103926413
17124,39.96378125963178,532.4799999997823,708.9943436000225
17125,39.96378125963178,532.4999999997823,709.0029765994101
17126,39.96378125963178,532.5199999997823,709.0116093907991
17127,39.96378125963178,532.5399999997823,709.0202419741843
17128,39.96378125963178,532.5599999997822,709.0288743495605
17129,39.96378125963178,532.5799999997822,709.0375065169228
17130,39.96378125963178,532.5999999997822,709.0461384762659
17131,39.96378125963178,532.6199999997822,709.0547702275848
17132,39.96378125963178,532.6399999997822,709.0634017708742
17133,39.96378125963178,532.6599999997821,709.0720331061291
17134,39.96378125963178,532.6799999997821,709.0806642333444
17135,39.96378125963178,532.6999999997821,709.0892951525149
17136,39.96378125963178,532.7199999997821,709.0979258636355
17137,39.96378125963178,532.7399999997821,709.106556366701
17138,39.96378125963178,532.759999999782,709.1151866617065
17139,39.96378125963178,532.779999999782,709.1238167486467
17140,39.96378125963178,532.799999999782,709.1324466275165
17141,39.96378125963178,532.819999999782,709.1410762983108
17142,39.96378125963178,532.839999999782,709.1497057610245
17143,39.96378125963178,532.859999999782,709.1583350156525
17144,39.96378125963178,532.879999999782,709.1669640621895
17145,39.96378125963178,532.8999999997819,709.1755929006307
17146,39.96378125963178,532.9199999997819,709.1842215309707
17147,39.96378125963178,532.9399999997819,709.1928499532045
17148,39.96378125963178,532.9599999997819,709.2014781673269
17149,39.96378125963178,532.9799999997819,709.2101061733329
17150,39.96378125963178,532.9999999997818,709.2187339712173
17151,39.96378125963178,533.0199999997818,709.2273615609749
17152,39.96378125963178,533.0399999997818,709.2359889426008
17153,39.96378125963178,533.0599999997818,709.2446161160897
17154,39.96378125963178,533.0799999997818,709.2532430814365
17155,39.96378125963178,533.0999999997817,709.2618698386361
17156,39.96378125963178,533.1199999997817,709.2704963876835
17157,39.96378125963178,533.1399999997817,709.2791227285734
17158,39.96378125963178,533.1599999997817,709.2877488613007
17159,39.96378125963178,533.1799999997817,709.2963747858603
17160,39.96378125963178,533.1999999997817,709.3050005022471
17161,39.96378125963178,533.2199999997816,709.3136260104561
17162,39.96378125963178,533.2399999997816,709.322251310482
17163,39.96378125963178,533.2599999997816,709.3308764023197
17164,39.96378125963178,533.2799999997816,709.3395012860119
17165,39.96378125963178,533.2999999997816,709.3481259622034
17166,39.96378125963178,533.3199999997815,709.3567504311097
17167,39.96378125963178,533.3399999997815,709.3653746927257
17168,39.96378125963178,533.3599999997815,709.3739987470462
17169,39.96378125963178,533.3799999997815,709.3826225940662
17170,39.96378125963178,533.3999999997815,709.3912462337805
17171,39.96378125963178,533.4199999997815,709.399869666184
17172,39.96378125963178,533.4399999997814,709.4084928912716
17173,39.96378125963178,533.4599999997814,709.4171159090381
17174,39.96378125963178,533.4799999997814,709.4257387194784
17175,39.96378125963178,533.4999999997814,709.4343613225874
17176,39.903639880186816,533.5199999997814,709.44298371836
17177,39.903639880186816,533.5399999997813,709.451605906791
17178,39.903639880186816,533.5599999997813,709.4602278878754
17179,39.903639880186816,533.5799999997813,709.4688496616079
17180,39.903639880186816,533.5999999997813,709.4774712279835
17181,39.903639880186816,533.6199999997813,709.4860925869971
17182,39.903639880186816,533.6399999997813,709.4947137386434
17183,39.903639880186816,533.6599999997812,709.5033346829175
17184,39.903639880186816,533.6799999997812,709.5119554198142
17185,39.903639880186816,533.6999999997812,709.5205759493283
17186,39.903639880186816,533.7199999997812,709.5291962714547
17187,39.903639880186816,533.7399999997812,709.5378163861883
17188,39.903639880186816,533.7599999997811,709.546436293524
17189,39.903639880186816,533.7799999997811,709.5550559934567
17190,39.903639880186816,533.7999999997811,709.5636754859811
17191,39.903639880186816,533.8199999997811,709.5722947710923
17192,39.903639880186816,533.8399999997811,709.580913848785
17193,39.903639880186816,533.859999999781,709.5895327190542
17194,39.903639880186816,533.879999999781,709.5981513818948
17195,39.903639880186816,533.899999999781,709.6067698373016
17196,39.903639880186816,533.919999999781,709.6153880852695
17197,39.903639880186816,533.939999999781,709.6240061257934
17198,39.903639880186816,533.959999999781,709.6326239588681
17199,39.903639880186816,533.979999999781,709.6412415844885
17200,39.903639880186816,533.9999999997809,709.6498590026495
17201,39.903639880186816,534.0199999997809,709.6584762133459
17202,39.903639880186816,534.0399999997809,709.6670932165728
17203,39.903639880186816,534.0599999997809,709.6757100123249
17204,39.903639880186816,534.0799999997809,709.684326600597
17205,39.903639880186816,534.0999999997808,709.6929429813842
17206,39.903639880186816,534.1199999997808,709.7015591546813
17207,39.903639880186816,534.1399999997808,709.7101751204831
17208,39.903639880186816,534.1599999997808,709.7187908787845
17209,39.903639880186816,534.1799999997808,709.7274064295804
17210,39.903639880186816,534.1999999997807,709.7360217728657
17211,39.903639880186816,534.2199999997807,709.7446369086352
17212,39.903639880186816,534.2399999997807,709.7532518368839
17213,39.903639880186816,534.2599999997807,709.7618665576066
17214,39.903639880186816,534.2799999997807,709.7704810707982
17215,39.903639880186816,534.2999999997807,709.7790953765073
17216,39.903639880186816,534.3199999997806,709.7877094753654
17217,39.903639880186816,534.3399999997806,709.7963233675205
17218,39.903639880186816,534.3599999997806,709.8049370529673
17219,39.903639880186816,534.3799999997806,709.8135505317007
17220,39.903639880186816,534.3999999997806,709.8221638037156
17221,39.903639880186816,534.4199999997805,709.8307768690069
17222,39.903639880186816,534.4399999997805,709.8393897275694
17223,39.903639880186816,534.4599999997805,709.8480023793979
17224,39.903639880186816,534.4799999997805,709.8566148244875
17225,39.903639880186816,534.4999999997805,709.8652270628328
17226,39.903639880186816,534.5199999997805,709.8738390944288
17227,39.903639880186816,534.5399999997804,709.8824509192705
17228,39.903639880186816,534.5599999997804,709.8910625373526
17229,39.903639880186816,534.5799999997804,709.89967394867
17230,39.903639880186816,534.5999999997804,709.9082851532177
17231,39.903639880186816,534.6199999997804,709.9168961509903
17232,39.903639880186816,534.6399999997803,709.9255069419829
17233,39.903639880186816,534.6599999997803,709.9341175261903
17234,39.903639880186816,534.6799999997803,709.9427279036074
17235,39.903639880186816,534.6999999997803,709.951338074229
17236,39.903639880186816,534.7199999997803,709.9599480380501
17237,39.903639880186816,534.7399999997803,709.9685577950654
17238,39.903639880186816,534.7599999997802,709.9771673452699
17239,39.903639880186816,534.7799999997802,709.9857766886585
17240,39.903639880186816,534.7999999997802,709.9943858252259
17241,39.903639880186816,534.8199999997802,710.002994754949
17242,39.903639880186816,534.8399999997802,710.0116034775946
17243,39.903639880186816,534.8599999997801,710.0202119930918
17244,39.903639880186816,534.8799999997801,710.0288203014355
17245,39.903639880186816,534.8999999997801,710.0374284026205
17246,39.903639880186816,534.9199999997801,710.0460362966415
17247,39.903639880186816,534.9399999997801,710.0546439834933
17248,39.903639880186816,534.95999999978,710.0632514631706
17249,39.903639880186816,534.97999999978,710.0718587356682
17250,39.903639880186816,534.99999999978,710.080465800981
17251,39.903639880186816,535.01999999978,710.0890726591035
17252,39.903639880186816,535.03999999978,710.0976793100308
17253,39.903639880186816,535.05999999978,710.1062857537574
17254,39.903639880186816,535.07999999978,710.1148919902782
17255,39.903639880186816,535.0999999997799,710.1234980195879
17256,39.903639880186816,535.1199999997799,710.1321038416814
17257,39.903639880186816,535.1399999997799,710.1407094565534
17258,39.903639880186816,535.1599999997799,710.1493148641986
17259,39.903639880186816,535.1799999997799,710.1579200646117
17260,39.903639880186816,535.1999999997798,710.1665250577878
17261,39.903639880186816,535.2199999997798,710.1751298437214
17262,39.903639880186816,535.2399999997798,710.1837344224073
17263,39.903639880186816,535.2599999997798,710.1923387938403
17264,39.903639880186816,535.2799999997798,710.2009429580153
17265,39.903639880186816,535.2999999997797,710.2095469149268
17266,39.903639880186816,535.3199999997797,710.2181506646357
17267,39.903639880186816,535.3399999997797,710.2267542078365
17268,39.903639880186816,535.3599999997797,710.2353575446309
17269,39.903639880186816,535.3799999997797,710.2439606750136
17270,39.903639880186816,535.3999999997797,710.2525635989792
17271,39.903639880186816,535.4199999997796,710.2611663165227
17272,39.903639880186816,535.4399999997796,710.2697688276387
17273,39.903639880186816,535.4599999997796,710.278371132322
17274,39.903639880186816,535.4799999997796,710.2869732305675
17275,39.903639880186816,535.4999999997796,710.2955751223698
17276,39.903639880186816,535.5199999997795,710.3041768077237
17277,39.903639880186816,535.5399999997795,710.312778286624
17278,39.903639880186816,535.5599999997795,710.3213795590656
17279,39.903639880186816,535.5799999997795,710.3299806250429
17280,39.903639880186816,535.5999999997795,710.338581484551
17281,39.903639880186816,535.6199999997795,710.3471821375846
17282,39.903639880186816,535.6399999997794,710.3557825841384
17283,39.903639880186816,535.6599999997794,710.3643828242072
17284,39.903639880186816,535.6799999997794,710.3729828577857
17285,39.903639880186816,535.6999999997794,710.3815826848687
17286,39.903639880186816,535.7199999997794,710.390182305451
17287,39.903639880186816,535.7399999997793,710.3987817195274
17288,39.903639880186816,535.7599999997793,710.4073809270926
17289,39.903639880186816,535.7799999997793,710.4159799281414
17290,39.903639880186816,535.7999999997793,710.4245787226686
17291,39.903639880186816,535.8199999997793,710.4331773106688
17292,39.903639880186816,535.8399999997793,710.441775692137
17293,39.903639880186816,535.8599999997792,710.4503738670678
17294,39.903639880186816,535.8799999997792,710.458971835456
17295,39.903639880186816,535.8999999997792,710.4675695972965
17296,39.903639880186816,535.9199999997792,710.4761671525838
17297,39.903639880186816,535.9399999997792,710.484764501313
17298,39.903639880186816,535.9599999997791,710.4933616434786
17299,39.903639880186816,535.9799999997791,710.5019585790754
17300,39.903639880186816,535.9999999997791,710.5105553080983
17301,39.903639880186816,536.0199999997791,710.519151830542
17302,39.903639880186816,536.0399999997791,710.5277481464012
17303,39.903639880186816,536.059999999779,710.5363442556708
17304,39.903639880186816,536.079999999779,710.5449401583454
17305,39.903639880186816,536.099999999779,710.5535358544199
17306,39.903639880186816,536.119999999779,710.5621313438891
17307,39.903639880186816,536.139999999779,710.5707266267476
17308,39.903639880186816,536.159999999779,710.5793217029903
17309,39.903639880186816,536.1799999997789,710.587916572612
17310,39.903639880186816,536.1999999997789,710.5965112356074
17311,39.903639880186816,536.2199999997789,710.6051056919713
17312,39.903639880186816,536.2399999997789,710.6136999416984
17313,39.903639880186816,536.2599999997789,710.6222939847836
17314,39.903639880186816,536.2799999997789,710.6308878212216
17315,39.903639880186816,536.2999999997788,710.6394814510071
17316,39.903639880186816,536.3199999997788,710.648074874135
17317,39.903639880186816,536.3399999997788,710.6566680906927
17318,39.903639880186816,536.3599999997788,710.6652611014102
17319,39.903639880186816,536.3799999997788,710.6738539063535
17320,39.903639880186816,536.3999999997787,710.6824465055174
17321,39.903639880186816,536.4199999997787,710.6910388988966
17322,39.903639880186816,536.4399999997787,710.699631086486
17323,39.903639880186816,536.4599999997787,710.7082230682802
17324,39.903639880186816,536.4799999997787,710.716814844274
17325,39.903639880186816,536.4999999997787,710.7254064144622
17326,39.903639880186816,536.5199999997786,710.7339977788396
17327,39.903639880186816,536.5399999997786,710.7425889374009
17328,39.903639880186816,536.5599999997786,710.751179890141
17329,39.903639880186816,536.5799999997786,710.7597706370545
17330,39.903639880186816,536.5999999997786,710.7683611781364
17331,39.903639880186816,536.6199999997785,710.7769515133813
17332,39.903639880186816,536.6399999997785,710.785541642784
17333,39.903639880186816,536.6599999997785,710.7941315663393
17334,39.903639880186816,536.6799999997785,710.8027212840419
17335,39.903639880186816,536.6999999997785,710.8113107958867
17336,39.903639880186816,536.7199999997785,710.8199001018684
17337,39.84364919386529,536.7399999997784,710.8284892019817
17338,39.84364919386529,536.7599999997784,710.8370780962215
17339,39.84364919386529,536.7799999997784,710.8456667845825
17340,39.84364919386529,536.7999999997784,710.8542552670594
17341,39.84364919386529,536.8199999997784,710.8628435436472
17342,39.84364919386529,536.8399999997783,710.8714316143404
17343,39.84364919386529,536.8599999997783,710.8800194791339
17344,39.84364919386529,536.8799999997783,710.8886071380225
17345,39.84364919386529,536.8999999997783,710.8971945910009
17346,39.84364919386529,536.9199999997783,710.905781838064
17347,39.84364919386529,536.9399999997783,710.9143688792064
17348,39.84364919386529,536.9599999997782,710.9229557144231
17349,39.84364919386529,536.9799999997782,710.9315423437087
17350,39.84364919386529,536.9999999997782,710.9401287670579
17351,39.84364919386529,537.0199999997782,710.9487149844656
17352,39.84364919386529,537.0399999997782,710.9573009959265
17353,39.84364919386529,537.0599999997781,710.9658868014355
17354,39.84364919386529,537.0799999997781,710.9744724009873
17355,39.84364919386529,537.0999999997781,710.9830577945767
17356,39.84364919386529,537.1199999997781,710.9916429821983
17357,39.84364919386529,537.1399999997781,711.0002279638471
17358,39.84364919386529,537.159999999778,711.0088127395178
17359,39.84364919386529,537.179999999778,711.0173973092051
17360,39.84364919386529,537.199999999778,711.0259816729039
17361,39.84364919386529,537.219999999778,711.0345658306088
17362,39.84364919386529,537.239999999778,711.0431497823148
17363,39.84364919386529,537.259999999778,711.0517335280165
17364,39.84364919386529,537.2799999997779,711.0603170677088
17365,39.84364919386529,537.2999999997779,711.0689004013863
17366,39.84364919386529,537.3199999997779,711.0774835290439
17367,39.84364919386529,537.3399999997779,711.0860664506763
17368,39.84364919386529,537.3599999997779,711.0946491664121
17369,39.84364919386529,537.3799999997779,711.1032316768805
17370,39.84364919386529,537.3999999997778,711.1118139821318
17371,39.84364919386529,537.4199999997778,711.120396082161
17372,39.84364919386529,537.4399999997778,711.1289779769628
17373,39.84364919386529,537.4599999997778,711.137559666532
17374,39.84364919386529,537.4799999997778,711.1461411508632
17375,39.84364919386529,537.4999999997777,711.1547224299513
17376,39.84364919386529,537.5199999997777,711.1633035037911
17377,39.84364919386529,537.5399999997777,711.1718843723773
17378,39.84364919386529,537.5599999997777,711.1804650357049
17379,39.84364919386529,537.5799999997777,711.1890454937683
17380,39.84364919386529,537.5999999997777,711.1976257465625
17381,39.84364919386529,537.6199999997776,711.2062057940823
17382,39.84364919386529,537.6399999997776,711.2147856363223
17383,39.84364919386529,537.6599999997776,711.2233652732774
17384,39.84364919386529,537.6799999997776,711.2319447049424
17385,39.84364919386529,537.6999999997776,711.240523931312
17386,39.84364919386529,537.7199999997775,711.2491029523811
17387,39.84364919386529,537.7399999997775,711.2576817681444
17388,39.84364919386529,537.7599999997775,711.2662603785966
17389,39.84364919386529,537.7799999997775,711.2748387837325
17390,39.84364919386529,537.7999999997775,711.283416983547
17391,39.84364919386529,537.8199999997775,711.2919949780347
17392,39.84364919386529,537.8399999997774,711.3005727671905
17393,39.84364919386529,537.8599999997774,711.3091503510091
17394,39.84364919386529,537.8799999997774,711.3177277294853
17395,39.84364919386529,537.8999999997774,711.326304902614
17396,39.84364919386529,537.9199999997774,711.3348818703897
17397,39.84364919386529,537.9399999997773,711.3434586328075
17398,39.84364919386529,537.9599999997773,711.3520351898619
17399,39.84364919386529,537.9799999997773,711.3606115415478
17400,39.84364919386529,537.9999999997773,711.36918768786
17401,39.84364919386529,538.0199999997773,711.3777636287931
17402,39.84364919386529,538.0399999997773,711.3863393643421
17403,39.84364919386529,538.0599999997772,711.3949148945018
17404,39.84364919386529,538.0799999997772,711.4034902192667
17405,39.84364919386529,538.0999999997772,711.4120653386318
17406,39.84364919386529,538.1199999997772,711.4206402525919
17407,39.84364919386529,538.1399999997772,711.4292149611416
17408,39.84364919386529,538.1599999997771,711.4377894642759
17409,39.84364919386529,538.1799999997771,711.4463637619893
17410,39.84364919386529,538.1999999997771,711.4549378542769
17411,39.84364919386529,538.2199999997771,711.4635117411332
17412,39.84364919386529,538.2399999997771,711.472085422553
17413,39.84364919386529,538.259999999777,711.4806588985313
17414,39.84364919386529,538.279999999777,711.4892321690627
17415,39.84364919386529,538.299999999777,711.497805234142
17416,39.84364919386529,538.319999999777,711.5063780937639
17417,39.84364919386529,538.339999999777,711.5149507479234
17418,39.84364919386529,538.359999999777,711.5235231966151
17419,39.84364919386529,538.3799999997769,711.5320954400233
17420,39.84364919386529,538.3999999997769,711.5406674787627
17421,39.84364919386529,538.4199999997769,711.5492393128756
17422,39.84364919386529,538.4399999997769,711.5578109423569
17423,39.84364919386529,538.4599999997769,711.5663823672014
17424,39.84364919386529,538.4799999997769,711.5749535874038
17425,39.84364919386529,538.4999999997768,711.5835246029588
17426,39.84364919386529,538.5199999997768,711.5920954138614
17427,39.84364919386529,538.5399999997768,711.6006660201062
17428,39.84364919386529,538.5599999997768,711.609236421688
17429,39.84364919386529,538.5799999997768,711.6178066186017
17430,39.84364919386529,538.5999999997767,711.6263766108418
17431,39.84364919386529,538.6199999997767,711.6349463984034
17432,39.84364919386529,538.6399999997767,711.6435159812811
17433,39.84364919386529,538.6599999997767,711.6520853594697
17434,39.84364919386529,538.6799999997767,711.6606545329639
17435,39.84364919386529,538.6999999997767,711.6692235017587
17436,39.84364919386529,538.7199999997766,711.6777922658487
17437,39.84364919386529,538.7399999997766,711.6863608252287
17438,39.84364919386529,538.7599999997766,711.6949291798935
17439,39.84364919386529,538.7799999997766,711.7034973298379
17440,39.84364919386529,538.7999999997766,711.7120652750566
17441,39.84364919386529,538.8199999997765,711.7206330155444
17442,39.84364919386529,538.8399999997765,711.7292005512961
17443,39.84364919386529,538.8599999997765,711.7377678823066
17444,39.84364919386529,538.8799999997765,711.7463350085704
17445,39.84364919386529,538.8999999997765,711.7549019300825
17446,39.84364919386529,538.9199999997765,711.7634686468376
17447,39.84364919386529,538.9399999997764,711.7720351588305
17448,39.84364919386529,538.9599999997764,711.7806014660559
17449,39.84364919386529,538.9799999997764,711.7891675685088
17450,39.84364919386529,538.9999999997764,711.7977334661837
17451,39.84364919386529,539.0199999997764,711.8062991590755
17452,39.84364919386529,539.0399999997763,711.814864647179
17453,39.84364919386529,539.0599999997763,711.8234299304889
17454,39.84364919386529,539.0799999997763,711.8319950090001
17455,39.84364919386529,539.0999999997763,711.8405598827073
17456,39.84364919386529,539.1199999997763,711.8491245516053
17457,39.84364919386529,539.1399999997763,711.8576890156888
17458,39.84364919386529,539.1599999997762,711.8662532749528
17459,39.84364919386529,539.1799999997762,711.8748173293918
17460,39.84364919386529,539.1999999997762,711.8833811790008
17461,39.84364919386529,539.2199999997762,711.8919448237745
17462,39.84364919386529,539.2399999997762,711.9005082637076
17463,39.84364919386529,539.2599999997761,711.9090714987949
17464,39.84364919386529,539.2799999997761,711.9176345290313
17465,39.84364919386529,539.2999999997761,711.9261973544114
17466,39.84364919386529,539.3199999997761,711.9347599749302
17467,39.84364919386529,539.3399999997761,711.9433223905824
17468,39.84364919386529,539.359999999776,711.9518846013626
17469,39.84364919386529,539.379999999776,711.9604466072658
17470,39.84364919386529,539.399999999776,711.9690084085358
17471,39.84364919386529,539.419999999776,711.9775700057684
17472,39.84364919386529,539.439999999776,711.9861313989973
17473,39.84364919386529,539.459999999776,711.9946925882174
17474,39.84364919386529,539.4799999997759,712.0032535734234
17475,39.84364919386529,539.4999999997759,712.0118143546102
17476,39.84364919386529,539.5199999997759,712.0203749317725
17477,39.84364919386529,539.5399999997759,712.0289353049051
17478,39.84364919386529,539.5599999997759,712.0374954740028
17479,39.84364919386529,539.5799999997759,712.0460554390603
17480,39.84364919386529,539.5999999997758,712.0546152000725
17481,39.84364919386529,539.6199999997758,712.0631747570341
17482,39.84364919386529,539.6399999997758,712.0717341099399
17483,39.84364919386529,539.6599999997758,712.0802932587848
17484,39.84364919386529,539.6799999997758,712.0888522035633
17485,39.84364919386529,539.6999999997757,712.0974109442705
17486,39.84364919386529,539.7199999997757,712.105969480901
17487,39.84364919386529,539.7399999997757,712.1145278134496
17488,39.84364919386529,539.7599999997757,712.1230859419112
17489,39.84364919386529,539.7799999997757,712.1316438662805
17490,39.84364919386529,539.7999999997757,712.1402015865522
17491,39.84364919386529,539.8199999997756,712.1487591027211
17492,39.84364919386529,539.8399999997756,712.1573164147821
17493,39.84364919386529,539.8599999997756,712.16587352273
17494,39.84364919386529,539.8799999997756,712.1744304265594
17495,39.783808672579006,539.8999999997756,712.1829871262653
17496,39.783808672579006,539.9199999997755,712.1915436218422
17497,39.783808672579006,539.9399999997755,712.2000999132852
17498,39.783808672579006,539.9599999997755,712.2086560005889
17499,39.783808672579006,539.9799999997755,712.2172118837482
17500,39.783808672579006,539.9999999997755,712.2257675627577
17501,39.783808672579006,540.0199999997755,712.2343230376124
17502,39.783808672579006,540.0399999997754,712.2428783083069
17503,39.783808672579006,540.0599999997754,712.2514333748361
17504,39.783808672579006,540.0799999997754,712.2599882371948
17505,39.783808672579006,540.0999999997754,712.2685428953777
17506,39.783808672579006,540.1199999997754,712.2770973493796
17507,39.783808672579006,540.1399999997753,712.2856515991953
17508,39.783808672579006,540.1599999997753,712.2942056448196
17509,39.783808672579006,540.1799999997753,712.3027594862473
17510,39.783808672579006,540.1999999997753,712.3113131234732
17511,39.783808672579006,540.2199999997753,712.319866556492
17512,39.783808672579006,540.2399999997753,712.3284197852985
17513,39.783808672579006,540.2599999997752,712.3369728098875
17514,39.783808672579006,540.2799999997752,712.3455256302539
17515,39.783808672579006,540.2999999997752,712.3540782463923
17516,39.783808672579006,540.3199999997752,712.3626306582976
17517,39.783808672579006,540.3399999997752,712.3711828659646
17518,39.783808672579006,540.3599999997751,712.379734869388
17519,39.783808672579006,540.3799999997751,712.3882866685626
17520,39.783808672579006,540.3999999997751,712.3968382634832
17521,39.783808672579006,540.4199999997751,712.4053896544215
17522,39.783808672579006,540.4399999997751,712.413940841885
17523,39.783808672579006,540.459999999775,712.4224918258951
17524,39.783808672579006,540.479999999775,712.4310426064463
17525,39.783808672579006,540.499999999775,712.4395931835335
17526,39.783808672579006,540.519999999775,712.4481435571514
17527,39.783808672579006,540.539999999775,712.4566937272949
17528,39.783808672579006,540.559999999775,712.4652436939588
17529,39.783808672579006,540.5799999997749,712.4737934571377
17530,39.783808672579006,540.5999999997749,712.4823430168267
17531,39.783808672579006,540.6199999997749,712.4908923730203
17532,39.783808672579006,540.6399999997749,712.4994415257135
17533,39.783808672579006,540.6599999997749,712.5079904749009
17534,39.783808672579006,540.6799999997749,712.5165392205774
17535,39.783808672579006,540.6999999997748,712.5250877627378
17536,39.783808672579006,540.7199999997748,712.5336361013769
17537,39.783808672579006,540.7399999997748,712.5421842364894
17538,39.783808672579006,540.7599999997748,712.5507321680702
17539,39.783808672579006,540.7799999997748,712.559279896114
17540,39.783808672579006,540.7999999997747,712.5678274206157
17541,39.783808672579006,540.8199999997747,712.57637474157
17542,39.783808672579006,540.8399999997747,712.5849218589717
17543,39.783808672579006,540.8599999997747,712.5934687728156
17544,39.783808672579006,540.8799999997747,712.6020154830966
17545,39.783808672579006,540.8999999997746,712.6105619898093
17546,39.783808672579006,540.9199999997746,712.6191082929486
17547,39.783808672579006,540.9399999997746,712.6276543925092
17548,39.783808672579006,540.9599999997746,712.636200288486
17549,39.783808672579006,540.9799999997746,712.6447459808736
17550,39.783808672579006,540.9999999997746,712.653291469667
17551,39.783808672579006,541.0199999997745,712.661836754861
17552,39.783808672579006,541.0399999997745,712.6703818364504
17553,39.783808672579006,541.0599999997745,712.6789267144297
17554,39.783808672579006,541.0799999997745,712.687471388794
17555,39.783808672579006,541.0999999997745,712.6960158595381
17556,39.783808672579006,541.1199999997744,712.7045601266566
17557,39.783808672579006,541.1399999997744,712.7131041901443
17558,39.783808672579006,541.1599999997744,712.7216480499962
17559,39.783808672579006,541.1799999997744,712.7301917062069
17560,39.783808672579006,541.1999999997744,712.7387351587713
17561,39.783808672579006,541.2199999997744,712.7472784076841
17562,39.783808672579006,541.2399999997743,712.7558214529402
17563,39.783808672579006,541.2599999997743,712.7643642945343
17564,39.783808672579006,541.2799999997743,712.7729069324612
17565,39.783808672579006,541.2999999997743,712.7814493667157
17566,39.783808672579006,541.3199999997743,712.7899915972927
17567,39.783808672579006,541.3399999997742,712.7985336241868
17568,39.783808672579006,541.3599999997742,712.807075447393
17569,39.783808672579006,541.3799999997742,712.8156170669059
17570,39.783808672579006,541.3999999997742,712.8241584827205
17571,39.783808672579006,541.4199999997742,712.8326996948314
17572,39.783808672579006,541.4399999997742,712.8412407035685
17573,39.783808672579006,541.4599999997741,712.8497815094161
17574,39.783808672579006,541.4799999997741,712.858322112386
17575,39.783808672579006,541.4999999997741,712.8668625124731
17576,39.783808672579006,541.5199999997741,712.875402709672
17577,39.783808672579006,541.5399999997741,712.8839427039777
17578,39.783808672579006,541.559999999774,712.8924824953849
17579,39.783808672579006,541.579999999774,712.9010220838885
17580,39.783808672579006,541.599999999774,712.9095614694832
17581,39.783808672579006,541.619999999774,712.9181006521636
17582,39.783808672579006,541.639999999774,712.9266396319248
17583,39.783808672579006,541.659999999774,712.9351784087614
17584,39.783808672579006,541.6799999997739,712.9437169826683
17585,39.783808672579006,541.6999999997739,712.9522553536402
17586,39.783808672579006,541.7199999997739,712.9607935216719
17587,39.783808672579006,541.7399999997739,712.9693314867583
17588,39.783808672579006,541.7599999997739,712.977869248894
17589,39.783808672579006,541.7799999997738,712.9864068080739
17590,39.783808672579006,541.7999999997738,712.9949441642927
17591,39.783808672579006,541.8199999997738,713.0034813175454
17592,39.783808672579006,541.8399999997738,713.0120182678266
17593,39.783808672579006,541.8599999997738,713.0205550151312
17594,39.783808672579006,541.8799999997738,713.029091559454
17595,39.783808672579006,541.8999999997737,713.0376279007896
17596,39.783808672579006,541.9199999997737,713.046164039133
17597,39.783808672579006,541.9399999997737,713.0546999744789
17598,39.783808672579006,541.9599999997737,713.0632357068222
17599,39.783808672579006,541.9799999997737,713.0717712361575
17600,39.783808672579006,541.9999999997736,713.0803065624797
17601,39.783808672579006,542.0199999997736,713.0888416857836
17602,39.783808672579006,542.0399999997736,713.0973766060639
17603,39.783808672579006,542.0599999997736,713.1059113233155
17604,39.783808672579006,542.0799999997736,713.1144458375331
17605,39.783808672579006,542.0999999997736,713.1229801487116
17606,39.783808672579006,542.1199999997735,713.1315142568457
17607,39.783808672579006,542.1399999997735,713.1400481619302
17608,39.783808672579006,542.1599999997735,713.14858186396
17609,39.783808672579006,542.1799999997735,713.1571153629297
17610,39.783808672579006,542.1999999997735,713.1656486588344
17611,39.783808672579006,542.2199999997734,713.1741817516685
17612,39.783808672579006,542.2399999997734,713.182714641427
17613,39.783808672579006,542.2599999997734,713.1912473281046
17614,39.783808672579006,542.2799999997734,713.1997798116963
17615,39.783808672579006,542.2999999997734,713.2083120921967
17616,39.783808672579006,542.3199999997734,713.2168441696007
17617,39.783808672579006,542.3399999997733,713.225376043903
17618,39.783808672579006,542.3599999997733,713.2339077150984
17619,39.783808672579006,542.3799999997733,713.2424391831818
17620,39.783808672579006,542.3999999997733,713.2509704481479
17621,39.783808672579006,542.4199999997733,713.2595015099915
17622,39.783808672579006,542.4399999997732,713.2680323687074
17623,39.783808672579006,542.4599999997732,713.2765630246876
17624,39.783808672579006,542.4799999997732,713.2850934783912
17625,39.783808672579006,542.4999999997732,713.2936237298204
17626,39.783808672579006,542.5199999997732,713.30215377897
17627,39.783808672579006,542.5399999997732,713.3106836258349
17628,39.783808672579006,542.5599999997731,713.3192132704098
17629,39.783808672579006,542.5799999997731,713.3277427126894
17630,39.783808672579006,542.5999999997731,713.3362719526687
17631,39.783808672579006,542.6199999997731,713.3448009903422
17632,39.783808672579006,542.6399999997731,713.3533298257048
17633,39.783808672579006,542.659999999773,713.3618584587514
17634,39.783808672579006,542.679999999773,713.3703868894767
17635,39.783808672579006,542.699999999773,713.3789151178754
17636,39.783808672579006,542.719999999773,713.3874431439425
17637,39.783808672579006,542.739999999773,713.3959709676726
17638,39.783808672579006,542.759999999773,713.4044985890606
17639,39.783808672579006,542.7799999997729,713.4130260081012
17640,39.783808672579006,542.7999999997729,713.4215532247891
17641,39.783808672579006,542.8199999997729,713.4300802391193
17642,39.783808672579006,542.8399999997729,713.4386070510865
17643,39.783808672579006,542.8599999997729,713.4471336606854
17644,39.783808672579006,542.8799999997728,713.4556600679109
17645,39.783808672579006,542.8999999997728,713.4641862727577
17646,39.783808672579006,542.9199999997728,713.4727122752207
17647,39.783808672579006,542.9399999997728,713.4812380752946
17648,39.783808672579006,542.9599999997728,713.4897636729743
17649,39.783808672579006,542.9799999997728,713.4982890682544
17650,39.783808672579006,542.9999999997727,713.5068142611298
17651,39.783808672579006,543.0199999997727,713.5153392515953
17652,39.783808672579006,543.0399999997727,713.5238640396456
17653,39.7241177906168,543.0599999997727,713.5323886252755
17654,39.7241177906168,543.0799999997727,713.54091300848
17655,39.7241177906168,543.0999999997726,713.5494371892536
17656,39.7241177906168,543.1199999997726,713.5579611675912
17657,39.7241177906168,543.1399999997726,713.5664849434876
17658,39.7241177906168,543.1599999997726,713.5750085169376
17659,39.7241177906168,543.1799999997726,713.5835318879359
17660,39.7241177906168,543.1999999997726,713.5920550564774
17661,39.7241177906168,543.2199999997725,713.6005780225569
17662,39.7241177906168,543.2399999997725,713.609100786169
17663,39.7241177906168,543.2599999997725,713.6176233473087
17664,39.7241177906168,543.2799999997725,713.6261457059708
17665,39.7241177906168,543.2999999997725,713.6346678621499
17666,39.7241177906168,543.3199999997724,713.6431898158409
17667,39.7241177906168,543.3399999997724,713.6517115670385
17668,39.7241177906168,543.3599999997724,713.6602331157377
17669,39.7241177906168,543.3799999997724,713.6687544619331
17670,39.7241177906168,543.3999999997724,713.6772756056195
17671,39.7241177906168,543.4199999997724,713.6857965467917
17672,39.7241177906168,543.4399999997723,713.6943172854445
17673,39.7241177906168,543.4599999997723,713.7028378215754
17674,39.7241177906168,543.4799999997723,713.7113581555865
17675,39.7241177906168,543.4999999997723,713.7198782878571
17676,39.7241177906168,543.5199999997723,713.7283982183822
17677,39.7241177906168,543.5399999997722,713.7369179471564
17678,39.7241177906168,543.5599999997722,713.7454374741744
17679,39.7241177906168,543.5799999997722,713.7539567994312
17680,39.7241177906168,543.5999999997722,713.7624759229215
17681,39.7241177906168,543.6199999997722,713.77099484464
17682,39.7241177906168,543.6399999997722,713.7795135645814
17683,39.7241177906168,543.6599999997721,713.7880320827406
17684,39.7241177906168,543.6799999997721,713.7965503991124
17685,39.7241177906168,543.6999999997721,713.8050685136916
17686,39.7241177906168,543.7199999997721,713.8135864264729
17687,39.7241177906168,543.7399999997721,713.8221041374511
17688,39.7241177906168,543.759999999772,713.830621646621
17689,39.7241177906168,543.779999999772,713.8391389539773
17690,39.7241177906168,543.799999999772,713.8476560595149
17691,39.7241177906168,543.819999999772,713.8561729632285
17692,39.7241177906168,543.839999999772,713.8646896651128
17693,39.7241177906168,543.859999999772,713.8732061651626
17694,39.7241177906168,543.8799999997719,713.8817224633729
17695,39.7241177906168,543.8999999997719,713.8902385597381
17696,39.7241177906168,543.9199999997719,713.8987544542533
17697,39.7241177906168,543.9399999997719,713.9072701469132
17698,39.7241177906168,543.9599999997719,713.9157856377125
17699,39.7241177906168,543.9799999997718,713.924300926646
17700,39.7241177906168,543.9999999997718,713.9328160137085
17701,39.7241177906168,544.0199999997718,713.9413308988948
17702,39.7241177906168,544.0399999997718,713.9498455821996
17703,39.7241177906168,544.0599999997718,713.9583600636178
17704,39.7241177906168,544.0799999997718,713.966874343144
17705,39.7241177906168,544.0999999997717,713.9753884207731
17706,39.7241177906168,544.1199999997717,713.9839022965
17707,39.7241177906168,544.1399999997717,713.9924159703193
17708,39.7241177906168,544.1599999997717,714.0009294422257
17709,39.7241177906168,544.1799999997717,714.0094427122142
17710,39.7241177906168,544.1999999997716,714.0179557802794
17711,39.7241177906168,544.2199999997716,714.0264686464162
17712,39.7241177906168,544.2399999997716,714.0349813106193
17713,39.7241177906168,544.2599999997716,714.0434937728835
17714,39.7241177906168,544.2799999997716,714.0520060332036
17715,39.7241177906168,544.2999999997716,714.0605180915744
17716,39.7241177906168,544.3199999997715,714.0690299479907
17717,39.7241177906168,544.3399999997715,714.0775416024471
17718,39.7241177906168,544.3599999997715,714.0860530549386
17719,39.7241177906168,544.3799999997715,714.0945643054598
17720,39.7241177906168,544.3999999997715,714.1030753540056
17721,39.7241177906168,544.4199999997714,714.1115862005707
17722,39.7241177906168,544.4399999997714,714.12009684515
17723,39.7241177906168,544.4599999997714,714.1286072877382
17724,39.7241177906168,544.4799999997714,714.1371175283424
17725,39.7241177906168,544.4999999997714,714.1456275674193
17726,39.7241177906168,544.5199999997714,714.154137405314
17727,39.7241177906168,544.5399999997713,714.1626470420213
17728,39.7241177906168,544.5599999997713,714.1711564775359
17729,39.7241177906168,544.5799999997713,714.1796657118526
17730,39.7241177906168,544.5999999997713,714.1881747449663
17731,39.7241177906168,544.6199999997713,714.1966835768717
17732,39.7241177906168,544.6399999997712,714.2051922075634
17733,39.7241177906168,544.6599999997712,714.2137006370364
17734,39.7241177906168,544.6799999997712,714.2222088652853
17735,39.7241177906168,544.6999999997712,714.230716892305
17736,39.7241177906168,544.7199999997712,714.2392247180903
17737,39.7241177906168,544.7399999997712,714.2477323426359
17738,39.7241177906168,544.7599999997711,714.2562397659366
17739,39.7241177906168,544.7799999997711,714.2647469879871
17740,39.7241177906168,544.7999999997711,714.2732540087823
17741,39.7241177906168,544.8199999997711,714.2817608283168
17742,39.7241177906168,544.8399999997711,714.2902674465855
17743,39.7241177906168,544.859999999771,714.2987738635832
17744,39.7241177906168,544.879999999771,714.3072800793046
17745,39.7241177906168,544.899999999771,714.3157860937446
17746,39.7241177906168,544.919999999771,714.3242919068978
17747,39.7241177906168,544.939999999771,714.332797518759
17748,39.7241177906168,544.959999999771,714.3413029293231
17749,39.7241177906168,544.9799999997709,714.3498081385848
17750,39.7241177906168,544.9999999997709,714.3583131465388
17751,39.7241177906168,545.0199999997709,714.36681795318
17752,39.7241177906168,545.0399999997709,714.3753225585031
17753,39.7241177906168,545.0599999997709,714.3838269625028
17754,39.7241177906168,545.0799999997708,714.392331165174
17755,39.7241177906168,545.0999999997708,714.4008351665115
17756,39.7241177906168,545.1199999997708,714.40933896651
17757,39.7241177906168,545.1399999997708,714.4178425651643
17758,39.7241177906168,545.1599999997708,714.4263459624691
17759,39.7241177906168,545.1799999997708,714.4348491584193
17760,39.7241177906168,545.1999999997707,714.4433521530096
17761,39.7241177906168,545.2199999997707,714.4518549462349
17762,39.7241177906168,545.2399999997707,714.4603575380897
17763,39.7241177906168,545.2599999997707,714.468859928569
17764,39.7241177906168,545.2799999997707,714.4773621176676
17765,39.7241177906168,545.2999999997706,714.4858641053801
17766,39.7241177906168,545.3199999997706,714.4943658917014
17767,39.7241177906168,545.3399999997706,714.5028674766262
17768,39.7241177906168,545.3599999997706,714.5113688601493
17769,39.7241177906168,545.3799999997706,714.5198700422656
17770,39.7241177906168,545.3999999997706,714.5283710229697
17771,39.7241177906168,545.4199999997705,714.5368718022565
17772,39.7241177906168,545.4399999997705,714.5453723801207
17773,39.7241177906168,545.4599999997705,714.5538727565571
17774,39.7241177906168,545.4799999997705,714.5623729315605
17775,39.7241177906168,545.4999999997705,714.5708729051486
17776,39.7241177906168,545.5199999997704,714.5793726778359
17777,39.7241177906168,545.5399999997704,714.5878722499303
17778,39.7241177906168,545.5599999997704,714.5963716214268
17779,39.7241177906168,545.5799999997704,714.6048707923198
17780,39.7241177906168,545.5999999997704,714.6133697626044
17781,39.7241177906168,545.6199999997704,714.6218685322752
17782,39.7241177906168,545.6399999997703,714.6303671013271
17783,39.7241177906168,545.6599999997703,714.6388654697549
17784,39.7241177906168,545.6799999997703,714.6473636375533
17785,39.7241177906168,545.6999999997703,714.6558616047171
17786,39.7241177906168,545.7199999997703,714.664359371241
17787,39.7241177906168,545.7399999997702,714.6728569371197
17788,39.7241177906168,545.7599999997702,714.6813543023482
17789,39.7241177906168,545.7799999997702,714.6898514669211
17790,39.7241177906168,545.7999999997702,714.6983484308333
17791,39.7241177906168,545.8199999997702,714.7068451940795
17792,39.7241177906168,545.8399999997702,714.7153417566544
17793,39.7241177906168,545.8599999997701,714.723838118553
17794,39.7241177906168,545.8799999997701,714.7323342797698
17795,39.7241177906168,545.8999999997701,714.7408302402998
17796,39.7241177906168,545.9199999997701,714.7493260001377
17797,39.7241177906168,545.9399999997701,714.7578215592782
17798,39.7241177906168,545.95999999977,714.7663169177162
17799,39.7241177906168,545.97999999977,714.7748120754463
17800,39.7241177906168,545.99999999977,714.7833070324635
17801,39.7241177906168,546.01999999977,714.7918017887624
17802,39.7241177906168,546.03999999977,714.8002963443379
17803,39.7241177906168,546.05999999977,714.8087906991847
17804,39.7241177906168,546.0799999997699,714.8172848532976
17805,39.7241177906168,546.0999999997699,714.8257788066713
17806,39.7241177906168,546.1199999997699,714.8342725593008
17807,39.7241177906168,546.1399999997699,714.8427661111806
17808,39.7241177906168,546.1599999997699,714.8512594623056
17809,39.7241177906168,546.1799999997698,714.8597526126706
17810,39.7241177906168,546.1999999997698,714.8682455622703
17811,39.66457602463144,546.2199999997698,714.8767383110995
17812,39.66457602463144,546.2399999997698,714.8852308591531
17813,39.66457602463144,546.2599999997698,714.8937232064258
17814,39.66457602463144,546.2799999997698,714.9022153529122
17815,39.66457602463144,546.2999999997697,714.9107072986073
17816,39.66457602463144,546.3199999997697,714.9191990435058
17817,39.66457602463144,546.3399999997697,714.9276905876026
17818,39.66457602463144,546.3599999997697,714.9361819308922
17819,39.66457602463144,546.3799999997697,714.9446730733696
17820,39.66457602463144,546.3999999997696,714.9531640150295
17821,39.66457602463144,546.4199999997696,714.9616547558667
17822,39.66457602463144,546.4399999997696,714.9701452958759
17823,39.66457602463144,546.4599999997696,714.978635635052
17824,39.66457602463144,546.4799999997696,714.9871257733897
17825,39.66457602463144,546.4999999997696,714.9956157108838
17826,39.66457602463144,546.5199999997695,715.0041054475594
17827,39.66457602463144,546.5399999997695,715.0125949839241
17828,39.66457602463144,546.5599999997695,715.0210843202136
17829,39.66457602463144,546.5799999997695,715.0295734564226
17830,39.66457602463144,546.5999999997695,715.0380623925457
17831,39.66457602463144,546.6199999997694,715.0465511285779
17832,39.66457602463144,546.6399999997694,715.0550396645139
17833,39.66457602463144,546.6599999997694,715.0635280003485
17834,39.66457602463144,546.6799999997694,715.0720161360764
17835,39.66457602463144,546.6999999997694,715.0805040716924
17836,39.66457602463144,546.7199999997694,715.0889918071913
17837,39.66457602463144,546.7399999997693,715.0974793425679
17838,39.66457602463144,546.7599999997693,715.1059666778169
17839,39.66457602463144,546.7799999997693,715.1144538129332
17840,39.66457602463144,546.7999999997693,715.1229407479115
17841,39.66457602463144,546.8199999997693,715.1314274827465
17842,39.66457602463144,546.8399999997692,715.1399140174331
17843,39.66457602463144,546.8599999997692,715.148400351966
17844,39.66457602463144,546.8799999997692,715.15688648634
17845,39.66457602463144,546.8999999997692,715.1653724205499
17846,39.66457602463144,546.9199999997692,715.1738581545906
17847,39.66457602463144,546.9399999997692,715.1823436884565
17848,39.66457602463144,546.9599999997691,715.1908290221427
17849,39.66457602463144,546.9799999997691,715.1993141556438
17850,39.66457602463144,546.9999999997691,715.2077990889547
17851,39.66457602463144,547.0199999997691,715.2162838220703
17852,39.66457602463144,547.0399999997691,715.2247683549851
17853,39.66457602463144,547.059999999769,715.2332526876941
17854,39.66457602463144,547.079999999769,715.2417368201918
17855,39.66457602463144,547.099999999769,715.2502207524733
17856,39.66457602463144,547.119999999769,715.2587044845332
17857,39.66457602463144,547.139999999769,715.2671880163662
17858,39.66457602463144,547.159999999769,715.2756713479672
17859,39.66457602463144,547.1799999997689,715.284154479331
17860,39.66457602463144,547.1999999997689,715.2926374104524
17861,39.66457602463144,547.2199999997689,715.301120141326
17862,39.66457602463144,547.2399999997689,715.3096026719468
17863,39.66457602463144,547.2599999997689,715.3180850023094
17864,39.66457602463144,547.2799999997688,715.3265671324087
17865,39.66457602463144,547.2999999997688,715.3350490622395
17866,39.66457602463144,547.3199999997688,715.3435307917964
17867,39.66457602463144,547.3399999997688,715.3520123210743
17868,39.66457602463144,547.3599999997688,715.360493650068
17869,39.66457602463144,547.3799999997688,715.3689747787721
17870,39.66457602463144,547.3999999997687,715.3774557071816
17871,39.66457602463144,547.4199999997687,715.3859364352912
17872,39.66457602463144,547.4399999997687,715.3944169630958
17873,39.66457602463144,547.4599999997687,715.4028972905899
17874,39.66457602463144,547.4799999997687,715.4113774177684
17875,39.66457602463144,547.4999999997686,715.4198573446263
17876,39.66457602463144,547.5199999997686,715.4283370711581
17877,39.66457602463144,547.5399999997686,715.4368165973996
17878,39.66457602463144,547.5599999997686,715.4452959239151
17879,39.66457602463144,547.5799999997686,715.4537750509007
17880,39.66457602463144,547.5999999997686,715.4622539783513
17881,39.66457602463144,547.6199999997685,715.4707327062616
17882,39.66457602463144,547.6399999997685,715.4792112346264
17883,39.66457602463144,547.6599999997685,715.4876895634404
17884,39.66457602463144,547.6799999997685,715.4961676926985
17885,39.66457602463144,547.6999999997685,715.5046456223953
17886,39.66457602463144,547.7199999997684,715.5131233525258
17887,39.66457602463144,547.7399999997684,715.5216008830846
17888,39.66457602463144,547.7599999997684,715.5300782140666
17889,39.66457602463144,547.7799999997684,715.5385553454665
17890,39.66457602463144,547.7999999997684,715.5470322772792
17891,39.66457602463144,547.8199999997684,715.5555090094992
17892,39.66457602463144,547.8399999997683,715.5639855421216
17893,39.66457602463144,547.8599999997683,715.572461875141
17894,39.66457602463144,547.8799999997683,715.5809380085522
17895,39.66457602463144,547.8999999997683,715.5894139423499
17896,39.66457602463144,547.9199999997683,715.597889676529
17897,39.66457602463144,547.9399999997682,715.6063652110843
17898,39.66457602463144,547.9599999997682,715.6148405460104
17899,39.66457602463144,547.9799999997682,715.6233156813023
17900,39.66457602463144,547.9999999997682,715.6317906169547
17901,39.66457602463144,548.0199999997682,715.6402653529624
17902,39.66457602463144,548.0399999997682,715.64873988932
17903,39.66457602463144,548.0599999997681,715.6572142260226
17904,39.66457602463144,548.0799999997681,715.6656883630646
17905,39.66457602463144,548.0999999997681,715.6741623004411
17906,39.66457602463144,548.1199999997681,715.6826360381468
17907,39.66457602463144,548.1399999997681,715.6911095761764
17908,39.66457602463144,548.159999999768,715.6995829145246
17909,39.66457602463144,548.179999999768,715.7080560531864
17910,39.66457602463144,548.199999999768,715.7165289921564
17911,39.66457602463144,548.219999999768,715.7250017314295
17912,39.66457602463144,548.239999999768,715.7334742710004
17913,39.66457602463144,548.259999999768,715.7419466108639
17914,39.66457602463144,548.2799999997679,715.7504187510149
17915,39.66457602463144,548.2999999997679,715.758890691448
17916,39.66457602463144,548.3199999997679,715.767362432158
17917,39.66457602463144,548.3399999997679,715.7758339731398
17918,39.66457602463144,548.3599999997679,715.7843053143881
17919,39.66457602463144,548.3799999997678,715.7927764558978
17920,39.66457602463144,548.3999999997678,715.8012473976634
17921,39.66457602463144,548.4199999997678,715.8097181396798
17922,39.66457602463144,548.4399999997678,715.8181886819419
17923,39.66457602463144,548.4599999997678,715.8266590244444
17924,39.66457602463144,548.4799999997678,715.8351291671822
17925,39.66457602463144,548.4999999997677,715.84359911015
17926,39.66457602463144,548.5199999997677,715.8520688533424
17927,39.66457602463144,548.5399999997677,715.8605383967545
17928,39.66457602463144,548.5599999997677,715.8690077404333
17929,39.66457602463144,548.5799999997677,715.8774768850053
17930,39.66457602463144,548.5999999997676,715.8859458306248
17931,39.66457602463144,548.6199999997676,715.8944145772866
17932,39.66457602463144,548.6399999997676,715.9028831249855
17933,39.66457602463144,548.6599999997676,715.9113514737162
17934,39.66457602463144,548.6799999997676,715.9198196234735
17935,39.66457602463144,548.6999999997676,715.9282875742522
17936,39.66457602463144,548.7199999997675,715.9367553260471
17937,39.66457602463144,548.7399999997675,715.945222878853
17938,39.66457602463144,548.7599999997675,715.9536902326646
17939,39.66457602463144,548.7799999997675,715.9621573874767
17940,39.66457602463144,548.7999999997675,715.9706243432842
17941,39.66457602463144,548.8199999997674,715.9790911000816
17942,39.66457602463144,548.8399999997674,715.9875576578639
17943,39.66457602463144,548.8599999997674,715.9960240166258
17944,39.66457602463144,548.8799999997674,716.0044901763622
17945,39.66457602463144,548.8999999997674,716.0129561370677
17946,39.66457602463144,548.9199999997674,716.0214218987372
17947,39.66457602463144,548.9399999997673,716.0298874613655
17948,39.66457602463144,548.9599999997673,716.0383528249473
17949,39.66457602463144,548.9799999997673,716.0468179894774
17950,39.66457602463144,548.9999999997673,716.0552829549506
17951,39.66457602463144,549.0199999997673,716.0637477213617
17952,39.66457602463144,549.0399999997672,716.0722122887054
17953,39.66457602463144,549.0599999997672,716.0806766569766
17954,39.66457602463144,549.0799999997672,716.08914082617
17955,39.66457602463144,549.0999999997672,716.0976047962804
17956,39.66457602463144,549.1199999997672,716.1060685673026
17957,39.66457602463144,549.1399999997672,716.1145321392313
17958,39.66457602463144,549.1599999997671,716.1229955120614
17959,39.66457602463144,549.1799999997671,716.1314586857876
17960,39.66457602463144,549.1999999997671,716.1399216604048
17961,39.66457602463144,549.2199999997671,716.1483844359076
17962,39.66457602463144,549.2399999997671,716.1568470122909
17963,39.66457602463144,549.259999999767,716.1653093895494
17964,39.66457602463144,549.279999999767,716.1737715676779
17965,39.66457602463144,549.299999999767,716.1822335466713
17966,39.66457602463144,549.319999999767,716.1906953265243
17967,39.66457602463144,549.339999999767,716.1991569072317
17968,39.66457602463144,549.359999999767,716.2076182887882
17969,39.66457602463144,549.3799999997669,716.2160794711887
17970,39.60518285362662,549.3999999997669,716.2245404544278
17971,39.60518285362662,549.4199999997669,716.2330012385005
17972,39.60518285362662,549.4399999997669,716.2414618234016
17973,39.60518285362662,549.4599999997669,716.2499222091257
17974,39.60518285362662,549.4799999997668,716.2583823956676
17975,39.60518285362662,549.4999999997668,716.2668423830222
17976,39.60518285362662,549.5199999997668,716.2753021711842
17977,39.60518285362662,549.5399999997668,716.2837617601484
17978,39.60518285362662,549.5599999997668,716.2922211499097
17979,39.60518285362662,549.5799999997668,716.3006803405204
17980,39.60518285362662,549.5999999997667,716.3091393325974
17981,39.60518285362662,549.6199999997667,716.317598126237
17982,39.60518285362662,549.6399999997667,716.3260567214342
17983,39.60518285362662,549.6599999997667,716.3345151181835
17984,39.60518285362662,549.6799999997667,716.3429733164799
17985,39.60518285362662,549.6999999997666,716.351431316318
17986,39.60518285362662,549.7199999997666,716.3598891176928
17987,39.60518285362662,549.7399999997666,716.368346720599
17988,39.60518285362662,549.7599999997666,716.3768041250314
17989,39.60518285362662,549.7799999997666,716.3852613309848
17990,39.60518285362662,549.7999999997666,716.393718338454
17991,39.60518285362662,549.8199999997665,716.4021751474339
17992,39.60518285362662,549.8399999997665,716.4106317579192
17993,39.60518285362662,549.8599999997665,716.4190881699046
17994,39.60518285362662,549.8799999997665,716.4275443833851
17995,39.60518285362662,549.8999999997665,716.4360003983553
17996,39.60518285362662,549.9199999997664,716.4444562148101
17997,39.60518285362662,549.9399999997664,716.4529118327443
17998,39.60518285362662,549.9599999997664,716.4613672521527
17999,39.60518285362662,549.9799999997664,716.4698224730301
18000,39.60518285362662,549.9999999997664,716.4782774953713
18001,39.60518285362662,550.0199999997664,716.4867323191711
18002,39.60518285362662,550.0399999997663,716.4951869444242
18003,39.60518285362662,550.0599999997663,716.5036413711255
18004,39.60518285362662,550.0799999997663,716.5120955992697
18005,39.60518285362662,550.0999999997663,716.5205496288518
18006,39.60518285362662,550.1199999997663,716.5290034598663
18007,39.60518285362662,550.1399999997662,716.5374570923083
18008,39.60518285362662,550.1599999997662,716.5459105261724
18009,39.60518285362662,550.1799999997662,716.5543637614535
18010,39.60518285362662,550.1999999997662,716.5628167981463
18011,39.60518285362662,550.2199999997662,716.5712696362457
18012,39.60518285362662,550.2399999997662,716.5797222757465
18013,39.60518285362662,550.2599999997661,716.5881747166434
18014,39.60518285362662,550.2799999997661,716.5966269589312
18015,39.60518285362662,550.2999999997661,716.6050790026048
18016,39.60518285362662,550.3199999997661,716.613530847659
18017,39.60518285362662,550.3399999997661,716.6219824940886
18018,39.60518285362662,550.359999999766,716.6304339418882
18019,39.60518285362662,550.379999999766,716.6388851910529
18020,39.60518285362662,550.399999999766,716.6473362415772
18021,39.60518285362662,550.419999999766,716.6557870934562
18022,39.60518285362662,550.439999999766,716.6642377466844
18023,39.60518285362662,550.459999999766,716.6726882012568
18024,39.60518285362662,550.4799999997659,716.6811384571682
18025,39.60518285362662,550.4999999997659,716.6895885144133
18026,39.60518285362662,550.5199999997659,716.6980383729871
18027,39.60518285362662,550.5399999997659,716.7064880328841
18028,39.60518285362662,550.5599999997659,716.7149374940992
18029,39.60518285362662,550.5799999997658,716.7233867566273
18030,39.60518285362662,550.5999999997658,716.7318358205392
18031,39.60518285362662,550.6199999997658,716.7402846864861
18032,39.60518285362662,550.6399999997658,716.7487333545271
18033,39.60518285362662,550.6599999997658,716.757181824657
18034,39.60518285362662,550.6799999997658,716.7656300968706
18035,39.60518285362662,550.6999999997657,716.7740781711627
18036,39.60518285362662,550.7199999997657,716.7825260475282
18037,39.60518285362662,550.7399999997657,716.7909737259619
18038,39.60518285362662,550.7599999997657,716.7994212064583
18039,39.60518285362662,550.7799999997657,716.8078684890125
18040,39.60518285362662,550.7999999997656,716.8163155736192
18041,39.60518285362662,550.8199999997656,716.8247624602733
18042,39.60518285362662,550.8399999997656,716.8332091489693
18043,39.60518285362662,550.8599999997656,716.8416556397024
18044,39.60518285362662,550.8799999997656,716.850101932467
18045,39.60518285362662,550.8999999997656,716.8585480272582
18046,39.60518285362662,550.9199999997655,716.8669939240706
18047,39.60518285362662,550.9399999997655,716.8754396228991
18048,39.60518285362662,550.9599999997655,716.8838851237385
18049,39.60518285362662,550.9799999997655,716.8923304265836
18050,39.60518285362662,550.9999999997655,716.9007755314292
18051,39.60518285362662,551.0199999997654,716.90922043827
18052,39.60518285362662,551.0399999997654,716.9176651471009
18053,39.60518285362662,551.0599999997654,716.9261096579168
18054,39.60518285362662,551.0799999997654,716.9345539707122
18055,39.60518285362662,551.0999999997654,716.942998085482
18056,39.60518285362662,551.1199999997654,716.9514420022211
18057,39.60518285362662,551.1399999997653,716.9598857209244
18058,39.60518285362662,551.1599999997653,716.9683292415865
18059,39.60518285362662,551.1799999997653,716.9767725642023
18060,39.60518285362662,551.1999999997653,716.9852156887665
18061,39.60518285362662,551.2199999997653,716.993658615274
18062,39.60518285362662,551.2399999997652,717.0021013437195
18063,39.60518285362662,551.2599999997652,717.0105438740978
18064,39.60518285362662,551.2799999997652,717.0189862064038
18065,39.60518285362662,551.2999999997652,717.0274283406324
18066,39.60518285362662,551.3199999997652,717.035870276778
18067,39.60518285362662,551.3399999997652,717.0443120148358
18068,39.60518285362662,551.3599999997651,717.0527535548003
18069,39.60518285362662,551.3799999997651,717.0611948966666
18070,39.60518285362662,551.3999999997651,717.0696360404294
18071,39.60518285362662,551.4199999997651,717.0780769860834
18072,39.60518285362662,551.4399999997651,717.0865177336234
18073,39.60518285362662,551.459999999765,717.0949582830442
18074,39.60518285362662,551.479999999765,717.1033986343407
18075,39.60518285362662,551.499999999765,717.1118387875076
18076,39.60518285362662,551.519999999765,717.1202787425398
18077,39.60518285362662,551.539999999765,717.128718499432
18078,39.60518285362662,551.559999999765,717.1371580581791
18079,39.60518285362662,551.5799999997649,717.1455974187759
18080,39.60518285362662,551.5999999997649,717.154036581217
18081,39.60518285362662,551.6199999997649,717.1624755456222
18082,39.60518285362662,551.6399999997649,717.1709143126131
18083,39.60518285362662,551.6599999997649,717.1793528822403
18084,39.60518285362662,551.6799999997648,717.1877912544986
18085,39.60518285362662,551.6999999997648,717.1962294293828
18086,39.60518285362662,551.7199999997648,717.2046674068876
18087,39.60518285362662,551.7399999997648,717.2131051870077
18088,39.60518285362662,551.7599999997648,717.221542769738
18089,39.60518285362662,551.7799999997648,717.2299801550732
18090,39.60518285362662,551.7999999997647,717.2384173430081
18091,39.60518285362662,551.8199999997647,717.2468543335375
18092,39.60518285362662,551.8399999997647,717.2552911266562
18093,39.60518285362662,551.8599999997647,717.2637277223588
18094,39.60518285362662,551.8799999997647,717.2721641206402
18095,39.60518285362662,551.8999999997646,717.2806003214953
18096,39.60518285362662,551.9199999997646,717.2890363249187
18097,39.60518285362662,551.9399999997646,717.2974721309051
18098,39.60518285362662,551.9599999997646,717.3059077394495
18099,39.60518285362662,551.9799999997646,717.3143431505465
18100,39.60518285362662,551.9999999997646,717.322778364191
18101,39.60518285362662,552.0199999997645,717.3312133803777
18102,39.60518285362662,552.0399999997645,717.3396481991014
18103,39.60518285362662,552.0599999997645,717.3480828203568
18104,39.60518285362662,552.0799999997645,717.3565172441387
18105,39.60518285362662,552.0999999997645,717.3649514704418
18106,39.60518285362662,552.1199999997644,717.3733854992611
18107,39.60518285362662,552.1399999997644,717.3818193305912
18108,39.60518285362662,552.1599999997644,717.390252964427
18109,39.60518285362662,552.1799999997644,717.3986864007632
18110,39.60518285362662,552.1999999997644,717.4071196395945
18111,39.60518285362662,552.2199999997644,717.4155526809158
18112,39.60518285362662,552.2399999997643,717.4239855247217
18113,39.60518285362662,552.2599999997643,717.4324181710072
18114,39.60518285362662,552.2799999997643,717.4408506197669
18115,39.60518285362662,552.2999999997643,717.4492828709957
18116,39.60518285362662,552.3199999997643,717.4577149246883
18117,39.60518285362662,552.3399999997642,717.4661467808395
18118,39.60518285362662,552.3599999997642,717.474578439444
18119,39.60518285362662,552.3799999997642,717.4830099004968
18120,39.60518285362662,552.3999999997642,717.4914411639924
18121,39.60518285362662,552.4199999997642,717.4998722299257
18122,39.60518285362662,552.4399999997642,717.5083030982914
18123,39.60518285362662,552.4599999997641,717.5167337690845
18124,39.60518285362662,552.4799999997641,717.5251642422995
18125,39.60518285362662,552.4999999997641,717.5335945179313
18126,39.60518285362662,552.5199999997641,717.5420245959747
18127,39.60518285362662,552.5399999997641,717.5504544764244
18128,39.60518285362662,552.559999999764,717.5588841592753
18129,39.60518285362662,552.579999999764,717.5673136445221
18130,39.54593775894415,552.599999999764,717.5757429321595
18131,39.54593775894415,552.619999999764,717.5841720221824
18132,39.54593775894415,552.639999999764,717.5926009147549
18133,39.54593775894415,552.659999999764,717.6010296104508
18134,39.54593775894415,552.6799999997639,717.6094581093103
18135,39.54593775894415,552.6999999997639,717.6178864113281
18136,39.54593775894415,552.7199999997639,717.6263145164992
18137,39.54593775894415,552.7399999997639,717.6347424248183
18138,39.54593775894415,552.7599999997639,717.6431701362803
18139,39.54593775894415,552.7799999997638,717.65159765088
18140,39.54593775894415,552.7999999997638,717.6600249686122
18141,39.54593775894415,552.8199999997638,717.6684520894718
18142,39.54593775894415,552.8399999997638,717.6768790134533
18143,39.54593775894415,552.8599999997638,717.6853057405519
18144,39.54593775894415,552.8799999997638,717.6937322707623
18145,39.54593775894415,552.8999999997637,717.7021586040793
18146,39.54593775894415,552.9199999997637,717.7105847404976
18147,39.54593775894415,552.9399999997637,717.719010680012
18148,39.54593775894415,552.9599999997637,717.7274364226176
18149,39.54593775894415,552.9799999997637,717.735861968309
18150,39.54593775894415,552.9999999997636,717.7442873170811
18151,39.54593775894415,553.0199999997636,717.7527124689286
18152,39.54593775894415,553.0399999997636,717.7611374238464
18153,39.54593775894415,553.0599999997636,717.7695621818294
18154,39.54593775894415,553.0799999997636,717.7779867428723
18155,39.54593775894415,553.0999999997636,717.7864111069699
18156,39.54593775894415,553.1199999997635,717.7948352741171
18157,39.54593775894415,553.1399999997635,717.8032592443086
18158,39.54593775894415,553.1599999997635,717.8116830175394
18159,39.54593775894415,553.1799999997635,717.8201065938042
18160,39.54593775894415,553.1999999997635,717.8285299730978
18161,39.54593775894415,553.2199999997634,717.8369531554151
18162,39.54593775894415,553.2399999997634,717.8453761407509
18163,39.54593775894415,553.2599999997634,717.8537989291
18164,39.54593775894415,553.2799999997634,717.8622215204572
18165,39.54593775894415,553.2999999997634,717.8706439148173
18166,39.54593775894415,553.3199999997634,717.8790661121751
18167,39.54593775894415,553.3399999997633,717.8874881125255
18168,39.54593775894415,553.3599999997633,717.8959099158633
18169,39.54593775894415,553.3799999997633,717.9043315221833
18170,39.54593775894415,553.3999999997633,717.9127529314802
18171,39.54593775894415,553.4199999997633,717.921174143749
18172,39.54593775894415,553.4399999997632,717.9295951589845
18173,39.54593775894415,553.4599999997632,717.9380159771815
18174,39.54593775894415,553.4799999997632,717.9464365983348
18175,39.54593775894415,553.4999999997632,717.9548570224392
18176,39.54593775894415,553.5199999997632,717.9632772494896
18177,39.54593775894415,553.5399999997632,717.9716972794806
18178,39.54593775894415,553.5599999997631,717.9801171124072
18179,39.54593775894415,553.5799999997631,717.9885367482643
18180,39.54593775894415,553.5999999997631,717.9969561870466
18181,39.54593775894415,553.6199999997631,718.005375428749
18182,39.54593775894415,553.6399999997631,718.0137944733661
18183,39.54593775894415,553.659999999763,718.0222133211
18184,39.54593775894415,553.679999999763,718.0306319724637
18185,39.54593775894415,553.699999999763,718.0390504274864
18186,39.54593775894415,553.719999999763,718.047468686163
18187,39.54593775894415,553.739999999763,718.0558867484884
18188,39.54593775894415,553.759999999763,718.0643046144573
18189,39.54593775894415,553.7799999997629,718.0727222840645
18190,39.54593775894415,553.7999999997629,718.0811397573048
18191,39.54593775894415,553.8199999997629,718.0895570341728
18192,39.54593775894415,553.8399999997629,718.0979741146635
18193,39.54593775894415,553.8599999997629,718.1063909987718
18194,39.54593775894415,553.8799999997628,718.1148076864922
18195,39.54593775894415,553.8999999997628,718.1232241778197
18196,39.54593775894415,553.9199999997628,718.1316404727489
18197,39.54593775894415,553.9399999997628,718.1400565712747
18198,39.54593775894415,553.9599999997628,718.148472473392
18199,39.54593775894415,553.9799999997628,718.1568881790954
18200,39.54593775894415,553.9999999997627,718.1653036883798
18201,39.54593775894415,554.0199999997627,718.17371900124
18202,39.54593775894415,554.0399999997627,718.1821341176707
18203,39.54593775894415,554.0599999997627,718.1905490376668
18204,39.54593775894415,554.0799999997627,718.198963761223
18205,39.54593775894415,554.0999999997626,718.2073782883341
18206,39.54593775894415,554.1199999997626,718.215792618995
18207,39.54593775894415,554.1399999997626,718.2242067532004
18208,39.54593775894415,554.1599999997626,718.232620690945
18209,39.54593775894415,554.1799999997626,718.2410344322238
18210,39.54593775894415,554.1999999997626,718.2494479770315
18211,39.54593775894415,554.2199999997625,718.2578613253629
18212,39.54593775894415,554.2399999997625,718.2662744772127
18213,39.54593775894415,554.2599999997625,718.2746874325758
18214,39.54593775894415,554.2799999997625,718.2831001914469
18215,39.54593775894415,554.2999999997625,718.2915127538209
18216,39.54593775894415,554.3199999997624,718.2999251196926
18217,39.54593775894415,554.3399999997624,718.3083372890567
18218,39.54593775894415,554.3599999997624,718.316749261908
18219,39.54593775894415,554.3799999997624,718.3251610382412
18220,39.54593775894415,554.3999999997624,718.3335726180512
18221,39.54593775894415,554.4199999997624,718.3419840013329
18222,39.54593775894415,554.4399999997623,718.3503951880809
18223,39.54593775894415,554.4599999997623,718.3588061782903
18224,39.54593775894415,554.4799999997623,718.3672169719555
18225,39.54593775894415,554.4999999997623,718.3756275690715
18226,39.54593775894415,554.5199999997623,718.3840379696331
18227,39.54593775894415,554.5399999997622,718.3924481736351
18228,39.54593775894415,554.5599999997622,718.4008581810722
18229,39.54593775894415,554.5799999997622,718.4092679919391
18230,39.54593775894415,554.5999999997622,718.4176776062309
18231,39.54593775894415,554.6199999997622,718.4260870239422
18232,39.54593775894415,554.6399999997622,718.4344962450677
18233,39.54593775894415,554.6599999997621,718.4429052696024
18234,39.54593775894415,554.6799999997621,718.4513140977999
18235,39.54593775894415,554.6999999997621,718.4597227301508
18236,39.54593775894415,554.7199999997621,718.4681311666762
18237,39.54593775894415,554.7399999997621,718.476539407371
18238,39.54593775894415,554.759999999762,718.4849474522298
18239,39.54593775894415,554.779999999762,718.4933553012476
18240,39.54593775894415,554.799999999762,718.501762954419
18241,39.54593775894415,554.819999999762,718.5101704117388
18242,39.54593775894415,554.839999999762,718.518577673202
18243,39.54593775894415,554.859999999762,718.5269847388032
18244,39.54593775894415,554.8799999997619,718.5353916085372
18245,39.54593775894415,554.8999999997619,718.5437982823989
18246,39.54593775894415,554.9199999997619,718.552204760383
18247,39.54593775894415,554.9399999997619,718.5606110424843
18248,39.54593775894415,554.9599999997619,718.5690171286976
18249,39.54593775894415,554.9799999997618,718.5774230190177
18250,39.54593775894415,554.9999999997618,718.5858287134395
18251,39.54593775894415,555.0199999997618,718.5942342119575
18252,39.54593775894415,555.0399999997618,718.6026395145668
18253,39.54593775894415,555.0599999997618,718.6110446212621
18254,39.54593775894415,555.0799999997618,718.6194495320381
18255,39.54593775894415,555.0999999997617,718.6278542468896
18256,39.54593775894415,555.1199999997617,718.6362587658115
18257,39.54593775894415,555.1399999997617,718.6446630887984
18258,39.54593775894415,555.1599999997617,718.6530672158453
18259,39.54593775894415,555.1799999997617,718.661471146947
18260,39.54593775894415,555.1999999997616,718.669874882098
18261,39.54593775894415,555.2199999997616,718.6782784212935
18262,39.54593775894415,555.2399999997616,718.686681764528
18263,39.54593775894415,555.2599999997616,718.6950849117964
18264,39.54593775894415,555.2799999997616,718.7034878630934
18265,39.54593775894415,555.2999999997616,718.7118906184139
18266,39.54593775894415,555.3199999997615,718.7202931777526
18267,39.54593775894415,555.3399999997615,718.7286955411045
18268,39.54593775894415,555.3599999997615,718.7370977084641
18269,39.54593775894415,555.3799999997615,718.7454996798264
18270,39.54593775894415,555.3999999997615,718.7539014551861
18271,39.54593775894415,555.4199999997614,718.762303034538
18272,39.54593775894415,555.4399999997614,718.7707044178769
18273,39.54593775894415,555.4599999997614,718.7791056051976
18274,39.54593775894415,555.4799999997614,718.787506596495
18275,39.54593775894415,555.4999999997614,718.7959073917636
18276,39.54593775894415,555.5199999997614,718.8043079909985
18277,39.54593775894415,555.5399999997613,718.8127083941944
18278,39.54593775894415,555.5599999997613,718.8211086013459
18279,39.54593775894415,555.5799999997613,718.8295086124481
18280,39.54593775894415,555.5999999997613,718.8379084274956
18281,39.54593775894415,555.6199999997613,718.8463080464833
18282,39.54593775894415,555.6399999997612,718.8547074694059
18283,39.54593775894415,555.6599999997612,718.8631066962582
18284,39.54593775894415,555.6799999997612,718.8715057270351
18285,39.54593775894415,555.6999999997612,718.8799045620455
18286,39.54593775894415,555.7199999997612,718.888303201757
18287,39.54593775894415,555.7399999997612,718.8967016461824
18288,39.54593775894415,555.7599999997611,718.9050998953162
18289,39.54593775894415,555.7799999997611,718.9134979491532
18290,39.48684022425106,555.7999999997611,718.9218958076884
18291,39.48684022425106,555.8199999997611,718.9302934709165
18292,39.48684022425106,555.8399999997611,718.9386909388321
18293,39.48684022425106,555.859999999761,718.9470882114302
18294,39.48684022425106,555.879999999761,718.9554852887056
18295,39.48684022425106,555.899999999761,718.963882170653
18296,39.48684022425106,555.919999999761,718.9722788572674
18297,39.48684022425106,555.939999999761,718.9806753485434
18298,39.48684022425106,555.959999999761,718.9890716444759
18299,39.48684022425106,555.9799999997609,718.9974677450596
18300,39.48684022425106,555.9999999997609,719.0058636502893
18301,39.48684022425106,556.0199999997609,719.0142593601598
18302,39.48684022425106,556.0399999997609,719.022654874666
18303,39.48684022425106,556.0599999997609,719.0310501938027
18304,39.48684022425106,556.0799999997608,719.0394453175645
18305,39.48684022425106,556.0999999997608,719.0478402459464
18306,39.48684022425106,556.1199999997608,719.0562349789432
18307,39.48684022425106,556.1399999997608,719.0646295165495
18308,39.48684022425106,556.1599999997608,719.0730238587603
18309,39.48684022425106,556.1799999997608,719.0814180055703
18310,39.48684022425106,556.1999999997607,719.0898119569744
18311,39.48684022425106,556.2199999997607,719.0982057129672
18312,39.48684022425106,556.2399999997607,719.1065992735437
18313,39.48684022425106,556.2599999997607,719.1149926386986
18314,39.48684022425106,556.2799999997607,719.1233858084266
18315,39.48684022425106,556.2999999997606,719.1317787827227
18316,39.48684022425106,556.3199999997606,719.1401715615816
18317,39.48684022425106,556.3399999997606,719.1485641449981
18318,39.48684022425106,556.3599999997606,719.156956532967
18319,39.48684022425106,556.3799999997606,719.1653487254831
18320,39.48684022425106,556.3999999997606,719.1737407225412
18321,39.48684022425106,556.4199999997605,719.1821325241361
18322,39.48684022425106,556.4399999997605,719.1905241302627
18323,39.48684022425106,556.4599999997605,719.1989155409157
18324,39.48684022425106,556.4799999997605,719.2073067560898
18325,39.48684022425106,556.4999999997605,719.21569777578
18326,39.48684022425106,556.5199999997604,719.2240885999809
18327,39.48684022425106,556.5399999997604,719.2324792286875
18328,39.48684022425106,556.5599999997604,719.2408696618944
18329,39.48684022425106,556.5799999997604,719.2492598995965
18330,39.48684022425106,556.5999999997604,719.2576499417886
18331,39.48684022425106,556.6199999997604,719.2660397884655
18332,39.48684022425106,556.6399999997603,719.274429439622
18333,39.48684022425106,556.6599999997603,719.282818895253
18334,39.48684022425106,556.6799999997603,719.291208155353
18335,39.48684022425106,556.6999999997603,719.2995972199172
18336,39.48684022425106,556.7199999997603,719.3079860892716
18337,39.48684022425106,556.7399999997602,719.3163747638094
18338,39.48684022425106,556.7599999997602,719.3247632435331
18339,39.48684022425106,556.7799999997602,719.3331515284373
18340,39.48684022425106,556.7999999997602,719.3415396185168
18341,39.48684022425106,556.8199999997602,719.3499275137665
18342,39.48684022425106,556.8399999997602,719.3583152141812
18343,39.48684022425106,556.8599999997601,719.3667027197556
18344,39.48684022425106,556.8799999997601,719.3750900304846
18345,39.48684022425106,556.8999999997601,719.3834771463629
18346,39.48684022425106,556.9199999997601,719.3918640673854
18347,39.48684022425106,556.9399999997601,719.4002507935469
18348,39.48684022425106,556.95999999976,719.4086373248421
18349,39.48684022425106,556.97999999976,719.4170236612658
18350,39.48684022425106,556.99999999976,719.425409802813
18351,39.48684022425106,557.01999999976,719.4337957494782
18352,39.48684022425106,557.03999999976,719.4421815012564
18353,39.48684022425106,557.05999999976,719.4505670581424
18354,39.48684022425106,557.0799999997599,719.4589524201308
18355,39.48684022425106,557.0999999997599,719.4673375872165
18356,39.48684022425106,557.1199999997599,719.4757225593945
18357,39.48684022425106,557.1399999997599,719.4841073366593
18358,39.48684022425106,557.1599999997599,719.4924919190059
18359,39.48684022425106,557.1799999997598,719.5008763064291
18360,39.48684022425106,557.1999999997598,719.5092604989235
18361,39.48684022425106,557.2199999997598,719.5176444964841
18362,39.48684022425106,557.2399999997598,719.5260282991056
18363,39.48684022425106,557.2599999997598,719.5344119067829
18364,39.48684022425106,557.2799999997598,719.5427953195107
18365,39.48684022425106,557.2999999997597,719.5511785372838
18366,39.48684022425106,557.3199999997597,719.559561560097
18367,39.48684022425106,557.3399999997597,719.5679443879452
18368,39.48684022425106,557.3599999997597,719.5763270208231
18369,39.48684022425106,557.3799999997597,719.5847094587255
18370,39.48684022425106,557.3999999997596,719.5930917016472
18371,39.48684022425106,557.4199999997596,719.601473749583
18372,39.48684022425106,557.4399999997596,719.6098556025278
18373,39.48684022425106,557.4599999997596,719.6182372604762
18374,39.48684022425106,557.4799999997596,719.6266187234232
18375,39.48684022425106,557.4999999997596,719.6349999913635
18376,39.48684022425106,557.5199999997595,719.643381064292
18377,39.48684022425106,557.5399999997595,719.6517619422035
18378,39.48684022425106,557.5599999997595,719.6601426250926
18379,39.48684022425106,557.5799999997595,719.6685231129543
18380,39.48684022425106,557.5999999997595,719.6769034057833
18381,39.48684022425106,557.6199999997594,719.6852835035744
18382,39.48684022425106,557.6399999997594,719.6936634063225
18383,39.48684022425106,557.6599999997594,719.7020431140222
18384,39.48684022425106,557.6799999997594,719.7104226266686
18385,39.48684022425106,557.6999999997594,719.7188019442563
18386,39.48684022425106,557.7199999997594,719.7271810667813
18387,39.48684022425106,557.7399999997593,719.7355599946286
18388,39.48684022425106,557.7599999997593,719.7439387281714
18389,39.48684022425106,557.7799999997593,719.7523172674046
18390,39.48684022425106,557.7999999997593,719.7606956123229
18391,39.48684022425106,557.8199999997593,719.7690737629212
18392,39.48684022425106,557.8399999997592,719.7774517191941
18393,39.48684022425106,557.8599999997592,719.7858294811366
18394,39.48684022425106,557.8799999997592,719.7942070487435
18395,39.48684022425106,557.8999999997592,719.8025844220095
18396,39.48684022425106,557.9199999997592,719.8109616009294
18397,39.48684022425106,557.9399999997592,719.8193385854981
18398,39.48684022425106,557.9599999997591,719.8277153757103
18399,39.48684022425106,557.9799999997591,719.8360919715609
18400,39.48684022425106,557.9999999997591,719.8444683730446
18401,39.48684022425106,558.0199999997591,719.8528445801562
18402,39.48684022425106,558.0399999997591,719.8612205928905
18403,39.48684022425106,558.059999999759,719.8695964112424
18404,39.48684022425106,558.079999999759,719.8779720352065
18405,39.48684022425106,558.099999999759,719.8863474647778
18406,39.48684022425106,558.119999999759,719.8947226999511
18407,39.48684022425106,558.139999999759,719.9030977407211
18408,39.48684022425106,558.159999999759,719.9114725870827
18409,39.48684022425106,558.1799999997589,719.9198472390306
18410,39.48684022425106,558.1999999997589,719.9282216965595
18411,39.48684022425106,558.2199999997589,719.9365959596644
18412,39.48684022425106,558.2399999997589,719.94497002834
18413,39.48684022425106,558.2599999997589,719.9533439025812
18414,39.48684022425106,558.2799999997588,719.9617175823827
18415,39.48684022425106,558.2999999997588,719.9700910677393
18416,39.48684022425106,558.3199999997588,719.978464358646
18417,39.48684022425106,558.3399999997588,719.9868374550973
18418,39.48684022425106,558.3599999997588,719.9952103570882
18419,39.48684022425106,558.3799999997588,720.0035830645945
18420,39.48684022425106,558.3999999997587,720.0119555774019
18421,39.48684022425106,558.4199999997587,720.020327895467
18422,39.48684022425106,558.4399999997587,720.0287000187844
18423,39.48684022425106,558.4599999997587,720.0370719473491
18424,39.48684022425106,558.4799999997587,720.0454436811557
18425,39.48684022425106,558.4999999997586,720.053815220199
18426,39.48684022425106,558.5199999997586,720.0621865644738
18427,39.48684022425106,558.5399999997586,720.0705577139747
18428,39.48684022425106,558.5599999997586,720.0789286686966
18429,39.48684022425106,558.5799999997586,720.0872994286341
18430,39.48684022425106,558.5999999997586,720.095669993782
18431,39.48684022425106,558.6199999997585,720.1040403641351
18432,39.48684022425106,558.6399999997585,720.1124105396882
18433,39.48684022425106,558.6599999997585,720.1207805204359
18434,39.48684022425106,558.6799999997585,720.129150306373
18435,39.48684022425106,558.6999999997585,720.1375198974944
18436,39.48684022425106,558.7199999997584,720.1458892937945
18437,39.48684022425106,558.7399999997584,720.1542584952792
18438,39.48684022425106,558.7599999997584,720.1626275023872
18439,39.48684022425106,558.7799999997584,720.1709963154601
18440,39.48684022425106,558.7999999997584,720.1793649344928
18441,39.48684022425106,558.8199999997584,720.18773335948
18442,39.48684022425106,558.8399999997583,720.1961015904164
18443,39.48684022425106,558.8599999997583,720.2044696272968
18444,39.48684022425106,558.8799999997583,720.2128374701159
18445,39.48684022425106,558.8999999997583,720.2212051188685
18446,39.48684022425106,558.9199999997583,720.2295725735493
18447,39.48684022425106,558.9399999997582,720.2379398341529
18448,39.48684022425106,558.9599999997582,720.2463069006743
18449,39.48684022425106,558.9799999997582,720.2546737731082
18450,39.48684022425106,558.9999999997582,720.2630404514491
18451,39.48684022425106,559.0199999997582,720.271406935692
18452,39.48684022425106,559.0399999997582,720.2797732258315
18453,39.48684022425106,559.0599999997581,720.2881393218624
18454,39.48684022425106,559.0799999997581,720.2965052237795
18455,39.427889735526875,559.0999999997581,720.3048709315774
18456,39.427889735526875,559.1199999997581,720.3132364452509
18457,39.427889735526875,559.1399999997581,720.3216017647949
18458,39.427889735526875,559.159999999758,720.3299668902039
18459,39.427889735526875,559.179999999758,720.3383318214728
18460,39.427889735526875,559.199999999758,720.3466965585964
18461,39.427889735526875,559.219999999758,720.3550611015692
18462,39.427889735526875,559.239999999758,720.3634254503861
18463,39.427889735526875,559.259999999758,720.3717896050418
18464,39.427889735526875,559.2799999997579,720.3801535655311
18465,39.427889735526875,559.2999999997579,720.3885173318488
18466,39.427889735526875,559.3199999997579,720.3968809039894
18467,39.427889735526875,559.3399999997579,720.4052442819478
18468,39.427889735526875,559.3599999997579,720.4136074657189
18469,39.427889735526875,559.3799999997578,720.4219704552971
18470,39.427889735526875,559.3999999997578,720.4303332506774
18471,39.427889735526875,559.4199999997578,720.4386958518545
18472,39.427889735526875,559.4399999997578,720.4470582588231
18473,39.427889735526875,559.4599999997578,720.4554204715779
18474,39.427889735526875,559.4799999997578,720.4637824901138
18475,39.427889735526875,559.4999999997577,720.4721443144253
18476,39.427889735526875,559.5199999997577,720.4805059445075
18477,39.427889735526875,559.5399999997577,720.4888673803549
18478,39.427889735526875,559.5599999997577,720.4972286219622
18479,39.427889735526875,559.5799999997577,720.5055896693243
18480,39.427889735526875,559.5999999997576,720.5139505224358
18481,39.427889735526875,559.6199999997576,720.5223111812916
18482,39.427889735526875,559.6399999997576,720.5306716458863
18483,39.427889735526875,559.6599999997576,720.5390319162148
18484,39.427889735526875,559.6799999997576,720.5473919922716
18485,39.427889735526875,559.6999999997576,720.5557518740518
18486,39.427889735526875,559.7199999997575,720.5641115615499
18487,39.427889735526875,559.7399999997575,720.5724710547606
18488,39.427889735526875,559.7599999997575,720.5808303536973
18489,39.427889735526875,559.7799999997575,720.5891894587927
18490,39.427889735526875,559.7999999997575,720.5975483703141
18491,39.427889735526875,559.8199999997574,720.6059070882563
18492,39.427889735526875,559.8399999997574,720.614265612614
18493,39.427889735526875,559.8599999997574,720.6226239433819
18494,39.427889735526875,559.8799999997574,720.6309820805548
18495,39.427889735526875,559.8999999997574,720.6393400241274
18496,39.427889735526875,559.9199999997574,720.6476977740944
18497,39.427889735526875,559.9399999997573,720.6560553304505
18498,39.427889735526875,559.9599999997573,720.6644126931907
18499,39.427889735526875,559.9799999997573,720.6727698623095
18500,39.427889735526875,559.9999999997573,720.6811268378017
18501,39.427889735526875,560.0199999997573,720.689483619662
18502,39.427889735526875,560.0399999997572,720.6978402078853
18503,39.427889735526875,560.0599999997572,720.7061966024662
18504,39.427889735526875,560.0799999997572,720.7145528033996
18505,39.427889735526875,560.0999999997572,720.72290881068
18506,39.427889735526875,560.1199999997572,720.7312646243023
18507,39.427889735526875,560.1399999997572,720.7396202442612
18508,39.427889735526875,560.1599999997571,720.7479756705515
18509,39.427889735526875,560.1799999997571,720.7563309031677
18510,39.427889735526875,560.1999999997571,720.7646859421048
18511,39.427889735526875,560.2199999997571,720.7730407873576
18512,39.427889735526875,560.2399999997571,720.7813954389206
18513,39.427889735526875,560.259999999757,720.7897498967887
18514,39.427889735526875,560.279999999757,720.7981041609567
18515,39.427889735526875,560.299999999757,720.8064582314191
18516,39.427889735526875,560.319999999757,720.8148121081709
18517,39.427889735526875,560.339999999757,720.8231657912067
18518,39.427889735526875,560.359999999757,720.8315192805213
18519,39.427889735526875,560.3799999997569,720.8398725761094
18520,39.427889735526875,560.3999999997569,720.8482256779657
18521,39.427889735526875,560.4199999997569,720.8565785860851
18522,39.427889735526875,560.4399999997569,720.8649313004622
18523,39.427889735526875,560.4599999997569,720.8732838210918
18524,39.427889735526875,560.4799999997568,720.8816361479686
18525,39.427889735526875,560.4999999997568,720.8899882810874
18526,39.427889735526875,560.5199999997568,720.898340220443
18527,39.427889735526875,560.5399999997568,720.9066919660299
18528,39.427889735526875,560.5599999997568,720.9150435178432
18529,39.427889735526875,560.5799999997568,720.9233948758773
18530,39.427889735526875,560.5999999997567,720.9317460401272
18531,39.427889735526875,560.6199999997567,720.9400970105876
18532,39.427889735526875,560.6399999997567,720.948447787253
18533,39.427889735526875,560.6599999997567,720.9567983701185
18534,39.427889735526875,560.6799999997567,720.9651487591785
18535,39.427889735526875,560.6999999997566,720.973498954428
18536,39.427889735526875,560.7199999997566,720.9818489558617
18537,39.427889735526875,560.7399999997566,720.9901987634743
18538,39.427889735526875,560.7599999997566,720.9985483772605
18539,39.427889735526875,560.7799999997566,721.0068977972431
18540,39.427889735526875,560.7999999997566,721.015247023906
18541,39.427889735526875,560.8199999997565,721.0235960574813
18542,39.427889735526875,560.8399999997565,721.0319448979639
18543,39.427889735526875,560.8599999997565,721.0402935453484
18544,39.427889735526875,560.8799999997565,721.0486419996297
18545,39.427889735526875,560.8999999997565,721.0569902608024
18546,39.427889735526875,560.9199999997564,721.0653383288613
18547,39.427889735526875,560.9399999997564,721.0736862038012
18548,39.427889735526875,560.9599999997564,721.0820338856169
18549,39.427889735526875,560.9799999997564,721.0903813743029
18550,39.427889735526875,560.9999999997564,721.098728669854
18551,39.427889735526875,561.0199999997564,721.1070757722651
18552,39.427889735526875,561.0399999997563,721.115422681531
18553,39.427889735526875,561.0599999997563,721.1237693976461
18554,39.427889735526875,561.0799999997563,721.1321159206054
18555,39.427889735526875,561.0999999997563,721.1404622504036
18556,39.427889735526875,561.1199999997563,721.1488083870355
18557,39.427889735526875,561.1399999997562,721.1571543304957
18558,39.427889735526875,561.1599999997562,721.165500080779
18559,39.427889735526875,561.1799999997562,721.1738456378802
18560,39.427889735526875,561.1999999997562,721.182191001794
18561,39.427889735526875,561.2199999997562,721.1905361725151
18562,39.427889735526875,561.2399999997562,721.1988811500382
18563,39.427889735526875,561.2599999997561,721.2072259343582
18564,39.427889735526875,561.2799999997561,721.2155705254698
18565,39.427889735526875,561.2999999997561,721.2239149233677
18566,39.427889735526875,561.3199999997561,721.2322591280467
18567,39.427889735526875,561.3399999997561,721.2406031395016
18568,39.427889735526875,561.359999999756,721.2489469577268
18569,39.427889735526875,561.379999999756,721.2572905827175
18570,39.427889735526875,561.399999999756,721.2656340144681
18571,39.427889735526875,561.419999999756,721.2739772529735
18572,39.427889735526875,561.439999999756,721.2823202982285
18573,39.427889735526875,561.459999999756,721.2906631502276
18574,39.427889735526875,561.4799999997559,721.2990058089658
18575,39.427889735526875,561.4999999997559,721.3073482744378
18576,39.427889735526875,561.5199999997559,721.3156905466383
18577,39.427889735526875,561.5399999997559,721.3240326255619
18578,39.427889735526875,561.5599999997559,721.3323745112036
18579,39.427889735526875,561.5799999997558,721.340716203558
18580,39.427889735526875,561.5999999997558,721.3490577026199
18581,39.427889735526875,561.6199999997558,721.357399008384
18582,39.427889735526875,561.6399999997558,721.3657401208451
18583,39.427889735526875,561.6599999997558,721.3740810399979
18584,39.427889735526875,561.6799999997558,721.3824217658372
18585,39.427889735526875,561.6999999997557,721.3907622983577
18586,39.427889735526875,561.7199999997557,721.399102637554
18587,39.427889735526875,561.7399999997557,721.4074427834212
18588,39.427889735526875,561.7599999997557,721.4157827359537
18589,39.427889735526875,561.7799999997557,721.4241224951464
18590,39.427889735526875,561.7999999997556,721.4324620610321
18591,39.427889735526875,561.8199999997556,721.4408014341465
18592,39.427889735526875,561.8399999997556,721.4491406146834
18593,39.427889735526875,561.8599999997556,721.4574796026377
18594,39.427889735526875,561.8799999997556,721.4658183980041
18595,39.427889735526875,561.8999999997556,721.4741570007773
18596,39.427889735526875,561.9199999997555,721.482495410952
18597,39.427889735526875,561.9399999997555,721.490833628523
18598,39.427889735526875,561.9599999997555,721.499171653485
18599,39.427889735526875,561.9799999997555,721.5075094858328
18600,39.427889735526875,561.9999999997555,721.5158471255611
18601,39.427889735526875,562.0199999997554,721.5241845726647
18602,39.427889735526875,562.0399999997554,721.5325218271383
18603,39.427889735526875,562.0599999997554,721.5408588889767
18604,39.427889735526875,562.0799999997554,721.5491957581745
18605,39.427889735526875,562.0999999997554,721.5575324347267
18606,39.427889735526875,562.1199999997554,721.5658689186278
18607,39.427889735526875,562.1399999997553,721.5742052098726
18608,39.427889735526875,562.1599999997553,721.582541308456
18609,39.427889735526875,562.1799999997553,721.5908772143727
18610,39.427889735526875,562.1999999997553,721.5992129276173
18611,39.427889735526875,562.2199999997553,721.6075484481846
18612,39.427889735526875,562.2399999997552,721.6158837760695
18613,39.427889735526875,562.2599999997552,721.6242189112666
18614,39.427889735526875,562.2799999997552,721.6325538537706
18615,39.427889735526875,562.2999999997552,721.6408886035763
18616,39.427889735526875,562.3199999997552,721.6492231606785
18617,39.369085781051076,562.3399999997552,721.657557525072
18618,39.369085781051076,562.3599999997551,721.6658916967514
18619,39.369085781051076,562.3799999997551,721.6742256757116
18620,39.369085781051076,562.3999999997551,721.6825594619472
18621,39.369085781051076,562.4199999997551,721.6908930554531
18622,39.369085781051076,562.4399999997551,721.6992264562239
18623,39.369085781051076,562.459999999755,721.7075596642544
18624,39.369085781051076,562.479999999755,721.7158926795394
18625,39.369085781051076,562.499999999755,721.7242255020735
18626,39.369085781051076,562.519999999755,721.7325581318516
18627,39.369085781051076,562.539999999755,721.7408905688685
18628,39.369085781051076,562.559999999755,721.7492228131188
18629,39.369085781051076,562.5799999997549,721.7575548645973
18630,39.369085781051076,562.5999999997549,721.7658867232988
18631,39.369085781051076,562.6199999997549,721.7742183892179
18632,39.369085781051076,562.6399999997549,721.7825498623496
18633,39.369085781051076,562.6599999997549,721.7908811426884
18634,39.369085781051076,562.6799999997548,721.7992122302292
18635,39.369085781051076,562.6999999997548,721.8075431249666
18636,39.369085781051076,562.7199999997548,721.8158738268955
18637,39.369085781051076,562.7399999997548,721.8242043360107
18638,39.369085781051076,562.7599999997548,721.8325346523067
18639,39.369085781051076,562.7799999997548,721.8408647757784
18640,39.369085781051076,562.7999999997547,721.8491947064206
18641,39.369085781051076,562.8199999997547,721.857524444271
18642,39.369085781051076,562.8399999997547,721.8658539898513
18643,39.369085781051076,562.8599999997547,721.8741833432957
18644,39.369085781051076,562.8799999997547,721.8825125045992
18645,39.369085781051076,562.8999999997546,721.8908414737563
18646,39.369085781051076,562.9199999997546,721.8991702507619
18647,39.369085781051076,562.9399999997546,721.9074988356108
18648,39.369085781051076,562.9599999997546,721.9158272282975
18649,39.369085781051076,562.9799999997546,721.924155428817
18650,39.369085781051076,562.9999999997546,721.9324834371639
18651,39.369085781051076,563.0199999997545,721.9408112533331
18652,39.369085781051076,563.0399999997545,721.9491388773191
18653,39.369085781051076,563.0599999997545,721.9574663091169
18654,39.369085781051076,563.0799999997545,721.9657935487211
18655,39.369085781051076,563.0999999997545,721.9741205961265
18656,39.369085781051076,563.1199999997544,721.9824474513277
18657,39.369085781051076,563.1399999997544,721.9907741143197
18658,39.369085781051076,563.1599999997544,721.9991005850972
18659,39.369085781051076,563.1799999997544,722.0074268636548
18660,39.369085781051076,563.1999999997544,722.0157529499874
18661,39.369085781051076,563.2199999997544,722.0240788440896
18662,39.369085781051076,563.2399999997543,722.0324045459562
18663,39.369085781051076,563.2599999997543,722.040730055582
18664,39.369085781051076,563.2799999997543,722.0490553729618
18665,39.369085781051076,563.2999999997543,722.0573804980902
18666,39.369085781051076,563.3199999997543,722.065705430962
18667,39.369085781051076,563.3399999997542,722.074030171572
18668,39.369085781051076,563.3599999997542,722.0823547199149
18669,39.369085781051076,563.3799999997542,722.0906790759855
18670,39.369085781051076,563.3999999997542,722.0990032397784
18671,39.369085781051076,563.4199999997542,722.1073272112886
18672,39.369085781051076,563.4399999997541,722.1156509905107
18673,39.369085781051076,563.4599999997541,722.1239745774395
18674,39.369085781051076,563.4799999997541,722.1322979720696
18675,39.369085781051076,563.4999999997541,722.140621174396
18676,39.369085781051076,563.5199999997541,722.1489441844132
18677,39.369085781051076,563.5399999997541,722.157267002116
18678,39.369085781051076,563.559999999754,722.1655896274992
18679,39.369085781051076,563.579999999754,722.1739120605577
18680,39.369085781051076,563.599999999754,722.182234301286
18681,39.369085781051076,563.619999999754,722.190556349679
18682,39.369085781051076,563.639999999754,722.1988782057314
18683,39.369085781051076,563.659999999754,722.207199869438
18684,39.369085781051076,563.6799999997539,722.2155213407934
18685,39.369085781051076,563.6999999997539,722.2238426197925
18686,39.369085781051076,563.7199999997539,722.2321637064301
18687,39.369085781051076,563.7399999997539,722.2404846007008
18688,39.369085781051076,563.7599999997539,722.2488053025994
18689,39.369085781051076,563.7799999997538,722.2571258121206
18690,39.369085781051076,563.7999999997538,722.2654461292593
18691,39.369085781051076,563.8199999997538,722.2737662540102
18692,39.369085781051076,563.8399999997538,722.2820861864216
18693,39.369085781051076,563.8599999997538,722.2904059270728
18694,39.369085781051076,563.8799999997537,722.2987254760608
18695,39.369085781051076,563.8999999997537,722.3070448333801
18696,39.369085781051076,563.9199999997537,722.3153639990256
18697,39.369085781051076,563.9399999997537,722.3236829729921
18698,39.369085781051076,563.9599999997537,722.3320017552742
18699,39.369085781051076,563.9799999997537,722.3403203458668
18700,39.369085781051076,563.9999999997536,722.3486387447645
18701,39.369085781051076,564.0199999997536,722.3569569519622
18702,39.369085781051076,564.0399999997536,722.3652749674545
18703,39.369085781051076,564.0599999997536,722.3735927912363
18704,39.369085781051076,564.0799999997536,722.3819104233023
18705,39.369085781051076,564.0999999997535,722.3902278636472
18706,39.369085781051076,564.1199999997535,722.3985451122658
18707,39.369085781051076,564.1399999997535,722.4068621691528
18708,39.369085781051076,564.1599999997535,722.4151790343029
18709,39.369085781051076,564.1799999997535,722.423495707711
18710,39.369085781051076,564.1999999997535,722.4318121893718
18711,39.369085781051076,564.2199999997534,722.4401284792801
18712,39.369085781051076,564.2399999997534,722.4484445774306
18713,39.369085781051076,564.2599999997534,722.456760483818
18714,39.369085781051076,564.2799999997534,722.4650761984371
18715,39.369085781051076,564.2999999997534,722.4733917212827
18716,39.369085781051076,564.3199999997533,722.4817070523495
18717,39.369085781051076,564.3399999997533,722.4900221916322
18718,39.369085781051076,564.3599999997533,722.4983371391256
18719,39.369085781051076,564.3799999997533,722.5066518948245
18720,39.369085781051076,564.3999999997533,722.5149664587235
18721,39.369085781051076,564.4199999997533,722.5232808308175
18722,39.369085781051076,564.4399999997532,722.5315950111012
18723,39.369085781051076,564.4599999997532,722.5399089995694
18724,39.369085781051076,564.4799999997532,722.5482227962169
18725,39.369085781051076,564.4999999997532,722.5565364010383
18726,39.369085781051076,564.5199999997532,722.5648498140285
18727,39.369085781051076,564.5399999997531,722.5731630351822
18728,39.369085781051076,564.5599999997531,722.5814760644942
18729,39.369085781051076,564.5799999997531,722.5897889019591
18730,39.369085781051076,564.5999999997531,722.5981015475717
18731,39.369085781051076,564.6199999997531,722.6064140013268
18732,39.369085781051076,564.6399999997531,722.6147262632192
18733,39.369085781051076,564.659999999753,722.6230383332436
18734,39.369085781051076,564.679999999753,722.6313502113948
18735,39.369085781051076,564.699999999753,722.6396618976675
18736,39.369085781051076,564.719999999753,722.6479733920564
18737,39.369085781051076,564.739999999753,722.6562846945563
18738,39.369085781051076,564.759999999753,722.6645958051621
18739,39.369085781051076,564.7799999997529,722.6729067238683
18740,39.369085781051076,564.7999999997529,722.6812174506699
18741,39.369085781051076,564.8199999997529,722.6895279855615
18742,39.369085781051076,564.8399999997529,722.697838328538
18743,39.369085781051076,564.8599999997529,722.7061484796616
18744,39.369085781051076,564.8799999997528,722.7144584395672
18745,39.369085781051076,564.8999999997528,722.7227682083133
18746,39.369085781051076,564.9199999997528,722.7310777858944
18747,39.369085781051076,564.9399999997528,722.7393871723054
18748,39.369085781051076,564.9599999997528,722.7476963675412
18749,39.369085781051076,564.9799999997527,722.7560053715963
18750,39.369085781051076,564.9999999997527,722.7643141844655
18751,39.369085781051076,565.0199999997527,722.7726228061438
18752,39.369085781051076,565.0399999997527,722.7809312366256
18753,39.369085781051076,565.0599999997527,722.7892394759059
18754,39.369085781051076,565.0799999997527,722.7975475239795
18755,39.369085781051076,565.0999999997526,722.805855380841
18756,39.369085781051076,565.1199999997526,722.8141630464852
18757,39.369085781051076,565.1399999997526,722.8224705209069
18758,39.369085781051076,565.1599999997526,722.8307778041009
18759,39.369085781051076,565.1799999997526,722.8390848960618
18760,39.369085781051076,565.1999999997525,722.8473917967844
18761,39.369085781051076,565.2199999997525,722.8556985062637
18762,39.369085781051076,565.2399999997525,722.8640050244942
18763,39.369085781051076,565.2599999997525,722.8723113514707
18764,39.369085781051076,565.2799999997525,722.880617487188
18765,39.369085781051076,565.2999999997525,722.8889234316409
18766,39.369085781051076,565.3199999997524,722.8972291848241
18767,39.369085781051076,565.3399999997524,722.9055347467324
18768,39.369085781051076,565.3599999997524,722.9138401173606
18769,39.369085781051076,565.3799999997524,722.9221452967033
18770,39.369085781051076,565.3999999997524,722.9304502847555
18771,39.369085781051076,565.4199999997523,722.9387550815118
18772,39.369085781051076,565.4399999997523,722.9470596869669
18773,39.369085781051076,565.4599999997523,722.9553641011157
18774,39.369085781051076,565.4799999997523,722.963668323953
18775,39.369085781051076,565.4999999997523,722.9719723554734
18776,39.369085781051076,565.5199999997523,722.9802761956718
18777,39.369085781051076,565.5399999997522,722.9885798445429
18778,39.369085781051076,565.5599999997522,722.9968833020814
18779,39.310427851390365,565.5799999997522,723.0051865682822
18780,39.310427851390365,565.5999999997522,723.0134896431399
18781,39.310427851390365,565.6199999997522,723.0217925266494
18782,39.310427851390365,565.6399999997521,723.0300952188054
18783,39.310427851390365,565.6599999997521,723.0383977196027
18784,39.310427851390365,565.6799999997521,723.0467000290361
18785,39.310427851390365,565.6999999997521,723.0550021471001
18786,39.310427851390365,565.7199999997521,723.0633040737898
18787,39.310427851390365,565.7399999997521,723.0716058090999
18788,39.310427851390365,565.759999999752,723.079907353025
18789,39.310427851390365,565.779999999752,723.08820870556
18790,39.310427851390365,565.799999999752,723.0965098666995
18791,39.310427851390365,565.819999999752,723.1048108364386
18792,39.310427851390365,565.839999999752,723.1131116147717
18793,39.310427851390365,565.859999999752,723.1214122016937
18794,39.310427851390365,565.8799999997519,723.1297125973028
18795,39.310427851390365,565.8999999997519,723.1380128021455
18796,39.310427851390365,565.9199999997519,723.1463128162661
18797,39.310427851390365,565.9399999997519,723.1546126396596
18798,39.310427851390365,565.9599999997519,723.1629122723206
18799,39.310427851390365,565.9799999997518,723.1712117142439
18800,39.310427851390365,565.9999999997518,723.1795109654244
18801,39.310427851390365,566.0199999997518,723.1878100258567
18802,39.310427851390365,566.0399999997518,723.1961088955358
18803,39.310427851390365,566.0599999997518,723.2044075744562
18804,39.310427851390365,566.0799999997517,723.2127060626129
18805,39.310427851390365,566.0999999997517,723.2210043600005
18806,39.310427851390365,566.1199999997517,723.2293024666138
18807,39.310427851390365,566.1399999997517,723.2376003824477
18808,39.310427851390365,566.1599999997517,723.2458981074968
18809,39.310427851390365,566.1799999997517,723.254195641756
18810,39.310427851390365,566.1999999997516,723.2624929852201
18811,39.310427851390365,566.2199999997516,723.2707901378838
18812,39.310427851390365,566.2399999997516,723.2790870997419
18813,39.310427851390365,566.2599999997516,723.2873838707892
18814,39.310427851390365,566.2799999997516,723.2956804510204
18815,39.310427851390365,566.2999999997515,723.3039768404303
18816,39.310427851390365,566.3199999997515,723.3122730390137
18817,39.310427851390365,566.3399999997515,723.3205690467653
18818,39.310427851390365,566.3599999997515,723.3288648636799
18819,39.310427851390365,566.3799999997515,723.3371604897524
18820,39.310427851390365,566.3999999997515,723.3454559249774
18821,39.310427851390365,566.4199999997514,723.3537511693497
18822,39.310427851390365,566.4399999997514,723.3620462228643
18823,39.310427851390365,566.4599999997514,723.3703410855156
18824,39.310427851390365,566.4799999997514,723.3786357572986
18825,39.310427851390365,566.4999999997514,723.3869302382082
18826,39.310427851390365,566.5199999997513,723.3952245282388
18827,39.310427851390365,566.5399999997513,723.4035186273856
18828,39.310427851390365,566.5599999997513,723.4118125356431
18829,39.310427851390365,566.5799999997513,723.4201062530061
18830,39.310427851390365,566.5999999997513,723.4283997794695
18831,39.310427851390365,566.6199999997513,723.4366931150279
18832,39.310427851390365,566.6399999997512,723.4449862596762
18833,39.310427851390365,566.6599999997512,723.4532792134091
18834,39.310427851390365,566.6799999997512,723.4615719762215
18835,39.310427851390365,566.6999999997512,723.4698645481081
18836,39.310427851390365,566.7199999997512,723.4781569290636
18837,39.310427851390365,566.7399999997511,723.4864491190829
18838,39.310427851390365,566.7599999997511,723.4947411181606
18839,39.310427851390365,566.7799999997511,723.5030329262917
18840,39.310427851390365,566.7999999997511,723.5113245434708
18841,39.310427851390365,566.8199999997511,723.5196159696927
18842,39.310427851390365,566.8399999997511,723.5279072049524
18843,39.310427851390365,566.859999999751,723.5361982492444
18844,39.310427851390365,566.879999999751,723.5444891025636
18845,39.310427851390365,566.899999999751,723.5527797650549
18846,39.310427851390365,566.919999999751,723.5610702372496
18847,39.310427851390365,566.939999999751,723.5693605191856
18848,39.310427851390365,566.959999999751,723.5776506108574
18849,39.310427851390365,566.9799999997509,723.58594051226
18850,39.310427851390365,566.9999999997509,723.5942302233881
18851,39.310427851390365,567.0199999997509,723.6025197442365
18852,39.310427851390365,567.0399999997509,723.6108090747999
18853,39.310427851390365,567.0599999997509,723.6190982150732
18854,39.310427851390365,567.0799999997508,723.6273871650511
18855,39.310427851390365,567.0999999997508,723.6356759247284
18856,39.310427851390365,567.1199999997508,723.6439644940998
18857,39.310427851390365,567.1399999997508,723.6522528731601
18858,39.310427851390365,567.1599999997508,723.6605410619043
18859,39.310427851390365,567.1799999997507,723.6688290603269
18860,39.310427851390365,567.1999999997507,723.6771168684227
18861,39.310427851390365,567.2199999997507,723.6854044861866
18862,39.310427851390365,567.2399999997507,723.6936919136133
18863,39.310427851390365,567.2599999997507,723.7019791506976
18864,39.310427851390365,567.2799999997507,723.7102661974343
18865,39.310427851390365,567.2999999997506,723.7185530538181
18866,39.310427851390365,567.3199999997506,723.7268397198438
18867,39.310427851390365,567.3399999997506,723.7351261955063
18868,39.310427851390365,567.3599999997506,723.7434124808002
18869,39.310427851390365,567.3799999997506,723.7516985757204
18870,39.310427851390365,567.3999999997505,723.7599844802617
18871,39.310427851390365,567.4199999997505,723.7682701944186
18872,39.310427851390365,567.4399999997505,723.7765557181862
18873,39.310427851390365,567.4599999997505,723.7848410515592
18874,39.310427851390365,567.4799999997505,723.7931261945323
18875,39.310427851390365,567.4999999997505,723.8014111471003
18876,39.310427851390365,567.5199999997504,723.809695909258
18877,39.310427851390365,567.5399999997504,723.8179804810002
18878,39.310427851390365,567.5599999997504,723.8262648623216
18879,39.310427851390365,567.5799999997504,723.8345490532171
18880,39.310427851390365,567.5999999997504,723.8428330536814
18881,39.310427851390365,567.6199999997503,723.8511168637092
18882,39.310427851390365,567.6399999997503,723.8594004832954
18883,39.310427851390365,567.6599999997503,723.8676839124348
18884,39.310427851390365,567.6799999997503,723.875967151122
18885,39.310427851390365,567.6999999997503,723.884250199352
18886,39.310427851390365,567.7199999997503,723.8925330571194
18887,39.310427851390365,567.7399999997502,723.9008157244191
18888,39.310427851390365,567.7599999997502,723.9090982012458
18889,39.310427851390365,567.7799999997502,723.9173804875944
18890,39.310427851390365,567.7999999997502,723.9256625834596
18891,39.310427851390365,567.8199999997502,723.9339444888361
18892,39.310427851390365,567.8399999997501,723.9422262037187
18893,39.310427851390365,567.8599999997501,723.9505077281024
18894,39.310427851390365,567.8799999997501,723.9587890619816
18895,39.310427851390365,567.8999999997501,723.9670702053514
18896,39.310427851390365,567.9199999997501,723.9753511584064
18897,39.310427851390365,567.9399999997501,723.9836319216611
18898,39.310427851390365,567.95999999975,723.9919124951458
18899,39.310427851390365,567.97999999975,724.0001928788553
18900,39.310427851390365,567.99999999975,724.0084730727842
18901,39.310427851390365,568.01999999975,724.0167530769274
18902,39.310427851390365,568.03999999975,724.0250328912797
18903,39.310427851390365,568.05999999975,724.0333125158357
18904,39.310427851390365,568.0799999997499,724.0415919505903
18905,39.310427851390365,568.0999999997499,724.0498711955381
18906,39.310427851390365,568.1199999997499,724.058150250674
18907,39.310427851390365,568.1399999997499,724.0664291159926
18908,39.310427851390365,568.1599999997499,724.0747077914889
18909,39.310427851390365,568.1799999997498,724.0829862771575
18910,39.310427851390365,568.1999999997498,724.0912645729932
18911,39.310427851390365,568.2199999997498,724.0995426789906
18912,39.310427851390365,568.2399999997498,724.1078205951446
18913,39.310427851390365,568.2599999997498,724.11609832145
18914,39.310427851390365,568.2799999997497,724.1243758579014
18915,39.310427851390365,568.2999999997497,724.1326532044937
18916,39.310427851390365,568.3199999997497,724.1409303612216
18917,39.310427851390365,568.3399999997497,724.1492073280799
18918,39.310427851390365,568.3599999997497,724.1574841050633
18919,39.310427851390365,568.3799999997497,724.1657606921666
18920,39.310427851390365,568.3999999997496,724.1740370893846
18921,39.310427851390365,568.4199999997496,724.1823132967119
18922,39.310427851390365,568.4399999997496,724.1905893141434
18923,39.310427851390365,568.4599999997496,724.1988651416738
18924,39.310427851390365,568.4799999997496,724.2071407792978
18925,39.310427851390365,568.4999999997495,724.2154162270103
18926,39.310427851390365,568.5199999997495,724.2236914848061
18927,39.310427851390365,568.5399999997495,724.2319665526798
18928,39.310427851390365,568.5599999997495,724.240241430626
18929,39.310427851390365,568.5799999997495,724.2485161186398
18930,39.310427851390365,568.5999999997495,724.2567906167159
18931,39.310427851390365,568.6199999997494,724.2650649248488
18932,39.310427851390365,568.6399999997494,724.2733390430336
18933,39.310427851390365,568.6599999997494,724.2816129712648
18934,39.310427851390365,568.6799999997494,724.2898867095373
18935,39.310427851390365,568.6999999997494,724.2981602578458
18936,39.310427851390365,568.7199999997493,724.306433616185
18937,39.310427851390365,568.7399999997493,724.3147067845498
18938,39.310427851390365,568.7599999997493,724.3229797629349
18939,39.310427851390365,568.7799999997493,724.331252551335
18940,39.310427851390365,568.7999999997493,724.3395251497449
18941,39.25191543938635,568.8199999997493,724.3477975581593
18942,39.25191543938635,568.8399999997492,724.3560697765731
18943,39.25191543938635,568.8599999997492,724.364341804981
18944,39.25191543938635,568.8799999997492,724.3726136433777
18945,39.25191543938635,568.8999999997492,724.380885291758
18946,39.25191543938635,568.9199999997492,724.3891567501166
18947,39.25191543938635,568.9399999997491,724.3974280186771
18948,39.25191543938635,568.9599999997491,724.4056990978874
18949,39.25191543938635,568.9799999997491,724.4139699877668
18950,39.25191543938635,568.9999999997491,724.4222406883104
18951,39.25191543938635,569.0199999997491,724.4305111995129
18952,39.25191543938635,569.039999999749,724.4387815213692
18953,39.25191543938635,569.059999999749,724.4470516538739
18954,39.25191543938635,569.079999999749,724.4553215970219
18955,39.25191543938635,569.099999999749,724.463591350808
18956,39.25191543938635,569.119999999749,724.471860915227
18957,39.25191543938635,569.139999999749,724.4801302902737
18958,39.25191543938635,569.159999999749,724.4883994759427
18959,39.25191543938635,569.1799999997489,724.4966684722291
18960,39.25191543938635,569.1999999997489,724.5049372791275
18961,39.25191543938635,569.2199999997489,724.5132058966327
18962,39.25191543938635,569.2399999997489,724.5214743247395
18963,39.25191543938635,569.2599999997489,724.5297425634428
18964,39.25191543938635,569.2799999997488,724.5380106127373
18965,39.25191543938635,569.2999999997488,724.5462784726177
18966,39.25191543938635,569.3199999997488,724.5545461430789
18967,39.25191543938635,569.3399999997488,724.5628136241158
18968,39.25191543938635,569.3599999997488,724.5710809157231
18969,39.25191543938635,569.3799999997487,724.5793480178955
18970,39.25191543938635,569.3999999997487,724.5876149306279
18971,39.25191543938635,569.4199999997487,724.595881653915
18972,39.25191543938635,569.4399999997487,724.6041481877517
18973,39.25191543938635,569.4599999997487,724.6124145321327
18974,39.25191543938635,569.4799999997487,724.6206806870529
18975,39.25191543938635,569.4999999997486,724.628946652507
18976,39.25191543938635,569.5199999997486,724.6372124284899
18977,39.25191543938635,569.5399999997486,724.6454780149962
18978,39.25191543938635,569.5599999997486,724.6537434120208
18979,39.25191543938635,569.5799999997486,724.6620086195586
18980,39.25191543938635,569.5999999997485,724.6702736376043
18981,39.25191543938635,569.6199999997485,724.6785384661526
18982,39.25191543938635,569.6399999997485,724.6868031051985
18983,39.25191543938635,569.6599999997485,724.6950675547366
18984,39.25191543938635,569.6799999997485,724.7033318147618
18985,39.25191543938635,569.6999999997485,724.7115958852688
18986,39.25191543938635,569.7199999997484,724.7198597662525
18987,39.25191543938635,569.7399999997484,724.7281234577076
18988,39.25191543938635,569.7599999997484,724.736386959629
18989,39.25191543938635,569.7799999997484,724.7446502720115
18990,39.25191543938635,569.7999999997484,724.7529133948499
18991,39.25191543938635,569.8199999997483,724.7611763281388
18992,39.25191543938635,569.8399999997483,724.7694390718732
18993,39.25191543938635,569.8599999997483,724.7777016260478
18994,39.25191543938635,569.8799999997483,724.7859639906575
18995,39.25191543938635,569.8999999997483,724.794226165697
18996,39.25191543938635,569.9199999997483,724.802488151161
18997,39.25191543938635,569.9399999997482,724.8107499470444
18998,39.25191543938635,569.9599999997482,724.8190115536138
18999,39.25191543938635,569.9799999997482,724.8272729712855
19000,39.25191543938635,569.9999999997482,724.835534200071
19001,39.25191543938635,570.0199999997482,724.8437952399652
19002,39.25191543938635,570.0399999997481,724.8520560909626
19003,39.25191543938635,570.0599999997481,724.8603167530582
19004,39.25191543938635,570.0799999997481,724.8685772262467
19005,39.25191543938635,570.0999999997481,724.8768375105228
19006,39.25191543938635,570.1199999997481,724.8850976058814
19007,39.25191543938635,570.139999999748,724.8933575123172
19008,39.25191543938635,570.159999999748,724.901617229825
19009,39.25191543938635,570.179999999748,724.9098767583995
19010,39.25191543938635,570.199999999748,724.9181360980356
19011,39.25191543938635,570.219999999748,724.9263952487279
19012,39.25191543938635,570.239999999748,724.9346542104713
19013,39.25191543938635,570.259999999748,724.9429129832605
19014,39.25191543938635,570.2799999997479,724.9511715670903
19015,39.25191543938635,570.2999999997479,724.9594299619555
19016,39.25191543938635,570.3199999997479,724.9676881678508
19017,39.25191543938635,570.3399999997479,724.9759461847711
19018,39.25191543938635,570.3599999997479,724.9842040127111
19019,39.25191543938635,570.3799999997478,724.9924616516655
19020,39.25191543938635,570.3999999997478,725.0007191016292
19021,39.25191543938635,570.4199999997478,725.0089763625969
19022,39.25191543938635,570.4399999997478,725.0172334345633
19023,39.25191543938635,570.4599999997478,725.0254903175233
19024,39.25191543938635,570.4799999997477,725.0337470114716
19025,39.25191543938635,570.4999999997477,725.042003516403
19026,39.25191543938635,570.5199999997477,725.0502598323123
19027,39.25191543938635,570.5399999997477,725.0585159591943
19028,39.25191543938635,570.5599999997477,725.0667718970437
19029,39.25191543938635,570.5799999997477,725.0750276458552
19030,39.25191543938635,570.5999999997476,725.0832832056237
19031,39.25191543938635,570.6199999997476,725.091538576344
19032,39.25191543938635,570.6399999997476,725.0997937580107
19033,39.25191543938635,570.6599999997476,725.1080487506188
19034,39.25191543938635,570.6799999997476,725.1163035541629
19035,39.25191543938635,570.6999999997475,725.1245581686378
19036,39.25191543938635,570.7199999997475,725.1328125940383
19037,39.25191543938635,570.7399999997475,725.1410668303593
19038,39.25191543938635,570.7599999997475,725.1493208775953
19039,39.25191543938635,570.7799999997475,725.1575747357413
19040,39.25191543938635,570.7999999997475,725.1658284047919
19041,39.25191543938635,570.8199999997474,725.174081884742
19042,39.25191543938635,570.8399999997474,725.1823351755864
19043,39.25191543938635,570.8599999997474,725.1905882773199
19044,39.25191543938635,570.8799999997474,725.1988411899371
19045,39.25191543938635,570.8999999997474,725.2070939134329
19046,39.25191543938635,570.9199999997473,725.2153464478021
19047,39.25191543938635,570.9399999997473,725.2235987930393
19048,39.25191543938635,570.9599999997473,725.2318509491395
19049,39.25191543938635,570.9799999997473,725.2401029164137
19050,39.25191543938635,570.9999999997473,725.2483546952482
19051,39.25191543938635,571.0199999997473,725.2566062856462
19052,39.25191543938635,571.0399999997472,725.2648576876024
19053,39.25191543938635,571.0599999997472,725.2731089011118
19054,39.25191543938635,571.0799999997472,725.2813599261689
19055,39.25191543938635,571.0999999997472,725.2896107627686
19056,39.25191543938635,571.1199999997472,725.2978614109056
19057,39.25191543938635,571.1399999997471,725.3061118705748
19058,39.25191543938635,571.1599999997471,725.3143621417709
19059,39.25191543938635,571.1799999997471,725.3226122244887
19060,39.25191543938635,571.1999999997471,725.330862118723
19061,39.25191543938635,571.2199999997471,725.3391118244684
19062,39.25191543938635,571.239999999747,725.3473613417199
19063,39.25191543938635,571.259999999747,725.3556106704721
19064,39.25191543938635,571.279999999747,725.3638598107198
19065,39.25191543938635,571.299999999747,725.3721087624577
19066,39.25191543938635,571.319999999747,725.3803575256809
19067,39.25191543938635,571.339999999747,725.3886061003839
19068,39.25191543938635,571.359999999747,725.3968544865614
19069,39.25191543938635,571.3799999997469,725.4051026842084
19070,39.25191543938635,571.3999999997469,725.4133506933196
19071,39.25191543938635,571.4199999997469,725.4215985138896
19072,39.25191543938635,571.4399999997469,725.4298461459134
19073,39.25191543938635,571.4599999997469,725.4380935893857
19074,39.25191543938635,571.4799999997468,725.4463408443013
19075,39.25191543938635,571.4999999997468,725.4545879106548
19076,39.25191543938635,571.5199999997468,725.4628347884412
19077,39.25191543938635,571.5399999997468,725.4710814776552
19078,39.25191543938635,571.5599999997468,725.4793279782915
19079,39.25191543938635,571.5799999997467,725.4875742903449
19080,39.25191543938635,571.5999999997467,725.4958204138103
19081,39.25191543938635,571.6199999997467,725.5040663486824
19082,39.25191543938635,571.6399999997467,725.5123120949559
19083,39.25191543938635,571.6599999997467,725.5205576526256
19084,39.25191543938635,571.6799999997467,725.5288030216864
19085,39.25191543938635,571.6999999997466,725.5370482021328
19086,39.25191543938635,571.7199999997466,725.5452931939599
19087,39.25191543938635,571.7399999997466,725.5535379971623
19088,39.25191543938635,571.7599999997466,725.5617826117348
19089,39.25191543938635,571.7799999997466,725.5700270376722
19090,39.25191543938635,571.7999999997465,725.5782712749691
19091,39.25191543938635,571.8199999997465,725.5865153236205
19092,39.25191543938635,571.8399999997465,725.594759183621
19093,39.25191543938635,571.8599999997465,725.6030028549656
19094,39.25191543938635,571.8799999997465,725.6112463376488
19095,39.25191543938635,571.8999999997465,725.6194896316657
19096,39.25191543938635,571.9199999997464,725.6277327370109
19097,39.25191543938635,571.9399999997464,725.6359756536791
19098,39.25191543938635,571.9599999997464,725.6442183816652
19099,39.25191543938635,571.9799999997464,725.6524609209639
19100,39.25191543938635,571.9999999997464,725.660703271939
19101,39.25191543938635,572.0199999997463,725.6689454349533
19102,39.25191543938635,572.0399999997463,725.6771874100016
19103,39.25191543938635,572.0599999997463,725.6854291970786
19104,39.193548040143,572.0799999997463,725.6936707961792
19105,39.193548040143,572.0999999997463,725.701912207298
19106,39.193548040143,572.1199999997463,725.71015343043
19107,39.193548040143,572.1399999997462,725.7183944655698
19108,39.193548040143,572.1599999997462,725.7266353127121
19109,39.193548040143,572.1799999997462,725.7348759718519
19110,39.193548040143,572.1999999997462,725.7431164429839
19111,39.193548040143,572.2199999997462,725.7513567261029
19112,39.193548040143,572.2399999997461,725.7595968212037
19113,39.193548040143,572.2599999997461,725.7678367282808
19114,39.193548040143,572.2799999997461,725.7760764473293
19115,39.193548040143,572.2999999997461,725.7843159783438
19116,39.193548040143,572.3199999997461,725.7925553213192
19117,39.193548040143,572.339999999746,725.8007944762503
19118,39.193548040143,572.359999999746,725.8090334431317
19119,39.193548040143,572.379999999746,725.8172722219583
19120,39.193548040143,572.399999999746,725.8255108127248
19121,39.193548040143,572.419999999746,725.8337492154261
19122,39.193548040143,572.439999999746,725.8419874300569
19123,39.193548040143,572.459999999746,725.850225456612
19124,39.193548040143,572.4799999997459,725.858463295086
19125,39.193548040143,572.4999999997459,725.866700945474
19126,39.193548040143,572.5199999997459,725.8749384077706
19127,39.193548040143,572.5399999997459,725.8831756819707
19128,39.193548040143,572.5599999997459,725.8914127680688
19129,39.193548040143,572.5799999997458,725.8996496660599
19130,39.193548040143,572.5999999997458,725.9078863759387
19131,39.193548040143,572.6199999997458,725.9161228977
19132,39.193548040143,572.6399999997458,725.9243592313386
19133,39.193548040143,572.6599999997458,725.9325953768493
19134,39.193548040143,572.6799999997457,725.9408313342269
19135,39.193548040143,572.6999999997457,725.9490671034661
19136,39.193548040143,572.7199999997457,725.9573026845617
19137,39.193548040143,572.7399999997457,725.9655380775084
19138,39.193548040143,572.7599999997457,725.9737732823012
19139,39.193548040143,572.7799999997457,725.9820082989347
19140,39.193548040143,572.7999999997456,725.9902431274037
19141,39.193548040143,572.8199999997456,725.998477767703
19142,39.193548040143,572.8399999997456,726.0067122198274
19143,39.193548040143,572.8599999997456,726.0149464837716
19144,39.193548040143,572.8799999997456,726.0231805595305
19145,39.193548040143,572.8999999997455,726.0314144470988
19146,39.193548040143,572.9199999997455,726.0396481464712
19147,39.193548040143,572.9399999997455,726.0478816576427
19148,39.193548040143,572.9599999997455,726.056114980608
19149,39.193548040143,572.9799999997455,726.0643481153618
19150,39.193548040143,572.9999999997455,726.0725810619069
19151,39.193548040143,573.0199999997454,726.0808138206077
19152,39.193548040143,573.0399999997454,726.0890463917558
19153,39.193548040143,573.0599999997454,726.0972787753462
19154,39.193548040143,573.0799999997454,726.1055109713736
19155,39.193548040143,573.0999999997454,726.1137429798329
19156,39.193548040143,573.1199999997453,726.1219748007187
19157,39.193548040143,573.1399999997453,726.1302064340258
19158,39.193548040143,573.1599999997453,726.1384378797491
19159,39.193548040143,573.1799999997453,726.1466691378832
19160,39.193548040143,573.1999999997453,726.1549002084231
19161,39.193548040143,573.2199999997453,726.1631310913634
19162,39.193548040143,573.2399999997452,726.171361786699
19163,39.193548040143,573.2599999997452,726.1795922944247
19164,39.193548040143,573.2799999997452,726.1878226145351
19165,39.193548040143,573.2999999997452,726.1960527470251
19166,39.193548040143,573.3199999997452,726.2042826918895
19167,39.193548040143,573.3399999997451,726.212512449123
19168,39.193548040143,573.3599999997451,726.2207420187204
19169,39.193548040143,573.3799999997451,726.2289714006766
19170,39.193548040143,573.3999999997451,726.2372005949862
19171,39.193548040143,573.4199999997451,726.2454296016441
19172,39.193548040143,573.439999999745,726.253658420645
19173,39.193548040143,573.459999999745,726.2618870519838
19174,39.193548040143,573.479999999745,726.2701154956551
19175,39.193548040143,573.499999999745,726.2783437516539
19176,39.193548040143,573.519999999745,726.2865718199748
19177,39.193548040143,573.539999999745,726.2947997006127
19178,39.193548040143,573.559999999745,726.3030273935623
19179,39.193548040143,573.5799999997449,726.3112548988183
19180,39.193548040143,573.5999999997449,726.3194822163757
19181,39.193548040143,573.6199999997449,726.3277093462292
19182,39.193548040143,573.6399999997449,726.3359362883735
19183,39.193548040143,573.6599999997449,726.3441630428035
19184,39.193548040143,573.6799999997448,726.3523896095139
19185,39.193548040143,573.6999999997448,726.3606159884995
19186,39.193548040143,573.7199999997448,726.368842179755
19187,39.193548040143,573.7399999997448,726.3770681832754
19188,39.193548040143,573.7599999997448,726.3852939990552
19189,39.193548040143,573.7799999997447,726.3935196270894
19190,39.193548040143,573.7999999997447,726.4017450673726
19191,39.193548040143,573.8199999997447,726.4099703198998
19192,39.193548040143,573.8399999997447,726.4181953846656
19193,39.193548040143,573.8599999997447,726.4264202616649
19194,39.193548040143,573.8799999997447,726.4346449508924
19195,39.193548040143,573.8999999997446,726.442869452343
19196,39.193548040143,573.9199999997446,726.4510937660112
19197,39.193548040143,573.9399999997446,726.4593178918922
19198,39.193548040143,573.9599999997446,726.4675418299804
19199,39.193548040143,573.9799999997446,726.4757655802708
19200,39.193548040143,573.9999999997445,726.4839891427581
19201,39.193548040143,574.0199999997445,726.4922125174538
19202,39.193548040143,574.0399999997445,726.5004357047712
19203,39.193548040143,574.0599999997445,726.5086587049734
19204,39.193548040143,574.0799999997445,726.5168815180552
19205,39.193548040143,574.0999999997445,726.5251041440115
19206,39.193548040143,574.1199999997444,726.5333265828369
19207,39.193548040143,574.1399999997444,726.5415488345263
19208,39.193548040143,574.1599999997444,726.5497708990746
19209,39.193548040143,574.1799999997444,726.5579927764763
19210,39.193548040143,574.1999999997444,726.5662144667265
19211,39.193548040143,574.2199999997443,726.5744359698197
19212,39.193548040143,574.2399999997443,726.5826572857508
19213,39.193548040143,574.2599999997443,726.5908784145146
19214,39.193548040143,574.2799999997443,726.5990993561059
19215,39.193548040143,574.2999999997443,726.6073201105194
19216,39.193548040143,574.3199999997443,726.6155406777499
19217,39.193548040143,574.3399999997442,726.6237610577922
19218,39.193548040143,574.3599999997442,726.6319812506412
19219,39.193548040143,574.3799999997442,726.6402012562914
19220,39.193548040143,574.3999999997442,726.6484210747379
19221,39.193548040143,574.4199999997442,726.6566407059754
19222,39.193548040143,574.4399999997441,726.6648601499986
19223,39.193548040143,574.4599999997441,726.6730794068023
19224,39.193548040143,574.4799999997441,726.6812984763814
19225,39.193548040143,574.4999999997441,726.6895173587304
19226,39.193548040143,574.5199999997441,726.6977360538444
19227,39.193548040143,574.539999999744,726.705954561718
19228,39.193548040143,574.559999999744,726.7141728823461
19229,39.193548040143,574.579999999744,726.7223910157235
19230,39.193548040143,574.599999999744,726.7306089618447
19231,39.193548040143,574.619999999744,726.7388267207049
19232,39.193548040143,574.639999999744,726.7470442922986
19233,39.193548040143,574.659999999744,726.7552616766206
19234,39.193548040143,574.6799999997439,726.7634788736658
19235,39.193548040143,574.6999999997439,726.771695883429
19236,39.193548040143,574.7199999997439,726.7799127059048
19237,39.193548040143,574.7399999997439,726.7881293410883
19238,39.193548040143,574.7599999997439,726.796345788974
19239,39.193548040143,574.7799999997438,726.8045620495568
19240,39.193548040143,574.7999999997438,726.8127781228314
19241,39.193548040143,574.8199999997438,726.8209940087927
19242,39.193548040143,574.8399999997438,726.8292097074354
19243,39.193548040143,574.8599999997438,726.8374252187544
19244,39.193548040143,574.8799999997437,726.8456405427445
19245,39.193548040143,574.8999999997437,726.8538556794003
19246,39.193548040143,574.9199999997437,726.8620706287168
19247,39.193548040143,574.9399999997437,726.8702853906885
19248,39.193548040143,574.9599999997437,726.8784999653104
19249,39.193548040143,574.9799999997437,726.8867143525773
19250,39.193548040143,574.9999999997436,726.894928552484
19251,39.193548040143,575.0199999997436,726.9031425650251
19252,39.193548040143,575.0399999997436,726.9113563902215
19253,39.193548040143,575.0599999997436,726.9195700285372
19254,39.193548040143,575.0799999997436,726.9277834802028
19255,39.193548040143,575.0999999997435,726.9359967452131
19256,39.193548040143,575.1199999997435,726.9442098235627
19257,39.193548040143,575.1399999997435,726.9524227152465
19258,39.193548040143,575.1599999997435,726.9606354202593
19259,39.193548040143,575.1799999997435,726.968847938596
19260,39.193548040143,575.1999999997435,726.9770602702513
19261,39.193548040143,575.2199999997434,726.9852724152199
19262,39.193548040143,575.2399999997434,726.9934843734967
19263,39.193548040143,575.2599999997434,727.0016961450765
19264,39.193548040143,575.2799999997434,727.009907729954
19265,39.193548040143,575.2999999997434,727.018119128124
19266,39.193548040143,575.3199999997433,727.0263303395815
19267,39.193548040143,575.3399999997433,727.0345413643211
19268,39.13532515101445,575.3599999997433,727.0427522023376
19269,39.13532515101445,575.3799999997433,727.0509628536258
19270,39.13532515101445,575.3999999997433,727.0591733181806
19271,39.13532515101445,575.4199999997433,727.0673835959967
19272,39.13532515101445,575.4399999997432,727.0755936870689
19273,39.13532515101445,575.4599999997432,727.0838035913921
19274,39.13532515101445,575.4799999997432,727.0920133089609
19275,39.13532515101445,575.4999999997432,727.1002228397701
19276,39.13532515101445,575.5199999997432,727.1084321838148
19277,39.13532515101445,575.5399999997431,727.1166413410895
19278,39.13532515101445,575.5599999997431,727.1248503115891
19279,39.13532515101445,575.5799999997431,727.1330590953083
19280,39.13532515101445,575.5999999997431,727.1412676922421
19281,39.13532515101445,575.6199999997431,727.149476102385
19282,39.13532515101445,575.639999999743,727.157684325732
19283,39.13532515101445,575.659999999743,727.1658923622779
19284,39.13532515101445,575.679999999743,727.1741002120174
19285,39.13532515101445,575.699999999743,727.1823078749453
19286,39.13532515101445,575.719999999743,727.1905153510564
19287,39.13532515101445,575.739999999743,727.1987226403456
19288,39.13532515101445,575.759999999743,727.2069297428077
19289,39.13532515101445,575.7799999997429,727.2151366584374
19290,39.13532515101445,575.7999999997429,727.2233433872294
19291,39.13532515101445,575.8199999997429,727.2315499291788
19292,39.13532515101445,575.8399999997429,727.23975628428
19293,39.13532515101445,575.8599999997429,727.2479624525281
19294,39.13532515101445,575.8799999997428,727.2561684339178
19295,39.13532515101445,575.8999999997428,727.2643742284439
19296,39.13532515101445,575.9199999997428,727.2725798361012
19297,39.13532515101445,575.9399999997428,727.2807852568844
19298,39.13532515101445,575.9599999997428,727.2889904907885
19299,39.13532515101445,575.9799999997427,727.2971955378081
19300,39.13532515101445,575.9999999997427,727.3054003979381
19301,39.13532515101445,576.0199999997427,727.3136050711732
19302,39.13532515101445,576.0399999997427,727.3218095575083
19303,39.13532515101445,576.0599999997427,727.3300138569696
19304,39.13532515101445,576.0799999997427,727.3382179700088
19305,39.13532515101445,576.0999999997426,727.3464218967955
19306,39.13532515101445,576.1199999997426,727.3546256373245
19307,39.13532515101445,576.1399999997426,727.3628291915905
19308,39.13532515101445,576.1599999997426,727.3710325595886
19309,39.13532515101445,576.1799999997426,727.3792357413133
19310,39.13532515101445,576.1999999997425,727.3874387367595
19311,39.13532515101445,576.2199999997425,727.395641545922
19312,39.13532515101445,576.2399999997425,727.4038441687956
19313,39.13532515101445,576.2599999997425,727.412046605375
19314,39.13532515101445,576.2799999997425,727.4202488556552
19315,39.13532515101445,576.2999999997425,727.4284509196309
19316,39.13532515101445,576.3199999997424,727.4366527972969
19317,39.13532515101445,576.3399999997424,727.4448544886479
19318,39.13532515101445,576.3599999997424,727.4530559936788
19319,39.13532515101445,576.3799999997424,727.4612573123845
19320,39.13532515101445,576.3999999997424,727.4694584447597
19321,39.13532515101445,576.4199999997423,727.4776593907991
19322,39.13532515101445,576.4399999997423,727.4858601504976
19323,39.13532515101445,576.4599999997423,727.49406072385
19324,39.13532515101445,576.4799999997423,727.5022611108511
19325,39.13532515101445,576.4999999997423,727.5104613114958
19326,39.13532515101445,576.5199999997423,727.5186613257787
19327,39.13532515101445,576.5399999997422,727.5268611536948
19328,39.13532515101445,576.5599999997422,727.5350607952387
19329,39.13532515101445,576.5799999997422,727.5432602504053
19330,39.13532515101445,576.5999999997422,727.5514595191894
19331,39.13532515101445,576.6199999997422,727.5596586015859
19332,39.13532515101445,576.6399999997421,727.5678574975894
19333,39.13532515101445,576.6599999997421,727.5760562071949
19334,39.13532515101445,576.6799999997421,727.5842547303971
19335,39.13532515101445,576.6999999997421,727.5924530671908
19336,39.13532515101445,576.7199999997421,727.6006512175709
19337,39.13532515101445,576.739999999742,727.608849181532
19338,39.13532515101445,576.759999999742,727.6170469590691
19339,39.13532515101445,576.779999999742,727.6252445501768
19340,39.13532515101445,576.799999999742,727.6334419548501
19341,39.13532515101445,576.819999999742,727.6416391730837
19342,39.13532515101445,576.839999999742,727.6498362048725
19343,39.13532515101445,576.859999999742,727.6580330502112
19344,39.13532515101445,576.8799999997419,727.6662297090946
19345,39.13532515101445,576.8999999997419,727.6744261815177
19346,39.13532515101445,576.9199999997419,727.682622467475
19347,39.13532515101445,576.9399999997419,727.6908185669614
19348,39.13532515101445,576.9599999997419,727.6990144799719
19349,39.13532515101445,576.9799999997418,727.707210206501
19350,39.13532515101445,576.9999999997418,727.7154057465438
19351,39.13532515101445,577.0199999997418,727.7236011000948
19352,39.13532515101445,577.0399999997418,727.7317962671491
19353,39.13532515101445,577.0599999997418,727.7399912477014
19354,39.13532515101445,577.0799999997417,727.7481860417872
19355,39.13532515101445,577.0999999997417,727.7563806499104
19356,39.13532515101445,577.1199999997417,727.7645750722072
19357,39.13532515101445,577.1399999997417,727.7727693086724
19358,39.13532515101445,577.1599999997417,727.7809633593008
19359,39.13532515101445,577.1799999997417,727.7891572240871
19360,39.13532515101445,577.1999999997416,727.7973509030263
19361,39.13532515101445,577.2199999997416,727.8055443961131
19362,39.13532515101445,577.2399999997416,727.8137377033422
19363,39.13532515101445,577.2599999997416,727.8219308247086
19364,39.13532515101445,577.2799999997416,727.830123760207
19365,39.13532515101445,577.2999999997415,727.8383165098322
19366,39.13532515101445,577.3199999997415,727.8465090735791
19367,39.13532515101445,577.3399999997415,727.8547014514425
19368,39.13532515101445,577.3599999997415,727.862893643417
19369,39.13532515101445,577.3799999997415,727.8710856494976
19370,39.13532515101445,577.3999999997415,727.879277469679
19371,39.13532515101445,577.4199999997414,727.887469103956
19372,39.13532515101445,577.4399999997414,727.8956605523236
19373,39.13532515101445,577.4599999997414,727.9038518147765
19374,39.13532515101445,577.4799999997414,727.9120428913095
19375,39.13532515101445,577.4999999997414,727.9202337819173
19376,39.13532515101445,577.5199999997413,727.9284244865948
19377,39.13532515101445,577.5399999997413,727.9366150053369
19378,39.13532515101445,577.5599999997413,727.9448053381382
19379,39.13532515101445,577.5799999997413,727.9529954849936
19380,39.13532515101445,577.5999999997413,727.961185445898
19381,39.13532515101445,577.6199999997413,727.969375220846
19382,39.13532515101445,577.6399999997412,727.9775648098326
19383,39.13532515101445,577.6599999997412,727.9857542128526
19384,39.13532515101445,577.6799999997412,727.9939434299007
19385,39.13532515101445,577.6999999997412,728.0021324609718
19386,39.13532515101445,577.7199999997412,728.0103213060606
19387,39.13532515101445,577.7399999997411,728.018509965162
19388,39.13532515101445,577.7599999997411,728.0266984382707
19389,39.13532515101445,577.7799999997411,728.0348867253816
19390,39.13532515101445,577.7999999997411,728.0430748264896
19391,39.13532515101445,577.8199999997411,728.0512627415893
19392,39.13532515101445,577.839999999741,728.0594504706756
19393,39.13532515101445,577.859999999741,728.0676380137434
19394,39.13532515101445,577.879999999741,728.0758253707874
19395,39.13532515101445,577.899999999741,728.0840125418024
19396,39.13532515101445,577.919999999741,728.0921995267832
19397,39.13532515101445,577.939999999741,728.1003863257248
19398,39.13532515101445,577.959999999741,728.1085729386217
19399,39.13532515101445,577.9799999997409,728.116759365469
19400,39.13532515101445,577.9999999997409,728.1249456062612
19401,39.13532515101445,578.0199999997409,728.1331316609934
19402,39.13532515101445,578.0399999997409,728.1413175296602
19403,39.13532515101445,578.0599999997409,728.1495032122566
19404,39.13532515101445,578.0799999997408,728.1576887087773
19405,39.13532515101445,578.0999999997408,728.165874019268
19406,39.13532515101445,578.1199999997408,728.1740591442868
19407,39.13532515101445,578.1399999997408,728.1822440839333
19408,39.13532515101445,578.1599999997408,728.190428838202
19409,39.13532515101445,578.1799999997407,728.1986134070879
19410,39.13532515101445,578.1999999997407,728.2067977905857
19411,39.13532515101445,578.2199999997407,728.2149819886903
19412,39.13532515101445,578.2399999997407,728.2231660013965
19413,39.13532515101445,578.2599999997407,728.2313498286991
19414,39.13532515101445,578.2799999997407,728.2395334705928
19415,39.13532515101445,578.2999999997406,728.2477169270727
19416,39.13532515101445,578.3199999997406,728.2559001981334
19417,39.13532515101445,578.3399999997406,728.2640832837698
19418,39.13532515101445,578.3599999997406,728.2722661839766
19419,39.13532515101445,578.3799999997406,728.2804488987488
19420,39.13532515101445,578.3999999997405,728.288631428081
19421,39.13532515101445,578.4199999997405,728.2968137719681
19422,39.13532515101445,578.4399999997405,728.304995930405
19423,39.13532515101445,578.4599999997405,728.3131779033863
19424,39.13532515101445,578.4799999997405,728.321359690907
19425,39.13532515101445,578.4999999997405,728.3295412929618
19426,39.13532515101445,578.5199999997404,728.3377227095457
19427,39.13532515101445,578.5399999997404,728.3459039406533
19428,39.13532515101445,578.5599999997404,728.3540849862795
19429,39.13532515101445,578.5799999997404,728.3622658464192
19430,39.13532515101445,578.5999999997404,728.370446521067
19431,39.13532515101445,578.6199999997403,728.378627010218
19432,39.077246271592635,578.6399999997403,728.3868073138668
19433,39.077246271592635,578.6599999997403,728.3949874320083
19434,39.077246271592635,578.6799999997403,728.4031673646373
19435,39.077246271592635,578.6999999997403,728.4113471117486
19436,39.077246271592635,578.7199999997403,728.4195266733369
19437,39.077246271592635,578.7399999997402,728.4277060493972
19438,39.077246271592635,578.7599999997402,728.4358852399243
19439,39.077246271592635,578.7799999997402,728.444064244913
19440,39.077246271592635,578.7999999997402,728.452243064358
19441,39.077246271592635,578.8199999997402,728.4604216982542
19442,39.077246271592635,578.8399999997401,728.4686001465965
19443,39.077246271592635,578.8599999997401,728.4767784093796
19444,39.077246271592635,578.8799999997401,728.4849564865983
19445,39.077246271592635,578.8999999997401,728.4931343782475
19446,39.077246271592635,578.9199999997401,728.501312084322
19447,39.077246271592635,578.93999999974,728.5094896048165
19448,39.077246271592635,578.95999999974,728.5176669397259
19449,39.077246271592635,578.97999999974,728.5258440890451
19450,39.077246271592635,578.99999999974,728.5340210527688
19451,39.077246271592635,579.01999999974,728.5421978308918
19452,39.077246271592635,579.03999999974,728.550374423409
19453,39.077246271592635,579.05999999974,728.5585508303153
19454,39.077246271592635,579.0799999997399,728.5667270516053
19455,39.077246271592635,579.0999999997399,728.5749030872739
19456,39.077246271592635,579.1199999997399,728.58307893737
19457,39.077246271592635,579.1399999997399,728.5912546024309
19458,39.077246271592635,579.1599999997399,728.599430082508
19459,39.077246271592635,579.1799999997398,728.607605377596
19460,39.077246271592635,579.1999999997398,728.6157804876898
19461,39.077246271592635,579.2199999997398,728.6239554127842
19462,39.077246271592635,579.2399999997398,728.6321301528741
19463,39.077246271592635,579.2599999997398,728.6403047079542
19464,39.077246271592635,579.2799999997397,728.6484790780195
19465,39.077246271592635,579.2999999997397,728.6566532630646
19466,39.077246271592635,579.3199999997397,728.6648272630845
19467,39.077246271592635,579.3399999997397,728.6730010780739
19468,39.077246271592635,579.3599999997397,728.6811747080276
19469,39.077246271592635,579.3799999997397,728.6893481529405
19470,39.077246271592635,579.3999999997396,728.6975214128074
19471,39.077246271592635,579.4199999997396,728.7056944876231
19472,39.077246271592635,579.4399999997396,728.7138673773824
19473,39.077246271592635,579.4599999997396,728.7220400820802
19474,39.077246271592635,579.4799999997396,728.7302126017113
19475,39.077246271592635,579.4999999997395,728.7383849362704
19476,39.077246271592635,579.5199999997395,728.7465570857526
19477,39.077246271592635,579.5399999997395,728.7547290501524
19478,39.077246271592635,579.5599999997395,728.7629008294647
19479,39.077246271592635,579.5799999997395,728.7710724236844
19480,39.077246271592635,579.5999999997395,728.7792438328063
19481,39.077246271592635,579.6199999997394,728.7874150568251
19482,39.077246271592635,579.6399999997394,728.7955860957359
19483,39.077246271592635,579.6599999997394,728.8037569495333
19484,39.077246271592635,579.6799999997394,728.8119276182122
19485,39.077246271592635,579.6999999997394,728.8200981017673
19486,39.077246271592635,579.7199999997393,728.8282684001935
19487,39.077246271592635,579.7399999997393,728.8364385134856
19488,39.077246271592635,579.7599999997393,728.8446084416386
19489,39.077246271592635,579.7799999997393,728.852778184647
19490,39.077246271592635,579.7999999997393,728.8609477425059
19491,39.077246271592635,579.8199999997393,728.86911711521
19492,39.077246271592635,579.8399999997392,728.8772863027541
19493,39.077246271592635,579.8599999997392,728.8854553051331
19494,39.077246271592635,579.8799999997392,728.8936241223417
19495,39.077246271592635,579.8999999997392,728.9017927543749
19496,39.077246271592635,579.9199999997392,728.9099612012275
19497,39.077246271592635,579.9399999997391,728.9181294628941
19498,39.077246271592635,579.9599999997391,728.9262975393697
19499,39.077246271592635,579.9799999997391,728.9344654306491
19500,39.077246271592635,579.9999999997391,728.9426331367271
19501,39.077246271592635,580.0199999997391,728.9508006575985
19502,39.077246271592635,580.039999999739,728.9589679932582
19503,39.077246271592635,580.059999999739,728.967135143701
19504,39.077246271592635,580.079999999739,728.9753021089216
19505,39.077246271592635,580.099999999739,728.983468888915
19506,39.077246271592635,580.119999999739,728.991635483676
19507,39.077246271592635,580.139999999739,728.9998018932936
19508,39.077246271592635,580.159999999739,729.007968118298
19509,39.077246271592635,580.1799999997389,729.016134158733
19510,39.077246271592635,580.1999999997389,729.0243000145936
19511,39.077246271592635,580.2199999997389,729.0324656858743
19512,39.077246271592635,580.2399999997389,729.0406311725701
19513,39.077246271592635,580.2599999997389,729.0487964746759
19514,39.077246271592635,580.2799999997388,729.0569615921863
19515,39.077246271592635,580.2999999997388,729.0651265250964
19516,39.077246271592635,580.3199999997388,729.0732912734007
19517,39.077246271592635,580.3399999997388,729.0814558370944
19518,39.077246271592635,580.3599999997388,729.089620216172
19519,39.077246271592635,580.3799999997387,729.0977844106284
19520,39.077246271592635,580.3999999997387,729.1059484204585
19521,39.077246271592635,580.4199999997387,729.1141122456571
19522,39.077246271592635,580.4399999997387,729.122275886219
19523,39.077246271592635,580.4599999997387,729.130439342139
19524,39.077246271592635,580.4799999997387,729.138602613412
19525,39.077246271592635,580.4999999997386,729.1467657000328
19526,39.077246271592635,580.5199999997386,729.1549286019962
19527,39.077246271592635,580.5399999997386,729.163091319297
19528,39.077246271592635,580.5599999997386,729.17125385193
19529,39.077246271592635,580.5799999997386,729.1794161998902
19530,39.077246271592635,580.5999999997385,729.1875783631722
19531,39.077246271592635,580.6199999997385,729.1957403417708
19532,39.077246271592635,580.6399999997385,729.203902135681
19533,39.077246271592635,580.6599999997385,729.2120637448976
19534,39.077246271592635,580.6799999997385,729.2202251694154
19535,39.077246271592635,580.6999999997385,729.2283864092292
19536,39.077246271592635,580.7199999997384,729.2365474643339
19537,39.077246271592635,580.7399999997384,729.2447083347241
19538,39.077246271592635,580.7599999997384,729.2528690203949
19539,39.077246271592635,580.7799999997384,729.2610295213409
19540,39.077246271592635,580.7999999997384,729.2691898375571
19541,39.077246271592635,580.8199999997383,729.2773499690381
19542,39.077246271592635,580.8399999997383,729.285509915779
19543,39.077246271592635,580.8599999997383,729.2936696777745
19544,39.077246271592635,580.8799999997383,729.3018292550194
19545,39.077246271592635,580.8999999997383,729.3099886475085
19546,39.077246271592635,580.9199999997383,729.3181478552367
19547,39.077246271592635,580.9399999997382,729.3263068781988
19548,39.077246271592635,580.9599999997382,729.3344657163897
19549,39.077246271592635,580.9799999997382,729.3426243698041
19550,39.077246271592635,580.9999999997382,729.3507828384369
19551,39.077246271592635,581.0199999997382,729.3589411222829
19552,39.077246271592635,581.0399999997381,729.3670992213368
19553,39.077246271592635,581.0599999997381,729.3752571355936
19554,39.077246271592635,581.0799999997381,729.3834148650482
19555,39.077246271592635,581.0999999997381,729.3915724096952
19556,39.077246271592635,581.1199999997381,729.3997297695296
19557,39.077246271592635,581.139999999738,729.4078869445461
19558,39.077246271592635,581.159999999738,729.4160439348794
19559,39.077246271592635,581.179999999738,729.4242007410484
19560,39.077246271592635,581.199999999738,729.4323573630902
19561,39.077246271592635,581.219999999738,729.440513801
19562,39.077246271592635,581.239999999738,729.4486700547724
19563,39.077246271592635,581.2599999997379,729.4568261244023
19564,39.077246271592635,581.2799999997379,729.4649820098845
19565,39.077246271592635,581.2999999997379,729.4731377112138
19566,39.077246271592635,581.3199999997379,729.4812932283851
19567,39.077246271592635,581.3399999997379,729.4894485613931
19568,39.077246271592635,581.3599999997379,729.4976037102329
19569,39.077246271592635,581.3799999997378,729.505758674899
19570,39.077246271592635,581.3999999997378,729.5139134553863
19571,39.077246271592635,581.4199999997378,729.5220680516898
19572,39.077246271592635,581.4399999997378,729.5302224638041
19573,39.077246271592635,581.4599999997378,729.5383766917241
19574,39.077246271592635,581.4799999997377,729.5465307354448
19575,39.077246271592635,581.4999999997377,729.5546845949608
19576,39.077246271592635,581.5199999997377,729.562838270267
19577,39.077246271592635,581.5399999997377,729.5709917613582
19578,39.077246271592635,581.5599999997377,729.5791450682293
19579,39.077246271592635,581.5799999997377,729.5872981908751
19580,39.077246271592635,581.5999999997376,729.5954511292904
19581,39.077246271592635,581.6199999997376,729.60360388347
19582,39.077246271592635,581.6399999997376,729.6117564534088
19583,39.077246271592635,581.6599999997376,729.6199088391016
19584,39.077246271592635,581.6799999997376,729.6280610405432
19585,39.077246271592635,581.6999999997375,729.6362130577285
19586,39.077246271592635,581.7199999997375,729.6443648906522
19587,39.077246271592635,581.7399999997375,729.6525165393092
19588,39.077246271592635,581.7599999997375,729.6606680036944
19589,39.077246271592635,581.7799999997375,729.6688192838025
19590,39.077246271592635,581.7999999997375,729.6769703796283
19591,39.077246271592635,581.8199999997374,729.6851212911668
19592,39.077246271592635,581.8399999997374,729.6932720184126
19593,39.077246271592635,581.8599999997374,729.7014225613607
19594,39.077246271592635,581.8799999997374,729.7095729200058
19595,39.077246271592635,581.8999999997374,729.7177230943429
19596,39.077246271592635,581.9199999997373,729.7258730843668
19597,39.01931090369522,581.9399999997373,729.7340228900722
19598,39.01931090369522,581.9599999997373,729.742172511454
19599,39.01931090369522,581.9799999997373,729.750321948507
19600,39.01931090369522,581.9999999997373,729.758471201226
19601,39.01931090369522,582.0199999997373,729.7666202696059
19602,39.01931090369522,582.0399999997372,729.7747691536415
19603,39.01931090369522,582.0599999997372,729.7829178533276
19604,39.01931090369522,582.0799999997372,729.7910663686591
19605,39.01931090369522,582.0999999997372,729.7992146996307
19606,39.01931090369522,582.1199999997372,729.8073628462374
19607,39.01931090369522,582.1399999997371,729.815510808474
19608,39.01931090369522,582.1599999997371,729.8236585863351
19609,39.01931090369522,582.1799999997371,729.8318061799807
19610,39.01931090369522,582.1999999997371,729.8399535898513
19611,39.01931090369522,582.2199999997371,729.848100815973
19612,39.01931090369522,582.239999999737,729.8562478583405
19613,39.01931090369522,582.259999999737,729.8643947169485
19614,39.01931090369522,582.279999999737,729.8725413917921
19615,39.01931090369522,582.299999999737,729.8806878828659
19616,39.01931090369522,582.319999999737,729.8888341901649
19617,39.01931090369522,582.339999999737,729.8969803136838
19618,39.01931090369522,582.3599999997369,729.9051262534175
19619,39.01931090369522,582.3799999997369,729.9132720093608
19620,39.01931090369522,582.3999999997369,729.9214175815084
19621,39.01931090369522,582.4199999997369,729.9295629698554
19622,39.01931090369522,582.4399999997369,729.9377081743964
19623,39.01931090369522,582.4599999997369,729.9458531951263
19624,39.01931090369522,582.4799999997368,729.95399803204
19625,39.01931090369522,582.4999999997368,729.9621426851321
19626,39.01931090369522,582.5199999997368,729.9702871543976
19627,39.01931090369522,582.5399999997368,729.9784314398313
19628,39.01931090369522,582.5599999997368,729.986575541428
19629,39.01931090369522,582.5799999997367,729.9947194591826
19630,39.01931090369522,582.5999999997367,730.0028631930772
19631,39.01931090369522,582.6199999997367,730.0110067429479
19632,39.01931090369522,582.6399999997367,730.0191501087445
19633,39.01931090369522,582.6599999997367,730.027293290462
19634,39.01931090369522,582.6799999997367,730.0354362880952
19635,39.01931090369522,582.6999999997366,730.0435791016388
19636,39.01931090369522,582.7199999997366,730.0517217310876
19637,39.01931090369522,582.7399999997366,730.0598641764365
19638,39.01931090369522,582.7599999997366,730.0680064376802
19639,39.01931090369522,582.7799999997366,730.0761485148137
19640,39.01931090369522,582.7999999997365,730.0842904078315
19641,39.01931090369522,582.8199999997365,730.0924321167287
19642,39.01931090369522,582.8399999997365,730.1005736414999
19643,39.01931090369522,582.8599999997365,730.10871498214
19644,39.01931090369522,582.8799999997365,730.1168561386438
19645,39.01931090369522,582.8999999997365,730.1249971110061
19646,39.01931090369522,582.9199999997364,730.1331378992217
19647,39.01931090369522,582.9399999997364,730.1412785032853
19648,39.01931090369522,582.9599999997364,730.1494189231919
19649,39.01931090369522,582.9799999997364,730.1575591589361
19650,39.01931090369522,582.9999999997364,730.1656992105128
19651,39.01931090369522,583.0199999997363,730.1738390779168
19652,39.01931090369522,583.0399999997363,730.1819787611429
19653,39.01931090369522,583.0599999997363,730.1901182601858
19654,39.01931090369522,583.0799999997363,730.1982575750405
19655,39.01931090369522,583.0999999997363,730.2063967057018
19656,39.01931090369522,583.1199999997363,730.2145356521643
19657,39.01931090369522,583.1399999997362,730.222674414423
19658,39.01931090369522,583.1599999997362,730.2308129924726
19659,39.01931090369522,583.1799999997362,730.2389513863079
19660,39.01931090369522,583.1999999997362,730.2470895961346
19661,39.01931090369522,583.2199999997362,730.2552276223794
19662,39.01931090369522,583.2399999997361,730.2633654650615
19663,39.01931090369522,583.2599999997361,730.2715031241758
19664,39.01931090369522,583.2799999997361,730.279640599717
19665,39.01931090369522,583.2999999997361,730.2877778916801
19666,39.01931090369522,583.3199999997361,730.2959150000597
19667,39.01931090369522,583.339999999736,730.3040519248507
19668,39.01931090369522,583.359999999736,730.3121886660477
19669,39.01931090369522,583.379999999736,730.3203252236458
19670,39.01931090369522,583.399999999736,730.3284615976396
19671,39.01931090369522,583.419999999736,730.3365977880239
19672,39.01931090369522,583.439999999736,730.3447337947936
19673,39.01931090369522,583.4599999997359,730.3528696179433
19674,39.01931090369522,583.4799999997359,730.3610052574678
19675,39.01931090369522,583.4999999997359,730.3691407133621
19676,39.01931090369522,583.5199999997359,730.3772759856208
19677,39.01931090369522,583.5399999997359,730.3854110742388
19678,39.01931090369522,583.5599999997359,730.3935459792109
19679,39.01931090369522,583.5799999997358,730.4016807005318
19680,39.01931090369522,583.5999999997358,730.4098152381963
19681,39.01931090369522,583.6199999997358,730.4179495921993
19682,39.01931090369522,583.6399999997358,730.4260837625355
19683,39.01931090369522,583.6599999997358,730.4342177491998
19684,39.01931090369522,583.6799999997357,730.4423515521868
19685,39.01931090369522,583.6999999997357,730.4504851714914
19686,39.01931090369522,583.7199999997357,730.4586186071085
19687,39.01931090369522,583.7399999997357,730.4667518590327
19688,39.01931090369522,583.7599999997357,730.4748849272589
19689,39.01931090369522,583.7799999997357,730.4830178117819
19690,39.01931090369522,583.7999999997356,730.4911505125964
19691,39.01931090369522,583.8199999997356,730.4992830296973
19692,39.01931090369522,583.8399999997356,730.5074153630793
19693,39.01931090369522,583.8599999997356,730.5155475127373
19694,39.01931090369522,583.8799999997356,730.523679478666
19695,39.01931090369522,583.8999999997355,730.5318112608603
19696,39.01931090369522,583.9199999997355,730.5399428593149
19697,39.01931090369522,583.9399999997355,730.5480742740247
19698,39.01931090369522,583.9599999997355,730.5562055049843
19699,39.01931090369522,583.9799999997355,730.5643365521886
19700,39.01931090369522,583.9999999997355,730.5724674156324
19701,39.01931090369522,584.0199999997354,730.5805980953106
19702,39.01931090369522,584.0399999997354,730.5887285912179
19703,39.01931090369522,584.0599999997354,730.596858903349
19704,39.01931090369522,584.0799999997354,730.6049890316988
19705,39.01931090369522,584.0999999997354,730.6131189762621
19706,39.01931090369522,584.1199999997353,730.6212487370336
19707,39.01931090369522,584.1399999997353,730.6293783140082
19708,39.01931090369522,584.1599999997353,730.6375077071807
19709,39.01931090369522,584.1799999997353,730.6456369165458
19710,39.01931090369522,584.1999999997353,730.6537659420983
19711,39.01931090369522,584.2199999997353,730.6618947840842
19712,39.01931090369522,584.2399999997352,730.6700234429002
19713,39.01931090369522,584.2599999997352,730.6781519185578
19714,39.01931090369522,584.2799999997352,730.6862802110518
19715,39.01931090369522,584.2999999997352,730.694408320377
19716,39.01931090369522,584.3199999997352,730.7025362465282
19717,39.01931090369522,584.3399999997351,730.7106639895002
19718,39.01931090369522,584.3599999997351,730.7187915492877
19719,39.01931090369522,584.3799999997351,730.7269189258857
19720,39.01931090369522,584.3999999997351,730.7350461192889
19721,39.01931090369522,584.4199999997351,730.743173129492
19722,39.01931090369522,584.439999999735,730.7512999564899
19723,39.01931090369522,584.459999999735,730.7594266002774
19724,39.01931090369522,584.479999999735,730.7675530608492
19725,39.01931090369522,584.499999999735,730.7756793382001
19726,39.01931090369522,584.519999999735,730.783805432325
19727,39.01931090369522,584.539999999735,730.7919313432187
19728,39.01931090369522,584.5599999997349,730.8000570708759
19729,39.01931090369522,584.5799999997349,730.8081826152915
19730,39.01931090369522,584.5999999997349,730.81630797646
19731,39.01931090369522,584.6199999997349,730.8244331543766
19732,39.01931090369522,584.6399999997349,730.8325581490359
19733,39.01931090369522,584.6599999997349,730.8406829604327
19734,39.01931090369522,584.6799999997348,730.8488075885617
19735,39.01931090369522,584.6999999997348,730.8569320334179
19736,39.01931090369522,584.7199999997348,730.8650562949961
19737,39.01931090369522,584.7399999997348,730.8731803732909
19738,39.01931090369522,584.7599999997348,730.8813042682972
19739,39.01931090369522,584.7799999997347,730.8894279800097
19740,39.01931090369522,584.7999999997347,730.8975515084234
19741,39.01931090369522,584.8199999997347,730.9056748535329
19742,39.01931090369522,584.8399999997347,730.9137980153331
19743,39.01931090369522,584.8599999997347,730.9219209938187
19744,39.01931090369522,584.8799999997347,730.9300437889846
19745,39.01931090369522,584.8999999997346,730.9381664008255
19746,39.01931090369522,584.9199999997346,730.9462888293363
19747,39.01931090369522,584.9399999997346,730.9544110745117
19748,39.01931090369522,584.9599999997346,730.9625331363466
19749,39.01931090369522,584.9799999997346,730.9706550148358
19750,39.01931090369522,584.9999999997345,730.9787767099739
19751,39.01931090369522,585.0199999997345,730.986898221756
19752,39.01931090369522,585.0399999997345,730.9950195501766
19753,39.01931090369522,585.0599999997345,731.0031406952306
19754,39.01931090369522,585.0799999997345,731.0112616569129
19755,39.01931090369522,585.0999999997345,731.0193824352182
19756,39.01931090369522,585.1199999997344,731.0275030301414
19757,39.01931090369522,585.1399999997344,731.0356234416771
19758,39.01931090369522,585.1599999997344,731.0437436698203
19759,39.01931090369522,585.1799999997344,731.0518637145657
19760,39.01931090369522,585.1999999997344,731.0599835759081
19761,39.01931090369522,585.2199999997343,731.0681032538423
19762,39.01931090369522,585.2399999997343,731.0762227486654
19763,39.01931090369522,585.2599999997343,731.0843420607572
19764,39.01931090369522,585.2799999997343,731.0924611901218
19765,39.01931090369522,585.2999999997343,731.1005801367539
19766,39.01931090369522,585.3199999997343,731.1086989006484
19767,39.01931090369522,585.3399999997342,731.1168174818
19768,38.96151855135347,585.3599999997342,731.1249358802036
19769,38.96151855135347,585.3799999997342,731.1330540958539
19770,38.96151855135347,585.3999999997342,731.1411721287458
19771,38.96151855135347,585.4199999997342,731.149289978874
19772,38.96151855135347,585.4399999997341,731.1574076462333
19773,38.96151855135347,585.4599999997341,731.1655251308185
19774,38.96151855135347,585.4799999997341,731.1736424326244
19775,38.96151855135347,585.4999999997341,731.1817595516459
19776,38.96151855135347,585.5199999997341,731.1898764878777
19777,38.96151855135347,585.539999999734,731.1979932413145
19778,38.96151855135347,585.559999999734,731.2061098119513
19779,38.96151855135347,585.579999999734,731.2142261997826
19780,38.96151855135347,585.599999999734,731.2223424048035
19781,38.96151855135347,585.619999999734,731.2304584270087
19782,38.96151855135347,585.639999999734,731.2385742663929
19783,38.96151855135347,585.6599999997339,731.246689922951
19784,38.96151855135347,585.6799999997339,731.2548053966777
19785,38.96151855135347,585.6999999997339,731.262920687568
19786,38.96151855135347,585.7199999997339,731.2710357956165
19787,38.96151855135347,585.7399999997339,731.279150720818
19788,38.96151855135347,585.7599999997339,731.2872654631674
19789,38.96151855135347,585.7799999997338,731.2953800226594
19790,38.96151855135347,585.7999999997338,731.3034943992889
19791,38.96151855135347,585.8199999997338,731.3116085930506
19792,38.96151855135347,585.8399999997338,731.3197226039392
19793,38.96151855135347,585.8599999997338,731.3278364319498
19794,38.96151855135347,585.8799999997337,731.335950077077
19795,38.96151855135347,585.8999999997337,731.3440635393156
19796,38.96151855135347,585.9199999997337,731.3521768186604
19797,38.96151855135347,585.9399999997337,731.3602899151063
19798,38.96151855135347,585.9599999997337,731.3684028286478
19799,38.96151855135347,585.9799999997336,731.37651555928
19800,38.96151855135347,585.9999999997336,731.3846281069978
19801,38.96151855135347,586.0199999997336,731.3927404717956
19802,38.96151855135347,586.0399999997336,731.4008526536685
19803,38.96151855135347,586.0599999997336,731.4089646526112
19804,38.96151855135347,586.0799999997336,731.4170764686185
19805,38.96151855135347,586.0999999997335,731.4251881016851
19806,38.96151855135347,586.1199999997335,731.4332995518059
19807,38.96151855135347,586.1399999997335,731.4414108189758
19808,38.96151855135347,586.1599999997335,731.4495219031894
19809,38.96151855135347,586.1799999997335,731.4576328044416
19810,38.96151855135347,586.1999999997334,731.4657435227272
19811,38.96151855135347,586.2199999997334,731.473854058041
19812,38.96151855135347,586.2399999997334,731.4819644103777
19813,38.96151855135347,586.2599999997334,731.4900745800428
19814,38.96151855135347,586.2799999997334,731.4981845673495
19815,38.96151855135347,586.2999999997334,731.5062943722937
19816,38.96151855135347,586.3199999997333,731.5144039948701
19817,38.96151855135347,586.3399999997333,731.5225134350735
19818,38.96151855135347,586.3599999997333,731.5306226928988
19819,38.96151855135347,586.3799999997333,731.5387317683405
19820,38.96151855135347,586.3999999997333,731.5468406613937
19821,38.96151855135347,586.4199999997332,731.5549493720531
19822,38.96151855135347,586.4399999997332,731.5630579003135
19823,38.96151855135347,586.4599999997332,731.5711662461697
19824,38.96151855135347,586.4799999997332,731.5792744096165
19825,38.96151855135347,586.4999999997332,731.5873823906486
19826,38.96151855135347,586.5199999997332,731.595490189261
19827,38.96151855135347,586.5399999997331,731.6035978054483
19828,38.96151855135347,586.5599999997331,731.6117052392054
19829,38.96151855135347,586.5799999997331,731.6198124905271
19830,38.96151855135347,586.5999999997331,731.6279195594083
19831,38.96151855135347,586.6199999997331,731.6360264458435
19832,38.96151855135347,586.639999999733,731.6441331498278
19833,38.96151855135347,586.659999999733,731.6522396713558
19834,38.96151855135347,586.679999999733,731.6603460104225
19835,38.96151855135347,586.699999999733,731.6684521670225
19836,38.96151855135347,586.719999999733,731.6765581411506
19837,38.96151855135347,586.739999999733,731.6846639328018
19838,38.96151855135347,586.7599999997329,731.6927695419707
19839,38.96151855135347,586.7799999997329,731.7008749686522
19840,38.96151855135347,586.7999999997329,731.7089802128411
19841,38.96151855135347,586.8199999997329,731.7170852745322
19842,38.96151855135347,586.8399999997329,731.7251901537203
19843,38.96151855135347,586.8599999997328,731.7332948504002
19844,38.96151855135347,586.8799999997328,731.7413993645666
19845,38.96151855135347,586.8999999997328,731.7495036962144
19846,38.96151855135347,586.9199999997328,731.7576078453384
19847,38.96151855135347,586.9399999997328,731.7657118119333
19848,38.96151855135347,586.9599999997328,731.773815595994
19849,38.96151855135347,586.9799999997327,731.7819191975153
19850,38.96151855135347,586.9999999997327,731.790022616492
19851,38.96151855135347,587.0199999997327,731.7981258529189
19852,38.96151855135347,587.0399999997327,731.8062289067908
19853,38.96151855135347,587.0599999997327,731.8143317781024
19854,38.96151855135347,587.0799999997326,731.8224344668487
19855,38.96151855135347,587.0999999997326,731.8305369730243
19856,38.96151855135347,587.1199999997326,731.8386392966241
19857,38.96151855135347,587.1399999997326,731.8467414376429
19858,38.96151855135347,587.1599999997326,731.8548433960755
19859,38.96151855135347,587.1799999997326,731.8629451719166
19860,38.96151855135347,587.1999999997325,731.8710467651612
19861,38.96151855135347,587.2199999997325,731.8791481758038
19862,38.96151855135347,587.2399999997325,731.8872494038395
19863,38.96151855135347,587.2599999997325,731.8953504492698
19864,38.96151855135347,587.2799999997325,731.9034513124456
19865,38.96151855135347,587.2999999997324,731.9115519936561
19866,38.96151855135347,587.3199999997324,731.9196524928963
19867,38.96151855135347,587.3399999997324,731.9277528101609
19868,38.96151855135347,587.3599999997324,731.9358529454448
19869,38.96151855135347,587.3799999997324,731.9439528987429
19870,38.96151855135347,587.3999999997324,731.9520526700497
19871,38.96151855135347,587.4199999997323,731.9601522593603
19872,38.96151855135347,587.4399999997323,731.9682516666693
19873,38.96151855135347,587.4599999997323,731.9763508919715
19874,38.96151855135347,587.4799999997323,731.9844499352619
19875,38.96151855135347,587.4999999997323,731.9925487965351
19876,38.96151855135347,587.5199999997322,732.000647475786
19877,38.96151855135347,587.5399999997322,732.0087459730094
19878,38.96151855135347,587.5599999997322,732.0168442882
19879,38.96151855135347,587.5799999997322,732.0249424213528
19880,38.96151855135347,587.5999999997322,732.0330403724624
19881,38.96151855135347,587.6199999997322,732.0411381415238
19882,38.96151855135347,587.6399999997321,732.0492357285316
19883,38.96151855135347,587.6599999997321,732.0573331334807
19884,38.96151855135347,587.6799999997321,732.0654303563659
19885,38.96151855135347,587.6999999997321,732.0735273971821
19886,38.96151855135347,587.7199999997321,732.081624255924
19887,38.96151855135347,587.739999999732,732.0897209325864
19888,38.96151855135347,587.759999999732,732.097817427164
19889,38.96151855135347,587.779999999732,732.1059137396519
19890,38.96151855135347,587.799999999732,732.1140098700447
19891,38.96151855135347,587.819999999732,732.1221058183372
19892,38.96151855135347,587.839999999732,732.1302015845243
19893,38.96151855135347,587.8599999997319,732.1382971686007
19894,38.96151855135347,587.8799999997319,732.1463925705613
19895,38.96151855135347,587.8999999997319,732.1544877904008
19896,38.96151855135347,587.9199999997319,732.1625828281141
19897,38.96151855135347,587.9399999997319,732.1706776836959
19898,38.96151855135347,587.9599999997318,732.1787723571412
19899,38.96151855135347,587.9799999997318,732.1868668484445
19900,38.96151855135347,587.9999999997318,732.1949611576009
19901,38.96151855135347,588.0199999997318,732.203055284605
19902,38.96151855135347,588.0399999997318,732.2111492294518
19903,38.96151855135347,588.0599999997318,732.2192429921361
19904,38.96151855135347,588.0799999997317,732.2273365726525
19905,38.96151855135347,588.0999999997317,732.2354299709958
19906,38.96151855135347,588.1199999997317,732.243523187161
19907,38.96151855135347,588.1399999997317,732.2516162211429
19908,38.96151855135347,588.1599999997317,732.2597090729362
19909,38.96151855135347,588.1799999997316,732.2678017425357
19910,38.96151855135347,588.1999999997316,732.2758942299363
19911,38.96151855135347,588.2199999997316,732.2839865351327
19912,38.96151855135347,588.2399999997316,732.2920786581199
19913,38.96151855135347,588.2599999997316,732.3001705988925
19914,38.96151855135347,588.2799999997316,732.3082623574604
19915,38.96151855135347,588.2999999997315,732.3163539342198
19916,38.96151855135347,588.3199999997315,732.3244453294307
19917,38.96151855135347,588.3399999997315,732.3325365430878
19918,38.96151855135347,588.3599999997315,732.3406275751862
19919,38.96151855135347,588.3799999997315,732.3487184257206
19920,38.96151855135347,588.3999999997314,732.3568090946857
19921,38.96151855135347,588.4199999997314,732.3648995820764
19922,38.96151855135347,588.4399999997314,732.3729898878875
19923,38.96151855135347,588.4599999997314,732.3810800121138
19924,38.96151855135347,588.4799999997314,732.3891699547502
19925,38.96151855135347,588.4999999997314,732.3972597157914
19926,38.96151855135347,588.5199999997313,732.4053492952322
19927,38.96151855135347,588.5399999997313,732.4134386930675
19928,38.96151855135347,588.5599999997313,732.4215279092921
19929,38.96151855135347,588.5799999997313,732.4296169439008
19930,38.96151855135347,588.5999999997313,732.4377057968884
19931,38.96151855135347,588.6199999997312,732.4457944682497
19932,38.96151855135347,588.6399999997312,732.4538829579795
19933,38.96151855135347,588.6599999997312,732.4619712660727
19934,38.90386872080023,588.6799999997312,732.4700593925241
19935,38.90386872080023,588.6999999997312,732.4781473373286
19936,38.90386872080023,588.7199999997312,732.4862351004807
19937,38.90386872080023,588.7399999997311,732.4943226819755
19938,38.90386872080023,588.7599999997311,732.5024100818077
19939,38.90386872080023,588.7799999997311,732.5104972999723
19940,38.90386872080023,588.7999999997311,732.5185843364638
19941,38.90386872080023,588.8199999997311,732.5266711912773
19942,38.90386872080023,588.839999999731,732.5347578644074
19943,38.90386872080023,588.859999999731,732.5428443558491
19944,38.90386872080023,588.879999999731,732.550930665597
19945,38.90386872080023,588.899999999731,732.559016793646
19946,38.90386872080023,588.919999999731,732.567102739991
19947,38.90386872080023,588.939999999731,732.5751885046268
19948,38.90386872080023,588.9599999997309,732.5832740875481
19949,38.90386872080023,588.9799999997309,732.59135948875
19950,38.90386872080023,588.9999999997309,732.599444708227
19951,38.90386872080023,589.0199999997309,732.607529745974
19952,38.90386872080023,589.0399999997309,732.6156146019858
19953,38.90386872080023,589.0599999997308,732.6236992762574
19954,38.90386872080023,589.0799999997308,732.6317837687834
19955,38.90386872080023,589.0999999997308,732.6398680795587
19956,38.90386872080023,589.1199999997308,732.6479522085781
19957,38.90386872080023,589.1399999997308,732.6560361558364
19958,38.90386872080023,589.1599999997308,732.6641199213285
19959,38.90386872080023,589.1799999997307,732.6722035050492
19960,38.90386872080023,589.1999999997307,732.6802869069933
19961,38.90386872080023,589.2199999997307,732.6883701271555
19962,38.90386872080023,589.2399999997307,732.6964531655308
19963,38.90386872080023,589.2599999997307,732.7045360221139
19964,38.90386872080023,589.2799999997306,732.7126186968995
19965,38.90386872080023,589.2999999997306,732.7207011899037
19966,38.90386872080023,589.3199999997306,732.7287835015137
19967,38.90386872080023,589.3399999997306,732.7368656319283
19968,38.90386872080023,589.3599999997306,732.7449475811422
19969,38.90386872080023,589.3799999997306,732.7530293491504
19970,38.90386872080023,589.3999999997305,732.7611109359477
19971,38.90386872080023,589.4199999997305,732.7691923415289
19972,38.90386872080023,589.4399999997305,732.7772735658888
19973,38.90386872080023,589.4599999997305,732.7853546090222
19974,38.90386872080023,589.4799999997305,732.7934354709239
19975,38.90386872080023,589.4999999997304,732.8015161515888
19976,38.90386872080023,589.5199999997304,732.8095966510116
19977,38.90386872080023,589.5399999997304,732.8176769691872
19978,38.90386872080023,589.5599999997304,732.8257571061105
19979,38.90386872080023,589.5799999997304,732.8338370617762
19980,38.90386872080023,589.5999999997304,732.8419168361792
19981,38.90386872080023,589.6199999997303,732.8499964293143
19982,38.90386872080023,589.6399999997303,732.8580758411763
19983,38.90386872080023,589.6599999997303,732.86615507176
19984,38.90386872080023,589.6799999997303,732.8742341210602
19985,38.90386872080023,589.6999999997303,732.8823129890719
19986,38.90386872080023,589.7199999997302,732.8903916757898
19987,38.90386872080023,589.7399999997302,732.8984701812087
19988,38.90386872080023,589.7599999997302,732.9065485053235
19989,38.90386872080023,589.7799999997302,732.9146266481289
19990,38.90386872080023,589.7999999997302,732.9227046096198
19991,38.90386872080023,589.8199999997302,732.930782389791
19992,38.90386872080023,589.8399999997301,732.9388599886373
19993,38.90386872080023,589.8599999997301,732.9469374061536
19994,38.90386872080023,589.8799999997301,732.9550146423346
19995,38.90386872080023,589.8999999997301,732.9630916971753
19996,38.90386872080023,589.9199999997301,732.9711685706703
19997,38.90386872080023,589.93999999973,732.9792452628146
19998,38.90386872080023,589.95999999973,732.9873217736031
19999,38.90386872080023,589.97999999973,732.9953981030304
20000,38.90386872080023,589.99999999973,733.0034742510915
20001,38.90386872080023,590.01999999973,733.0115502177811
20002,38.90386872080023,590.03999999973,733.019626003094
20003,38.90386872080023,590.0599999997299,733.0277016070252
20004,38.90386872080023,590.0799999997299,733.0357770295693
20005,38.90386872080023,590.0999999997299,733.0438522707212
20006,38.90386872080023,590.1199999997299,733.0519273304759
20007,38.90386872080023,590.1399999997299,733.060002208828
20008,38.90386872080023,590.1599999997298,733.0680769057724
20009,38.90386872080023,590.1799999997298,733.076151421304
20010,38.90386872080023,590.1999999997298,733.0842257554175
20011,38.90386872080023,590.2199999997298,733.0922999081077
20012,38.90386872080023,590.2399999997298,733.1003738793696
20013,38.90386872080023,590.2599999997298,733.108447669198
20014,38.90386872080023,590.2799999997297,733.1165212775876
20015,38.90386872080023,590.2999999997297,733.1245947045333
20016,38.90386872080023,590.3199999997297,733.1326679500593
20017,38.90386872080023,590.3399999997297,733.1407410146008
20018,38.90386872080023,590.3599999997297,733.1488138983277
20019,38.90386872080023,590.3799999997296,733.1568866012346
20020,38.90386872080023,590.3999999997296,733.1649591233164
20021,38.90386872080023,590.4199999997296,733.1730314645679
20022,38.90386872080023,590.4399999997296,733.181103624984
20023,38.90386872080023,590.4599999997296,733.1891756045594
20024,38.90386872080023,590.4799999997296,733.197247403289
20025,38.90386872080023,590.4999999997295,733.2053190211676
20026,38.90386872080023,590.5199999997295,733.2133904581901
20027,38.90386872080023,590.5399999997295,733.2214617143513
20028,38.90386872080023,590.5599999997295,733.229532789646
20029,38.90386872080023,590.5799999997295,733.237603684069
20030,38.90386872080023,590.5999999997294,733.2456743976152
20031,38.90386872080023,590.6199999997294,733.2537449302794
20032,38.90386872080023,590.6399999997294,733.2618152820563
20033,38.90386872080023,590.6599999997294,733.2698854529409
20034,38.90386872080023,590.6799999997294,733.277955442928
20035,38.90386872080023,590.6999999997294,733.2860252520125
20036,38.90386872080023,590.7199999997293,733.294094880189
20037,38.90386872080023,590.7399999997293,733.3021643274526
20038,38.90386872080023,590.7599999997293,733.3102335937979
20039,38.90386872080023,590.7799999997293,733.3183026792198
20040,38.90386872080023,590.7999999997293,733.3263715837131
20041,38.90386872080023,590.8199999997292,733.3344403072728
20042,38.90386872080023,590.8399999997292,733.3425088498934
20043,38.90386872080023,590.8599999997292,733.35057721157
20044,38.90386872080023,590.8799999997292,733.3586453922974
20045,38.90386872080023,590.8999999997292,733.3667133920703
20046,38.90386872080023,590.9199999997292,733.3747812108837
20047,38.90386872080023,590.9399999997291,733.3828488487324
20048,38.90386872080023,590.9599999997291,733.3909163056111
20049,38.90386872080023,590.9799999997291,733.3989835815147
20050,38.90386872080023,590.9999999997291,733.407050676438
20051,38.90386872080023,591.0199999997291,733.4151175903759
20052,38.90386872080023,591.039999999729,733.4231843233231
20053,38.90386872080023,591.059999999729,733.4312508752746
20054,38.90386872080023,591.079999999729,733.4393172462251
20055,38.90386872080023,591.099999999729,733.4473834361695
20056,38.90386872080023,591.119999999729,733.4554494451025
20057,38.90386872080023,591.139999999729,733.4635152730192
20058,38.90386872080023,591.1599999997289,733.4715809199142
20059,38.90386872080023,591.1799999997289,733.4796463857824
20060,38.90386872080023,591.1999999997289,733.4877116706186
20061,38.90386872080023,591.2199999997289,733.4957767744177
20062,38.90386872080023,591.2399999997289,733.5038416971744
20063,38.90386872080023,591.2599999997288,733.5119064388837
20064,38.90386872080023,591.2799999997288,733.5199709995403
20065,38.90386872080023,591.2999999997288,733.528035379139
20066,38.90386872080023,591.3199999997288,733.5360995776748
20067,38.90386872080023,591.3399999997288,733.5441635951811
20068,38.90386872080023,591.3599999997288,733.5522274321429
20069,38.90386872080023,591.3799999997287,733.5602910886976
20070,38.90386872080023,591.3999999997287,733.56835456484
20071,38.90386872080023,591.4199999997287,733.576417860565
20072,38.90386872080023,591.4399999997287,733.5844809758675
20073,38.90386872080023,591.4599999997287,733.5925439107422
20074,38.90386872080023,591.4799999997286,733.6006066651839
20075,38.90386872080023,591.4999999997286,733.6086692391875
20076,38.90386872080023,591.5199999997286,733.6167316327479
20077,38.90386872080023,591.5399999997286,733.6247938458598
20078,38.90386872080023,591.5599999997286,733.6328558785182
20079,38.90386872080023,591.5799999997286,733.6409177307178
20080,38.90386872080023,591.5999999997285,733.6489794024534
20081,38.90386872080023,591.6199999997285,733.6570408937199
20082,38.90386872080023,591.6399999997285,733.6651022045122
20083,38.90386872080023,591.6599999997285,733.6731633348251
20084,38.90386872080023,591.6799999997285,733.6812242846534
20085,38.90386872080023,591.6999999997284,733.6892850539919
20086,38.90386872080023,591.7199999997284,733.6973456428354
20087,38.90386872080023,591.7399999997284,733.7054060511789
20088,38.90386872080023,591.7599999997284,733.7134662790171
20089,38.90386872080023,591.7799999997284,733.7215263263448
20090,38.90386872080023,591.7999999997284,733.729586193157
20091,38.90386872080023,591.8199999997283,733.7376458794485
20092,38.90386872080023,591.8399999997283,733.7457053852139
20093,38.90386872080023,591.8599999997283,733.7537647104483
20094,38.90386872080023,591.8799999997283,733.7618238551464
20095,38.90386872080023,591.8999999997283,733.7698828193031
20096,38.90386872080023,591.9199999997282,733.7779416029133
20097,38.90386872080023,591.9399999997282,733.7860002059717
20098,38.90386872080023,591.9599999997282,733.7940586284732
20099,38.90386872080023,591.9799999997282,733.8021168704125
20100,38.84636092045803,591.9999999997282,733.8101749317847
20101,38.84636092045803,592.0199999997282,733.8182328125844
20102,38.84636092045803,592.0399999997281,733.8262905128065
20103,38.84636092045803,592.0599999997281,733.834348032446
20104,38.84636092045803,592.0799999997281,733.8424053714975
20105,38.84636092045803,592.0999999997281,733.850462529956
20106,38.84636092045803,592.1199999997281,733.8585195078161
20107,38.84636092045803,592.139999999728,733.866576305073
20108,38.84636092045803,592.159999999728,733.8746329217212
20109,38.84636092045803,592.179999999728,733.8826893577557
20110,38.84636092045803,592.199999999728,733.8907456131714
20111,38.84636092045803,592.219999999728,733.898801687963
20112,38.84636092045803,592.239999999728,733.9068575821253
20113,38.84636092045803,592.2599999997279,733.9149132956533
20114,38.84636092045803,592.2799999997279,733.9229688285417
20115,38.84636092045803,592.2999999997279,733.9310241807855
20116,38.84636092045803,592.3199999997279,733.9390793523794
20117,38.84636092045803,592.3399999997279,733.9471343433182
20118,38.84636092045803,592.3599999997278,733.955189153639
20119,38.84636092045803,592.3799999997278,733.963243783809
20120,38.84636092045803,592.3999999997278,733.9712982339164
20121,38.84636092045803,592.4199999997278,733.979352503956
20122,38.84636092045803,592.4399999997278,733.9874065939225
20123,38.84636092045803,592.4599999997278,733.9954605038109
20124,38.84636092045803,592.4799999997277,734.003514233616
20125,38.84636092045803,592.4999999997277,734.0115677833326
20126,38.84636092045803,592.5199999997277,734.0196211529554
20127,38.84636092045803,592.5399999997277,734.0276743424795
20128,38.84636092045803,592.5599999997277,734.0357273518996
20129,38.84636092045803,592.5799999997276,734.0437801812105
20130,38.84636092045803,592.5999999997276,734.0518328304072
20131,38.84636092045803,592.6199999997276,734.0598852994844
20132,38.84636092045803,592.6399999997276,734.0679375884371
20133,38.84636092045803,592.6599999997276,734.0759896972598
20134,38.84636092045803,592.6799999997276,734.0840416259477
20135,38.84636092045803,592.6999999997275,734.0920933744954
20136,38.84636092045803,592.7199999997275,734.1001449428979
20137,38.84636092045803,592.7399999997275,734.10819633115
20138,38.84636092045803,592.7599999997275,734.1162475392465
20139,38.84636092045803,592.7799999997275,734.1242985671822
20140,38.84636092045803,592.7999999997274,734.132349414952
20141,38.84636092045803,592.8199999997274,734.1404000825507
20142,38.84636092045803,592.8399999997274,734.1484505699732
20143,38.84636092045803,592.8599999997274,734.1565008772143
20144,38.84636092045803,592.8799999997274,734.1645510042688
20145,38.84636092045803,592.8999999997274,734.1726009511316
20146,38.84636092045803,592.9199999997273,734.1806507177976
20147,38.84636092045803,592.9399999997273,734.1887003042615
20148,38.84636092045803,592.9599999997273,734.1967497105182
20149,38.84636092045803,592.9799999997273,734.2047989365626
20150,38.84636092045803,592.9999999997273,734.2128479823895
20151,38.84636092045803,593.0199999997272,734.2208968479936
20152,38.84636092045803,593.0399999997272,734.2289455333699
20153,38.84636092045803,593.0599999997272,734.2369940385132
20154,38.84636092045803,593.0799999997272,734.2450423634184
20155,38.84636092045803,593.0999999997272,734.2530905080803
20156,38.84636092045803,593.1199999997272,734.2611384724937
20157,38.84636092045803,593.1399999997271,734.2691862566535
20158,38.84636092045803,593.1599999997271,734.2772338605545
20159,38.84636092045803,593.1799999997271,734.2852812841915
20160,38.84636092045803,593.1999999997271,734.2933285275593
20161,38.84636092045803,593.2199999997271,734.3013755906529
20162,38.84636092045803,593.239999999727,734.3094224734672
20163,38.84636092045803,593.259999999727,734.3174691759968
20164,38.84636092045803,593.279999999727,734.3255156982367
20165,38.84636092045803,593.299999999727,734.3335620401816
20166,38.84636092045803,593.319999999727,734.3416082018265
20167,38.84636092045803,593.339999999727,734.3496541831662
20168,38.84636092045803,593.3599999997269,734.3576999841955
20169,38.84636092045803,593.3799999997269,734.3657456049607
20170,38.84636092045803,593.3999999997269,734.3737910459793
20171,38.84636092045803,593.4199999997269,734.3818363073058
20172,38.84636092045803,593.4399999997269,734.3898813889351
20173,38.84636092045803,593.4599999997268,734.3979262908622
20174,38.84636092045803,593.4799999997268,734.4059710130817
20175,38.84636092045803,593.4999999997268,734.4140155555887
20176,38.84636092045803,593.5199999997268,734.4220599183778
20177,38.84636092045803,593.5399999997268,734.430104101444
20178,38.84636092045803,593.5599999997268,734.4381481047822
20179,38.84636092045803,593.5799999997267,734.446191928387
20180,38.84636092045803,593.5999999997267,734.4542355722533
20181,38.84636092045803,593.6199999997267,734.4622790363761
20182,38.84636092045803,593.6399999997267,734.4703223207501
20183,38.84636092045803,593.6599999997267,734.4783654253703
20184,38.84636092045803,593.6799999997266,734.4864083502314
20185,38.84636092045803,593.6999999997266,734.4944510953283
20186,38.84636092045803,593.7199999997266,734.5024936606558
20187,38.84636092045803,593.7399999997266,734.5105360462088
20188,38.84636092045803,593.7599999997266,734.5185782519821
20189,38.84636092045803,593.7799999997266,734.5266202779707
20190,38.84636092045803,593.7999999997265,734.5346621241692
20191,38.84636092045803,593.8199999997265,734.5427037905727
20192,38.84636092045803,593.8399999997265,734.5507452771758
20193,38.84636092045803,593.8599999997265,734.5587865839735
20194,38.84636092045803,593.8799999997265,734.5668277109606
20195,38.84636092045803,593.8999999997264,734.574868658132
20196,38.84636092045803,593.9199999997264,734.5829094254824
20197,38.84636092045803,593.9399999997264,734.5909500130068
20198,38.84636092045803,593.9599999997264,734.5989904206999
20199,38.84636092045803,593.9799999997264,734.6070306485567
20200,38.84636092045803,593.9999999997264,734.6150706965719
20201,38.84636092045803,594.0199999997263,734.6231105647405
20202,38.84636092045803,594.0399999997263,734.6311502530573
20203,38.84636092045803,594.0599999997263,734.6391897615171
20204,38.84636092045803,594.0799999997263,734.6472290901147
20205,38.84636092045803,594.0999999997263,734.655268238845
20206,38.84636092045803,594.1199999997262,734.6633072077028
20207,38.84636092045803,594.1399999997262,734.671345996683
20208,38.84636092045803,594.1599999997262,734.6793846057806
20209,38.84636092045803,594.1799999997262,734.6874230349902
20210,38.84636092045803,594.1999999997262,734.6954612843067
20211,38.84636092045803,594.2199999997262,734.703499353725
20212,38.84636092045803,594.2399999997261,734.7115372432398
20213,38.84636092045803,594.2599999997261,734.7195749528462
20214,38.84636092045803,594.2799999997261,734.7276124825389
20215,38.84636092045803,594.2999999997261,734.7356498323128
20216,38.84636092045803,594.3199999997261,734.7436870021627
20217,38.84636092045803,594.339999999726,734.7517239920834
20218,38.84636092045803,594.359999999726,734.7597608020698
20219,38.84636092045803,594.379999999726,734.7677974321167
20220,38.84636092045803,594.399999999726,734.7758338823047
20221,38.84636092045803,594.419999999726,734.7838701531468
20222,38.84636092045803,594.439999999726,734.7919062446861
20223,38.84636092045803,594.4599999997259,734.7999421569172
20224,38.84636092045803,594.4799999997259,734.807977889835
20225,38.84636092045803,594.4999999997259,734.8160134434344
20226,38.84636092045803,594.5199999997259,734.8240488177101
20227,38.84636092045803,594.5399999997259,734.8320840126571
20228,38.84636092045803,594.5599999997258,734.8401190282701
20229,38.84636092045803,594.5799999997258,734.8481538645441
20230,38.84636092045803,594.5999999997258,734.8561885214738
20231,38.84636092045803,594.6199999997258,734.8642229990539
20232,38.84636092045803,594.6399999997258,734.8722572972795
20233,38.84636092045803,594.6599999997258,734.8802914161452
20234,38.84636092045803,594.6799999997257,734.8883253556459
20235,38.84636092045803,594.6999999997257,734.8963591157765
20236,38.84636092045803,594.7199999997257,734.9043926965318
20237,38.84636092045803,594.7399999997257,734.9124260979065
20238,38.84636092045803,594.7599999997257,734.9204593198956
20239,38.84636092045803,594.7799999997256,734.9284923624938
20240,38.84636092045803,594.7999999997256,734.9365252256961
20241,38.84636092045803,594.8199999997256,734.9445579094971
20242,38.84636092045803,594.8399999997256,734.9525904138918
20243,38.84636092045803,594.8599999997256,734.960622738875
20244,38.84636092045803,594.8799999997256,734.9686548844415
20245,38.84636092045803,594.8999999997255,734.9766868505862
20246,38.84636092045803,594.9199999997255,734.9847186373039
20247,38.84636092045803,594.9399999997255,734.9927502445893
20248,38.84636092045803,594.9599999997255,735.0007816724374
20249,38.84636092045803,594.9799999997255,735.0088129208428
20250,38.84636092045803,594.9999999997254,735.0168439898007
20251,38.84636092045803,595.0199999997254,735.0248748793057
20252,38.84636092045803,595.0399999997254,735.0329055893526
20253,38.84636092045803,595.0599999997254,735.0409361199363
20254,38.84636092045803,595.0799999997254,735.0489664710516
20255,38.84636092045803,595.0999999997254,735.0569966426933
20256,38.84636092045803,595.1199999997253,735.0650266348564
20257,38.84636092045803,595.1399999997253,735.0730564475356
20258,38.84636092045803,595.1599999997253,735.0810860807256
20259,38.84636092045803,595.1799999997253,735.0891155344215
20260,38.84636092045803,595.1999999997253,735.0971448086179
20261,38.84636092045803,595.2199999997252,735.1051739033098
20262,38.84636092045803,595.2399999997252,735.113202818492
20263,38.84636092045803,595.2599999997252,735.1212315541593
20264,38.84636092045803,595.2799999997252,735.1292601103065
20265,38.84636092045803,595.2999999997252,735.1372884869285
20266,38.84636092045803,595.3199999997252,735.14531668402
20267,38.7889946609272,595.3399999997251,735.1533447015761
20268,38.7889946609272,595.3599999997251,735.1613725395913
20269,38.7889946609272,595.3799999997251,735.1694001980607
20270,38.7889946609272,595.3999999997251,735.1774276769789
20271,38.7889946609272,595.4199999997251,735.18545497646
20272,38.7889946609272,595.439999999725,735.1934820969672
20273,38.7889946609272,595.459999999725,735.2015090385338
20274,38.7889946609272,595.479999999725,735.209535801155
20275,38.7889946609272,595.499999999725,735.2175623848254
20276,38.7889946609272,595.519999999725,735.2255887895402
20277,38.7889946609272,595.539999999725,735.233615015294
20278,38.7889946609272,595.5599999997249,735.2416410620818
20279,38.7889946609272,595.5799999997249,735.2496669298986
20280,38.7889946609272,595.5999999997249,735.257692618739
20281,38.7889946609272,595.6199999997249,735.2657181285981
20282,38.7889946609272,595.6399999997249,735.2737434594708
20283,38.7889946609272,595.6599999997248,735.2817686113518
20284,38.7889946609272,595.6799999997248,735.2897935842361
20285,38.7889946609272,595.6999999997248,735.2978183781186
20286,38.7889946609272,595.7199999997248,735.305842992994
20287,38.7889946609272,595.7399999997248,735.3138674288574
20288,38.7889946609272,595.7599999997248,735.3218916857037
20289,38.7889946609272,595.7799999997247,735.3299157635277
20290,38.7889946609272,595.7999999997247,735.3379396623242
20291,38.7889946609272,595.8199999997247,735.3459633820881
20292,38.7889946609272,595.8399999997247,735.3539869228144
20293,38.7889946609272,595.8599999997247,735.362010284498
20294,38.7889946609272,595.8799999997246,735.3700334671336
20295,38.7889946609272,595.8999999997246,735.3780564707162
20296,38.7889946609272,595.9199999997246,735.3860792952406
20297,38.7889946609272,595.9399999997246,735.3941019407018
20298,38.7889946609272,595.9599999997246,735.4021244070946
20299,38.7889946609272,595.9799999997246,735.4101466944138
20300,38.7889946609272,595.9999999997245,735.4181688026545
20301,38.7889946609272,596.0199999997245,735.4261907318114
20302,38.7889946609272,596.0399999997245,735.4342124818795
20303,38.7889946609272,596.0599999997245,735.4422340528537
20304,38.7889946609272,596.0799999997245,735.4502554447288
20305,38.7889946609272,596.0999999997244,735.4582766574997
20306,38.7889946609272,596.1199999997244,735.4662976911612
20307,38.7889946609272,596.1399999997244,735.4743185457083
20308,38.7889946609272,596.1599999997244,735.4823392211359
20309,38.7889946609272,596.1799999997244,735.4903597174389
20310,38.7889946609272,596.1999999997244,735.4983800346121
20311,38.7889946609272,596.2199999997243,735.5064001726503
20312,38.7889946609272,596.2399999997243,735.5144201315485
20313,38.7889946609272,596.2599999997243,735.5224399113016
20314,38.7889946609272,596.2799999997243,735.5304595119045
20315,38.7889946609272,596.2999999997243,735.538478933352
20316,38.7889946609272,596.3199999997242,735.546498175639
20317,38.7889946609272,596.3399999997242,735.5545172387605
20318,38.7889946609272,596.3599999997242,735.5625361227112
20319,38.7889946609272,596.3799999997242,735.5705548274861
20320,38.7889946609272,596.3999999997242,735.5785733530802
20321,38.7889946609272,596.4199999997242,735.5865916994882
20322,38.7889946609272,596.4399999997241,735.5946098668577
20323,38.7889946609272,596.4599999997241,735.602627855613
20324,38.7889946609272,596.4799999997241,735.6106456657799
20325,38.7889946609272,596.4999999997241,735.6186632973531
20326,38.7889946609272,596.5199999997241,735.6266807503275
20327,38.7889946609272,596.539999999724,735.634698024698
20328,38.7889946609272,596.559999999724,735.6427151204593
20329,38.7889946609272,596.579999999724,735.6507320376065
20330,38.7889946609272,596.599999999724,735.6587487761343
20331,38.7889946609272,596.619999999724,735.6667653360377
20332,38.7889946609272,596.639999999724,735.6747817173114
20333,38.7889946609272,596.6599999997239,735.6827979199503
20334,38.7889946609272,596.6799999997239,735.6908139439494
20335,38.7889946609272,596.6999999997239,735.6988297893034
20336,38.7889946609272,596.7199999997239,735.7068454560074
20337,38.7889946609272,596.7399999997239,735.714860944056
20338,38.7889946609272,596.7599999997238,735.7228762534443
20339,38.7889946609272,596.7799999997238,735.730891384167
20340,38.7889946609272,596.7999999997238,735.738906336219
20341,38.7889946609272,596.8199999997238,735.7469211095952
20342,38.7889946609272,596.8399999997238,735.7549357042903
20343,38.7889946609272,596.8599999997238,735.7629501202995
20344,38.7889946609272,596.8799999997237,735.7709643576173
20345,38.7889946609272,596.8999999997237,735.7789784162388
20346,38.7889946609272,596.9199999997237,735.7869922961589
20347,38.7889946609272,596.9399999997237,735.7950059973723
20348,38.7889946609272,596.9599999997237,735.8030195198739
20349,38.7889946609272,596.9799999997236,735.8110328636587
20350,38.7889946609272,596.9999999997236,735.8190460287215
20351,38.7889946609272,597.0199999997236,735.8270590150571
20352,38.7889946609272,597.0399999997236,735.8350718226604
20353,38.7889946609272,597.0599999997236,735.8430844515264
20354,38.7889946609272,597.0799999997236,735.8510969016497
20355,38.7889946609272,597.0999999997235,735.8591091730254
20356,38.7889946609272,597.1199999997235,735.8671212656483
20357,38.7889946609272,597.1399999997235,735.8751331795132
20358,38.7889946609272,597.1599999997235,735.8831449146151
20359,38.7889946609272,597.1799999997235,735.8911564709487
20360,38.7889946609272,597.1999999997234,735.8991678485089
20361,38.7889946609272,597.2199999997234,735.9071790472907
20362,38.7889946609272,597.2399999997234,735.9151900672889
20363,38.7889946609272,597.2599999997234,735.9232009084983
20364,38.7889946609272,597.2799999997234,735.9312115709139
20365,38.7889946609272,597.2999999997234,735.9392220545304
20366,38.7889946609272,597.3199999997233,735.9472323593428
20367,38.7889946609272,597.3399999997233,735.9552424853459
20368,38.7889946609272,597.3599999997233,735.9632524325347
20369,38.7889946609272,597.3799999997233,735.9712622009039
20370,38.7889946609272,597.3999999997233,735.9792717904485
20371,38.7889946609272,597.4199999997232,735.9872812011632
20372,38.7889946609272,597.4399999997232,735.995290433043
20373,38.7889946609272,597.4599999997232,736.0032994862755
20374,38.7889946609272,597.4799999997232,736.011308361264
20375,38.7889946609272,597.4999999997232,736.0193170580274
20376,38.7889946609272,597.5199999997232,736.0273255765604
20377,38.7889946609272,597.5399999997231,736.0353339168581
20378,38.7889946609272,597.5599999997231,736.0433420789153
20379,38.7889946609272,597.5799999997231,736.0513500627269
20380,38.7889946609272,597.5999999997231,736.0593578682877
20381,38.7889946609272,597.6199999997231,736.0673654955926
20382,38.7889946609272,597.639999999723,736.0753729446366
20383,38.7889946609272,597.659999999723,736.0833802154143
20384,38.7889946609272,597.679999999723,736.0913873079207
20385,38.7889946609272,597.699999999723,736.0993942221507
20386,38.7889946609272,597.719999999723,736.1074009580992
20387,38.7889946609272,597.739999999723,736.115407515761
20388,38.7889946609272,597.7599999997229,736.1234138951311
20389,38.7889946609272,597.7799999997229,736.1314200962041
20390,38.7889946609272,597.7999999997229,736.1394261189752
20391,38.7889946609272,597.8199999997229,736.147431963439
20392,38.7889946609272,597.8399999997229,736.1554376295904
20393,38.7889946609272,597.8599999997228,736.1634431174245
20394,38.7889946609272,597.8799999997228,736.1714484269361
20395,38.7889946609272,597.8999999997228,736.1794535581199
20396,38.7889946609272,597.9199999997228,736.1874585109708
20397,38.7889946609272,597.9399999997228,736.1954632854838
20398,38.7889946609272,597.9599999997228,736.2034678816538
20399,38.7889946609272,597.9799999997227,736.2114722994754
20400,38.7889946609272,597.9999999997227,736.2194765389438
20401,38.7889946609272,598.0199999997227,736.2274806000537
20402,38.7889946609272,598.0399999997227,736.2354844828
20403,38.7889946609272,598.0599999997227,736.2434881871775
20404,38.7889946609272,598.0799999997226,736.2514917131812
20405,38.7889946609272,598.0999999997226,736.2594950608059
20406,38.7889946609272,598.1199999997226,736.2674982300465
20407,38.7889946609272,598.1399999997226,736.2755012208979
20408,38.7889946609272,598.1599999997226,736.2835040333549
20409,38.7889946609272,598.1799999997226,736.2915066674125
20410,38.7889946609272,598.1999999997225,736.2995091230654
20411,38.7889946609272,598.2199999997225,736.3075114003085
20412,38.7889946609272,598.2399999997225,736.3155134991368
20413,38.7889946609272,598.2599999997225,736.3235154195452
20414,38.7889946609272,598.2799999997225,736.3315171615284
20415,38.7889946609272,598.2999999997224,736.3395187250813
20416,38.7889946609272,598.3199999997224,736.3475201101988
20417,38.7889946609272,598.3399999997224,736.3555213168759
20418,38.7889946609272,598.3599999997224,736.3635223451073
20419,38.7889946609272,598.3799999997224,736.3715231948879
20420,38.7889946609272,598.3999999997224,736.3795238662127
20421,38.7889946609272,598.4199999997223,736.3875243590765
20422,38.7889946609272,598.4399999997223,736.395524673474
20423,38.7889946609272,598.4599999997223,736.4035248094004
20424,38.7889946609272,598.4799999997223,736.411524767089
20425,38.7889946609272,598.4999999997223,736.4195245469285
20426,38.7889946609272,598.5199999997222,736.4275241489313
20427,38.7889946609272,598.5399999997222,736.435523573092
20428,38.7889946609272,598.5599999997222,736.4435228194058
20429,38.7889946609272,598.5799999997222,736.4515218878672
20430,38.7889946609272,598.5999999997222,736.4595207784714
20431,38.7889946609272,598.6199999997222,736.4675194912131
20432,38.7889946609272,598.6399999997221,736.4755180260872
20433,38.7889946609272,598.6599999997221,736.4835163830886
20434,38.7889946609272,598.6799999997221,736.4915145622122
20435,38.73176945497408,598.6999999997221,736.4995125634528
20436,38.73176945497408,598.7199999997221,736.5075103868053
20437,38.73176945497408,598.739999999722,736.5155080322646
20438,38.73176945497408,598.759999999722,736.5235054998257
20439,38.73176945497408,598.779999999722,736.5315027894833
20440,38.73176945497408,598.799999999722,736.5394999012324
20441,38.73176945497408,598.819999999722,736.5474968350677
20442,38.73176945497408,598.839999999722,736.5554935909843
20443,38.73176945497408,598.8599999997219,736.5634901689768
20444,38.73176945497408,598.8799999997219,736.5714865690404
20445,38.73176945497408,598.8999999997219,736.5794827911698
20446,38.73176945497408,598.9199999997219,736.5874788353599
20447,38.73176945497408,598.9399999997219,736.5954747016056
20448,38.73176945497408,598.9599999997218,736.6034703899016
20449,38.73176945497408,598.9799999997218,736.611465900243
20450,38.73176945497408,598.9999999997218,736.6194612326248
20451,38.73176945497408,599.0199999997218,736.6274563870415
20452,38.73176945497408,599.0399999997218,736.6354513634883
20453,38.73176945497408,599.0599999997218,736.6434461619599
20454,38.73176945497408,599.0799999997217,736.6514407824512
20455,38.73176945497408,599.0999999997217,736.6594352249572
20456,38.73176945497408,599.1199999997217,736.6674294894726
20457,38.73176945497408,599.1399999997217,736.6754235759925
20458,38.73176945497408,599.1599999997217,736.6834174845114
20459,38.73176945497408,599.1799999997216,736.6914112150246
20460,38.73176945497408,599.1999999997216,736.6994047675267
20461,38.73176945497408,599.2199999997216,736.7073981420128
20462,38.73176945497408,599.2399999997216,736.7153913384776
20463,38.73176945497408,599.2599999997216,736.7233843569161
20464,38.73176945497408,599.2799999997216,736.731377197323
20465,38.73176945497408,599.2999999997215,736.7393698596934
20466,38.73176945497408,599.3199999997215,736.747362344022
20467,38.73176945497408,599.3399999997215,736.7553546503038
20468,38.73176945497408,599.3599999997215,736.7633467785337
20469,38.73176945497408,599.3799999997215,736.7713387287065
20470,38.73176945497408,599.3999999997214,736.7793305008171
20471,38.73176945497408,599.4199999997214,736.7873220948603
20472,38.73176945497408,599.4399999997214,736.7953135108311
20473,38.73176945497408,599.4599999997214,736.8033047487244
20474,38.73176945497408,599.4799999997214,736.811295808535
20475,38.73176945497408,599.4999999997214,736.8192866905075
20476,38.73176945497408,599.5199999997213,736.8272773949647
20477,38.73176945497408,599.5399999997213,736.8352679219098
20478,38.73176945497408,599.5599999997213,736.843258271338
20479,38.73176945497408,599.5799999997213,736.8512484432439
20480,38.73176945497408,599.5999999997213,736.8592384376226
20481,38.73176945497408,599.6199999997212,736.8672282544688
20482,38.73176945497408,599.6399999997212,736.8752178937775
20483,38.73176945497408,599.6599999997212,736.8832073555436
20484,38.73176945497408,599.6799999997212,736.8911966397619
20485,38.73176945497408,599.6999999997212,736.8991857464273
20486,38.73176945497408,599.7199999997212,736.9071746755347
20487,38.73176945497408,599.7399999997211,736.915163427079
20488,38.73176945497408,599.7599999997211,736.9231520010551
20489,38.73176945497408,599.7799999997211,736.9311403974577
20490,38.73176945497408,599.7999999997211,736.939128616282
20491,38.73176945497408,599.8199999997211,736.9471166575227
20492,38.73176945497408,599.839999999721,736.9551045211746
20493,38.73176945497408,599.859999999721,736.9630922072326
20494,38.73176945497408,599.879999999721,736.9710797156918
20495,38.73176945497408,599.899999999721,736.9790670465468
20496,38.73176945497408,599.919999999721,736.9870541997926
20497,38.73176945497408,599.939999999721,736.9950411754241
20498,38.73176945497408,599.9599999997209,737.0030279734362
20499,38.73176945497408,599.9799999997209,737.0110145938238
20500,38.73176945497408,599.9999999997209,737.0190010365817
20501,38.73176945497408,600.0199999997209,737.0269873017048
20502,38.73176945497408,600.0399999997209,737.034973389188
20503,38.73176945497408,600.0599999997208,737.0429592990263
20504,38.73176945497408,600.0799999997208,737.0509450312144
20505,38.73176945497408,600.0999999997208,737.0589305857472
20506,38.73176945497408,600.1199999997208,737.0669159626198
20507,38.73176945497408,600.1399999997208,737.0749011618268
20508,38.73176945497408,600.1599999997208,737.0828861833631
20509,38.73176945497408,600.1799999997207,737.0908710272238
20510,38.73176945497408,600.1999999997207,737.0988556934036
20511,38.73176945497408,600.2199999997207,737.1068401818975
20512,38.73176945497408,600.2399999997207,737.1148244927003
20513,38.73176945497408,600.2599999997207,737.122808625807
20514,38.73176945497408,600.2799999997206,737.1307925812123
20515,38.73176945497408,600.2999999997206,737.1387763589112
20516,38.73176945497408,600.3199999997206,737.1467599588985
20517,38.73176945497408,600.3399999997206,737.1547433811693
20518,38.73176945497408,600.3599999997206,737.1627266257183
20519,38.73176945497408,600.3799999997206,737.1707096925403
20520,38.73176945497408,600.3999999997205,737.1786925816303
20521,38.73176945497408,600.4199999997205,737.1866752929833
20522,38.73176945497408,600.4399999997205,737.194657826594
20523,38.73176945497408,600.4599999997205,737.2026401824575
20524,38.73176945497408,600.4799999997205,737.2106223605683
20525,38.73176945497408,600.4999999997204,737.2186043609216
20526,38.73176945497408,600.5199999997204,737.2265861838098
20527,38.73176945497408,600.5399999997204,737.2345678295416
20528,38.73176945497408,600.5599999997204,737.2425492981138
20529,38.73176945497408,600.5799999997204,737.2505305895212
20530,38.73176945497408,600.5999999997204,737.2585117037588
20531,38.73176945497408,600.6199999997203,737.2664926408214
20532,38.73176945497408,600.6399999997203,737.274473400704
20533,38.73176945497408,600.6599999997203,737.2824539834013
20534,38.73176945497408,600.6799999997203,737.2904343889082
20535,38.73176945497408,600.6999999997203,737.2984146172198
20536,38.73176945497408,600.7199999997202,737.3063946683308
20537,38.73176945497408,600.7399999997202,737.3143745422361
20538,38.73176945497408,600.7599999997202,737.3223542389306
20539,38.73176945497408,600.7799999997202,737.3303337584093
20540,38.73176945497408,600.7999999997202,737.3383131006669
20541,38.73176945497408,600.8199999997202,737.3462922656985
20542,38.73176945497408,600.8399999997201,737.3542712534987
20543,38.73176945497408,600.8599999997201,737.3622500640627
20544,38.73176945497408,600.8799999997201,737.3702286973851
20545,38.73176945497408,600.8999999997201,737.378207153461
20546,38.73176945497408,600.9199999997201,737.3861854322852
20547,38.73176945497408,600.93999999972,737.3941635338525
20548,38.73176945497408,600.95999999972,737.402141458158
20549,38.73176945497408,600.97999999972,737.4101192051963
20550,38.73176945497408,600.99999999972,737.4180967749626
20551,38.73176945497408,601.01999999972,737.4260741674516
20552,38.73176945497408,601.03999999972,737.4340513826583
20553,38.73176945497408,601.0599999997199,737.4420284205773
20554,38.73176945497408,601.0799999997199,737.4500052812039
20555,38.73176945497408,601.0999999997199,737.4579819645327
20556,38.73176945497408,601.1199999997199,737.4659584705587
20557,38.73176945497408,601.1399999997199,737.4739347992767
20558,38.73176945497408,601.1599999997198,737.4819109506816
20559,38.73176945497408,601.1799999997198,737.4898869247684
20560,38.73176945497408,601.1999999997198,737.4978627215319
20561,38.73176945497408,601.2199999997198,737.505838340967
20562,38.73176945497408,601.2399999997198,737.5138137830686
20563,38.73176945497408,601.2599999997198,737.5217890478316
20564,38.73176945497408,601.2799999997197,737.5297641352508
20565,38.73176945497408,601.2999999997197,737.5377390453212
20566,38.73176945497408,601.3199999997197,737.5457137780377
20567,38.73176945497408,601.3399999997197,737.553688333395
20568,38.73176945497408,601.3599999997197,737.5616627113882
20569,38.73176945497408,601.3799999997196,737.5696369120121
20570,38.73176945497408,601.3999999997196,737.5776109352616
20571,38.73176945497408,601.4199999997196,737.5855847811316
20572,38.73176945497408,601.4399999997196,737.5935584496169
20573,38.73176945497408,601.4599999997196,737.6015319407126
20574,38.73176945497408,601.4799999997196,737.6095052544133
20575,38.73176945497408,601.4999999997195,737.6174783907142
20576,38.73176945497408,601.5199999997195,737.6254513496156
20577,38.73176945497408,601.5399999997195,737.6334241314541
20578,38.73176945497408,601.5599999997195,737.6413967365158
20579,38.73176945497408,601.5799999997195,737.6493691647955
20580,38.73176945497408,601.5999999997194,737.6573414162882
20581,38.73176945497408,601.6199999997194,737.6653134909886
20582,38.73176945497408,601.6399999997194,737.6732853888918
20583,38.73176945497408,601.6599999997194,737.6812571099925
20584,38.73176945497408,601.6799999997194,737.6892286542858
20585,38.73176945497408,601.6999999997194,737.6972000217664
20586,38.73176945497408,601.7199999997193,737.7051712124293
20587,38.73176945497408,601.7399999997193,737.7131422262693
20588,38.73176945497408,601.7599999997193,737.7211130632813
20589,38.73176945497408,601.7799999997193,737.7290837234603
20590,38.73176945497408,601.7999999997193,737.7370542068012
20591,38.73176945497408,601.8199999997192,737.7450245132987
20592,38.73176945497408,601.8399999997192,737.7529946429479
20593,38.73176945497408,601.8599999997192,737.7609645957435
20594,38.73176945497408,601.8799999997192,737.7689343716805
20595,38.73176945497408,601.8999999997192,737.7769039707538
20596,38.73176945497408,601.9199999997192,737.7848733929582
20597,38.73176945497408,601.9399999997191,737.7928426382887
20598,38.73176945497408,601.9599999997191,737.8008117067401
20599,38.73176945497408,601.9799999997191,737.8087805983073
20600,38.73176945497408,601.9999999997191,737.8167493129853
20601,38.73176945497408,602.0199999997191,737.8247178507688
20602,38.73176945497408,602.039999999719,737.8326862116529
20603,38.73176945497408,602.059999999719,737.8406543956323
20604,38.674684817519356,602.079999999719,737.8486224027021
20605,38.674684817519356,602.099999999719,737.856590232857
20606,38.674684817519356,602.119999999719,737.864557886092
20607,38.674684817519356,602.139999999719,737.872525362402
20608,38.674684817519356,602.1599999997189,737.8804926617818
20609,38.674684817519356,602.1799999997189,737.8884597842263
20610,38.674684817519356,602.1999999997189,737.8964267297305
20611,38.674684817519356,602.2199999997189,737.9043934982892
20612,38.674684817519356,602.2399999997189,737.9123600898973
20613,38.674684817519356,602.2599999997188,737.9203265045497
20614,38.674684817519356,602.2799999997188,737.9282927422413
20615,38.674684817519356,602.2999999997188,737.936258802967
20616,38.674684817519356,602.3199999997188,737.9442246867217
20617,38.674684817519356,602.3399999997188,737.9521903935002
20618,38.674684817519356,602.3599999997188,737.9601559232976
20619,38.674684817519356,602.3799999997187,737.9681212761086
20620,38.674684817519356,602.3999999997187,737.9760864519282
20621,38.674684817519356,602.4199999997187,737.9840514507512
20622,38.674684817519356,602.4399999997187,737.9920162725725
20623,38.674684817519356,602.4599999997187,737.9999809173871
20624,38.674684817519356,602.4799999997186,738.0079453851898
20625,38.674684817519356,602.4999999997186,738.0159096759755
20626,38.674684817519356,602.5199999997186,738.0238737897391
20627,38.674684817519356,602.5399999997186,738.0318377264874
20628,38.674684817519356,602.5599999997186,738.0398014865517
20629,38.674684817519356,602.5799999997186,738.0477650701562
20630,38.674684817519356,602.5999999997185,738.0557284772957
20631,38.674684817519356,602.6199999997185,738.0636917079652
20632,38.674684817519356,602.6399999997185,738.0716547621596
20633,38.674684817519356,602.6599999997185,738.0796176398737
20634,38.674684817519356,602.6799999997185,738.0875803411025
20635,38.674684817519356,602.6999999997184,738.0955428658407
20636,38.674684817519356,602.7199999997184,738.1035052140834
20637,38.674684817519356,602.7399999997184,738.1114673858254
20638,38.674684817519356,602.7599999997184,738.1194293810617
20639,38.674684817519356,602.7799999997184,738.127391199787
20640,38.674684817519356,602.7999999997184,738.1353528419963
20641,38.674684817519356,602.8199999997183,738.1433143076846
20642,38.674684817519356,602.8399999997183,738.1512755968466
20643,38.674684817519356,602.8599999997183,738.1592367094773
20644,38.674684817519356,602.8799999997183,738.1671976455716
20645,38.674684817519356,602.8999999997183,738.1751584051243
20646,38.674684817519356,602.9199999997182,738.1831189881304
20647,38.674684817519356,602.9399999997182,738.1910793945848
20648,38.674684817519356,602.9599999997182,738.1990396244823
20649,38.674684817519356,602.9799999997182,738.2069996778179
20650,38.674684817519356,602.9999999997182,738.2149595545864
20651,38.674684817519356,603.0199999997182,738.2229192547827
20652,38.674684817519356,603.0399999997181,738.2308787784018
20653,38.674684817519356,603.0599999997181,738.2388381254385
20654,38.674684817519356,603.0799999997181,738.2467972958877
20655,38.674684817519356,603.0999999997181,738.2547562897444
20656,38.674684817519356,603.1199999997181,738.2627151070033
20657,38.674684817519356,603.139999999718,738.2706737476594
20658,38.674684817519356,603.159999999718,738.2786322117076
20659,38.674684817519356,603.179999999718,738.2865904991429
20660,38.674684817519356,603.199999999718,738.2945486099601
20661,38.674684817519356,603.219999999718,738.3025065441541
20662,38.674684817519356,603.239999999718,738.3104643017198
20663,38.674684817519356,603.2599999997179,738.318421882652
20664,38.674684817519356,603.2799999997179,738.3263792869458
20665,38.674684817519356,603.2999999997179,738.3343365145959
20666,38.674684817519356,603.3199999997179,738.3422935655972
20667,38.674684817519356,603.3399999997179,738.3502504399447
20668,38.674684817519356,603.3599999997178,738.3582071376334
20669,38.674684817519356,603.3799999997178,738.3661636586579
20670,38.674684817519356,603.3999999997178,738.3741200030133
20671,38.674684817519356,603.4199999997178,738.3820761706945
20672,38.674684817519356,603.4399999997178,738.3900321616964
20673,38.674684817519356,603.4599999997178,738.3979879760137
20674,38.674684817519356,603.4799999997177,738.4059436136415
20675,38.674684817519356,603.4999999997177,738.4138990745747
20676,38.674684817519356,603.5199999997177,738.4218543588081
20677,38.674684817519356,603.5399999997177,738.4298094663367
20678,38.674684817519356,603.5599999997177,738.4377643971749
20679,38.674684817519356,603.5799999997176,738.4457191516972
20680,38.674684817519356,603.5999999997176,738.4536737301022
20681,38.674684817519356,603.6199999997176,738.4616281323849
20682,38.674684817519356,603.6399999997176,738.4695823585403
20683,38.674684817519356,603.6599999997176,738.4775364085631
20684,38.674684817519356,603.6799999997176,738.4854902824483
20685,38.674684817519356,603.6999999997175,738.4934439801907
20686,38.674684817519356,603.7199999997175,738.5013975017854
20687,38.674684817519356,603.7399999997175,738.5093508472272
20688,38.674684817519356,603.7599999997175,738.5173040165109
20689,38.674684817519356,603.7799999997175,738.5252570096316
20690,38.674684817519356,603.7999999997174,738.533209826584
20691,38.674684817519356,603.8199999997174,738.541162467363
20692,38.674684817519356,603.8399999997174,738.5491149319638
20693,38.674684817519356,603.8599999997174,738.557067220381
20694,38.674684817519356,603.8799999997174,738.5650193326096
20695,38.674684817519356,603.8999999997174,738.5729712686446
20696,38.674684817519356,603.9199999997173,738.5809230284807
20697,38.674684817519356,603.9399999997173,738.5888746121129
20698,38.674684817519356,603.9599999997173,738.5968260195361
20699,38.674684817519356,603.9799999997173,738.6047772507452
20700,38.674684817519356,603.9999999997173,738.6127283057351
20701,38.674684817519356,604.0199999997172,738.6206791845007
20702,38.674684817519356,604.0399999997172,738.6286298870368
20703,38.674684817519356,604.0599999997172,738.6365804133385
20704,38.674684817519356,604.0799999997172,738.6445307634006
20705,38.674684817519356,604.0999999997172,738.6524809372179
20706,38.674684817519356,604.1199999997172,738.6604309347855
20707,38.674684817519356,604.1399999997171,738.6683807560981
20708,38.674684817519356,604.1599999997171,738.6763304011508
20709,38.674684817519356,604.1799999997171,738.6842798699385
20710,38.674684817519356,604.1999999997171,738.6922291624559
20711,38.674684817519356,604.2199999997171,738.700178278698
20712,38.674684817519356,604.239999999717,738.7081272186598
20713,38.674684817519356,604.259999999717,738.7160759823361
20714,38.674684817519356,604.279999999717,738.7240245697218
20715,38.674684817519356,604.299999999717,738.7319729808119
20716,38.674684817519356,604.319999999717,738.7399212156012
20717,38.674684817519356,604.339999999717,738.7478692740846
20718,38.674684817519356,604.3599999997169,738.755817156257
20719,38.674684817519356,604.3799999997169,738.7637648621134
20720,38.674684817519356,604.3999999997169,738.7717123916486
20721,38.674684817519356,604.4199999997169,738.7796597448577
20722,38.674684817519356,604.4399999997169,738.7876069217353
20723,38.674684817519356,604.4599999997168,738.7955539222766
20724,38.674684817519356,604.4799999997168,738.8035007464762
20725,38.674684817519356,604.4999999997168,738.8114473943292
20726,38.674684817519356,604.5199999997168,738.8193938658304
20727,38.674684817519356,604.5399999997168,738.8273401609748
20728,38.674684817519356,604.5599999997168,738.8352862797573
20729,38.674684817519356,604.5799999997167,738.8432322222004
20730,38.674684817519356,604.5999999997167,738.8511779887224
20731,38.674684817519356,604.6199999997167,738.8591235794926
20732,38.674684817519356,604.6399999997167,738.867068994506
20733,38.674684817519356,604.6599999997167,738.8750142337574
20734,38.674684817519356,604.6799999997166,738.8829592972418
20735,38.674684817519356,604.6999999997166,738.890904184954
20736,38.674684817519356,604.7199999997166,738.898848896889
20737,38.674684817519356,604.7399999997166,738.9067934330417
20738,38.674684817519356,604.7599999997166,738.9147377934069
20739,38.674684817519356,604.7799999997166,738.9226819779794
20740,38.674684817519356,604.7999999997165,738.9306259867544
20741,38.674684817519356,604.8199999997165,738.9385698197267
20742,38.674684817519356,604.8399999997165,738.946513476891
20743,38.674684817519356,604.8599999997165,738.9544569582424
20744,38.674684817519356,604.8799999997165,738.9624002637757
20745,38.674684817519356,604.8999999997164,738.970343393486
20746,38.674684817519356,604.9199999997164,738.978286347368
20747,38.674684817519356,604.9399999997164,738.9862291254166
20748,38.674684817519356,604.9599999997164,738.9941717276267
20749,38.674684817519356,604.9799999997164,739.0021141539934
20750,38.674684817519356,604.9999999997164,739.0100564045114
20751,38.674684817519356,605.0199999997163,739.0179984791756
20752,38.674684817519356,605.0399999997163,739.025940377981
20753,38.674684817519356,605.0599999997163,739.0338821009225
20754,38.674684817519356,605.0799999997163,739.0418236479949
20755,38.674684817519356,605.0999999997163,739.0497650191932
20756,38.674684817519356,605.1199999997162,739.0577062145122
20757,38.674684817519356,605.1399999997162,739.065647233947
20758,38.674684817519356,605.1599999997162,739.0735880774922
20759,38.674684817519356,605.1799999997162,739.0815287451429
20760,38.674684817519356,605.1999999997162,739.089469236894
20761,38.674684817519356,605.2199999997162,739.0974095527404
20762,38.674684817519356,605.2399999997161,739.1053496926769
20763,38.674684817519356,605.2599999997161,739.1132896566985
20764,38.674684817519356,605.2799999997161,739.1212294448001
20765,38.674684817519356,605.2999999997161,739.1291690569765
20766,38.674684817519356,605.3199999997161,739.1371084932227
20767,38.674684817519356,605.339999999716,739.1450477535336
20768,38.674684817519356,605.359999999716,739.1529868379041
20769,38.674684817519356,605.379999999716,739.1609257463291
20770,38.674684817519356,605.399999999716,739.1688644788035
20771,38.674684817519356,605.419999999716,739.1768030353221
20772,38.674684817519356,605.439999999716,739.18474141588
20773,38.61774026562639,605.4599999997159,739.192679620472
20774,38.61774026562639,605.4799999997159,739.2006176490929
20775,38.61774026562639,605.4999999997159,739.2085555017378
20776,38.61774026562639,605.5199999997159,739.2164931784015
20777,38.61774026562639,605.5399999997159,739.2244306790789
20778,38.61774026562639,605.5599999997158,739.2323680037649
20779,38.61774026562639,605.5799999997158,739.2403051524544
20780,38.61774026562639,605.5999999997158,739.2482421251751
20781,38.61774026562639,605.6199999997158,739.2561789223449
20782,38.61774026562639,605.6399999997158,739.2641155440874
20783,38.61774026562639,605.6599999997158,739.2720519903974
20784,38.61774026562639,605.6799999997157,739.2799882612699
20785,38.61774026562639,605.6999999997157,739.2879243566998
20786,38.61774026562639,605.7199999997157,739.2958602766821
20787,38.61774026562639,605.7399999997157,739.3037960212116
20788,38.61774026562639,605.7599999997157,739.3117315902833
20789,38.61774026562639,605.7799999997156,739.3196669838923
20790,38.61774026562639,605.7999999997156,739.3276022020333
20791,38.61774026562639,605.8199999997156,739.3355372447013
20792,38.61774026562639,605.8399999997156,739.3434721118913
20793,38.61774026562639,605.8599999997156,739.3514068035981
20794,38.61774026562639,605.8799999997156,739.3593413198168
20795,38.61774026562639,605.8999999997155,739.3672756605423
20796,38.61774026562639,605.9199999997155,739.3752098257694
20797,38.61774026562639,605.9399999997155,739.3831438154931
20798,38.61774026562639,605.9599999997155,739.3910776297084
20799,38.61774026562639,605.9799999997155,739.3990112684103
20800,38.61774026562639,605.9999999997154,739.4069447315935
20801,38.61774026562639,606.0199999997154,739.4148780192531
20802,38.61774026562639,606.0399999997154,739.422811131384
20803,38.61774026562639,606.0599999997154,739.4307440679811
20804,38.61774026562639,606.0799999997154,739.4386768290394
20805,38.61774026562639,606.0999999997154,739.4466094145538
20806,38.61774026562639,606.1199999997153,739.4545418245192
20807,38.61774026562639,606.1399999997153,739.4624740589305
20808,38.61774026562639,606.1599999997153,739.4704061177828
20809,38.61774026562639,606.1799999997153,739.4783380010708
20810,38.61774026562639,606.1999999997153,739.4862697087897
20811,38.61774026562639,606.2199999997152,739.4942012409342
20812,38.61774026562639,606.2399999997152,739.5021325974994
20813,38.61774026562639,606.2599999997152,739.5100637784802
20814,38.61774026562639,606.2799999997152,739.5179947838716
20815,38.61774026562639,606.2999999997152,739.5259256136684
20816,38.61774026562639,606.3199999997152,739.5338562678655
20817,38.61774026562639,606.3399999997151,739.541786746458
20818,38.61774026562639,606.3599999997151,739.5497170494407
20819,38.61774026562639,606.3799999997151,739.5576471768086
20820,38.61774026562639,606.3999999997151,739.5655771285566
20821,38.61774026562639,606.4199999997151,739.5735069046797
20822,38.61774026562639,606.439999999715,739.5814365051727
20823,38.61774026562639,606.459999999715,739.5893659300308
20824,38.61774026562639,606.479999999715,739.5972951792487
20825,38.61774026562639,606.499999999715,739.6052242528214
20826,38.61774026562639,606.519999999715,739.6131531507438
20827,38.61774026562639,606.539999999715,739.6210818730109
20828,38.61774026562639,606.5599999997149,739.6290104196177
20829,38.61774026562639,606.5799999997149,739.6369387905589
20830,38.61774026562639,606.5999999997149,739.6448669858297
20831,38.61774026562639,606.6199999997149,739.6527950054648
20832,38.61774026562639,606.6399999997149,739.6607228499122
20833,38.61774026562639,606.6599999997148,739.6686505192616
20834,38.61774026562639,606.6799999997148,739.676578013508
20835,38.61774026562639,606.6999999997148,739.6845053326463
20836,38.61774026562639,606.7199999997148,739.6924324766713
20837,38.61774026562639,606.7399999997148,739.7003594455781
20838,38.61774026562639,606.7599999997148,739.7082862393615
20839,38.61774026562639,606.7799999997147,739.7162128580165
20840,38.61774026562639,606.7999999997147,739.7241393015381
20841,38.61774026562639,606.8199999997147,739.7320655699211
20842,38.61774026562639,606.8399999997147,739.7399916631605
20843,38.61774026562639,606.8599999997147,739.7479175812512
20844,38.61774026562639,606.8799999997146,739.7558433241882
20845,38.61774026562639,606.8999999997146,739.7637688919663
20846,38.61774026562639,606.9199999997146,739.7716942845805
20847,38.61774026562639,606.9399999997146,739.7796195020258
20848,38.61774026562639,606.9599999997146,739.787544544297
20849,38.61774026562639,606.9799999997146,739.7954694113891
20850,38.61774026562639,606.9999999997145,739.8033941032971
20851,38.61774026562639,607.0199999997145,739.8113186200159
20852,38.61774026562639,607.0399999997145,739.8192429615403
20853,38.61774026562639,607.0599999997145,739.8271671278654
20854,38.61774026562639,607.0799999997145,739.8350911189862
20855,38.61774026562639,607.0999999997144,739.8430149348974
20856,38.61774026562639,607.1199999997144,739.850938575594
20857,38.61774026562639,607.1399999997144,739.858862041071
20858,38.61774026562639,607.1599999997144,739.8667853313233
20859,38.61774026562639,607.1799999997144,739.8747084463457
20860,38.61774026562639,607.1999999997144,739.8826313861334
20861,38.61774026562639,607.2199999997143,739.8905541506812
20862,38.61774026562639,607.2399999997143,739.898476739984
20863,38.61774026562639,607.2599999997143,739.9063991540366
20864,38.61774026562639,607.2799999997143,739.9143213928343
20865,38.61774026562639,607.2999999997143,739.9222434563717
20866,38.61774026562639,607.3199999997142,739.9301653446439
20867,38.61774026562639,607.3399999997142,739.9380870576458
20868,38.61774026562639,607.3599999997142,739.9460085953724
20869,38.61774026562639,607.3799999997142,739.9539299578184
20870,38.61774026562639,607.3999999997142,739.961851144979
20871,38.61774026562639,607.4199999997142,739.9697721568491
20872,38.61774026562639,607.4399999997141,739.9776929934235
20873,38.61774026562639,607.4599999997141,739.9856136546972
20874,38.61774026562639,607.4799999997141,739.9935341406651
20875,38.61774026562639,607.4999999997141,740.0014544513173
20876,38.61774026562639,607.5199999997141,740.009374586548
20877,38.61774026562639,607.539999999714,740.0172945462962
20878,38.61774026562639,607.559999999714,740.0252143305565
20879,38.61774026562639,607.579999999714,740.0331339393242
20880,38.61774026562639,607.599999999714,740.041053372594
20881,38.61774026562639,607.619999999714,740.0489726303607
20882,38.61774026562639,607.639999999714,740.0568917126667
20883,38.61774026562639,607.6599999997139,740.0648106199935
20884,38.61774026562639,607.6799999997139,740.0727293523969
20885,38.61774026562639,607.6999999997139,740.0806479098716
20886,38.61774026562639,607.7199999997139,740.0885662924126
20887,38.61774026562639,607.7399999997139,740.0964845000148
20888,38.61774026562639,607.7599999997138,740.104402532673
20889,38.61774026562639,607.7799999997138,740.1123203903823
20890,38.61774026562639,607.7999999997138,740.1202380731373
20891,38.61774026562639,607.8199999997138,740.1281555809333
20892,38.61774026562639,607.8399999997138,740.1360729137649
20893,38.61774026562639,607.8599999997138,740.1439900716271
20894,38.61774026562639,607.8799999997137,740.1519070545147
20895,38.61774026562639,607.8999999997137,740.1598238624227
20896,38.61774026562639,607.9199999997137,740.1677404953462
20897,38.61774026562639,607.9399999997137,740.1756569532797
20898,38.61774026562639,607.9599999997137,740.1835732362184
20899,38.61774026562639,607.9799999997136,740.191489344157
20900,38.61774026562639,607.9999999997136,740.1994052770906
20901,38.61774026562639,608.0199999997136,740.2073210350139
20902,38.61774026562639,608.0399999997136,740.215236617922
20903,38.61774026562639,608.0599999997136,740.2231520258097
20904,38.61774026562639,608.0799999997136,740.2310672586718
20905,38.61774026562639,608.0999999997135,740.2389823165034
20906,38.61774026562639,608.1199999997135,740.2468971992993
20907,38.61774026562639,608.1399999997135,740.2548119070543
20908,38.61774026562639,608.1599999997135,740.2627264397636
20909,38.61774026562639,608.1799999997135,740.2706407974218
20910,38.61774026562639,608.1999999997134,740.278554980024
20911,38.61774026562639,608.2199999997134,740.286468987565
20912,38.61774026562639,608.2399999997134,740.2943828200397
20913,38.61774026562639,608.2599999997134,740.3022964774431
20914,38.61774026562639,608.2799999997134,740.31020995977
20915,38.61774026562639,608.2999999997134,740.3181232670153
20916,38.61774026562639,608.3199999997133,740.3260363991739
20917,38.61774026562639,608.3399999997133,740.3339493562407
20918,38.61774026562639,608.3599999997133,740.3418621382108
20919,38.61774026562639,608.3799999997133,740.3497747450789
20920,38.61774026562639,608.3999999997133,740.3576871768399
20921,38.61774026562639,608.4199999997132,740.3655994334888
20922,38.61774026562639,608.4399999997132,740.3735115150204
20923,38.61774026562639,608.4599999997132,740.3814234214296
20924,38.61774026562639,608.4799999997132,740.3893351527115
20925,38.61774026562639,608.4999999997132,740.3972467088608
20926,38.61774026562639,608.5199999997131,740.4051580898725
20927,38.61774026562639,608.5399999997131,740.4130692957415
20928,38.61774026562639,608.5599999997131,740.4209803264627
20929,38.61774026562639,608.5799999997131,740.4288911820308
20930,38.61774026562639,608.5999999997131,740.436801862441
20931,38.61774026562639,608.6199999997131,740.4447123676881
20932,38.61774026562639,608.639999999713,740.4526226977671
20933,38.61774026562639,608.659999999713,740.4605328527491
20934,38.61774026562639,608.679999999713,740.4684428331245
20935,38.61774026562639,608.699999999713,740.4763526389348
20936,38.61774026562639,608.719999999713,740.484262270175
20937,38.61774026562639,608.739999999713,740.4921717268398
20938,38.61774026562639,608.7599999997129,740.5000810089243
20939,38.61774026562639,608.7799999997129,740.5079901164233
20940,38.61774026562639,608.7999999997129,740.5158990493318
20941,38.61774026562639,608.8199999997129,740.5238078076446
20942,38.61774026562639,608.8399999997129,740.5317163913568
20943,38.61774026562639,608.8599999997128,740.5396248004631
20944,38.61774026562639,608.8799999997128,740.5475330349585
20945,38.61774026562639,608.8999999997128,740.5554410948379
20946,38.61774026562639,608.9199999997128,740.5633489800962
20947,38.560935318489655,608.9399999997128,740.5712566907282
20948,38.560935318489655,608.9599999997127,740.579164226729
20949,38.560935318489655,608.9799999997127,740.5870715880934
20950,38.560935318489655,608.9999999997127,740.5949787748164
20951,38.560935318489655,609.0199999997127,740.6028857868928
20952,38.560935318489655,609.0399999997127,740.6107926243176
20953,38.560935318489655,609.0599999997127,740.6186992870856
20954,38.560935318489655,609.0799999997126,740.6266057751918
20955,38.560935318489655,609.0999999997126,740.6345120886311
20956,38.560935318489655,609.1199999997126,740.6424182273985
20957,38.560935318489655,609.1399999997126,740.6503241914887
20958,38.560935318489655,609.1599999997126,740.6582299808967
20959,38.560935318489655,609.1799999997125,740.6661355956176
20960,38.560935318489655,609.1999999997125,740.674041035646
20961,38.560935318489655,609.2199999997125,740.6819463009771
20962,38.560935318489655,609.2399999997125,740.6898513916055
20963,38.560935318489655,609.2599999997125,740.6977563075264
20964,38.560935318489655,609.2799999997125,740.7056610487346
20965,38.560935318489655,609.2999999997124,740.7135656152249
20966,38.560935318489655,609.3199999997124,740.7214700069924
20967,38.560935318489655,609.3399999997124,740.7293742240319
20968,38.560935318489655,609.3599999997124,740.7372782663383
20969,38.560935318489655,609.3799999997124,740.7451821339066
20970,38.560935318489655,609.3999999997123,740.7530858267316
20971,38.560935318489655,609.4199999997123,740.7609893448084
20972,38.560935318489655,609.4399999997123,740.7688926881317
20973,38.560935318489655,609.4599999997123,740.7767958566965
20974,38.560935318489655,609.4799999997123,740.7846988504976
20975,38.560935318489655,609.4999999997123,740.7926016695302
20976,38.560935318489655,609.5199999997122,740.800504313789
20977,38.560935318489655,609.5399999997122,740.808406783269
20978,38.560935318489655,609.5599999997122,740.816309077965
20979,38.560935318489655,609.5799999997122,740.8242111978719
20980,38.560935318489655,609.5999999997122,740.8321131429848
20981,38.560935318489655,609.6199999997121,740.8400149132984
20982,38.560935318489655,609.6399999997121,740.8479165088078
20983,38.560935318489655,609.6599999997121,740.8558179295078
20984,38.560935318489655,609.6799999997121,740.8637191754952
20985,38.560935318489655,609.6999999997121,740.871620247186
20986,38.560935318489655,609.7199999997121,740.8795211446104
20987,38.560935318489655,609.739999999712,740.8874218677634
20988,38.560935318489655,609.759999999712,740.8953224166398
20989,38.560935318489655,609.779999999712,740.9032227912347
20990,38.560935318489655,609.799999999712,740.9111229915429
20991,38.560935318489655,609.819999999712,740.9190230175593
20992,38.560935318489655,609.839999999712,740.9269228692789
20993,38.560935318489655,609.8599999997119,740.9348225466965
20994,38.560935318489655,609.8799999997119,740.9427220498072
20995,38.560935318489655,609.8999999997119,740.9506213786058
20996,38.560935318489655,609.9199999997119,740.9585205330872
20997,38.560935318489655,609.9399999997119,740.9664195132463
20998,38.560935318489655,609.9599999997118,740.9743183190781
20999,38.560935318489655,609.9799999997118,740.9822169505775
21000,38.560935318489655,609.9999999997118,740.9901154077394
21001,38.560935318489655,610.0199999997118,740.9980136905587
21002,38.560935318489655,610.0399999997118,741.0059117990303
21003,38.560935318489655,610.0599999997117,741.0138097331492
21004,38.560935318489655,610.0799999997117,741.0217074929102
21005,38.560935318489655,610.0999999997117,741.0296050783084
21006,38.560935318489655,610.1199999997117,741.0375024893385
21007,38.560935318489655,610.1399999997117,741.0453997259956
21008,38.560935318489655,610.1599999997117,741.0532967882745
21009,38.560935318489655,610.1799999997116,741.0611936761701
21010,38.560935318489655,610.1999999997116,741.0690903896774
21011,38.560935318489655,610.2199999997116,741.0769869287914
21012,38.560935318489655,610.2399999997116,741.0848832935068
21013,38.560935318489655,610.2599999997116,741.0927794838186
21014,38.560935318489655,610.2799999997115,741.1006754997219
21015,38.560935318489655,610.2999999997115,741.1085713412114
21016,38.560935318489655,610.3199999997115,741.116467008282
21017,38.560935318489655,610.3399999997115,741.1243625009288
21018,38.560935318489655,610.3599999997115,741.1322578191466
21019,38.560935318489655,610.3799999997115,741.1401529629304
21020,38.560935318489655,610.3999999997114,741.1480479322751
21021,38.560935318489655,610.4199999997114,741.1559427271754
21022,38.560935318489655,610.4399999997114,741.1638373476266
21023,38.560935318489655,610.4599999997114,741.1717317936233
21024,38.560935318489655,610.4799999997114,741.1796260651606
21025,38.560935318489655,610.4999999997113,741.1875201622333
21026,38.560935318489655,610.5199999997113,741.1954140848364
21027,38.560935318489655,610.5399999997113,741.2033078329649
21028,38.560935318489655,610.5599999997113,741.2112014066136
21029,38.560935318489655,610.5799999997113,741.2190948057773
21030,38.560935318489655,610.5999999997113,741.2269880304513
21031,38.560935318489655,610.6199999997112,741.2348810806301
21032,38.560935318489655,610.6399999997112,741.2427739563088
21033,38.560935318489655,610.6599999997112,741.2506666574824
21034,38.560935318489655,610.6799999997112,741.2585591841457
21035,38.560935318489655,610.6999999997112,741.2664515364348
21036,38.560935318489655,610.7199999997111,741.2743437147577
21037,38.560935318489655,610.7399999997111,741.2822357191395
21038,38.560935318489655,610.7599999997111,741.2901275495751
21039,38.560935318489655,610.7799999997111,741.2980192060594
21040,38.560935318489655,610.7999999997111,741.3059106885873
21041,38.560935318489655,610.8199999997111,741.3138019971539
21042,38.560935318489655,610.839999999711,741.3216931317539
21043,38.560935318489655,610.859999999711,741.3295840923824
21044,38.560935318489655,610.879999999711,741.3374748790343
21045,38.560935318489655,610.899999999711,741.3453654917045
21046,38.560935318489655,610.919999999711,741.3532559303878
21047,38.560935318489655,610.939999999711,741.3611461950793
21048,38.560935318489655,610.9599999997109,741.3690362857739
21049,38.560935318489655,610.9799999997109,741.3769262024664
21050,38.560935318489655,610.9999999997109,741.3848159451518
21051,38.560935318489655,611.0199999997109,741.392705513825
21052,38.560935318489655,611.0399999997109,741.400594908481
21053,38.560935318489655,611.0599999997108,741.4084841291146
21054,38.560935318489655,611.0799999997108,741.4163731757209
21055,38.560935318489655,611.0999999997108,741.4242620482946
21056,38.560935318489655,611.1199999997108,741.4321507468309
21057,38.560935318489655,611.1399999997108,741.4400392713244
21058,38.560935318489655,611.1599999997107,741.4479276217703
21059,38.560935318489655,611.1799999997107,741.4558157981634
21060,38.560935318489655,611.1999999997107,741.4637038004986
21061,38.560935318489655,611.2199999997107,741.4715916287709
21062,38.560935318489655,611.2399999997107,741.4794792829751
21063,38.560935318489655,611.2599999997107,741.4873667631064
21064,38.560935318489655,611.2799999997106,741.4952540691594
21065,38.560935318489655,611.2999999997106,741.5031412011292
21066,38.560935318489655,611.3199999997106,741.5110281590107
21067,38.560935318489655,611.3399999997106,741.5189149427988
21068,38.560935318489655,611.3599999997106,741.5268015524885
21069,38.560935318489655,611.3799999997105,741.5346879880746
21070,38.560935318489655,611.3999999997105,741.5425742495521
21071,38.560935318489655,611.4199999997105,741.550460336916
21072,38.560935318489655,611.4399999997105,741.5583462501611
21073,38.560935318489655,611.4599999997105,741.5662319892824
21074,38.560935318489655,611.4799999997105,741.5741175542748
21075,38.560935318489655,611.4999999997104,741.5820029451332
21076,38.560935318489655,611.5199999997104,741.5898881618526
21077,38.560935318489655,611.5399999997104,741.5977732044279
21078,38.560935318489655,611.5599999997104,741.6056580728539
21079,38.560935318489655,611.5799999997104,741.6135427671256
21080,38.560935318489655,611.5999999997103,741.621427287238
21081,38.560935318489655,611.6199999997103,741.629311633186
21082,38.560935318489655,611.6399999997103,741.6371958049646
21083,38.560935318489655,611.6599999997103,741.6450798025685
21084,38.560935318489655,611.6799999997103,741.6529636259928
21085,38.560935318489655,611.6999999997103,741.6608472752324
21086,38.560935318489655,611.7199999997102,741.6687307504658
21087,38.560935318489655,611.7399999997102,741.6766140520909
21088,38.560935318489655,611.7599999997102,741.6844971801271
21089,38.560935318489655,611.7799999997102,741.6923801345691
21090,38.560935318489655,611.7999999997102,741.700262915412
21091,38.560935318489655,611.8199999997101,741.7081455226509
21092,38.560935318489655,611.8399999997101,741.7160279562803
21093,38.560935318489655,611.8599999997101,741.7239102162955
21094,38.560935318489655,611.8799999997101,741.7317923026912
21095,38.560935318489655,611.8999999997101,741.7396742154625
21096,38.560935318489655,611.9199999997101,741.7475559546043
21097,38.560935318489655,611.93999999971,741.7554375201115
21098,38.560935318489655,611.95999999971,741.763318911979
21099,38.560935318489655,611.97999999971,741.7712001302018
21100,38.560935318489655,611.99999999971,741.7790811747748
21101,38.560935318489655,612.01999999971,741.7869620456928
21102,38.560935318489655,612.03999999971,741.7948427429509
21103,38.560935318489655,612.0599999997099,741.8027232665439
21104,38.560935318489655,612.0799999997099,741.8106036164669
21105,38.560935318489655,612.0999999997099,741.8184837927147
21106,38.560935318489655,612.1199999997099,741.8263637952823
21107,38.560935318489655,612.1399999997099,741.8342436241646
21108,38.560935318489655,612.1599999997098,741.8421232793565
21109,38.560935318489655,612.1799999997098,741.850002760853
21110,38.560935318489655,612.1999999997098,741.857882068649
21111,38.560935318489655,612.2199999997098,741.8657612027395
21112,38.560935318489655,612.2399999997098,741.8736401631193
21113,38.560935318489655,612.2599999997097,741.8815189497833
21114,38.560935318489655,612.2799999997097,741.8893975627266
21115,38.560935318489655,612.2999999997097,741.8972760019441
21116,38.560935318489655,612.3199999997097,741.9051542674306
21117,38.504269497423344,612.3399999997097,741.9130323591812
21118,38.504269497423344,612.3599999997097,741.9209102771907
21119,38.504269497423344,612.3799999997096,741.9287880214541
21120,38.504269497423344,612.3999999997096,741.9366655919664
21121,38.504269497423344,612.4199999997096,741.9445429887224
21122,38.504269497423344,612.4399999997096,741.9524202117171
21123,38.504269497423344,612.4599999997096,741.9602972609455
21124,38.504269497423344,612.4799999997095,741.9681741364024
21125,38.504269497423344,612.4999999997095,741.9760508380826
21126,38.504269497423344,612.5199999997095,741.9839273659815
21127,38.504269497423344,612.5399999997095,741.9918037200936
21128,38.504269497423344,612.5599999997095,741.999679900414
21129,38.504269497423344,612.5799999997095,742.0075559069376
21130,38.504269497423344,612.5999999997094,742.0154317396593
21131,38.504269497423344,612.6199999997094,742.0233073985742
21132,38.504269497423344,612.6399999997094,742.031182883677
21133,38.504269497423344,612.6599999997094,742.0390581949629
21134,38.504269497423344,612.6799999997094,742.0469333324266
21135,38.504269497423344,612.6999999997093,742.0548082960632
21136,38.504269497423344,612.7199999997093,742.0626830858675
21137,38.504269497423344,612.7399999997093,742.0705577020319
21138,38.504269497423344,612.7599999997093,742.0784321448878
21139,38.504269497423344,612.7799999997093,742.0863064144454
21140,38.504269497423344,612.7999999997093,742.0941805106999
21141,38.504269497423344,612.8199999997092,742.102054433646
21142,38.504269497423344,612.8399999997092,742.1099281832787
21143,38.504269497423344,612.8599999997092,742.117801759593
21144,38.504269497423344,612.8799999997092,742.1256751625839
21145,38.504269497423344,612.8999999997092,742.1335483922461
21146,38.504269497423344,612.9199999997091,742.1414214485748
21147,38.504269497423344,612.9399999997091,742.1492943315648
21148,38.504269497423344,612.9599999997091,742.157167041211
21149,38.504269497423344,612.9799999997091,742.1650395775084
21150,38.504269497423344,612.9999999997091,742.172911940452
21151,38.504269497423344,613.0199999997091,742.1807841300366
21152,38.504269497423344,613.039999999709,742.1886561462572
21153,38.504269497423344,613.059999999709,742.1965279891089
21154,38.504269497423344,613.079999999709,742.2043996585863
21155,38.504269497423344,613.099999999709,742.2122711546846
21156,38.504269497423344,613.119999999709,742.2201424773986
21157,38.504269497423344,613.139999999709,742.2280136267233
21158,38.504269497423344,613.1599999997089,742.2358846026536
21159,38.504269497423344,613.1799999997089,742.2437554051846
21160,38.504269497423344,613.1999999997089,742.2516260343111
21161,38.504269497423344,613.2199999997089,742.259496490028
21162,38.504269497423344,613.2399999997089,742.2673667723303
21163,38.504269497423344,613.2599999997088,742.275236881213
21164,38.504269497423344,613.2799999997088,742.283106816671
21165,38.504269497423344,613.2999999997088,742.2909765786991
21166,38.504269497423344,613.3199999997088,742.2988461672924
21167,38.504269497423344,613.3399999997088,742.3067155824457
21168,38.504269497423344,613.3599999997087,742.314584824154
21169,38.504269497423344,613.3799999997087,742.3224538924125
21170,38.504269497423344,613.3999999997087,742.3303227872158
21171,38.504269497423344,613.4199999997087,742.3381915085589
21172,38.504269497423344,613.4399999997087,742.3460600564368
21173,38.504269497423344,613.4599999997087,742.3539284308445
21174,38.504269497423344,613.4799999997086,742.3617966317768
21175,38.504269497423344,613.4999999997086,742.3696646592288
21176,38.504269497423344,613.5199999997086,742.3775325131953
21177,38.504269497423344,613.5399999997086,742.3854001936713
21178,38.504269497423344,613.5599999997086,742.3932677006518
21179,38.504269497423344,613.5799999997085,742.4011350341316
21180,38.504269497423344,613.5999999997085,742.4090021941057
21181,38.504269497423344,613.6199999997085,742.416869180569
21182,38.504269497423344,613.6399999997085,742.4247359935166
21183,38.504269497423344,613.6599999997085,742.4326026329434
21184,38.504269497423344,613.6799999997085,742.4404690988441
21185,38.504269497423344,613.6999999997084,742.448335391214
21186,38.504269497423344,613.7199999997084,742.4562015100478
21187,38.504269497423344,613.7399999997084,742.4640674553405
21188,38.504269497423344,613.7599999997084,742.471933227327
21189,38.504269497423344,613.7799999997084,742.4797988263266
21190,38.504269497423344,613.7999999997083,742.4876642523436
21191,38.504269497423344,613.8199999997083,742.4955295053729
21192,38.504269497423344,613.8399999997083,742.5033945854095
21193,38.504269497423344,613.8599999997083,742.5112594924483
21194,38.504269497423344,613.8799999997083,742.5191242264842
21195,38.504269497423344,613.8999999997083,742.5269887875123
21196,38.504269497423344,613.9199999997082,742.5348531755275
21197,38.504269497423344,613.9399999997082,742.5427173905246
21198,38.504269497423344,613.9599999997082,742.5505814324986
21199,38.504269497423344,613.9799999997082,742.5584453014445
21200,38.504269497423344,613.9999999997082,742.5663089973573
21201,38.504269497423344,614.0199999997081,742.5741725202319
21202,38.504269497423344,614.0399999997081,742.5820358700631
21203,38.504269497423344,614.0599999997081,742.5898990468461
21204,38.504269497423344,614.0799999997081,742.5977620505756
21205,38.504269497423344,614.0999999997081,742.6056248812467
21206,38.504269497423344,614.119999999708,742.6134875388543
21207,38.504269497423344,614.139999999708,742.6213500233933
21208,38.504269497423344,614.159999999708,742.6292123348588
21209,38.504269497423344,614.179999999708,742.6370744732457
21210,38.504269497423344,614.199999999708,742.6449364385488
21211,38.504269497423344,614.219999999708,742.6527982307632
21212,38.504269497423344,614.239999999708,742.6606598498838
21213,38.504269497423344,614.2599999997079,742.6685212959055
21214,38.504269497423344,614.2799999997079,742.6763825688233
21215,38.504269497423344,614.2999999997079,742.6842436686321
21216,38.504269497423344,614.3199999997079,742.6921045953269
21217,38.504269497423344,614.3399999997079,742.6999653489027
21218,38.504269497423344,614.3599999997078,742.7078259293543
21219,38.504269497423344,614.3799999997078,742.7156863366768
21220,38.504269497423344,614.3999999997078,742.723546570865
21221,38.504269497423344,614.4199999997078,742.731406631914
21222,38.504269497423344,614.4399999997078,742.7392665198186
21223,38.504269497423344,614.4599999997077,742.7471262345738
21224,38.504269497423344,614.4799999997077,742.7549857761746
21225,38.504269497423344,614.4999999997077,742.762845144616
21226,38.504269497423344,614.5199999997077,742.7707043398929
21227,38.504269497423344,614.5399999997077,742.7785633620001
21228,38.504269497423344,614.5599999997077,742.7864222109328
21229,38.504269497423344,614.5799999997076,742.7942808866857
21230,38.504269497423344,614.5999999997076,742.8021393892539
21231,38.504269497423344,614.6199999997076,742.8099977186322
21232,38.504269497423344,614.6399999997076,742.8178558748157
21233,38.504269497423344,614.6599999997076,742.8257138577993
21234,38.504269497423344,614.6799999997075,742.833571667578
21235,38.504269497423344,614.6999999997075,742.8414293041467
21236,38.504269497423344,614.7199999997075,742.8492867675003
21237,38.504269497423344,614.7399999997075,742.8571440576338
21238,38.504269497423344,614.7599999997075,742.8650011745423
21239,38.504269497423344,614.7799999997075,742.8728581185005
21240,38.504269497423344,614.7999999997074,742.8807148898073
21241,38.504269497423344,614.8199999997074,742.8885714884603
21242,38.504269497423344,614.8399999997074,742.8964279144545
21243,38.504269497423344,614.8599999997074,742.9042841677848
21244,38.504269497423344,614.8799999997074,742.9121402484461
21245,38.504269497423344,614.8999999997073,742.9199961564334
21246,38.504269497423344,614.9199999997073,742.9278518917415
21247,38.504269497423344,614.9399999997073,742.9357074543655
21248,38.504269497423344,614.9599999997073,742.9435628443001
21249,38.504269497423344,614.9799999997073,742.9514180615405
21250,38.504269497423344,614.9999999997073,742.9592731060816
21251,38.504269497423344,615.0199999997072,742.9671279779182
21252,38.504269497423344,615.0399999997072,742.9749826770453
21253,38.504269497423344,615.0599999997072,742.9828372034578
21254,38.504269497423344,615.0799999997072,742.9906915571507
21255,38.504269497423344,615.0999999997072,742.998545738119
21256,38.504269497423344,615.1199999997071,743.0063997463575
21257,38.504269497423344,615.1399999997071,743.0142535818612
21258,38.504269497423344,615.1599999997071,743.0221072446251
21259,38.504269497423344,615.1799999997071,743.029960734644
21260,38.504269497423344,615.1999999997071,743.0378140519128
21261,38.504269497423344,615.219999999707,743.0456671964266
21262,38.504269497423344,615.239999999707,743.0535201681803
21263,38.504269497423344,615.259999999707,743.0613729671688
21264,38.504269497423344,615.279999999707,743.069225593387
21265,38.504269497423344,615.299999999707,743.07707804683
21266,38.504269497423344,615.319999999707,743.0849303274925
21267,38.504269497423344,615.339999999707,743.0927824353697
21268,38.504269497423344,615.3599999997069,743.1006343704563
21269,38.504269497423344,615.3799999997069,743.1084861327473
21270,38.504269497423344,615.3999999997069,743.1163377222377
21271,38.504269497423344,615.4199999997069,743.1241891389225
21272,38.504269497423344,615.4399999997069,743.1320403827965
21273,38.504269497423344,615.4599999997068,743.1398914538547
21274,38.504269497423344,615.4799999997068,743.147742352092
21275,38.504269497423344,615.4999999997068,743.1555930775033
21276,38.504269497423344,615.5199999997068,743.1634436300837
21277,38.504269497423344,615.5399999997068,743.1712940098281
21278,38.504269497423344,615.5599999997067,743.1791442167313
21279,38.504269497423344,615.5799999997067,743.1869942507883
21280,38.504269497423344,615.5999999997067,743.1948441119941
21281,38.504269497423344,615.6199999997067,743.2026938003437
21282,38.504269497423344,615.6399999997067,743.2105433158318
21283,38.504269497423344,615.6599999997067,743.2183926584536
21284,38.504269497423344,615.6799999997066,743.2262418282038
21285,38.504269497423344,615.6999999997066,743.2340908250775
21286,38.504269497423344,615.7199999997066,743.2419396490696
21287,38.504269497423344,615.7399999997066,743.2497883001752
21288,38.4477423258498,615.7599999997066,743.2576367783889
21289,38.4477423258498,615.7799999997065,743.26548508371
21290,38.4477423258498,615.7999999997065,743.273333216436
21291,38.4477423258498,615.8199999997065,743.2811811768269
21292,38.4477423258498,615.8399999997065,743.2890289648776
21293,38.4477423258498,615.8599999997065,743.2968765805833
21294,38.4477423258498,615.8799999997065,743.3047240239389
21295,38.4477423258498,615.8999999997064,743.3125712949393
21296,38.4477423258498,615.9199999997064,743.3204183935796
21297,38.4477423258498,615.9399999997064,743.3282653198548
21298,38.4477423258498,615.9599999997064,743.3361120737599
21299,38.4477423258498,615.9799999997064,743.3439586552897
21300,38.4477423258498,615.9999999997063,743.3518050644394
21301,38.4477423258498,616.0199999997063,743.3596513012039
21302,38.4477423258498,616.0399999997063,743.3674973655783
21303,38.4477423258498,616.0599999997063,743.3753432575575
21304,38.4477423258498,616.0799999997063,743.3831889771365
21305,38.4477423258498,616.0999999997063,743.3910345243102
21306,38.4477423258498,616.1199999997062,743.3988798990737
21307,38.4477423258498,616.1399999997062,743.406725101422
21308,38.4477423258498,616.1599999997062,743.41457013135
21309,38.4477423258498,616.1799999997062,743.4224149888529
21310,38.4477423258498,616.1999999997062,743.4302596739254
21311,38.4477423258498,616.2199999997061,743.4381041865628
21312,38.4477423258498,616.2399999997061,743.4459485267598
21313,38.4477423258498,616.2599999997061,743.4537926945115
21314,38.4477423258498,616.2799999997061,743.461636689813
21315,38.4477423258498,616.2999999997061,743.4694805126592
21316,38.4477423258498,616.319999999706,743.4773241630451
21317,38.4477423258498,616.339999999706,743.4851676409656
21318,38.4477423258498,616.359999999706,743.4930109464159
21319,38.4477423258498,616.379999999706,743.5008540793908
21320,38.4477423258498,616.399999999706,743.5086970398854
21321,38.4477423258498,616.419999999706,743.5165398278947
21322,38.4477423258498,616.439999999706,743.5243824434136
21323,38.4477423258498,616.4599999997059,743.5322248864372
21324,38.4477423258498,616.4799999997059,743.5400671569605
21325,38.4477423258498,616.4999999997059,743.5479092549783
21326,38.4477423258498,616.5199999997059,743.5557511804858
21327,38.4477423258498,616.5399999997059,743.5635929334779
21328,38.4477423258498,616.5599999997058,743.5714345139496
21329,38.4477423258498,616.5799999997058,743.5792759218959
21330,38.4477423258498,616.5999999997058,743.5871171573119
21331,38.4477423258498,616.6199999997058,743.5949582201924
21332,38.4477423258498,616.6399999997058,743.6027991105326
21333,38.4477423258498,616.6599999997057,743.6106398283273
21334,38.4477423258498,616.6799999997057,743.6184803735716
21335,38.4477423258498,616.6999999997057,743.6263207462605
21336,38.4477423258498,616.7199999997057,743.6341609463889
21337,38.4477423258498,616.7399999997057,743.6420009739519
21338,38.4477423258498,616.7599999997057,743.6498408289444
21339,38.4477423258498,616.7799999997056,743.6576805113615
21340,38.4477423258498,616.7999999997056,743.6655200212086
21341,38.4477423258498,616.8199999997056,743.6733593587977
21342,38.4477423258498,616.8399999997056,743.6811985243464
21343,38.4477423258498,616.8599999997056,743.6890375178497
21344,38.4477423258498,616.8799999997055,743.6968763393024
21345,38.4477423258498,616.8999999997055,743.7047149886996
21346,38.4477423258498,616.9199999997055,743.7125534660363
21347,38.4477423258498,616.9399999997055,743.7203917713074
21348,38.4477423258498,616.9599999997055,743.728229904508
21349,38.4477423258498,616.9799999997055,743.736067865633
21350,38.4477423258498,616.9999999997054,743.7439056546774
21351,38.4477423258498,617.0199999997054,743.7517432716361
21352,38.4477423258498,617.0399999997054,743.7595807165042
21353,38.4477423258498,617.0599999997054,743.7674179892765
21354,38.4477423258498,617.0799999997054,743.7752550899482
21355,38.4477423258498,617.0999999997053,743.7830920185143
21356,38.4477423258498,617.1199999997053,743.7909287749695
21357,38.4477423258498,617.1399999997053,743.7987653593091
21358,38.4477423258498,617.1599999997053,743.8066017715279
21359,38.4477423258498,617.1799999997053,743.8144380116208
21360,38.4477423258498,617.1999999997053,743.8222740795829
21361,38.4477423258498,617.2199999997052,743.8301099754093
21362,38.4477423258498,617.2399999997052,743.8379456990948
21363,38.4477423258498,617.2599999997052,743.8457812506344
21364,38.4477423258498,617.2799999997052,743.8536166300232
21365,38.4477423258498,617.2999999997052,743.861451837256
21366,38.4477423258498,617.3199999997051,743.869286872328
21367,38.4477423258498,617.3399999997051,743.8771217352339
21368,38.4477423258498,617.3599999997051,743.8849564259689
21369,38.4477423258498,617.3799999997051,743.8927909445279
21370,38.4477423258498,617.3999999997051,743.9006252909059
21371,38.4477423258498,617.419999999705,743.9084594650978
21372,38.4477423258498,617.439999999705,743.9162934670989
21373,38.4477423258498,617.459999999705,743.9241272969037
21374,38.4477423258498,617.479999999705,743.9319609545076
21375,38.4477423258498,617.499999999705,743.9397944399054
21376,38.4477423258498,617.519999999705,743.9476277530921
21377,38.4477423258498,617.539999999705,743.9554608940626
21378,38.4477423258498,617.5599999997049,743.9632938628121
21379,38.4477423258498,617.5799999997049,743.9711266593354
21380,38.4477423258498,617.5999999997049,743.9789592836274
21381,38.4477423258498,617.6199999997049,743.9867917356834
21382,38.4477423258498,617.6399999997049,743.9946240154981
21383,38.4477423258498,617.6599999997048,744.0024561230665
21384,38.4477423258498,617.6799999997048,744.0102880583837
21385,38.4477423258498,617.6999999997048,744.0181198214447
21386,38.4477423258498,617.7199999997048,744.0259514122444
21387,38.4477423258498,617.7399999997048,744.0337828307778
21388,38.4477423258498,617.7599999997047,744.0416140770399
21389,38.4477423258498,617.7799999997047,744.0494451510256
21390,38.4477423258498,617.7999999997047,744.05727605273
21391,38.4477423258498,617.8199999997047,744.0651067821655
21392,38.4477423258498,617.8399999997047,744.0729373396795
21393,38.4477423258498,617.8599999997047,744.0807677254625
21394,38.4477423258498,617.8799999997046,744.0885979395096
21395,38.4477423258498,617.8999999997046,744.0964279818156
21396,38.4477423258498,617.9199999997046,744.1042578523756
21397,38.4477423258498,617.9399999997046,744.1120875511845
21398,38.4477423258498,617.9599999997046,744.1199170782373
21399,38.4477423258498,617.9799999997045,744.1277464335292
21400,38.4477423258498,617.9999999997045,744.1355756170549
21401,38.4477423258498,618.0199999997045,744.1434046288095
21402,38.4477423258498,618.0399999997045,744.1512334687881
21403,38.4477423258498,618.0599999997045,744.1590621369854
21404,38.4477423258498,618.0799999997045,744.1668906333966
21405,38.4477423258498,618.0999999997044,744.1747189580168
21406,38.4477423258498,618.1199999997044,744.1825471108408
21407,38.4477423258498,618.1399999997044,744.1903750918635
21408,38.4477423258498,618.1599999997044,744.1982029010801
21409,38.4477423258498,618.1799999997044,744.2060305384855
21410,38.4477423258498,618.1999999997043,744.2138580040747
21411,38.4477423258498,618.2199999997043,744.2216852978427
21412,38.4477423258498,618.2399999997043,744.2295124197844
21413,38.4477423258498,618.2599999997043,744.2373393698949
21414,38.4477423258498,618.2799999997043,744.2451661481692
21415,38.4477423258498,618.2999999997043,744.2529927546022
21416,38.4477423258498,618.3199999997042,744.260819189189
21417,38.4477423258498,618.3399999997042,744.2686454519244
21418,38.4477423258498,618.3599999997042,744.2764715428035
21419,38.4477423258498,618.3799999997042,744.2842974618213
21420,38.4477423258498,618.3999999997042,744.2921232089728
21421,38.4477423258498,618.4199999997041,744.299948784253
21422,38.4477423258498,618.4399999997041,744.307774187657
21423,38.4477423258498,618.4599999997041,744.3155994191794
21424,38.4477423258498,618.4799999997041,744.3234244788156
21425,38.4477423258498,618.4999999997041,744.3312493665603
21426,38.4477423258498,618.519999999704,744.3390740824087
21427,38.4477423258498,618.539999999704,744.3468986263557
21428,38.4477423258498,618.559999999704,744.3547229983963
21429,38.4477423258498,618.579999999704,744.3625471985255
21430,38.4477423258498,618.599999999704,744.3703712267383
21431,38.4477423258498,618.619999999704,744.3781950830296
21432,38.4477423258498,618.639999999704,744.3860187673945
21433,38.4477423258498,618.6599999997039,744.3938422798279
21434,38.4477423258498,618.6799999997039,744.4016656203249
21435,38.4477423258498,618.6999999997039,744.4094887888805
21436,38.4477423258498,618.7199999997039,744.4173117854896
21437,38.4477423258498,618.7399999997039,744.4251346101471
21438,38.4477423258498,618.7599999997038,744.4329572628482
21439,38.4477423258498,618.7799999997038,744.4407797435878
21440,38.4477423258498,618.7999999997038,744.4486020523608
21441,38.4477423258498,618.8199999997038,744.4564241891624
21442,38.4477423258498,618.8399999997038,744.4642461540125
21443,38.4477423258498,618.8599999997037,744.472067947301
21444,38.4477423258498,618.8799999997037,744.4798895691915
21445,38.4477423258498,618.8999999997037,744.4877110196792
21446,38.4477423258498,618.9199999997037,744.4955322987589
21447,38.4477423258498,618.9399999997037,744.5033534064258
21448,38.4477423258498,618.9599999997037,744.5111743426748
21449,38.4477423258498,618.9799999997036,744.5189951075009
21450,38.4477423258498,618.9999999997036,744.5268157008991
21451,38.4477423258498,619.0199999997036,744.5346361228643
21452,38.4477423258498,619.0399999997036,744.5424563733916
21453,38.4477423258498,619.0599999997036,744.550276452476
21454,38.4477423258498,619.0799999997035,744.5580963601126
21455,38.4477423258498,619.0999999997035,744.5659160962962
21456,38.4477423258498,619.1199999997035,744.5737356610218
21457,38.4477423258498,619.1399999997035,744.5815550542845
21458,38.4477423258498,619.1599999997035,744.5893742760793
21459,38.4477423258498,619.1799999997035,744.5971933264011
21460,38.39135332928836,619.1999999997034,744.605012205245
21461,38.39135332928836,619.2199999997034,744.6128309126059
21462,38.39135332928836,619.2399999997034,744.6206494484788
21463,38.39135332928836,619.2599999997034,744.6284678128588
21464,38.39135332928836,619.2799999997034,744.6362860057409
21465,38.39135332928836,619.2999999997033,744.6441040271199
21466,38.39135332928836,619.3199999997033,744.6519218769909
21467,38.39135332928836,619.3399999997033,744.6597395553489
21468,38.39135332928836,619.3599999997033,744.667557062189
21469,38.39135332928836,619.3799999997033,744.6753743975061
21470,38.39135332928836,619.3999999997033,744.6831915612952
21471,38.39135332928836,619.4199999997032,744.6910085535513
21472,38.39135332928836,619.4399999997032,744.6988253742695
21473,38.39135332928836,619.4599999997032,744.7066420234447
21474,38.39135332928836,619.4799999997032,744.7144585010718
21475,38.39135332928836,619.4999999997032,744.7222748071459
21476,38.39135332928836,619.5199999997031,744.7300909416621
21477,38.39135332928836,619.5399999997031,744.7379069046152
21478,38.39135332928836,619.5599999997031,744.7457226960004
21479,38.39135332928836,619.5799999997031,744.7535383158125
21480,38.39135332928836,619.5999999997031,744.7613537640467
21481,38.39135332928836,619.619999999703,744.7691690406979
21482,38.39135332928836,619.639999999703,744.7769841457609
21483,38.39135332928836,619.659999999703,744.784799079231
21484,38.39135332928836,619.679999999703,744.792613841103
21485,38.39135332928836,619.699999999703,744.8004284313721
21486,38.39135332928836,619.719999999703,744.8082428500331
21487,38.39135332928836,619.739999999703,744.8160570970812
21488,38.39135332928836,619.7599999997029,744.8238711725112
21489,38.39135332928836,619.7799999997029,744.8316850763182
21490,38.39135332928836,619.7999999997029,744.8394988084972
21491,38.39135332928836,619.8199999997029,744.8473123690432
21492,38.39135332928836,619.8399999997029,744.8551257579511
21493,38.39135332928836,619.8599999997028,744.8629389752449
21494,38.39135332928836,619.8799999997028,744.8707520213004
21495,38.39135332928836,619.8999999997028,744.8785648962335
21496,38.39135332928836,619.9199999997028,744.8863776000392
21497,38.39135332928836,619.9399999997028,744.8941901327125
21498,38.39135332928836,619.9599999997027,744.9020024942484
21499,38.39135332928836,619.9799999997027,744.909814684642
21500,38.39135332928836,619.9999999997027,744.9176267038881
21501,38.39135332928836,620.0199999997027,744.9254385519819
21502,38.39135332928836,620.0399999997027,744.9332502289183
21503,38.39135332928836,620.0599999997027,744.9410617346922
21504,38.39135332928836,620.0799999997026,744.9488730692988
21505,38.39135332928836,620.0999999997026,744.956684232733
21506,38.39135332928836,620.1199999997026,744.9644952249898
21507,38.39135332928836,620.1399999997026,744.9723060460643
21508,38.39135332928836,620.1599999997026,744.9801166959513
21509,38.39135332928836,620.1799999997025,744.987927174646
21510,38.39135332928836,620.1999999997025,744.9957374821432
21511,38.39135332928836,620.2199999997025,745.0035476184381
21512,38.39135332928836,620.2399999997025,745.0113575835256
21513,38.39135332928836,620.2599999997025,745.0191673774008
21514,38.39135332928836,620.2799999997025,745.0269770000585
21515,38.39135332928836,620.2999999997024,745.0347864514939
21516,38.39135332928836,620.3199999997024,745.042595731702
21517,38.39135332928836,620.3399999997024,745.0504048406777
21518,38.39135332928836,620.3599999997024,745.0582137784161
21519,38.39135332928836,620.3799999997024,745.066022544912
21520,38.39135332928836,620.3999999997023,745.0738311401607
21521,38.39135332928836,620.4199999997023,745.081639564157
21522,38.39135332928836,620.4399999997023,745.0894478168958
21523,38.39135332928836,620.4599999997023,745.0972558983724
21524,38.39135332928836,620.4799999997023,745.1050638085816
21525,38.39135332928836,620.4999999997023,745.1128715475185
21526,38.39135332928836,620.5199999997022,745.1206791151781
21527,38.39135332928836,620.5399999997022,745.1284865115553
21528,38.39135332928836,620.5599999997022,745.1362937366451
21529,38.39135332928836,620.5799999997022,745.1441007904427
21530,38.39135332928836,620.5999999997022,745.1519076729429
21531,38.39135332928836,620.6199999997021,745.1597143841408
21532,38.39135332928836,620.6399999997021,745.1675209240314
21533,38.39135332928836,620.6599999997021,745.1753272926096
21534,38.39135332928836,620.6799999997021,745.1831334898706
21535,38.39135332928836,620.6999999997021,745.1909395158092
21536,38.39135332928836,620.719999999702,745.1987453704205
21537,38.39135332928836,620.739999999702,745.2065510536996
21538,38.39135332928836,620.759999999702,745.2143565656414
21539,38.39135332928836,620.779999999702,745.2221619062409
21540,38.39135332928836,620.799999999702,745.229967075493
21541,38.39135332928836,620.819999999702,745.237772073393
21542,38.39135332928836,620.839999999702,745.2455768999356
21543,38.39135332928836,620.8599999997019,745.253381555116
21544,38.39135332928836,620.8799999997019,745.261186038966
21545,38.39135332928836,620.8999999997019,745.268990351906
21546,38.39135332928836,620.9199999997019,745.2767944940251
21547,38.39135332928836,620.9399999997019,745.2845984653183
21548,38.39135332928836,620.9599999997018,745.2924022657805
21549,38.39135332928836,620.9799999997018,745.3002058954069
21550,38.39135332928836,620.9999999997018,745.3080093541922
21551,38.39135332928836,621.0199999997018,745.3158126421316
21552,38.39135332928836,621.0399999997018,745.3236157592202
21553,38.39135332928836,621.0599999997017,745.3314187054527
21554,38.39135332928836,621.0799999997017,745.3392214808244
21555,38.39135332928836,621.0999999997017,745.3470240853302
21556,38.39135332928836,621.1199999997017,745.3548265189651
21557,38.39135332928836,621.1399999997017,745.3626287817241
21558,38.39135332928836,621.1599999997017,745.3704308736022
21559,38.39135332928836,621.1799999997016,745.3782327945944
21560,38.39135332928836,621.1999999997016,745.3860345446957
21561,38.39135332928836,621.2199999997016,745.3938361239012
21562,38.39135332928836,621.2399999997016,745.4016375322059
21563,38.39135332928836,621.2599999997016,745.4094387696047
21564,38.39135332928836,621.2799999997015,745.4172398360926
21565,38.39135332928836,621.2999999997015,745.4250407316646
21566,38.39135332928836,621.3199999997015,745.4328414563158
21567,38.39135332928836,621.3399999997015,745.4406420100412
21568,38.39135332928836,621.3599999997015,745.4484423928358
21569,38.39135332928836,621.3799999997015,745.4562426046946
21570,38.39135332928836,621.3999999997014,745.4640426456125
21571,38.39135332928836,621.4199999997014,745.4718425155846
21572,38.39135332928836,621.4399999997014,745.479642214606
21573,38.39135332928836,621.4599999997014,745.4874417426715
21574,38.39135332928836,621.4799999997014,745.4952410997763
21575,38.39135332928836,621.4999999997013,745.5030402859154
21576,38.39135332928836,621.5199999997013,745.5108393010837
21577,38.39135332928836,621.5399999997013,745.5186381452762
21578,38.39135332928836,621.5599999997013,745.526436818488
21579,38.39135332928836,621.5799999997013,745.5342353207141
21580,38.39135332928836,621.5999999997013,745.5420336519494
21581,38.39135332928836,621.6199999997012,745.549831812189
21582,38.39135332928836,621.6399999997012,745.557629801428
21583,38.39135332928836,621.6599999997012,745.5654276196611
21584,38.39135332928836,621.6799999997012,745.5732252668836
21585,38.39135332928836,621.6999999997012,745.5810227430904
21586,38.39135332928836,621.7199999997011,745.5888200482766
21587,38.39135332928836,621.7399999997011,745.5966171824371
21588,38.39135332928836,621.7599999997011,745.6044141455669
21589,38.39135332928836,621.7799999997011,745.6122109376611
21590,38.39135332928836,621.7999999997011,745.6200075587146
21591,38.39135332928836,621.819999999701,745.6278040087225
21592,38.39135332928836,621.839999999701,745.6356002876797
21593,38.39135332928836,621.859999999701,745.6433963955814
21594,38.39135332928836,621.879999999701,745.6511923324224
21595,38.39135332928836,621.899999999701,745.6589880982434
21596,38.39135332928836,621.919999999701,745.6667836935131
21597,38.39135332928836,621.939999999701,745.6745791182907
21598,38.39135332928836,621.9599999997009,745.6823743725712
21599,38.39135332928836,621.9799999997009,745.6901694563495
21600,38.39135332928836,621.9999999997009,745.6979643696206
21601,38.39135332928836,622.0199999997009,745.7057591123797
21602,38.39135332928836,622.0399999997009,745.7135536846217
21603,38.39135332928836,622.0599999997008,745.7213480863415
21604,38.39135332928836,622.0799999997008,745.7291423175343
21605,38.39135332928836,622.0999999997008,745.736936378195
21606,38.39135332928836,622.1199999997008,745.7447302683186
21607,38.39135332928836,622.1399999997008,745.7525239879002
21608,38.39135332928836,622.1599999997007,745.7603175369347
21609,38.39135332928836,622.1799999997007,745.7681109154172
21610,38.39135332928836,622.1999999997007,745.7759041233427
21611,38.39135332928836,622.2199999997007,745.7836971607061
21612,38.39135332928836,622.2399999997007,745.7914900275025
21613,38.39135332928836,622.2599999997007,745.799282723727
21614,38.39135332928836,622.2799999997006,745.8070752493744
21615,38.39135332928836,622.2999999997006,745.8148676044399
21616,38.39135332928836,622.3199999997006,745.8226597889184
21617,38.39135332928836,622.3399999997006,745.8304518028049
21618,38.39135332928836,622.3599999997006,745.8382436460945
21619,38.39135332928836,622.3799999997005,745.8460353187821
21620,38.39135332928836,622.3999999997005,745.8538268208629
21621,38.39135332928836,622.4199999997005,745.8616181523316
21622,38.39135332928836,622.4399999997005,745.8694093131835
21623,38.39135332928836,622.4599999997005,745.8772003034135
21624,38.39135332928836,622.4799999997005,745.8849911230166
21625,38.39135332928836,622.4999999997004,745.8927817719878
21626,38.39135332928836,622.5199999997004,745.900572250322
21627,38.39135332928836,622.5399999997004,745.9083625580146
21628,38.39135332928836,622.5599999997004,745.9161526950602
21629,38.39135332928836,622.5799999997004,745.923942661454
21630,38.39135332928836,622.5999999997003,745.9317324571911
21631,38.39135332928836,622.6199999997003,745.9395220822663
21632,38.3351020353439,622.6399999997003,745.9473115366748
21633,38.3351020353439,622.6599999997003,745.9551008204114
21634,38.3351020353439,622.6799999997003,745.9628899334713
21635,38.3351020353439,622.6999999997003,745.9706788758493
21636,38.3351020353439,622.7199999997002,745.9784676475407
21637,38.3351020353439,622.7399999997002,745.9862562485403
21638,38.3351020353439,622.7599999997002,745.9940446788431
21639,38.3351020353439,622.7799999997002,746.0018329384443
21640,38.3351020353439,622.7999999997002,746.0096210273388
21641,38.3351020353439,622.8199999997001,746.0174089455215
21642,38.3351020353439,622.8399999997001,746.0251966929876
21643,38.3351020353439,622.8599999997001,746.0329842697321
21644,38.3351020353439,622.8799999997001,746.0407716757499
21645,38.3351020353439,622.8999999997001,746.048558911036
21646,38.3351020353439,622.9199999997,746.0563459756462
21647,38.3351020353439,622.9399999997,746.0641328699984
21648,38.3351020353439,622.9599999997,746.0719195941277
21649,38.3351020353439,622.9799999997,746.0797061480293
21650,38.3351020353439,622.9999999997,746.0874925316982
21651,38.3351020353439,623.0199999997,746.0952787451293
21652,38.3351020353439,623.0399999997,746.1030647883177
21653,38.3351020353439,623.0599999996999,746.1108506612584
21654,38.3351020353439,623.0799999996999,746.1186363639463
21655,38.3351020353439,623.0999999996999,746.1264218963764
21656,38.3351020353439,623.1199999996999,746.1342072585439
21657,38.3351020353439,623.1399999996999,746.1419924504437
21658,38.3351020353439,623.1599999996998,746.1497774720708
21659,38.3351020353439,623.1799999996998,746.1575623234203
21660,38.3351020353439,623.1999999996998,746.1653470044871
21661,38.3351020353439,623.2199999996998,746.1731315152663
21662,38.3351020353439,623.2399999996998,746.1809158557528
21663,38.3351020353439,623.2599999996997,746.1887000259417
21664,38.3351020353439,623.2799999996997,746.1964840258279
21665,38.3351020353439,623.2999999996997,746.2042678554066
21666,38.3351020353439,623.3199999996997,746.2120515146726
21667,38.3351020353439,623.3399999996997,746.219835003621
21668,38.3351020353439,623.3599999996997,746.2276183222469
21669,38.3351020353439,623.3799999996996,746.2354014705453
21670,38.3351020353439,623.3999999996996,746.2431844485111
21671,38.3351020353439,623.4199999996996,746.2509672561393
21672,38.3351020353439,623.4399999996996,746.2587498934251
21673,38.3351020353439,623.4599999996996,746.2665323603634
21674,38.3351020353439,623.4799999996995,746.2743146569492
21675,38.3351020353439,623.4999999996995,746.2820967831774
21676,38.3351020353439,623.5199999996995,746.2898787390432
21677,38.3351020353439,623.5399999996995,746.2976605245415
21678,38.3351020353439,623.5599999996995,746.3054421396673
21679,38.3351020353439,623.5799999996995,746.3132235844157
21680,38.3351020353439,623.5999999996994,746.3210048587817
21681,38.3351020353439,623.6199999996994,746.3287859627603
21682,38.3351020353439,623.6399999996994,746.3365668963465
21683,38.3351020353439,623.6599999996994,746.3443476595354
21684,38.3351020353439,623.6799999996994,746.3521282523219
21685,38.3351020353439,623.6999999996993,746.359908674701
21686,38.3351020353439,623.7199999996993,746.3676889266678
21687,38.3351020353439,623.7399999996993,746.3754690082172
21688,38.3351020353439,623.7599999996993,746.3832489193444
21689,38.3351020353439,623.7799999996993,746.3910286600442
21690,38.3351020353439,623.7999999996993,746.3988082303117
21691,38.3351020353439,623.8199999996992,746.406587630142
21692,38.3351020353439,623.8399999996992,746.41436685953
21693,38.3351020353439,623.8599999996992,746.4221459184707
21694,38.3351020353439,623.8799999996992,746.4299248069592
21695,38.3351020353439,623.8999999996992,746.4377035249905
21696,38.3351020353439,623.9199999996991,746.4454820725596
21697,38.3351020353439,623.9399999996991,746.4532604497571
21698,38.3351020353439,623.9599999996991,746.4610386569937
21699,38.3351020353439,623.9799999996991,746.4688166943
21700,38.3351020353439,623.9999999996991,746.4765945616712
21701,38.3351020353439,624.019999999699,746.4843722591022
21702,38.3351020353439,624.039999999699,746.492149786588
21703,38.3351020353439,624.059999999699,746.4999271441237
21704,38.3351020353439,624.079999999699,746.5077043317042
21705,38.3351020353439,624.099999999699,746.5154813493245
21706,38.3351020353439,624.119999999699,746.5232581969798
21707,38.3351020353439,624.139999999699,746.5310348746649
21708,38.3351020353439,624.1599999996989,746.538811382375
21709,38.3351020353439,624.1799999996989,746.546587720105
21710,38.3351020353439,624.1999999996989,746.55436388785
21711,38.3351020353439,624.2199999996989,746.5621398856049
21712,38.3351020353439,624.2399999996989,746.5699157133648
21713,38.3351020353439,624.2599999996988,746.5776913711247
21714,38.3351020353439,624.2799999996988,746.5854668588796
21715,38.3351020353439,624.2999999996988,746.5932421766246
21716,38.3351020353439,624.3199999996988,746.6010173243545
21717,38.3351020353439,624.3399999996988,746.6087923020646
21718,38.3351020353439,624.3599999996987,746.6165671097497
21719,38.3351020353439,624.3799999996987,746.6243417474049
21720,38.3351020353439,624.3999999996987,746.6321162150252
21721,38.3351020353439,624.4199999996987,746.6398905126057
21722,38.3351020353439,624.4399999996987,746.6476646401413
21723,38.3351020353439,624.4599999996987,746.6554385976272
21724,38.3351020353439,624.4799999996986,746.6632123850582
21725,38.3351020353439,624.4999999996986,746.6709860024293
21726,38.3351020353439,624.5199999996986,746.6787594497357
21727,38.3351020353439,624.5399999996986,746.6865327269724
21728,38.3351020353439,624.5599999996986,746.6943058341343
21729,38.3351020353439,624.5799999996985,746.7020787712164
21730,38.3351020353439,624.5999999996985,746.7098515382139
21731,38.3351020353439,624.6199999996985,746.7176241351217
21732,38.3351020353439,624.6399999996985,746.7253965619348
21733,38.3351020353439,624.6599999996985,746.7331688186482
21734,38.3351020353439,624.6799999996985,746.740940905257
21735,38.3351020353439,624.6999999996984,746.7487128217563
21736,38.3351020353439,624.7199999996984,746.7564845681409
21737,38.3351020353439,624.7399999996984,746.7642561444059
21738,38.3351020353439,624.7599999996984,746.7720275505463
21739,38.3351020353439,624.7799999996984,746.7797987865573
21740,38.3351020353439,624.7999999996983,746.7875698524338
21741,38.3351020353439,624.8199999996983,746.7953407481707
21742,38.3351020353439,624.8399999996983,746.8031114737631
21743,38.3351020353439,624.8599999996983,746.8108820292061
21744,38.3351020353439,624.8799999996983,746.8186524144946
21745,38.3351020353439,624.8999999996983,746.8264226296237
21746,38.3351020353439,624.9199999996982,746.8341926745884
21747,38.3351020353439,624.9399999996982,746.8419625493838
21748,38.3351020353439,624.9599999996982,746.849732254133
21749,38.3351020353439,624.9799999996982,746.8575017892219
21750,38.3351020353439,624.9999999996982,746.8652711546752
21751,38.3351020353439,625.0199999996981,746.8730403504875
21752,38.3351020353439,625.0399999996981,746.8808093766539
21753,38.3351020353439,625.0599999996981,746.8885782331696
21754,38.3351020353439,625.0799999996981,746.8963469200295
21755,38.3351020353439,625.0999999996981,746.9041154372286
21756,38.3351020353439,625.119999999698,746.911883784762
21757,38.3351020353439,625.139999999698,746.9196519626247
21758,38.3351020353439,625.159999999698,746.9274199708117
21759,38.3351020353439,625.179999999698,746.935187809318
21760,38.3351020353439,625.199999999698,746.9429554781386
21761,38.3351020353439,625.219999999698,746.9507229772687
21762,38.3351020353439,625.239999999698,746.9584903067032
21763,38.3351020353439,625.2599999996979,746.9662574664371
21764,38.3351020353439,625.2799999996979,746.9740244564655
21765,38.3351020353439,625.2999999996979,746.9817912767833
21766,38.3351020353439,625.3199999996979,746.9895579273856
21767,38.3351020353439,625.3399999996979,746.9973244082674
21768,38.3351020353439,625.3599999996978,747.0050907194238
21769,38.3351020353439,625.3799999996978,747.0128568608498
21770,38.3351020353439,625.3999999996978,747.0206228325403
21771,38.3351020353439,625.4199999996978,747.0283886344905
21772,38.3351020353439,625.4399999996978,747.0361542666953
21773,38.3351020353439,625.4599999996977,747.0439197291498
21774,38.3351020353439,625.4799999996977,747.051685021849
21775,38.3351020353439,625.4999999996977,747.059450144788
21776,38.3351020353439,625.5199999996977,747.0672150979617
21777,38.3351020353439,625.5399999996977,747.0749798813652
21778,38.3351020353439,625.5599999996977,747.0827444949934
21779,38.3351020353439,625.5799999996976,747.0905089388416
21780,38.3351020353439,625.5999999996976,747.0982732129046
21781,38.3351020353439,625.6199999996976,747.1060373171774
21782,38.3351020353439,625.6399999996976,747.1138012516551
21783,38.3351020353439,625.6599999996976,747.1215650163327
21784,38.3351020353439,625.6799999996975,747.1293286112053
21785,38.3351020353439,625.6999999996975,747.1370920362679
21786,38.3351020353439,625.7199999996975,747.1448552915155
21787,38.3351020353439,625.7399999996975,747.1526183769431
21788,38.3351020353439,625.7599999996975,747.1603812925458
21789,38.3351020353439,625.7799999996975,747.1681440383186
21790,38.3351020353439,625.7999999996974,747.1759066142565
21791,38.3351020353439,625.8199999996974,747.1836690203545
21792,38.3351020353439,625.8399999996974,747.1914312566076
21793,38.3351020353439,625.8599999996974,747.1991933230111
21794,38.3351020353439,625.8799999996974,747.2069552195596
21795,38.3351020353439,625.8999999996973,747.2147169462485
21796,38.3351020353439,625.9199999996973,747.2224785030726
21797,38.3351020353439,625.9399999996973,747.2302398900271
21798,38.3351020353439,625.9599999996973,747.2380011071068
21799,38.3351020353439,625.9799999996973,747.2457621544743
21800,38.3351020353439,625.9999999996973,747.2535230325049
21801,38.3351020353439,626.0199999996972,747.2612837412174
21802,38.3351020353439,626.0399999996972,747.269044280607
21803,38.3351020353439,626.0599999996972,747.2768046506685
21804,38.278987973695855,626.0799999996972,747.2845648513971
21805,38.278987973695855,626.0999999996972,747.2923248827879
21806,38.278987973695855,626.1199999996971,747.3000847448357
21807,38.278987973695855,626.1399999996971,747.3078444375357
21808,38.278987973695855,626.1599999996971,747.3156039608829
21809,38.278987973695855,626.1799999996971,747.3233633148723
21810,38.278987973695855,626.1999999996971,747.331122499499
21811,38.278987973695855,626.219999999697,747.338881514758
21812,38.278987973695855,626.239999999697,747.3466403606444
21813,38.278987973695855,626.259999999697,747.3543990371533
21814,38.278987973695855,626.279999999697,747.3621575442795
21815,38.278987973695855,626.299999999697,747.3699158820182
21816,38.278987973695855,626.319999999697,747.3776740503644
21817,38.278987973695855,626.3399999996969,747.3854320493132
21818,38.278987973695855,626.3599999996969,747.3931898788595
21819,38.278987973695855,626.3799999996969,747.4009475389985
21820,38.278987973695855,626.3999999996969,747.4087050297252
21821,38.278987973695855,626.4199999996969,747.4164623510345
21822,38.278987973695855,626.4399999996969,747.4242195029216
21823,38.278987973695855,626.4599999996968,747.4319764853815
21824,38.278987973695855,626.4799999996968,747.4397332984092
21825,38.278987973695855,626.4999999996968,747.4474899419998
21826,38.278987973695855,626.5199999996968,747.4552464161484
21827,38.278987973695855,626.5399999996968,747.4630027208499
21828,38.278987973695855,626.5599999996967,747.4707588560993
21829,38.278987973695855,626.5799999996967,747.4785148218918
21830,38.278987973695855,626.5999999996967,747.4862706182224
21831,38.278987973695855,626.6199999996967,747.494026245086
21832,38.278987973695855,626.6399999996967,747.5017817024778
21833,38.278987973695855,626.6599999996967,747.5095369903928
21834,38.278987973695855,626.6799999996966,747.517292108826
21835,38.278987973695855,626.6999999996966,747.5250470577726
21836,38.278987973695855,626.7199999996966,747.5328018372273
21837,38.278987973695855,626.7399999996966,747.5405564471855
21838,38.278987973695855,626.7599999996966,747.5483108876421
21839,38.278987973695855,626.7799999996965,747.556065158592
21840,38.278987973695855,626.7999999996965,747.5638192600304
21841,38.278987973695855,626.8199999996965,747.5715731919523
21842,38.278987973695855,626.8399999996965,747.5793269543528
21843,38.278987973695855,626.8599999996965,747.587080547227
21844,38.278987973695855,626.8799999996965,747.5948339705697
21845,38.278987973695855,626.8999999996964,747.6025872243761
21846,38.278987973695855,626.9199999996964,747.6103403086412
21847,38.278987973695855,626.9399999996964,747.6180932233601
21848,38.278987973695855,626.9599999996964,747.6258459685278
21849,38.278987973695855,626.9799999996964,747.6335985441393
21850,38.278987973695855,626.9999999996963,747.6413509503708
21851,38.278987973695855,627.0199999996963,747.6491031875357
21852,38.278987973695855,627.0399999996963,747.6568552556446
21853,38.278987973695855,627.0599999996963,747.6646071546922
21854,38.278987973695855,627.0799999996963,747.6723588846738
21855,38.278987973695855,627.0999999996963,747.6801104455844
21856,38.278987973695855,627.1199999996962,747.6878618374191
21857,38.278987973695855,627.1399999996962,747.6956130601727
21858,38.278987973695855,627.1599999996962,747.7033641138405
21859,38.278987973695855,627.1799999996962,747.7111149984174
21860,38.278987973695855,627.1999999996962,747.7188657138986
21861,38.278987973695855,627.2199999996961,747.726616260279
21862,38.278987973695855,627.2399999996961,747.7343666375536
21863,38.278987973695855,627.2599999996961,747.7421168457176
21864,38.278987973695855,627.2799999996961,747.7498668847661
21865,38.278987973695855,627.2999999996961,747.757616754694
21866,38.278987973695855,627.319999999696,747.7653664554964
21867,38.278987973695855,627.339999999696,747.7731159871684
21868,38.278987973695855,627.359999999696,747.7808653497049
21869,38.278987973695855,627.379999999696,747.7886145431011
21870,38.278987973695855,627.399999999696,747.7963635673519
21871,38.278987973695855,627.419999999696,747.8041124224525
21872,38.278987973695855,627.4399999996959,747.8118611083978
21873,38.278987973695855,627.4599999996959,747.819609625183
21874,38.278987973695855,627.4799999996959,747.8273579728032
21875,38.278987973695855,627.4999999996959,747.8351061512532
21876,38.278987973695855,627.5199999996959,747.8428541605282
21877,38.278987973695855,627.5399999996959,747.8506020006232
21878,38.278987973695855,627.5599999996958,747.8583496715333
21879,38.278987973695855,627.5799999996958,747.8660971732536
21880,38.278987973695855,627.5999999996958,747.8738445057791
21881,38.278987973695855,627.6199999996958,747.8815916691048
21882,38.278987973695855,627.6399999996958,747.8893386632257
21883,38.278987973695855,627.6599999996957,747.8970854881369
21884,38.278987973695855,627.6799999996957,747.9048321438336
21885,38.278987973695855,627.6999999996957,747.9125786303107
21886,38.278987973695855,627.7199999996957,747.9203249475632
21887,38.278987973695855,627.7399999996957,747.9280710955863
21888,38.278987973695855,627.7599999996957,747.935817074375
21889,38.278987973695855,627.7799999996956,747.9435628839243
21890,38.278987973695855,627.7999999996956,747.9513085242293
21891,38.278987973695855,627.8199999996956,747.959053995285
21892,38.278987973695855,627.8399999996956,747.9667992970865
21893,38.278987973695855,627.8599999996956,747.9745444296288
21894,38.278987973695855,627.8799999996955,747.9822893929071
21895,38.278987973695855,627.8999999996955,747.9900341869163
21896,38.278987973695855,627.9199999996955,747.9977788116515
21897,38.278987973695855,627.9399999996955,748.0055232671077
21898,38.278987973695855,627.9599999996955,748.01326755328
21899,38.278987973695855,627.9799999996955,748.0210116701635
21900,38.278987973695855,627.9999999996954,748.0287556177532
21901,38.278987973695855,628.0199999996954,748.0364993962654
21902,38.278987973695855,628.0399999996954,748.0442430060032
21903,38.278987973695855,628.0599999996954,748.0519864469712
21904,38.278987973695855,628.0799999996954,748.0597297191646
21905,38.278987973695855,628.0999999996953,748.0674728225783
21906,38.278987973695855,628.1199999996953,748.0752157572075
21907,38.278987973695855,628.1399999996953,748.0829585230472
21908,38.278987973695855,628.1599999996953,748.0907011200924
21909,38.278987973695855,628.1799999996953,748.0984435483382
21910,38.278987973695855,628.1999999996953,748.1061858077796
21911,38.278987973695855,628.2199999996952,748.1139278984118
21912,38.278987973695855,628.2399999996952,748.1216698202298
21913,38.278987973695855,628.2599999996952,748.1294115732287
21914,38.278987973695855,628.2799999996952,748.1371531574034
21915,38.278987973695855,628.2999999996952,748.1448945727491
21916,38.278987973695855,628.3199999996951,748.1526358192607
21917,38.278987973695855,628.3399999996951,748.1603768969334
21918,38.278987973695855,628.3599999996951,748.1681178057622
21919,38.278987973695855,628.3799999996951,748.1758585457422
21920,38.278987973695855,628.3999999996951,748.1835991168685
21921,38.278987973695855,628.419999999695,748.1913395191361
21922,38.278987973695855,628.439999999695,748.19907975254
21923,38.278987973695855,628.459999999695,748.2068198170754
21924,38.278987973695855,628.479999999695,748.2145597127371
21925,38.278987973695855,628.499999999695,748.2222994395205
21926,38.278987973695855,628.519999999695,748.2300389974204
21927,38.278987973695855,628.5399999996949,748.237778386432
21928,38.278987973695855,628.5599999996949,748.2455176065503
21929,38.278987973695855,628.5799999996949,748.2532566577703
21930,38.278987973695855,628.5999999996949,748.2609955400872
21931,38.278987973695855,628.6199999996949,748.268734253496
21932,38.278987973695855,628.6399999996949,748.2764727979917
21933,38.278987973695855,628.6599999996948,748.2842111735694
21934,38.278987973695855,628.6799999996948,748.2919493802241
21935,38.278987973695855,628.6999999996948,748.299687417951
21936,38.278987973695855,628.7199999996948,748.307425286745
21937,38.278987973695855,628.7399999996948,748.3151629866013
21938,38.278987973695855,628.7599999996947,748.3229005175149
21939,38.278987973695855,628.7799999996947,748.3306378794808
21940,38.278987973695855,628.7999999996947,748.3383750724942
21941,38.278987973695855,628.8199999996947,748.34611209655
21942,38.278987973695855,628.8399999996947,748.3538489516434
21943,38.278987973695855,628.8599999996947,748.3615856377694
21944,38.278987973695855,628.8799999996946,748.369322154923
21945,38.278987973695855,628.8999999996946,748.3770585030993
21946,38.278987973695855,628.9199999996946,748.3847946822934
21947,38.278987973695855,628.9399999996946,748.3925306925004
21948,38.278987973695855,628.9599999996946,748.4002665337152
21949,38.278987973695855,628.9799999996945,748.408002205933
21950,38.278987973695855,628.9999999996945,748.4157377091489
21951,38.278987973695855,629.0199999996945,748.4234730433578
21952,38.278987973695855,629.0399999996945,748.4312082088192
21953,38.278987973695855,629.0599999996945,748.438943205823
21954,38.278987973695855,629.0799999996945,748.4466780343677
21955,38.278987973695855,629.0999999996944,748.4544126944485
21956,38.278987973695855,629.1199999996944,748.4621471860603
21957,38.278987973695855,629.1399999996944,748.4698815091983
21958,38.278987973695855,629.1599999996944,748.4776156638576
21959,38.278987973695855,629.1799999996944,748.4853496500331
21960,38.278987973695855,629.1999999996943,748.49308346772
21961,38.278987973695855,629.2199999996943,748.5008171169134
21962,38.278987973695855,629.2399999996943,748.5085505976082
21963,38.278987973695855,629.2599999996943,748.5162839097995
21964,38.278987973695855,629.2799999996943,748.5240170534826
21965,38.278987973695855,629.2999999996943,748.5317500286523
21966,38.278987973695855,629.3199999996942,748.5394828353037
21967,38.278987973695855,629.3399999996942,748.5472154734321
21968,38.278987973695855,629.3599999996942,748.5549479430323
21969,38.278987973695855,629.3799999996942,748.5626802440995
21970,38.278987973695855,629.3999999996942,748.5704123766288
21971,38.278987973695855,629.4199999996941,748.5781443406153
21972,38.278987973695855,629.4399999996941,748.5858761360539
21973,38.278987973695855,629.4599999996941,748.5936077629398
21974,38.278987973695855,629.4799999996941,748.601339221268
21975,38.278987973695855,629.4999999996941,748.6090705110336
21976,38.278987973695855,629.519999999694,748.6168016322316
21977,38.278987973695855,629.539999999694,748.6245325848572
21978,38.223010676086865,629.559999999694,748.6322633689055
21979,38.223010676086865,629.579999999694,748.6399939843714
21980,38.223010676086865,629.599999999694,748.64772443125
21981,38.223010676086865,629.619999999694,748.6554547095365
21982,38.223010676086865,629.6399999996939,748.6631848192258
21983,38.223010676086865,629.6599999996939,748.670914760313
21984,38.223010676086865,629.6799999996939,748.6786445327934
21985,38.223010676086865,629.6999999996939,748.6863741366619
21986,38.223010676086865,629.7199999996939,748.6941035719135
21987,38.223010676086865,629.7399999996939,748.7018328385434
21988,38.223010676086865,629.7599999996938,748.7095619365466
21989,38.223010676086865,629.7799999996938,748.7172908659181
21990,38.223010676086865,629.7999999996938,748.7250196266531
21991,38.223010676086865,629.8199999996938,748.7327482187466
21992,38.223010676086865,629.8399999996938,748.7404766421937
21993,38.223010676086865,629.8599999996937,748.7482048969895
21994,38.223010676086865,629.8799999996937,748.755932983129
21995,38.223010676086865,629.8999999996937,748.7636609006073
21996,38.223010676086865,629.9199999996937,748.7713886494196
21997,38.223010676086865,629.9399999996937,748.7791162295607
21998,38.223010676086865,629.9599999996937,748.7868436410259
21999,38.223010676086865,629.9799999996936,748.7945708838103
22000,38.223010676086865,629.9999999996936,748.8022979579088
22001,38.223010676086865,630.0199999996936,748.8100248633165
22002,38.223010676086865,630.0399999996936,748.8177516000313
22003,38.223010676086865,630.0599999996936,748.8254781683119
22004,38.223010676086865,630.0799999996935,748.8332045683906
22005,38.223010676086865,630.0999999996935,748.8409308002625
22006,38.223010676086865,630.1199999996935,748.8486568639228
22007,38.223010676086865,630.1399999996935,748.8563827593664
22008,38.223010676086865,630.1599999996935,748.8641084865885
22009,38.223010676086865,630.1799999996935,748.8718340455841
22010,38.223010676086865,630.1999999996934,748.8795594363484
22011,38.223010676086865,630.2199999996934,748.8872846588763
22012,38.223010676086865,630.2399999996934,748.8950097131631
22013,38.223010676086865,630.2599999996934,748.9027345992037
22014,38.223010676086865,630.2799999996934,748.9104593169932
22015,38.223010676086865,630.2999999996933,748.9181838665268
22016,38.223010676086865,630.3199999996933,748.9259082477994
22017,38.223010676086865,630.3399999996933,748.9336324608062
22018,38.223010676086865,630.3599999996933,748.9413565055422
22019,38.223010676086865,630.3799999996933,748.9490803820026
22020,38.223010676086865,630.3999999996933,748.9568040901825
22021,38.223010676086865,630.4199999996932,748.9645276300768
22022,38.223010676086865,630.4399999996932,748.9722510016807
22023,38.223010676086865,630.4599999996932,748.9799742049892
22024,38.223010676086865,630.4799999996932,748.9876972399974
22025,38.223010676086865,630.4999999996932,748.9954201067004
22026,38.223010676086865,630.5199999996931,749.0031428050934
22027,38.223010676086865,630.5399999996931,749.0108653351713
22028,38.223010676086865,630.5599999996931,749.0185876969292
22029,38.223010676086865,630.5799999996931,749.0263098903623
22030,38.223010676086865,630.5999999996931,749.0340319154656
22031,38.223010676086865,630.619999999693,749.0417537722341
22032,38.223010676086865,630.639999999693,749.049475460663
22033,38.223010676086865,630.659999999693,749.0571969807473
22034,38.223010676086865,630.679999999693,749.0649183324822
22035,38.223010676086865,630.699999999693,749.0726395158626
22036,38.223010676086865,630.719999999693,749.0803605308838
22037,38.223010676086865,630.7399999996929,749.0880813775408
22038,38.223010676086865,630.7599999996929,749.0958020558286
22039,38.223010676086865,630.7799999996929,749.1035225657423
22040,38.223010676086865,630.7999999996929,749.1112429072771
22041,38.223010676086865,630.8199999996929,749.118963080428
22042,38.223010676086865,630.8399999996928,749.12668308519
22043,38.223010676086865,630.8599999996928,749.1344029215584
22044,38.223010676086865,630.8799999996928,749.142122589528
22045,38.223010676086865,630.8999999996928,749.149842089094
22046,38.223010676086865,630.9199999996928,749.1575614202516
22047,38.223010676086865,630.9399999996928,749.1652805829957
22048,38.223010676086865,630.9599999996927,749.1729995773215
22049,38.223010676086865,630.9799999996927,749.1807184032241
22050,38.223010676086865,630.9999999996927,749.1884370606984
22051,38.223010676086865,631.0199999996927,749.1961555497397
22052,38.223010676086865,631.0399999996927,749.203873870343
22053,38.223010676086865,631.0599999996926,749.2115920225127
22054,38.223010676086865,631.0799999996926,749.2193100065455
22055,38.223010676086865,631.0999999996926,749.2270278226546
22056,38.223010676086865,631.1199999996926,749.2347454708352
22057,38.223010676086865,631.1399999996926,749.2424629510823
22058,38.223010676086865,631.1599999996926,749.2501802633911
22059,38.223010676086865,631.1799999996925,749.2578974077568
22060,38.223010676086865,631.1999999996925,749.2656143841742
22061,38.223010676086865,631.2199999996925,749.2733311926386
22062,38.223010676086865,631.2399999996925,749.281047833145
22063,38.223010676086865,631.2599999996925,749.2887643056885
22064,38.223010676086865,631.2799999996924,749.2964806102641
22065,38.223010676086865,631.2999999996924,749.3041967468671
22066,38.223010676086865,631.3199999996924,749.3119127154924
22067,38.223010676086865,631.3399999996924,749.3196285161353
22068,38.223010676086865,631.3599999996924,749.3273441487905
22069,38.223010676086865,631.3799999996924,749.3350596134534
22070,38.223010676086865,631.3999999996923,749.342774910119
22071,38.223010676086865,631.4199999996923,749.3504900387825
22072,38.223010676086865,631.4399999996923,749.3582049994387
22073,38.223010676086865,631.4599999996923,749.365919792083
22074,38.223010676086865,631.4799999996923,749.3736344167103
22075,38.223010676086865,631.4999999996922,749.3813488733157
22076,38.223010676086865,631.5199999996922,749.3890631618943
22077,38.223010676086865,631.5399999996922,749.3967772824413
22078,38.223010676086865,631.5599999996922,749.4044912349517
22079,38.223010676086865,631.5799999996922,749.4122050194206
22080,38.223010676086865,631.5999999996922,749.4199186358431
22081,38.223010676086865,631.6199999996921,749.4276320842143
22082,38.223010676086865,631.6399999996921,749.4353453645292
22083,38.223010676086865,631.6599999996921,749.443058476783
22084,38.223010676086865,631.6799999996921,749.4507714209707
22085,38.223010676086865,631.6999999996921,749.4584841970874
22086,38.223010676086865,631.719999999692,749.4661968051282
22087,38.223010676086865,631.739999999692,749.4739092450882
22088,38.223010676086865,631.759999999692,749.4816215169625
22089,38.223010676086865,631.779999999692,749.4893336207462
22090,38.223010676086865,631.799999999692,749.4970455564343
22091,38.223010676086865,631.819999999692,749.504757324022
22092,38.223010676086865,631.8399999996919,749.5124689235043
22093,38.223010676086865,631.8599999996919,749.5201803548764
22094,38.223010676086865,631.8799999996919,749.5278916181333
22095,38.223010676086865,631.8999999996919,749.53560271327
22096,38.223010676086865,631.9199999996919,749.5433136402818
22097,38.223010676086865,631.9399999996918,749.5510243991637
22098,38.223010676086865,631.9599999996918,749.5587349899107
22099,38.223010676086865,631.9799999996918,749.5664454125181
22100,38.223010676086865,631.9999999996918,749.5741556669808
22101,38.223010676086865,632.0199999996918,749.581865753294
22102,38.223010676086865,632.0399999996918,749.5895756714526
22103,38.223010676086865,632.0599999996917,749.5972854214519
22104,38.223010676086865,632.0799999996917,749.6049950033029
22105,38.223010676086865,632.0999999996917,749.6127044173339
22106,38.223010676086865,632.1199999996917,749.6204136637314
22107,38.223010676086865,632.1399999996917,749.6281227424903
22108,38.223010676086865,632.1599999996916,749.6358316536058
22109,38.223010676086865,632.1799999996916,749.6435403970729
22110,38.223010676086865,632.1999999996916,749.6512489728866
22111,38.223010676086865,632.2199999996916,749.6589573810421
22112,38.223010676086865,632.2399999996916,749.6666656215344
22113,38.223010676086865,632.2599999996916,749.6743736943587
22114,38.223010676086865,632.2799999996915,749.6820815995098
22115,38.223010676086865,632.2999999996915,749.689789336983
22116,38.223010676086865,632.3199999996915,749.6974969067734
22117,38.223010676086865,632.3399999996915,749.7052043088759
22118,38.223010676086865,632.3599999996915,749.7129115432857
22119,38.223010676086865,632.3799999996914,749.7206186099978
22120,38.223010676086865,632.3999999996914,749.7283255090074
22121,38.223010676086865,632.4199999996914,749.7360322403094
22122,38.223010676086865,632.4399999996914,749.7437388038991
22123,38.223010676086865,632.4599999996914,749.7514451997714
22124,38.223010676086865,632.4799999996914,749.7591514279214
22125,38.223010676086865,632.4999999996913,749.7668574883443
22126,38.223010676086865,632.5199999996913,749.7745633810349
22127,38.223010676086865,632.5399999996913,749.7822691059886
22128,38.223010676086865,632.5599999996913,749.7899746632003
22129,38.223010676086865,632.5799999996913,749.797680052665
22130,38.223010676086865,632.5999999996912,749.805385274378
22131,38.223010676086865,632.6199999996912,749.8130903283342
22132,38.223010676086865,632.6399999996912,749.8207952145287
22133,38.223010676086865,632.6599999996912,749.8284999329567
22134,38.223010676086865,632.6799999996912,749.8362044836131
22135,38.223010676086865,632.6999999996912,749.843908866493
22136,38.223010676086865,632.7199999996911,749.8516130815917
22137,38.223010676086865,632.7399999996911,749.8593171289041
22138,38.223010676086865,632.7599999996911,749.8670210084252
22139,38.223010676086865,632.7799999996911,749.8747247201502
22140,38.223010676086865,632.7999999996911,749.8824282640742
22141,38.223010676086865,632.819999999691,749.8901316401922
22142,38.223010676086865,632.839999999691,749.8978348484992
22143,38.223010676086865,632.859999999691,749.9055378889905
22144,38.223010676086865,632.879999999691,749.913240761661
22145,38.223010676086865,632.899999999691,749.9209434665058
22146,38.223010676086865,632.919999999691,749.92864600352
22147,38.223010676086865,632.9399999996909,749.9363483726988
22148,38.223010676086865,632.9599999996909,749.9440505740371
22149,38.223010676086865,632.9799999996909,749.95175260753
22150,38.223010676086865,632.9999999996909,749.9594544731726
22151,38.223010676086865,633.0199999996909,749.9671561709602
22152,38.16716967631193,633.0399999996908,749.9748577008875
22153,38.16716967631193,633.0599999996908,749.9825590629498
22154,38.16716967631193,633.0799999996908,749.9902602571422
22155,38.16716967631193,633.0999999996908,749.9979612834815
22156,38.16716967631193,633.1199999996908,750.0056621422877
22157,38.16716967631193,633.1399999996908,750.0133628336423
22158,38.16716967631193,633.1599999996907,750.0210633575357
22159,38.16716967631193,633.1799999996907,750.028763713963
22160,38.16716967631193,633.1999999996907,750.0364639029194
22161,38.16716967631193,633.2199999996907,750.0441639244
22162,38.16716967631193,633.2399999996907,750.0518637783997
22163,38.16716967631193,633.2599999996906,750.0595634649138
22164,38.16716967631193,633.2799999996906,750.0672629839373
22165,38.16716967631193,633.2999999996906,750.0749623354654
22166,38.16716967631193,633.3199999996906,750.0826615194932
22167,38.16716967631193,633.3399999996906,750.0903605360157
22168,38.16716967631193,633.3599999996906,750.0980593850281
22169,38.16716967631193,633.3799999996905,750.1057580665255
22170,38.16716967631193,633.3999999996905,750.1134565805029
22171,38.16716967631193,633.4199999996905,750.1211549269555
22172,38.16716967631193,633.4399999996905,750.1288531058784
22173,38.16716967631193,633.4599999996905,750.1365511172668
22174,38.16716967631193,633.4799999996904,750.1442489611155
22175,38.16716967631193,633.4999999996904,750.1519466374199
22176,38.16716967631193,633.5199999996904,750.159644146175
22177,38.16716967631193,633.5399999996904,750.1673414873759
22178,38.16716967631193,633.5599999996904,750.1750386610178
22179,38.16716967631193,633.5799999996904,750.1827356670956
22180,38.16716967631193,633.5999999996903,750.1904325056046
22181,38.16716967631193,633.6199999996903,750.1981291765397
22182,38.16716967631193,633.6399999996903,750.2058256798963
22183,38.16716967631193,633.6599999996903,750.2135220156692
22184,38.16716967631193,633.6799999996903,750.2212181838537
22185,38.16716967631193,633.6999999996902,750.2289141844449
22186,38.16716967631193,633.7199999996902,750.2366100174378
22187,38.16716967631193,633.7399999996902,750.2443056828275
22188,38.16716967631193,633.7599999996902,750.2520011806092
22189,38.16716967631193,633.7799999996902,750.2596965107781
22190,38.16716967631193,633.7999999996902,750.2673916733291
22191,38.16716967631193,633.8199999996901,750.2750866682575
22192,38.16716967631193,633.8399999996901,750.2827814955582
22193,38.16716967631193,633.8599999996901,750.2904761552264
22194,38.16716967631193,633.8799999996901,750.2981706472572
22195,38.16716967631193,633.8999999996901,750.3058649716456
22196,38.16716967631193,633.91999999969,750.3135591283869
22197,38.16716967631193,633.93999999969,750.3212531174762
22198,38.16716967631193,633.95999999969,750.3289469389085
22199,38.16716967631193,633.97999999969,750.3366405926789
22200,38.16716967631193,633.99999999969,750.3443340787826
22201,38.16716967631193,634.01999999969,750.3520273972147
22202,38.16716967631193,634.0399999996899,750.3597205479701
22203,38.16716967631193,634.0599999996899,750.3674135310442
22204,38.16716967631193,634.0799999996899,750.375106346432
22205,38.16716967631193,634.0999999996899,750.3827989941285
22206,38.16716967631193,634.1199999996899,750.3904914741556
22207,38.16716967631193,634.1399999996898,750.3981837868682
22208,38.16716967631193,634.1599999996898,750.4058759323805
22209,38.16716967631193,634.1799999996898,750.4135679106874
22210,38.16716967631193,634.1999999996898,750.4212597217843
22211,38.16716967631193,634.2199999996898,750.4289513656661
22212,38.16716967631193,634.2399999996898,750.4366428423278
22213,38.16716967631193,634.2599999996897,750.4443341517647
22214,38.16716967631193,634.2799999996897,750.4520252939718
22215,38.16716967631193,634.2999999996897,750.4597162689442
22216,38.16716967631193,634.3199999996897,750.4674070766771
22217,38.16716967631193,634.3399999996897,750.4750977171655
22218,38.16716967631193,634.3599999996896,750.4827881904044
22219,38.16716967631193,634.3799999996896,750.4904784963891
22220,38.16716967631193,634.3999999996896,750.4981686351146
22221,38.16716967631193,634.4199999996896,750.5058586065759
22222,38.16716967631193,634.4399999996896,750.5135484107683
22223,38.16716967631193,634.4599999996896,750.5212380476868
22224,38.16716967631193,634.4799999996895,750.5289275173265
22225,38.16716967631193,634.4999999996895,750.5366168196824
22226,38.16716967631193,634.5199999996895,750.5443059547498
22227,38.16716967631193,634.5399999996895,750.5519949225236
22228,38.16716967631193,634.5599999996895,750.559683722999
22229,38.16716967631193,634.5799999996894,750.5673723561712
22230,38.16716967631193,634.5999999996894,750.5750608220351
22231,38.16716967631193,634.6199999996894,750.5827491205858
22232,38.16716967631193,634.6399999996894,750.5904372518186
22233,38.16716967631193,634.6599999996894,750.5981252157285
22234,38.16716967631193,634.6799999996894,750.6058130123105
22235,38.16716967631193,634.6999999996893,750.6135006415598
22236,38.16716967631193,634.7199999996893,750.6211881034715
22237,38.16716967631193,634.7399999996893,750.6288753980407
22238,38.16716967631193,634.7599999996893,750.6365625252624
22239,38.16716967631193,634.7799999996893,750.6442494851319
22240,38.16716967631193,634.7999999996892,750.6519362776442
22241,38.16716967631193,634.8199999996892,750.6596229027942
22242,38.16716967631193,634.8399999996892,750.6673093605773
22243,38.16716967631193,634.8599999996892,750.6749956509884
22244,38.16716967631193,634.8799999996892,750.6826817740227
22245,38.16716967631193,634.8999999996892,750.6903677296754
22246,38.16716967631193,634.9199999996891,750.6980535179414
22247,38.16716967631193,634.9399999996891,750.7057391388159
22248,38.16716967631193,634.9599999996891,750.713424592294
22249,38.16716967631193,634.9799999996891,750.7211098783708
22250,38.16716967631193,634.9999999996891,750.7287949970414
22251,38.16716967631193,635.019999999689,750.7364799483008
22252,38.16716967631193,635.039999999689,750.7441647321442
22253,38.16716967631193,635.059999999689,750.7518493485667
22254,38.16716967631193,635.079999999689,750.7595337975633
22255,38.16716967631193,635.099999999689,750.7672180791293
22256,38.16716967631193,635.119999999689,750.7749021932597
22257,38.16716967631193,635.1399999996889,750.7825861399833
22258,38.16716967631193,635.1599999996889,750.7902699196915
22259,38.16716967631193,635.1799999996889,750.7979535324715
22260,38.16716967631193,635.1999999996889,750.8056369783185
22261,38.16716967631193,635.2199999996889,750.8133202572275
22262,38.16716967631193,635.2399999996888,750.8210033691936
22263,38.16716967631193,635.2599999996888,750.828686314212
22264,38.16716967631193,635.2799999996888,750.8363690922777
22265,38.16716967631193,635.2999999996888,750.8440517033858
22266,38.16716967631193,635.3199999996888,750.8517341475316
22267,38.16716967631193,635.3399999996888,750.85941642471
22268,38.16716967631193,635.3599999996887,750.8670985349162
22269,38.16716967631193,635.3799999996887,750.8747804781452
22270,38.16716967631193,635.3999999996887,750.8824622543923
22271,38.16716967631193,635.4199999996887,750.8901438636524
22272,38.16716967631193,635.4399999996887,750.8978253059207
22273,38.16716967631193,635.4599999996886,750.9055065811923
22274,38.16716967631193,635.4799999996886,750.9131876894623
22275,38.16716967631193,635.4999999996886,750.9208686307259
22276,38.16716967631193,635.5199999996886,750.928549404978
22277,38.16716967631193,635.5399999996886,750.9362300122139
22278,38.16716967631193,635.5599999996886,750.9439104524286
22279,38.16716967631193,635.5799999996885,750.9515907256172
22280,38.16716967631193,635.5999999996885,750.9592708317748
22281,38.16716967631193,635.6199999996885,750.9669507708966
22282,38.16716967631193,635.6399999996885,750.9746305429777
22283,38.16716967631193,635.6599999996885,750.9823101480132
22284,38.16716967631193,635.6799999996884,750.9899895859982
22285,38.16716967631193,635.6999999996884,750.9976688569276
22286,38.16716967631193,635.7199999996884,751.0053479607967
22287,38.16716967631193,635.7399999996884,751.0130268976006
22288,38.16716967631193,635.7599999996884,751.0207056673345
22289,38.16716967631193,635.7799999996884,751.0283842699934
22290,38.16716967631193,635.7999999996883,751.0360627055724
22291,38.16716967631193,635.8199999996883,751.0437409740665
22292,38.16716967631193,635.8399999996883,751.051419075471
22293,38.16716967631193,635.8599999996883,751.059097009781
22294,38.16716967631193,635.8799999996883,751.0667747769915
22295,38.16716967631193,635.8999999996882,751.0744523770976
22296,38.16716967631193,635.9199999996882,751.0821298100944
22297,38.16716967631193,635.9399999996882,751.0898070759772
22298,38.16716967631193,635.9599999996882,751.0974841747409
22299,38.16716967631193,635.9799999996882,751.1051611063807
22300,38.16716967631193,635.9999999996882,751.1128378708917
22301,38.16716967631193,636.0199999996881,751.120514468269
22302,38.16716967631193,636.0399999996881,751.1281908985077
22303,38.16716967631193,636.0599999996881,751.135867161603
22304,38.16716967631193,636.0799999996881,751.1435432575498
22305,38.16716967631193,636.0999999996881,751.1512191863434
22306,38.16716967631193,636.119999999688,751.1588949479788
22307,38.16716967631193,636.139999999688,751.1665705424512
22308,38.16716967631193,636.159999999688,751.1742459697973
22309,38.16716967631193,636.179999999688,751.1819212304518
22310,38.16716967631193,636.199999999688,751.189596324474
22311,38.16716967631193,636.219999999688,751.1972712518589
22312,38.16716967631193,636.2399999996879,751.2049460126017
22313,38.16716967631193,636.2599999996879,751.2126206066974
22314,38.16716967631193,636.2799999996879,751.2202950341413
22315,38.16716967631193,636.2999999996879,751.2279692949282
22316,38.16716967631193,636.3199999996879,751.2356433890536
22317,38.16716967631193,636.3399999996878,751.2433173165124
22318,38.16716967631193,636.3599999996878,751.2509910772997
22319,38.16716967631193,636.3799999996878,751.2586646714105
22320,38.16716967631193,636.3999999996878,751.2663380988403
22321,38.16716967631193,636.4199999996878,751.2740113595838
22322,38.16716967631193,636.4399999996878,751.2816844536363
22323,38.16716967631193,636.4599999996877,751.289357380993
22324,38.16716967631193,636.4799999996877,751.2970301416489
22325,38.16716967631193,636.4999999996877,751.3047027355991
22326,38.16716967631193,636.5199999996877,751.3123751628387
22327,38.16716967631193,636.5399999996877,751.320047423363
22328,38.16716967631193,636.5599999996876,751.3277195171669
22329,38.16716967631193,636.5799999996876,751.3353914442456
22330,38.16716967631193,636.5999999996876,751.3430632045942
22331,38.11146451020726,636.6199999996876,751.3507347982078
22332,38.11146451020726,636.6399999996876,751.3584062250815
22333,38.11146451020726,636.6599999996876,751.3660774852104
22334,38.11146451020726,636.6799999996875,751.3737485785897
22335,38.11146451020726,636.6999999996875,751.3814195052145
22336,38.11146451020726,636.7199999996875,751.3890902650799
22337,38.11146451020726,636.7399999996875,751.3967608581809
22338,38.11146451020726,636.7599999996875,751.4044312845127
22339,38.11146451020726,636.7799999996874,751.4121015440705
22340,38.11146451020726,636.7999999996874,751.4197716368494
22341,38.11146451020726,636.8199999996874,751.4274415628445
22342,38.11146451020726,636.8399999996874,751.4351113220508
22343,38.11146451020726,636.8599999996874,751.4427809144635
22344,38.11146451020726,636.8799999996874,751.4504503400776
22345,38.11146451020726,636.8999999996873,751.4581195988884
22346,38.11146451020726,636.9199999996873,751.4657886908909
22347,38.11146451020726,636.9399999996873,751.4734576160803
22348,38.11146451020726,636.9599999996873,751.4811263744517
22349,38.11146451020726,636.9799999996873,751.4887949660002
22350,38.11146451020726,636.9999999996872,751.4964633907209
22351,38.11146451020726,637.0199999996872,751.5041316486089
22352,38.11146451020726,637.0399999996872,751.5117997396593
22353,38.11146451020726,637.0599999996872,751.5194676638673
22354,38.11146451020726,637.0799999996872,751.527135421228
22355,38.11146451020726,637.0999999996872,751.5348030117364
22356,38.11146451020726,637.1199999996871,751.5424704353877
22357,38.11146451020726,637.1399999996871,751.550137692177
22358,38.11146451020726,637.1599999996871,751.5578047820995
22359,38.11146451020726,637.1799999996871,751.5654717052032
22360,38.11146451020726,637.1999999996871,751.5731384618812
22361,38.11146451020726,637.219999999687,751.580805052167
22362,38.11146451020726,637.239999999687,751.5884714760557
22363,38.11146451020726,637.259999999687,751.5961377335425
22364,38.11146451020726,637.279999999687,751.6038038246224
22365,38.11146451020726,637.299999999687,751.6114697492908
22366,38.11146451020726,637.319999999687,751.6191355075425
22367,38.11146451020726,637.3399999996869,751.6268010993728
22368,38.11146451020726,637.3599999996869,751.6344665247767
22369,38.11146451020726,637.3799999996869,751.6421317837494
22370,38.11146451020726,637.3999999996869,751.649796876286
22371,38.11146451020726,637.4199999996869,751.6574618023816
22372,38.11146451020726,637.4399999996868,751.6651265620313
22373,38.11146451020726,637.4599999996868,751.6727911552304
22374,38.11146451020726,637.4799999996868,751.6804555819738
22375,38.11146451020726,637.4999999996868,751.6881198422567
22376,38.11146451020726,637.5199999996868,751.6957839360742
22377,38.11146451020726,637.5399999996868,751.7034478634215
22378,38.11146451020726,637.5599999996867,751.7111116242936
22379,38.11146451020726,637.5799999996867,751.7187752186857
22380,38.11146451020726,637.5999999996867,751.7264386465929
22381,38.11146451020726,637.6199999996867,751.7341019080103
22382,38.11146451020726,637.6399999996867,751.741765002933
22383,38.11146451020726,637.6599999996866,751.7494279313562
22384,38.11146451020726,637.6799999996866,751.757090693275
22385,38.11146451020726,637.6999999996866,751.7647532886845
22386,38.11146451020726,637.7199999996866,751.7724157175797
22387,38.11146451020726,637.7399999996866,751.780077979956
22388,38.11146451020726,637.7599999996866,751.7877400758083
22389,38.11146451020726,637.7799999996865,751.7954020051318
22390,38.11146451020726,637.7999999996865,751.8030637679216
22391,38.11146451020726,637.8199999996865,751.8107253641728
22392,38.11146451020726,637.8399999996865,751.8183867938806
22393,38.11146451020726,637.8599999996865,751.82604805704
22394,38.11146451020726,637.8799999996864,751.8337091536463
22395,38.11146451020726,637.8999999996864,751.8413700836944
22396,38.11146451020726,637.9199999996864,751.8490308471796
22397,38.11146451020726,637.9399999996864,751.856691444097
22398,38.11146451020726,637.9599999996864,751.8643518744416
22399,38.11146451020726,637.9799999996864,751.8720121382086
22400,38.11146451020726,637.9999999996863,751.8796722353931
22401,38.11146451020726,638.0199999996863,751.8873321659903
22402,38.11146451020726,638.0399999996863,751.8949919299953
22403,38.11146451020726,638.0599999996863,751.9026515274031
22404,38.11146451020726,638.0799999996863,751.910310958209
22405,38.11146451020726,638.0999999996862,751.917970222408
22406,38.11146451020726,638.1199999996862,751.9256293199953
22407,38.11146451020726,638.1399999996862,751.9332882509659
22408,38.11146451020726,638.1599999996862,751.940947015315
22409,38.11146451020726,638.1799999996862,751.9486056130378
22410,38.11146451020726,638.1999999996862,751.9562640442151
22411,38.11146451020726,638.2199999996861,751.9639223092358
22412,38.11146451020726,638.2399999996861,751.9715804081293
22413,38.11146451020726,638.2599999996861,751.9792383408907
22414,38.11146451020726,638.2799999996861,751.986896107515
22415,38.11146451020726,638.2999999996861,751.9945537079975
22416,38.11146451020726,638.319999999686,752.0022111423333
22417,38.11146451020726,638.339999999686,752.0098684105175
22418,38.11146451020726,638.359999999686,752.0175255125451
22419,38.11146451020726,638.379999999686,752.0251824484114
22420,38.11146451020726,638.399999999686,752.0328392181116
22421,38.11146451020726,638.419999999686,752.0404958216405
22422,38.11146451020726,638.4399999996859,752.0481522589936
22423,38.11146451020726,638.4599999996859,752.0558085301658
22424,38.11146451020726,638.4799999996859,752.0634646351523
22425,38.11146451020726,638.4999999996859,752.0711205739482
22426,38.11146451020726,638.5199999996859,752.0787763465486
22427,38.11146451020726,638.5399999996858,752.0864319529486
22428,38.11146451020726,638.5599999996858,752.0940873931435
22429,38.11146451020726,638.5799999996858,752.1017426671283
22430,38.11146451020726,638.5999999996858,752.1093977748982
22431,38.11146451020726,638.6199999996858,752.1170527164481
22432,38.11146451020726,638.6399999996858,752.1247074917735
22433,38.11146451020726,638.6599999996857,752.1323621008693
22434,38.11146451020726,638.6799999996857,752.1400165437306
22435,38.11146451020726,638.6999999996857,752.1476708203526
22436,38.11146451020726,638.7199999996857,752.1553249307304
22437,38.11146451020726,638.7399999996857,752.1629788748592
22438,38.11146451020726,638.7599999996856,752.1706326527341
22439,38.11146451020726,638.7799999996856,752.1782862643502
22440,38.11146451020726,638.7999999996856,752.1859397097026
22441,38.11146451020726,638.8199999996856,752.1935929887865
22442,38.11146451020726,638.8399999996856,752.2012461015969
22443,38.11146451020726,638.8599999996856,752.2088990481291
22444,38.11146451020726,638.8799999996855,752.2165518283781
22445,38.11146451020726,638.8999999996855,752.2242044423391
22446,38.11146451020726,638.9199999996855,752.2318568900072
22447,38.11146451020726,638.9399999996855,752.2395091713776
22448,38.11146451020726,638.9599999996855,752.2471612864452
22449,38.11146451020726,638.9799999996854,752.2548132352055
22450,38.11146451020726,638.9999999996854,752.2624650176533
22451,38.11146451020726,639.0199999996854,752.2701166337839
22452,38.11146451020726,639.0399999996854,752.2777680835925
22453,38.11146451020726,639.0599999996854,752.285419367074
22454,38.11146451020726,639.0799999996854,752.2930704842238
22455,38.11146451020726,639.0999999996853,752.3007214350367
22456,38.11146451020726,639.1199999996853,752.3083722195081
22457,38.11146451020726,639.1399999996853,752.316022837633
22458,38.11146451020726,639.1599999996853,752.3236732894067
22459,38.11146451020726,639.1799999996853,752.3313235748241
22460,38.11146451020726,639.1999999996852,752.3389736938805
22461,38.11146451020726,639.2199999996852,752.3466236466924
22462,38.11146451020726,639.2399999996852,752.3542734336414
22463,38.11146451020726,639.2599999996852,752.3619230547522
22464,38.11146451020726,639.2799999996852,752.3695725100199
22465,38.11146451020726,639.2999999996852,752.3772217994396
22466,38.11146451020726,639.3199999996851,752.3848709230064
22467,38.11146451020726,639.3399999996851,752.3925198807153
22468,38.11146451020726,639.3599999996851,752.4001686725617
22469,38.11146451020726,639.3799999996851,752.4078172985405
22470,38.11146451020726,639.3999999996851,752.415465758647
22471,38.11146451020726,639.419999999685,752.4231140528761
22472,38.11146451020726,639.439999999685,752.4307621812231
22473,38.11146451020726,639.459999999685,752.4384101436831
22474,38.11146451020726,639.479999999685,752.4460579402511
22475,38.11146451020726,639.499999999685,752.4537055709224
22476,38.11146451020726,639.519999999685,752.4613530356919
22477,38.11146451020726,639.5399999996849,752.469000334555
22478,38.11146451020726,639.5599999996849,752.4766474675065
22479,38.11146451020726,639.5799999996849,752.4842944345418
22480,38.11146451020726,639.5999999996849,752.4919412356559
22481,38.11146451020726,639.6199999996849,752.4995878708439
22482,38.11146451020726,639.6399999996848,752.507234340101
22483,38.11146451020726,639.6599999996848,752.5148806434223
22484,38.11146451020726,639.6799999996848,752.5225267808029
22485,38.11146451020726,639.6999999996848,752.530172752238
22486,38.11146451020726,639.7199999996848,752.5378185577225
22487,38.11146451020726,639.7399999996848,752.5454641972518
22488,38.11146451020726,639.7599999996847,752.5531096708208
22489,38.11146451020726,639.7799999996847,752.5607549784248
22490,38.11146451020726,639.7999999996847,752.5684001200589
22491,38.11146451020726,639.8199999996847,752.5760450957181
22492,38.11146451020726,639.8399999996847,752.5836899053976
22493,38.11146451020726,639.8599999996846,752.5913345490925
22494,38.11146451020726,639.8799999996846,752.5989790267979
22495,38.11146451020726,639.8999999996846,752.606623338509
22496,38.11146451020726,639.9199999996846,752.6142674842209
22497,38.11146451020726,639.9399999996846,752.6219114639288
22498,38.11146451020726,639.9599999996846,752.6295552776277
22499,38.11146451020726,639.9799999996845,752.6371989253128
22500,38.11146451020726,639.9999999996845,752.6448424069791
22501,38.11146451020726,640.0199999996845,752.6524857226219
22502,38.11146451020726,640.0399999996845,752.6601288722362
22503,38.11146451020726,640.0599999996845,752.6677718558171
22504,38.11146451020726,640.0799999996844,752.6754146733599
22505,38.11146451020726,640.0999999996844,752.6830573248595
22506,38.05589471563951,640.1199999996844,752.6906998103112
22507,38.05589471563951,640.1399999996844,752.6983421297101
22508,38.05589471563951,640.1599999996844,752.7059842830513
22509,38.05589471563951,640.1799999996844,752.7136262703299
22510,38.05589471563951,640.1999999996843,752.721268091541
22511,38.05589471563951,640.2199999996843,752.7289097466797
22512,38.05589471563951,640.2399999996843,752.7365512358812
22513,38.05589471563951,640.2599999996843,752.7441925594704
22514,38.05589471563951,640.2799999996843,752.7518337174638
22515,38.05589471563951,640.2999999996842,752.7594747098565
22516,38.05589471563951,640.3199999996842,752.7671155366436
22517,38.05589471563951,640.3399999996842,752.7747561978204
22518,38.05589471563951,640.3599999996842,752.7823966933819
22519,38.05589471563951,640.3799999996842,752.7900370233234
22520,38.05589471563951,640.3999999996842,752.79767718764
22521,38.05589471563951,640.4199999996841,752.8053171863269
22522,38.05589471563951,640.4399999996841,752.8129570193792
22523,38.05589471563951,640.4599999996841,752.8205966867921
22524,38.05589471563951,640.4799999996841,752.8282361885608
22525,38.05589471563951,640.4999999996841,752.8358755246804
22526,38.05589471563951,640.519999999684,752.8435146951462
22527,38.05589471563951,640.539999999684,752.8511536999532
22528,38.05589471563951,640.559999999684,752.8587925390967
22529,38.05589471563951,640.579999999684,752.8664312125719
22530,38.05589471563951,640.599999999684,752.8740697203739
22531,38.05589471563951,640.619999999684,752.8817080624978
22532,38.05589471563951,640.6399999996839,752.8893462389387
22533,38.05589471563951,640.6599999996839,752.8969842496921
22534,38.05589471563951,640.6799999996839,752.9046220947528
22535,38.05589471563951,640.6999999996839,752.9122597741161
22536,38.05589471563951,640.7199999996839,752.9198972877773
22537,38.05589471563951,640.7399999996838,752.9275346357314
22538,38.05589471563951,640.7599999996838,752.9351718179736
22539,38.05589471563951,640.7799999996838,752.9428088344991
22540,38.05589471563951,640.7999999996838,752.9504456853032
22541,38.05589471563951,640.8199999996838,752.9580823703808
22542,38.05589471563951,640.8399999996838,752.9657188897272
22543,38.05589471563951,640.8599999996837,752.9733552433377
22544,38.05589471563951,640.8799999996837,752.9809914312073
22545,38.05589471563951,640.8999999996837,752.9886274533311
22546,38.05589471563951,640.9199999996837,752.9962633097044
22547,38.05589471563951,640.9399999996837,753.0038990003225
22548,38.05589471563951,640.9599999996836,753.0115345251803
22549,38.05589471563951,640.9799999996836,753.0191698842731
22550,38.05589471563951,640.9999999996836,753.0268050775961
22551,38.05589471563951,641.0199999996836,753.0344401051444
22552,38.05589471563951,641.0399999996836,753.0420749669132
22553,38.05589471563951,641.0599999996836,753.0497096628977
22554,38.05589471563951,641.0799999996835,753.0573441930931
22555,38.05589471563951,641.0999999996835,753.0649785574943
22556,38.05589471563951,641.1199999996835,753.0726127560969
22557,38.05589471563951,641.1399999996835,753.0802467888957
22558,38.05589471563951,641.1599999996835,753.087880655886
22559,38.05589471563951,641.1799999996834,753.095514357063
22560,38.05589471563951,641.1999999996834,753.1031478924219
22561,38.05589471563951,641.2199999996834,753.1107812619579
22562,38.05589471563951,641.2399999996834,753.118414465666
22563,38.05589471563951,641.2599999996834,753.1260475037143
22564,38.05589471563951,641.2799999996834,753.1336803764119
22565,38.05589471563951,641.2999999996833,753.1413130837697
22566,38.05589471563951,641.3199999996833,753.1489456257827
22567,38.05589471563951,641.3399999996833,753.1565780024463
22568,38.05589471563951,641.3599999996833,753.1642102137555
22569,38.05589471563951,641.3799999996833,753.1718422597054
22570,38.05589471563951,641.3999999996832,753.1794741402913
22571,38.05589471563951,641.4199999996832,753.1871058555083
22572,38.05589471563951,641.4399999996832,753.1947374053516
22573,38.05589471563951,641.4599999996832,753.2023687898163
22574,38.05589471563951,641.4799999996832,753.2100000088976
22575,38.05589471563951,641.4999999996832,753.2176310625906
22576,38.05589471563951,641.5199999996831,753.2252619508905
22577,38.05589471563951,641.5399999996831,753.2328926737925
22578,38.05589471563951,641.5599999996831,753.2405232312917
22579,38.05589471563951,641.5799999996831,753.2481536233834
22580,38.05589471563951,641.5999999996831,753.2557838500625
22581,38.05589471563951,641.619999999683,753.2634139113243
22582,38.05589471563951,641.639999999683,753.271043807164
22583,38.05589471563951,641.659999999683,753.2786735375768
22584,38.05589471563951,641.679999999683,753.2863031025577
22585,38.05589471563951,641.699999999683,753.2939325021019
22586,38.05589471563951,641.719999999683,753.3015617362047
22587,38.05589471563951,641.7399999996829,753.3091908048611
22588,38.05589471563951,641.7599999996829,753.3168197080664
22589,38.05589471563951,641.7799999996829,753.3244484458157
22590,38.05589471563951,641.7999999996829,753.3320770181042
22591,38.05589471563951,641.8199999996829,753.3397054249269
22592,38.05589471563951,641.8399999996828,753.3473336662792
22593,38.05589471563951,641.8599999996828,753.3549617421561
22594,38.05589471563951,641.8799999996828,753.3625896525527
22595,38.05589471563951,641.8999999996828,753.3702173974644
22596,38.05589471563951,641.9199999996828,753.3778449768862
22597,38.05589471563951,641.9399999996828,753.3854723908132
22598,38.05589471563951,641.9599999996827,753.3930996392407
22599,38.05589471563951,641.9799999996827,753.4007267221639
22600,38.05589471563951,641.9999999996827,753.4083536395777
22601,38.05589471563951,642.0199999996827,753.4159803914775
22602,38.05589471563951,642.0399999996827,753.4236069778585
22603,38.05589471563951,642.0599999996826,753.4312333987158
22604,38.05589471563951,642.0799999996826,753.4388596540444
22605,38.05589471563951,642.0999999996826,753.4464857438397
22606,38.05589471563951,642.1199999996826,753.4541116680967
22607,38.05589471563951,642.1399999996826,753.4617374268106
22608,38.05589471563951,642.1599999996826,753.4693630199765
22609,38.05589471563951,642.1799999996825,753.4769884475897
22610,38.05589471563951,642.1999999996825,753.4846137096454
22611,38.05589471563951,642.2199999996825,753.4922388061385
22612,38.05589471563951,642.2399999996825,753.4998637370644
22613,38.05589471563951,642.2599999996825,753.5074885024183
22614,38.05589471563951,642.2799999996824,753.5151131023993
22615,38.05589471563951,642.2999999996824,753.5227375372951
22616,38.05589471563951,642.3199999996824,753.5303618071109
22617,38.05589471563951,642.3399999996824,753.5379859118417
22618,38.05589471563951,642.3599999996824,753.5456098514827
22619,38.05589471563951,642.3799999996824,753.553233626029
22620,38.05589471563951,642.3999999996823,753.560857235476
22621,38.05589471563951,642.4199999996823,753.5684806798187
22622,38.05589471563951,642.4399999996823,753.5761039590521
22623,38.05589471563951,642.4599999996823,753.5837270731718
22624,38.05589471563951,642.4799999996823,753.5913500221726
22625,38.05589471563951,642.4999999996822,753.5989728060498
22626,38.05589471563951,642.5199999996822,753.6065954247986
22627,38.05589471563951,642.5399999996822,753.614217878414
22628,38.05589471563951,642.5599999996822,753.6218401668914
22629,38.05589471563951,642.5799999996822,753.6294622902258
22630,38.05589471563951,642.5999999996822,753.6370842484124
22631,38.05589471563951,642.6199999996821,753.6447060414464
22632,38.05589471563951,642.6399999996821,753.6523276693229
22633,38.05589471563951,642.6599999996821,753.6599491320371
22634,38.05589471563951,642.6799999996821,753.6675704295842
22635,38.05589471563951,642.6999999996821,753.6751915619593
22636,38.05589471563951,642.719999999682,753.6828125291577
22637,38.05589471563951,642.739999999682,753.6904333311744
22638,38.05589471563951,642.759999999682,753.6980539680047
22639,38.05589471563951,642.779999999682,753.7056744396438
22640,38.05589471563951,642.799999999682,753.7132947460866
22641,38.05589471563951,642.819999999682,753.7209148873285
22642,38.05589471563951,642.8399999996819,753.7285348633646
22643,38.05589471563951,642.8599999996819,753.7361546741902
22644,38.05589471563951,642.8799999996819,753.7437743198003
22645,38.05589471563951,642.8999999996819,753.7513938001902
22646,38.05589471563951,642.9199999996819,753.7590131153548
22647,38.05589471563951,642.9399999996818,753.7666322652896
22648,38.05589471563951,642.9599999996818,753.7742512499896
22649,38.05589471563951,642.9799999996818,753.78187006945
22650,38.05589471563951,642.9999999996818,753.7894887236658
22651,38.05589471563951,643.0199999996818,753.7971072126325
22652,38.05589471563951,643.0399999996818,753.804725536345
22653,38.05589471563951,643.0599999996817,753.8123436947986
22654,38.05589471563951,643.0799999996817,753.8199616879886
22655,38.05589471563951,643.0999999996817,753.8275795159099
22656,38.05589471563951,643.1199999996817,753.8351971785577
22657,38.05589471563951,643.1399999996817,753.8428146759272
22658,38.05589471563951,643.1599999996816,753.8504320080137
22659,38.05589471563951,643.1799999996816,753.8580491748123
22660,38.05589471563951,643.1999999996816,753.8656661763181
22661,38.05589471563951,643.2199999996816,753.8732830125264
22662,38.05589471563951,643.2399999996816,753.8808996834322
22663,38.05589471563951,643.2599999996816,753.8885161890307
22664,38.05589471563951,643.2799999996815,753.8961325293172
22665,38.05589471563951,643.2999999996815,753.903748704531
22666,38.05589471563951,643.3199999996815,753.9113647149476
22667,38.05589471563951,643.3399999996815,753.9189805605662
22668,38.05589471563951,643.3599999996815,753.926596241382
22669,38.05589471563951,643.3799999996814,753.93421175739
22670,38.05589471563951,643.3999999996814,753.9418271085856
22671,38.05589471563951,643.4199999996814,753.9494422949639
22672,38.05589471563951,643.4399999996814,753.95705731652
22673,38.05589471563951,643.4599999996814,753.9646721732491
22674,38.05589471563951,643.4799999996814,753.9722868651464
22675,38.05589471563951,643.4999999996813,753.9799013922071
22676,38.05589471563951,643.5199999996813,753.9875157544262
22677,38.05589471563951,643.5399999996813,753.9951299517991
22678,38.05589471563951,643.5599999996813,754.0027439843208
22679,38.05589471563951,643.5799999996813,754.0103578519864
22680,38.05589471563951,643.5999999996812,754.0179715547913
22681,38.05589471563951,643.6199999996812,754.0255850927305
22682,38.0004598324948,643.6399999996812,754.0331984657992
22683,38.0004598324948,643.6599999996812,754.0408116739925
22684,38.0004598324948,643.6799999996812,754.0484247173057
22685,38.0004598324948,643.6999999996812,754.0560375957339
22686,38.0004598324948,643.7199999996811,754.0636503092722
22687,38.0004598324948,643.7399999996811,754.0712628579159
22688,38.0004598324948,643.7599999996811,754.0788752416602
22689,38.0004598324948,643.7799999996811,754.0864874605
22690,38.0004598324948,643.7999999996811,754.0940995144308
22691,38.0004598324948,643.819999999681,754.1017114034476
22692,38.0004598324948,643.839999999681,754.1093231275455
22693,38.0004598324948,643.859999999681,754.1169346867198
22694,38.0004598324948,643.879999999681,754.1245460809656
22695,38.0004598324948,643.899999999681,754.1321573102781
22696,38.0004598324948,643.919999999681,754.1397683746525
22697,38.0004598324948,643.9399999996809,754.1473792740838
22698,38.0004598324948,643.9599999996809,754.1549900085674
22699,38.0004598324948,643.9799999996809,754.1626005780984
22700,38.0004598324948,643.9999999996809,754.1702109826718
22701,38.0004598324948,644.0199999996809,754.177821222283
22702,38.0004598324948,644.0399999996808,754.185431296927
22703,38.0004598324948,644.0599999996808,754.1930412065991
22704,38.0004598324948,644.0799999996808,754.2006509512944
22705,38.0004598324948,644.0999999996808,754.208260531008
22706,38.0004598324948,644.1199999996808,754.2158699457352
22707,38.0004598324948,644.1399999996808,754.2234791954711
22708,38.0004598324948,644.1599999996807,754.2310882802109
22709,38.0004598324948,644.1799999996807,754.2386971999497
22710,38.0004598324948,644.1999999996807,754.2463059546827
22711,38.0004598324948,644.2199999996807,754.2539145444051
22712,38.0004598324948,644.2399999996807,754.2615229691121
22713,38.0004598324948,644.2599999996806,754.2691312287988
22714,38.0004598324948,644.2799999996806,754.2767393234603
22715,38.0004598324948,644.2999999996806,754.284347253094
22716,38.0004598324948,644.3199999996806,754.2919550179396
22717,38.0004598324948,644.3399999996806,754.2995626182193
22718,38.0004598324948,644.3599999996806,754.3071700539283
22719,38.0004598324948,644.3799999996805,754.3147773250618
22720,38.0004598324948,644.3999999996805,754.3223844316148
22721,38.0004598324948,644.4199999996805,754.3299913735825
22722,38.0004598324948,644.4399999996805,754.3375981509603
22723,38.0004598324948,644.4599999996805,754.3452047637431
22724,38.0004598324948,644.4799999996804,754.3528112119262
22725,38.0004598324948,644.4999999996804,754.3604174955047
22726,38.0004598324948,644.5199999996804,754.3680236144739
22727,38.0004598324948,644.5399999996804,754.3756295688289
22728,38.0004598324948,644.5599999996804,754.3832353585648
22729,38.0004598324948,644.5799999996804,754.3908409836768
22730,38.0004598324948,644.5999999996803,754.3984464441601
22731,38.0004598324948,644.6199999996803,754.4060517400098
22732,38.0004598324948,644.6399999996803,754.4136568712212
22733,38.0004598324948,644.6599999996803,754.4212618377893
22734,38.0004598324948,644.6799999996803,754.4288666397094
22735,38.0004598324948,644.6999999996802,754.4364712769767
22736,38.0004598324948,644.7199999996802,754.4440757495862
22737,38.0004598324948,644.7399999996802,754.4516800575333
22738,38.0004598324948,644.7599999996802,754.4592842008129
22739,38.0004598324948,644.7799999996802,754.4668881794204
22740,38.0004598324948,644.7999999996802,754.4744919933509
22741,38.0004598324948,644.8199999996801,754.4820956425995
22742,38.0004598324948,644.8399999996801,754.4896991271613
22743,38.0004598324948,644.8599999996801,754.4973024470316
22744,38.0004598324948,644.8799999996801,754.5049056022057
22745,38.0004598324948,644.8999999996801,754.5125085926785
22746,38.0004598324948,644.91999999968,754.5201114184454
22747,38.0004598324948,644.93999999968,754.5277140795014
22748,38.0004598324948,644.95999999968,754.5353165758418
22749,38.0004598324948,644.97999999968,754.5429189074616
22750,38.0004598324948,644.99999999968,754.5505210743562
22751,38.0004598324948,645.01999999968,754.5581230765206
22752,38.0004598324948,645.0399999996799,754.56572491395
22753,38.0004598324948,645.0599999996799,754.5733265866396
22754,38.0004598324948,645.0799999996799,754.5809280945846
22755,38.0004598324948,645.0999999996799,754.58852943778
22756,38.0004598324948,645.1199999996799,754.5961306162212
22757,38.0004598324948,645.1399999996798,754.6037316299032
22758,38.0004598324948,645.1599999996798,754.6113324788213
22759,38.0004598324948,645.1799999996798,754.6189331629705
22760,38.0004598324948,645.1999999996798,754.6265336823461
22761,38.0004598324948,645.2199999996798,754.6341340369434
22762,38.0004598324948,645.2399999996798,754.6417342267573
22763,38.0004598324948,645.2599999996797,754.6493342517831
22764,38.0004598324948,645.2799999996797,754.656934112016
22765,38.0004598324948,645.2999999996797,754.6645338074511
22766,38.0004598324948,645.3199999996797,754.6721333380916
22767,38.0004598324948,645.3399999996797,754.6797327042133
22768,38.0004598324948,645.3599999996796,754.6873319060205
22769,38.0004598324948,645.3799999996796,754.6949309435084
22770,38.0004598324948,645.3999999996796,754.7025298166723
22771,38.0004598324948,645.4199999996796,754.7101285255071
22772,38.0004598324948,645.4399999996796,754.7177270700082
22773,38.0004598324948,645.4599999996796,754.7253254501707
22774,38.0004598324948,645.4799999996795,754.7329236659897
22775,38.0004598324948,645.4999999996795,754.7405217174604
22776,38.0004598324948,645.5199999996795,754.7481196045782
22777,38.0004598324948,645.5399999996795,754.755717327338
22778,38.0004598324948,645.5599999996795,754.763314885735
22779,38.0004598324948,645.5799999996794,754.7709122797645
22780,38.0004598324948,645.5999999996794,754.7785095094217
22781,38.0004598324948,645.6199999996794,754.7861065747018
22782,38.0004598324948,645.6399999996794,754.7937034755997
22783,38.0004598324948,645.6599999996794,754.8013002121108
22784,38.0004598324948,645.6799999996794,754.8088967842303
22785,38.0004598324948,645.6999999996793,754.8164931919533
22786,38.0004598324948,645.7199999996793,754.824089435275
22787,38.0004598324948,645.7399999996793,754.8316855141906
22788,38.0004598324948,645.7599999996793,754.8392814286951
22789,38.0004598324948,645.7799999996793,754.846877178784
22790,38.0004598324948,645.7999999996792,754.8544727644522
22791,38.0004598324948,645.8199999996792,754.8620681856951
22792,38.0004598324948,645.8399999996792,754.8696634425077
22793,38.0004598324948,645.8599999996792,754.8772585348852
22794,38.0004598324948,645.8799999996792,754.8848534628228
22795,38.0004598324948,645.8999999996792,754.8924482263157
22796,38.0004598324948,645.9199999996791,754.900042825359
22797,38.0004598324948,645.9399999996791,754.907637259948
22798,38.0004598324948,645.9599999996791,754.9152315300779
22799,38.0004598324948,645.9799999996791,754.9228256357437
22800,38.0004598324948,645.9999999996791,754.9304195769407
22801,38.0004598324948,646.019999999679,754.9380133536641
22802,38.0004598324948,646.039999999679,754.9456069659091
22803,38.0004598324948,646.059999999679,754.9532004136706
22804,38.0004598324948,646.079999999679,754.9607936969442
22805,38.0004598324948,646.099999999679,754.9683868157248
22806,38.0004598324948,646.119999999679,754.9759797700076
22807,38.0004598324948,646.1399999996789,754.9835725597878
22808,38.0004598324948,646.1599999996789,754.9911651850607
22809,38.0004598324948,646.1799999996789,754.9987576458213
22810,38.0004598324948,646.1999999996789,755.006349942065
22811,38.0004598324948,646.2199999996789,755.0139420737868
22812,38.0004598324948,646.2399999996788,755.0215340409819
22813,38.0004598324948,646.2599999996788,755.0291258436455
22814,38.0004598324948,646.2799999996788,755.0367174817727
22815,38.0004598324948,646.2999999996788,755.0443089553588
22816,38.0004598324948,646.3199999996788,755.051900264399
22817,38.0004598324948,646.3399999996788,755.059491408903
22818,38.0004598324948,646.3599999996787,755.0670823891853
22819,38.0004598324948,646.3799999996787,755.07467320543
22820,38.0004598324948,646.3999999996787,755.0822638576324
22821,38.0004598324948,646.4199999996787,755.0898543457874
22822,38.0004598324948,646.4399999996787,755.0974446698905
22823,38.0004598324948,646.4599999996786,755.1050348299367
22824,38.0004598324948,646.4799999996786,755.1126248259213
22825,38.0004598324948,646.4999999996786,755.1202146578395
22826,38.0004598324948,646.5199999996786,755.1278043256864
22827,38.0004598324948,646.5399999996786,755.1353938294571
22828,38.0004598324948,646.5599999996786,755.142983169147
22829,38.0004598324948,646.5799999996785,755.1505723447511
22830,38.0004598324948,646.5999999996785,755.1581613562648
22831,38.0004598324948,646.6199999996785,755.1657502036832
22832,38.0004598324948,646.6399999996785,755.1733388870014
22833,38.0004598324948,646.6599999996785,755.1809274062147
22834,38.0004598324948,646.6799999996784,755.1885157613182
22835,38.0004598324948,646.6999999996784,755.1961039523071
22836,38.0004598324948,646.7199999996784,755.2036919791767
22837,38.0004598324948,646.7399999996784,755.2112798419221
22838,38.0004598324948,646.7599999996784,755.2188675405384
22839,38.0004598324948,646.7799999996784,755.226455075021
22840,38.0004598324948,646.7999999996783,755.2340424453649
22841,38.0004598324948,646.8199999996783,755.2416296515655
22842,38.0004598324948,646.8399999996783,755.2492166936178
22843,38.0004598324948,646.8599999996783,755.256803571517
22844,38.0004598324948,646.8799999996783,755.2643902852584
22845,38.0004598324948,646.8999999996782,755.2719768348371
22846,38.0004598324948,646.9199999996782,755.2795632202484
22847,38.0004598324948,646.9399999996782,755.2871494414874
22848,38.0004598324948,646.9599999996782,755.2947354985492
22849,38.0004598324948,646.9799999996782,755.3023213914292
22850,38.0004598324948,646.9999999996782,755.3099071201225
22851,38.0004598324948,647.0199999996781,755.3174926846242
22852,38.0004598324948,647.0399999996781,755.3250780849296
22853,38.0004598324948,647.0599999996781,755.3326633210338
22854,38.0004598324948,647.0799999996781,755.3402483929322
22855,38.0004598324948,647.0999999996781,755.3478333006198
22856,38.0004598324948,647.119999999678,755.3554180440917
22857,38.0004598324948,647.139999999678,755.3630026233434
22858,37.94515940266804,647.159999999678,755.3705870383699
22859,37.94515940266804,647.179999999678,755.3781712891663
22860,37.94515940266804,647.199999999678,755.385755375728
22861,37.94515940266804,647.219999999678,755.39333929805
22862,37.94515940266804,647.2399999996779,755.4009230561277
22863,37.94515940266804,647.2599999996779,755.408506649956
22864,37.94515940266804,647.2799999996779,755.4160900795305
22865,37.94515940266804,647.2999999996779,755.4236733448461
22866,37.94515940266804,647.3199999996779,755.4312564458979
22867,37.94515940266804,647.3399999996778,755.4388393826814
22868,37.94515940266804,647.3599999996778,755.4464221552101
22869,37.94515940266804,647.3799999996778,755.4540047637881
22870,37.94515940266804,647.3999999996778,755.4615872085525
22871,37.94515940266804,647.4199999996778,755.4691694894983
22872,37.94515940266804,647.4399999996778,755.4767516066208
22873,37.94515940266804,647.4599999996777,755.4843335599153
22874,37.94515940266804,647.4799999996777,755.4919153493769
22875,37.94515940266804,647.4999999996777,755.4994969750009
22876,37.94515940266804,647.5199999996777,755.5070784367823
22877,37.94515940266804,647.5399999996777,755.5146597347166
22878,37.94515940266804,647.5599999996776,755.5222408687988
22879,37.94515940266804,647.5799999996776,755.5298218390242
22880,37.94515940266804,647.5999999996776,755.5374026453879
22881,37.94515940266804,647.6199999996776,755.5449832878853
22882,37.94515940266804,647.6399999996776,755.5525637665115
22883,37.94515940266804,647.6599999996776,755.5601440812617
22884,37.94515940266804,647.6799999996775,755.567724232131
22885,37.94515940266804,647.6999999996775,755.5753042191149
22886,37.94515940266804,647.7199999996775,755.5828840422083
22887,37.94515940266804,647.7399999996775,755.5904637014066
22888,37.94515940266804,647.7599999996775,755.5980431967049
22889,37.94515940266804,647.7799999996774,755.6056225280985
22890,37.94515940266804,647.7999999996774,755.6132016955825
22891,37.94515940266804,647.8199999996774,755.6207806991522
22892,37.94515940266804,647.8399999996774,755.6283595388028
22893,37.94515940266804,647.8599999996774,755.6359382145295
22894,37.94515940266804,647.8799999996774,755.6435167263274
22895,37.94515940266804,647.8999999996773,755.651095074192
22896,37.94515940266804,647.9199999996773,755.6586732581181
22897,37.94515940266804,647.9399999996773,755.6662512781013
22898,37.94515940266804,647.9599999996773,755.6738291341366
22899,37.94515940266804,647.9799999996773,755.6814068262192
22900,37.94515940266804,647.9999999996772,755.6889843543445
22901,37.94515940266804,648.0199999996772,755.6965617185075
22902,37.94515940266804,648.0399999996772,755.7041389187035
22903,37.94515940266804,648.0599999996772,755.7117159549276
22904,37.94515940266804,648.0799999996772,755.7192928271752
22905,37.94515940266804,648.0999999996772,755.7268695354413
22906,37.94515940266804,648.1199999996771,755.7344460797214
22907,37.94515940266804,648.1399999996771,755.7420224600104
22908,37.94515940266804,648.1599999996771,755.7495986763037
22909,37.94515940266804,648.1799999996771,755.7571747285964
22910,37.94515940266804,648.1999999996771,755.7647506168838
22911,37.94515940266804,648.219999999677,755.772326341161
22912,37.94515940266804,648.239999999677,755.7799019014234
22913,37.94515940266804,648.259999999677,755.7874772976661
22914,37.94515940266804,648.279999999677,755.7950525298843
22915,37.94515940266804,648.299999999677,755.8026275980732
22916,37.94515940266804,648.319999999677,755.810202502228
22917,37.94515940266804,648.3399999996769,755.8177772423439
22918,37.94515940266804,648.3599999996769,755.8253518184163
22919,37.94515940266804,648.3799999996769,755.8329262304653
22920,37.94515940266804,648.3999999996769,755.840500478832
22921,37.94515940266804,648.4199999996769,755.8480745636309
22922,37.94515940266804,648.4399999996768,755.855648484857
22923,37.94515940266804,648.4599999996768,755.8632222425058
22924,37.94515940266804,648.4799999996768,755.8707958365723
22925,37.94515940266804,648.4999999996768,755.8783692670518
22926,37.94515940266804,648.5199999996768,755.8859425339394
22927,37.94515940266804,648.5399999996768,755.8935156372306
22928,37.94515940266804,648.5599999996767,755.9010885769204
22929,37.94515940266804,648.5799999996767,755.908661353004
22930,37.94515940266804,648.5999999996767,755.9162339654769
22931,37.94515940266804,648.6199999996767,755.923806414334
22932,37.94515940266804,648.6399999996767,755.9313786995706
22933,37.94515940266804,648.6599999996766,755.938950821182
22934,37.94515940266804,648.6799999996766,755.9465227791633
22935,37.94515940266804,648.6999999996766,755.9540945735098
22936,37.94515940266804,648.7199999996766,755.9616662042168
22937,37.94515940266804,648.7399999996766,755.9692376712795
22938,37.94515940266804,648.7599999996766,755.976808974693
22939,37.94515940266804,648.7799999996765,755.9843801144525
22940,37.94515940266804,648.7999999996765,755.9919510905534
22941,37.94515940266804,648.8199999996765,755.9995219029908
22942,37.94515940266804,648.8399999996765,756.0070925517599
22943,37.94515940266804,648.8599999996765,756.0146630368561
22944,37.94515940266804,648.8799999996764,756.0222333582744
22945,37.94515940266804,648.8999999996764,756.0298035160101
22946,37.94515940266804,648.9199999996764,756.0373735100585
22947,37.94515940266804,648.9399999996764,756.0449433404148
22948,37.94515940266804,648.9599999996764,756.052513007074
22949,37.94515940266804,648.9799999996764,756.0600825100316
22950,37.94515940266804,648.9999999996763,756.0676518492828
22951,37.94515940266804,649.0199999996763,756.0752210248227
22952,37.94515940266804,649.0399999996763,756.0827900366465
22953,37.94515940266804,649.0599999996763,756.0903588847495
22954,37.94515940266804,649.0799999996763,756.097927569127
22955,37.94515940266804,649.0999999996762,756.1054960897741
22956,37.94515940266804,649.1199999996762,756.113064446686
22957,37.94515940266804,649.1399999996762,756.1206326398581
22958,37.94515940266804,649.1599999996762,756.1282006692854
22959,37.94515940266804,649.1799999996762,756.1357685349633
22960,37.94515940266804,649.1999999996762,756.1433362368869
22961,37.94515940266804,649.2199999996761,756.1509037750515
22962,37.94515940266804,649.2399999996761,756.1584711494522
22963,37.94515940266804,649.2599999996761,756.1660383600844
22964,37.94515940266804,649.2799999996761,756.1736054069432
22965,37.94515940266804,649.2999999996761,756.1811722900239
22966,37.94515940266804,649.319999999676,756.1887390093217
22967,37.94515940266804,649.339999999676,756.1963055648318
22968,37.94515940266804,649.359999999676,756.2038719565495
22969,37.94515940266804,649.379999999676,756.2114381844699
22970,37.94515940266804,649.399999999676,756.2190042486193
22971,37.94515940266804,649.419999999676,756.2265701493629
22972,37.94515940266804,649.4399999996759,756.2341358867866
22973,37.94515940266804,649.4599999996759,756.2417014608855
22974,37.94515940266804,649.4799999996759,756.2492668716548
22975,37.94515940266804,649.4999999996759,756.2568321190898
22976,37.94515940266804,649.5199999996759,756.2643972031858
22977,37.94515940266804,649.5399999996758,756.271962123938
22978,37.94515940266804,649.5599999996758,756.2795268813416
22979,37.94515940266804,649.5799999996758,756.2870914753918
22980,37.94515940266804,649.5999999996758,756.2946559060839
22981,37.94515940266804,649.6199999996758,756.302220173413
22982,37.94515940266804,649.6399999996758,756.3097842773745
22983,37.94515940266804,649.6599999996757,756.3173482179636
22984,37.94515940266804,649.6799999996757,756.3249119951755
22985,37.94515940266804,649.6999999996757,756.3324756090054
22986,37.94515940266804,649.7199999996757,756.3400390594486
22987,37.94515940266804,649.7399999996757,756.3476023465003
22988,37.94515940266804,649.7599999996756,756.3551654701556
22989,37.94515940266804,649.7799999996756,756.3627284304099
22990,37.94515940266804,649.7999999996756,756.3702912272585
22991,37.94515940266804,649.8199999996756,756.3778538606964
22992,37.94515940266804,649.8399999996756,756.3854163307191
22993,37.94515940266804,649.8599999996756,756.3929786373216
22994,37.94515940266804,649.8799999996755,756.4005407804992
22995,37.94515940266804,649.8999999996755,756.4081027602472
22996,37.94515940266804,649.9199999996755,756.4156645765607
22997,37.94515940266804,649.9399999996755,756.4232262294352
22998,37.94515940266804,649.9599999996755,756.4307877188656
22999,37.94515940266804,649.9799999996754,756.4383490448474
23000,37.94515940266804,649.9999999996754,756.4459102073757
23001,37.94515940266804,650.0199999996754,756.4534712064458
23002,37.94515940266804,650.0399999996754,756.4610320420528
23003,37.94515940266804,650.0599999996754,756.4685927141921
23004,37.94515940266804,650.0799999996754,756.4761532228589
23005,37.94515940266804,650.0999999996753,756.4837135680483
23006,37.94515940266804,650.1199999996753,756.4912737497557
23007,37.94515940266804,650.1399999996753,756.4988337679763
23008,37.94515940266804,650.1599999996753,756.5063936227052
23009,37.94515940266804,650.1799999996753,756.5139533139378
23010,37.94515940266804,650.1999999996752,756.5215128416693
23011,37.94515940266804,650.2199999996752,756.5290722058949
23012,37.94515940266804,650.2399999996752,756.5366314066098
23013,37.94515940266804,650.2599999996752,756.5441904438093
23014,37.94515940266804,650.2799999996752,756.5517493174885
23015,37.94515940266804,650.2999999996752,756.5593080276429
23016,37.94515940266804,650.3199999996751,756.5668665742676
23017,37.94515940266804,650.3399999996751,756.5744249573578
23018,37.94515940266804,650.3599999996751,756.5819831769087
23019,37.94515940266804,650.3799999996751,756.5895412329156
23020,37.94515940266804,650.3999999996751,756.5970991253738
23021,37.94515940266804,650.419999999675,756.604656854317
23022,37.94515940266804,650.439999999675,756.6122144201524
23023,37.94515940266804,650.459999999675,756.61977182294
23024,37.94515940266804,650.479999999675,756.6273290626749
23025,37.94515940266804,650.499999999675,756.6348861393524
23026,37.94515940266804,650.519999999675,756.6424430529677
23027,37.94515940266804,650.5399999996749,756.6499998035162
23028,37.94515940266804,650.5599999996749,756.6575563909929
23029,37.94515940266804,650.5799999996749,756.6651128153933
23030,37.94515940266804,650.5999999996749,756.6726690767124
23031,37.94515940266804,650.6199999996749,756.6802251749456
23032,37.94515940266804,650.6399999996748,756.687781110088
23033,37.94515940266804,650.6599999996748,756.6953368821352
23034,37.94515940266804,650.6799999996748,756.702892491082
23035,37.88999297005216,650.6999999996748,756.710447936924
23036,37.88999297005216,650.7199999996748,756.7180032196562
23037,37.88999297005216,650.7399999996748,756.725558339274
23038,37.88999297005216,650.7599999996747,756.7331132957726
23039,37.88999297005216,650.7799999996747,756.7406680891472
23040,37.88999297005216,650.7999999996747,756.7482227193932
23041,37.88999297005216,650.8199999996747,756.7557771865056
23042,37.88999297005216,650.8399999996747,756.7633314904798
23043,37.88999297005216,650.8599999996746,756.7708856313111
23044,37.88999297005216,650.8799999996746,756.7784396089946
23045,37.88999297005216,650.8999999996746,756.7859934235257
23046,37.88999297005216,650.9199999996746,756.7935470748996
23047,37.88999297005216,650.9399999996746,756.8011005631115
23048,37.88999297005216,650.9599999996746,756.8086538881566
23049,37.88999297005216,650.9799999996745,756.8162070500304
23050,37.88999297005216,650.9999999996745,756.8237600487278
23051,37.88999297005216,651.0199999996745,756.8313128842442
23052,37.88999297005216,651.0399999996745,756.8388655565749
23053,37.88999297005216,651.0599999996745,756.8464180657152
23054,37.88999297005216,651.0799999996744,756.8539704116602
23055,37.88999297005216,651.0999999996744,756.8615225944052
23056,37.88999297005216,651.1199999996744,756.8690746139455
23057,37.88999297005216,651.1399999996744,756.8766264702763
23058,37.88999297005216,651.1599999996744,756.8841781633928
23059,37.88999297005216,651.1799999996744,756.8917296932904
23060,37.88999297005216,651.1999999996743,756.8992810599641
23061,37.88999297005216,651.2199999996743,756.9068322634093
23062,37.88999297005216,651.2399999996743,756.9143833036214
23063,37.88999297005216,651.2599999996743,756.9219341805955
23064,37.88999297005216,651.2799999996743,756.9294848943268
23065,37.88999297005216,651.2999999996742,756.9370354448106
23066,37.88999297005216,651.3199999996742,756.9445858320422
23067,37.88999297005216,651.3399999996742,756.9521360560168
23068,37.88999297005216,651.3599999996742,756.9596861167296
23069,37.88999297005216,651.3799999996742,756.9672360141759
23070,37.88999297005216,651.3999999996742,756.974785748351
23071,37.88999297005216,651.4199999996741,756.9823353192501
23072,37.88999297005216,651.4399999996741,756.9898847269145
23073,37.88999297005216,651.4599999996741,756.9974339717165
23074,37.88999297005216,651.4799999996741,757.0049830536881
23075,37.88999297005216,651.4999999996741,757.0125319728244
23076,37.88999297005216,651.519999999674,757.0200807291207
23077,37.88999297005216,651.539999999674,757.0276293225722
23078,37.88999297005216,651.559999999674,757.0351777531744
23079,37.88999297005216,651.579999999674,757.0427260209224
23080,37.88999297005216,651.599999999674,757.0502741258115
23081,37.88999297005216,651.619999999674,757.0578220678369
23082,37.88999297005216,651.6399999996739,757.0653698469939
23083,37.88999297005216,651.6599999996739,757.0729174632778
23084,37.88999297005216,651.6799999996739,757.0804649166837
23085,37.88999297005216,651.6999999996739,757.088012207207
23086,37.88999297005216,651.7199999996739,757.095559334843
23087,37.88999297005216,651.7399999996738,757.1031062995868
23088,37.88999297005216,651.7599999996738,757.1106531014337
23089,37.88999297005216,651.7799999996738,757.118199740379
23090,37.88999297005216,651.7999999996738,757.1257462164181
23091,37.88999297005216,651.8199999996738,757.1332925295459
23092,37.88999297005216,651.8399999996738,757.140838679758
23093,37.88999297005216,651.8599999996737,757.1483846670494
23094,37.88999297005216,651.8799999996737,757.1559304914156
23095,37.88999297005216,651.8999999996737,757.1634761528517
23096,37.88999297005216,651.9199999996737,757.1710216513529
23097,37.88999297005216,651.9399999996737,757.1785669869147
23098,37.88999297005216,651.9599999996736,757.1861121595322
23099,37.88999297005216,651.9799999996736,757.1936571692006
23100,37.88999297005216,651.9999999996736,757.2012020159153
23101,37.88999297005216,652.0199999996736,757.2087466996715
23102,37.88999297005216,652.0399999996736,757.2162912204644
23103,37.88999297005216,652.0599999996736,757.2238355782894
23104,37.88999297005216,652.0799999996735,757.2313797731416
23105,37.88999297005216,652.0999999996735,757.2389238050164
23106,37.88999297005216,652.1199999996735,757.2464676739089
23107,37.88999297005216,652.1399999996735,757.2540113798145
23108,37.88999297005216,652.1599999996735,757.2615549227285
23109,37.88999297005216,652.1799999996734,757.269098302646
23110,37.88999297005216,652.1999999996734,757.2766415195623
23111,37.88999297005216,652.2199999996734,757.2841845734728
23112,37.88999297005216,652.2399999996734,757.2917274643726
23113,37.88999297005216,652.2599999996734,757.2992701922569
23114,37.88999297005216,652.2799999996734,757.3068127571212
23115,37.88999297005216,652.2999999996733,757.3143551589606
23116,37.88999297005216,652.3199999996733,757.3218973977704
23117,37.88999297005216,652.3399999996733,757.3294394735458
23118,37.88999297005216,652.3599999996733,757.3369813862821
23119,37.88999297005216,652.3799999996733,757.3445231359747
23120,37.88999297005216,652.3999999996732,757.3520647226186
23121,37.88999297005216,652.4199999996732,757.3596061462092
23122,37.88999297005216,652.4399999996732,757.3671474067419
23123,37.88999297005216,652.4599999996732,757.3746885042885
23124,37.88999297005216,652.4799999996732,757.3822294392173
23125,37.88999297005216,652.4999999996732,757.3897702115564
23126,37.88999297005216,652.5199999996731,757.3973108213011
23127,37.88999297005216,652.5399999996731,757.4048512684465
23128,37.88999297005216,652.5599999996731,757.412391552988
23129,37.88999297005216,652.5799999996731,757.4199316749208
23130,37.88999297005216,652.5999999996731,757.4274716342402
23131,37.88999297005216,652.619999999673,757.4350114309414
23132,37.88999297005216,652.639999999673,757.4425510650196
23133,37.88999297005216,652.659999999673,757.4500905364704
23134,37.88999297005216,652.679999999673,757.4576298452887
23135,37.88999297005216,652.699999999673,757.46516899147
23136,37.88999297005216,652.719999999673,757.4727079750095
23137,37.88999297005216,652.7399999996729,757.4802467959024
23138,37.88999297005216,652.7599999996729,757.487785454144
23139,37.88999297005216,652.7799999996729,757.4953239497296
23140,37.88999297005216,652.7999999996729,757.5028622826544
23141,37.88999297005216,652.8199999996729,757.5104004529137
23142,37.88999297005216,652.8399999996728,757.5179384605028
23143,37.88999297005216,652.8599999996728,757.525476305417
23144,37.88999297005216,652.8799999996728,757.5330139876514
23145,37.88999297005216,652.8999999996728,757.5405515072015
23146,37.88999297005216,652.9199999996728,757.5480888640624
23147,37.88999297005216,652.9399999996728,757.5556260582293
23148,37.88999297005216,652.9599999996727,757.5631630896977
23149,37.88999297005216,652.9799999996727,757.5706999584627
23150,37.88999297005216,652.9999999996727,757.5782366645196
23151,37.88999297005216,653.0199999996727,757.5857732078637
23152,37.88999297005216,653.0399999996727,757.5933095884902
23153,37.88999297005216,653.0599999996726,757.6008458063944
23154,37.88999297005216,653.0799999996726,757.6083818615716
23155,37.88999297005216,653.0999999996726,757.615917754017
23156,37.88999297005216,653.1199999996726,757.6234534837259
23157,37.88999297005216,653.1399999996726,757.6309890506936
23158,37.88999297005216,653.1599999996726,757.6385244549155
23159,37.88999297005216,653.1799999996725,757.6460596963866
23160,37.88999297005216,653.1999999996725,757.6535947751023
23161,37.88999297005216,653.2199999996725,757.6611296910578
23162,37.88999297005216,653.2399999996725,757.6686644442484
23163,37.88999297005216,653.2599999996725,757.6761990346695
23164,37.88999297005216,653.2799999996724,757.6837334623161
23165,37.88999297005216,653.2999999996724,757.6912677271837
23166,37.88999297005216,653.3199999996724,757.6988018292675
23167,37.88999297005216,653.3399999996724,757.7063357685628
23168,37.88999297005216,653.3599999996724,757.7138695450648
23169,37.88999297005216,653.3799999996723,757.7214031587688
23170,37.88999297005216,653.3999999996723,757.7289366096701
23171,37.88999297005216,653.4199999996723,757.7364698977639
23172,37.88999297005216,653.4399999996723,757.7440030230455
23173,37.88999297005216,653.4599999996723,757.7515359855101
23174,37.88999297005216,653.4799999996723,757.7590687852634
23175,37.88999297005216,653.4999999996722,757.7666014226668
23176,37.88999297005216,653.5199999996722,757.7741338977442
23177,37.88999297005216,653.5399999996722,757.7816662104907
23178,37.88999297005216,653.5599999996722,757.7891983609017
23179,37.88999297005216,653.5799999996722,757.7967303489723
23180,37.88999297005216,653.5999999996721,757.8042621746981
23181,37.88999297005216,653.6199999996721,757.8117938380742
23182,37.88999297005216,653.6399999996721,757.8193253390958
23183,37.88999297005216,653.6599999996721,757.8268566777582
23184,37.88999297005216,653.6799999996721,757.8343878540567
23185,37.88999297005216,653.6999999996721,757.8419188679866
23186,37.88999297005216,653.719999999672,757.849449719543
23187,37.88999297005216,653.739999999672,757.8569804087215
23188,37.88999297005216,653.759999999672,757.864510935517
23189,37.88999297005216,653.779999999672,757.8720412999251
23190,37.88999297005216,653.799999999672,757.8795715019409
23191,37.88999297005216,653.819999999672,757.8871015415596
23192,37.88999297005216,653.8399999996719,757.8946314187766
23193,37.88999297005216,653.8599999996719,757.9021611335871
23194,37.88999297005216,653.8799999996719,757.9096906859864
23195,37.88999297005216,653.8999999996719,757.9172200759699
23196,37.88999297005216,653.9199999996719,757.9247493035327
23197,37.88999297005216,653.9399999996718,757.9322783686702
23198,37.88999297005216,653.9599999996718,757.9398072713775
23199,37.88999297005216,653.9799999996718,757.94733601165
23200,37.88999297005216,653.9999999996718,757.9548645894829
23201,37.88999297005216,654.0199999996718,757.9623930048715
23202,37.88999297005216,654.0399999996717,757.9699212578112
23203,37.88999297005216,654.0599999996717,757.9774493482971
23204,37.88999297005216,654.0799999996717,757.9849772763246
23205,37.88999297005216,654.0999999996717,757.9925050418888
23206,37.88999297005216,654.1199999996717,758.000032644985
23207,37.88999297005216,654.1399999996717,758.0075600856087
23208,37.88999297005216,654.1599999996716,758.015087363755
23209,37.88999297005216,654.1799999996716,758.0226144794192
23210,37.88999297005216,654.1999999996716,758.0301414325966
23211,37.88999297005216,654.2199999996716,758.0376682232824
23212,37.834960080527516,654.2399999996716,758.0451948514719
23213,37.834960080527516,654.2599999996715,758.0527213171605
23214,37.834960080527516,654.2799999996715,758.0602476203433
23215,37.834960080527516,654.2999999996715,758.0677737610156
23216,37.834960080527516,654.3199999996715,758.0752997391727
23217,37.834960080527516,654.3399999996715,758.0828255548099
23218,37.834960080527516,654.3599999996715,758.0903512079225
23219,37.834960080527516,654.3799999996714,758.0978766985057
23220,37.834960080527516,654.3999999996714,758.1054020265549
23221,37.834960080527516,654.4199999996714,758.1129271920652
23222,37.834960080527516,654.4399999996714,758.1204521950319
23223,37.834960080527516,654.4599999996714,758.1279770354505
23224,37.834960080527516,654.4799999996713,758.135501713316
23225,37.834960080527516,654.4999999996713,758.1430262287486
23226,37.834960080527516,654.5199999996713,758.1505505820489
23227,37.834960080527516,654.5399999996713,758.1580747732323
23228,37.834960080527516,654.5599999996713,758.165598802294
23229,37.834960080527516,654.5799999996713,758.1731226692292
23230,37.834960080527516,654.5999999996712,758.1806463740332
23231,37.834960080527516,654.6199999996712,758.1881699167014
23232,37.834960080527516,654.6399999996712,758.195693297229
23233,37.834960080527516,654.6599999996712,758.2032165156112
23234,37.834960080527516,654.6799999996712,758.2107395718433
23235,37.834960080527516,654.6999999996711,758.2182624659206
23236,37.834960080527516,654.7199999996711,758.2257851978383
23237,37.834960080527516,654.7399999996711,758.2333077675917
23238,37.834960080527516,654.7599999996711,758.2408301751761
23239,37.834960080527516,654.7799999996711,758.2483524205869
23240,37.834960080527516,654.7999999996711,758.2558745038192
23241,37.834960080527516,654.819999999671,758.2633964248683
23242,37.834960080527516,654.839999999671,758.2709181837296
23243,37.834960080527516,654.859999999671,758.2784397803981
23244,37.834960080527516,654.879999999671,758.2859612148693
23245,37.834960080527516,654.899999999671,758.2934824871384
23246,37.834960080527516,654.919999999671,758.3010035972006
23247,37.834960080527516,654.9399999996709,758.3085245450513
23248,37.834960080527516,654.9599999996709,758.3160453306857
23249,37.834960080527516,654.9799999996709,758.3235659540991
23250,37.834960080527516,654.9999999996709,758.3310864152868
23251,37.834960080527516,655.0199999996709,758.338606714244
23252,37.834960080527516,655.0399999996708,758.346126850966
23253,37.834960080527516,655.0599999996708,758.3536468254481
23254,37.834960080527516,655.0799999996708,758.3611666376855
23255,37.834960080527516,655.0999999996708,758.3686862876737
23256,37.834960080527516,655.1199999996708,758.3762057754076
23257,37.834960080527516,655.1399999996707,758.3837251008828
23258,37.834960080527516,655.1599999996707,758.3912442640943
23259,37.834960080527516,655.1799999996707,758.3987632650377
23260,37.834960080527516,655.1999999996707,758.406282103708
23261,37.834960080527516,655.2199999996707,758.4138007801006
23262,37.834960080527516,655.2399999996707,758.4213192942107
23263,37.834960080527516,655.2599999996706,758.4288376460336
23264,37.834960080527516,655.2799999996706,758.4363558355645
23265,37.834960080527516,655.2999999996706,758.4438738627989
23266,37.834960080527516,655.3199999996706,758.4513917277319
23267,37.834960080527516,655.3399999996706,758.4589094303589
23268,37.834960080527516,655.3599999996705,758.466426970675
23269,37.834960080527516,655.3799999996705,758.4739443486756
23270,37.834960080527516,655.3999999996705,758.4814615643559
23271,37.834960080527516,655.4199999996705,758.4889786177112
23272,37.834960080527516,655.4399999996705,758.4964955087368
23273,37.834960080527516,655.4599999996705,758.5040122374279
23274,37.834960080527516,655.4799999996704,758.5115288037798
23275,37.834960080527516,655.4999999996704,758.5190452077878
23276,37.834960080527516,655.5199999996704,758.5265614496067
23277,37.834960080527516,655.5399999996704,758.5340775295307
23278,37.834960080527516,655.5599999996704,758.5415934475708
23279,37.834960080527516,655.5799999996703,758.5491092037222
23280,37.834960080527516,655.5999999996703,758.5566247979802
23281,37.834960080527516,655.6199999996703,758.5641402303402
23282,37.834960080527516,655.6399999996703,758.5716555007972
23283,37.834960080527516,655.6599999996703,758.5791706093466
23284,37.834960080527516,655.6799999996703,758.5866855559838
23285,37.834960080527516,655.6999999996702,758.5942003407039
23286,37.834960080527516,655.7199999996702,758.6017149635022
23287,37.834960080527516,655.7399999996702,758.6092294243741
23288,37.834960080527516,655.7599999996702,758.6167437233148
23289,37.834960080527516,655.7799999996702,758.6242578603196
23290,37.834960080527516,655.7999999996701,758.6317718353838
23291,37.834960080527516,655.8199999996701,758.6392856485027
23292,37.834960080527516,655.8399999996701,758.6467992996714
23293,37.834960080527516,655.8599999996701,758.6543127888854
23294,37.834960080527516,655.8799999996701,758.6618261161398
23295,37.834960080527516,655.8999999996701,758.66933928143
23296,37.834960080527516,655.91999999967,758.6768522847512
23297,37.834960080527516,655.93999999967,758.6843651260988
23298,37.834960080527516,655.95999999967,758.6918778054679
23299,37.834960080527516,655.97999999967,758.6993903228539
23300,37.834960080527516,655.99999999967,758.706902678252
23301,37.834960080527516,656.01999999967,758.7144148716576
23302,37.834960080527516,656.0399999996699,758.7219269030659
23303,37.834960080527516,656.0599999996699,758.7294387724721
23304,37.834960080527516,656.0799999996699,758.7369504798717
23305,37.834960080527516,656.0999999996699,758.7444620252597
23306,37.834960080527516,656.1199999996699,758.7519734086316
23307,37.834960080527516,656.1399999996698,758.7594846299825
23308,37.834960080527516,656.1599999996698,758.7669956893078
23309,37.834960080527516,656.1799999996698,758.7745065866028
23310,37.834960080527516,656.1999999996698,758.7820173218627
23311,37.834960080527516,656.2199999996698,758.7895278950828
23312,37.834960080527516,656.2399999996697,758.7970383062584
23313,37.834960080527516,656.2599999996697,758.8045485553848
23314,37.834960080527516,656.2799999996697,758.8120586424573
23315,37.834960080527516,656.2999999996697,758.819568567471
23316,37.834960080527516,656.3199999996697,758.8270783304214
23317,37.834960080527516,656.3399999996697,758.8345879313036
23318,37.834960080527516,656.3599999996696,758.8420973701132
23319,37.834960080527516,656.3799999996696,758.849606646845
23320,37.834960080527516,656.3999999996696,758.8571157614947
23321,37.834960080527516,656.4199999996696,758.8646247140574
23322,37.834960080527516,656.4399999996696,758.8721335045284
23323,37.834960080527516,656.4599999996695,758.879642132903
23324,37.834960080527516,656.4799999996695,758.8871505991764
23325,37.834960080527516,656.4999999996695,758.894658903344
23326,37.834960080527516,656.5199999996695,758.9021670454009
23327,37.834960080527516,656.5399999996695,758.9096750255308
23328,37.834960080527516,656.5599999996695,758.9171828440068
23329,37.834960080527516,656.5799999996694,758.9246905008343
23330,37.834960080527516,656.5999999996694,758.9321979960088
23331,37.834960080527516,656.6199999996694,758.9397053295253
23332,37.834960080527516,656.6399999996694,758.9472125013791
23333,37.834960080527516,656.6599999996694,758.9547195115656
23334,37.834960080527516,656.6799999996693,758.9622263600801
23335,37.834960080527516,656.6999999996693,758.9697330469178
23336,37.834960080527516,656.7199999996693,758.9772395720739
23337,37.834960080527516,656.7399999996693,758.9847459355439
23338,37.834960080527516,656.7599999996693,758.9922521373229
23339,37.834960080527516,656.7799999996693,758.9997581774063
23340,37.834960080527516,656.7999999996692,759.0072640557894
23341,37.834960080527516,656.8199999996692,759.0147697724674
23342,37.834960080527516,656.8399999996692,759.0222753274355
23343,37.834960080527516,656.8599999996692,759.0297807206892
23344,37.834960080527516,656.8799999996692,759.0372859522237
23345,37.834960080527516,656.8999999996691,759.0447910220342
23346,37.834960080527516,656.9199999996691,759.0522959301162
23347,37.834960080527516,656.9399999996691,759.0598006764648
23348,37.834960080527516,656.9599999996691,759.0673052610753
23349,37.834960080527516,656.9799999996691,759.0748096839429
23350,37.834960080527516,656.9999999996691,759.0823139450631
23351,37.834960080527516,657.019999999669,759.0898180444311
23352,37.834960080527516,657.039999999669,759.0973219820422
23353,37.834960080527516,657.059999999669,759.1048257578916
23354,37.834960080527516,657.079999999669,759.1123293719746
23355,37.834960080527516,657.099999999669,759.1198328242866
23356,37.834960080527516,657.119999999669,759.1273361148228
23357,37.834960080527516,657.1399999996689,759.1348392435785
23358,37.834960080527516,657.1599999996689,759.142342210549
23359,37.834960080527516,657.1799999996689,759.1498450157296
23360,37.834960080527516,657.1999999996689,759.1573476591155
23361,37.834960080527516,657.2199999996689,759.1648501407021
23362,37.834960080527516,657.2399999996688,759.1723524604847
23363,37.834960080527516,657.2599999996688,759.1798546184585
23364,37.834960080527516,657.2799999996688,759.1873566146188
23365,37.834960080527516,657.2999999996688,759.1948584489609
23366,37.834960080527516,657.3199999996688,759.2023601214801
23367,37.834960080527516,657.3399999996687,759.2098616321716
23368,37.834960080527516,657.3599999996687,759.2173629810309
23369,37.834960080527516,657.3799999996687,759.224864168053
23370,37.834960080527516,657.3999999996687,759.2323651932335
23371,37.834960080527516,657.4199999996687,759.2398660565675
23372,37.834960080527516,657.4399999996687,759.2473667580504
23373,37.834960080527516,657.4599999996686,759.2548672976773
23374,37.834960080527516,657.4799999996686,759.2623676754436
23375,37.834960080527516,657.4999999996686,759.2698678913446
23376,37.834960080527516,657.5199999996686,759.2773679453755
23377,37.834960080527516,657.5399999996686,759.2848678375318
23378,37.834960080527516,657.5599999996685,759.2923675680363
23379,37.834960080527516,657.5799999996685,759.2998671371535
23380,37.834960080527516,657.5999999996685,759.3073665448833
23381,37.834960080527516,657.6199999996685,759.314865791221
23382,37.834960080527516,657.6399999996685,759.3223648761618
23383,37.834960080527516,657.6599999996685,759.3298637997012
23384,37.834960080527516,657.6799999996684,759.3373625618343
23385,37.834960080527516,657.6999999996684,759.3448611625565
23386,37.834960080527516,657.7199999996684,759.3523596018631
23387,37.834960080527516,657.7399999996684,759.3598578797494
23388,37.834960080527516,657.7599999996684,759.3673559962107
23389,37.834960080527516,657.7799999996683,759.3748539512422
23390,37.834960080527516,657.7999999996683,759.3823517448393
23391,37.780060281951286,657.8199999996683,759.3898493769973
23392,37.780060281951286,657.8399999996683,759.3973468477114
23393,37.780060281951286,657.8599999996683,759.4048441569771
23394,37.780060281951286,657.8799999996683,759.4123413047895
23395,37.780060281951286,657.8999999996682,759.419838291144
23396,37.780060281951286,657.9199999996682,759.4273351160358
23397,37.780060281951286,657.9399999996682,759.4348317794603
23398,37.780060281951286,657.9599999996682,759.4423282814128
23399,37.780060281951286,657.9799999996682,759.4498246218885
23400,37.780060281951286,657.9999999996681,759.4573208008828
23401,37.780060281951286,658.0199999996681,759.464816818391
23402,37.780060281951286,658.0399999996681,759.4723126744083
23403,37.780060281951286,658.0599999996681,759.4798083689301
23404,37.780060281951286,658.0799999996681,759.4873039019516
23405,37.780060281951286,658.0999999996681,759.4947992734682
23406,37.780060281951286,658.119999999668,759.5022944834751
23407,37.780060281951286,658.139999999668,759.5097895319677
23408,37.780060281951286,658.159999999668,759.5172844189414
23409,37.780060281951286,658.179999999668,759.5247791443912
23410,37.780060281951286,658.199999999668,759.5322737083127
23411,37.780060281951286,658.219999999668,759.539768110701
23412,37.780060281951286,658.2399999996679,759.5472623515514
23413,37.780060281951286,658.2599999996679,759.5547564308592
23414,37.780060281951286,658.2799999996679,759.56225034862
23415,37.780060281951286,658.2999999996679,759.5697441048287
23416,37.780060281951286,658.3199999996679,759.5772376994809
23417,37.780060281951286,658.3399999996678,759.5847311325716
23418,37.780060281951286,658.3599999996678,759.5922244040963
23419,37.780060281951286,658.3799999996678,759.5997175140503
23420,37.780060281951286,658.3999999996678,759.6072104624288
23421,37.780060281951286,658.4199999996678,759.6147032492273
23422,37.780060281951286,658.4399999996677,759.6221958744409
23423,37.780060281951286,658.4599999996677,759.629688338065
23424,37.780060281951286,658.4799999996677,759.6371806400948
23425,37.780060281951286,658.4999999996677,759.6446727805258
23426,37.780060281951286,658.5199999996677,759.652164759353
23427,37.780060281951286,658.5399999996677,759.659656576572
23428,37.780060281951286,658.5599999996676,759.6671482321792
23429,37.780060281951286,658.5799999996676,759.6746397263976
23430,37.780060281951286,658.5999999996676,759.6821310594398
23431,37.780060281951286,658.6199999996676,759.6896222313012
23432,37.780060281951286,658.6399999996676,759.6971132419769
23433,37.780060281951286,658.6599999996675,759.7046040914624
23434,37.780060281951286,658.6799999996675,759.712094779753
23435,37.780060281951286,658.6999999996675,759.7195853068439
23436,37.780060281951286,658.7199999996675,759.7270756727305
23437,37.780060281951286,658.7399999996675,759.734565877408
23438,37.780060281951286,658.7599999996675,759.7420559208718
23439,37.780060281951286,658.7799999996674,759.7495458031173
23440,37.780060281951286,658.7999999996674,759.7570355241396
23441,37.780060281951286,658.8199999996674,759.7645250839341
23442,37.780060281951286,658.8399999996674,759.7720144824963
23443,37.780060281951286,658.8599999996674,759.7795037198213
23444,37.780060281951286,658.8799999996673,759.7869927959043
23445,37.780060281951286,658.8999999996673,759.7944817107409
23446,37.780060281951286,658.9199999996673,759.8019704643262
23447,37.780060281951286,658.9399999996673,759.8094590566557
23448,37.780060281951286,658.9599999996673,759.8169474877244
23449,37.780060281951286,658.9799999996673,759.8244357575279
23450,37.780060281951286,658.9999999996672,759.8319238660614
23451,37.780060281951286,659.0199999996672,759.8394118133202
23452,37.780060281951286,659.0399999996672,759.8468995992996
23453,37.780060281951286,659.0599999996672,759.854387223995
23454,37.780060281951286,659.0799999996672,759.8618746874016
23455,37.780060281951286,659.0999999996671,759.8693619895148
23456,37.780060281951286,659.1199999996671,759.8768491303299
23457,37.780060281951286,659.1399999996671,759.8843361098421
23458,37.780060281951286,659.1599999996671,759.8918229280468
23459,37.780060281951286,659.1799999996671,759.8993095849394
23460,37.780060281951286,659.199999999667,759.906796080515
23461,37.780060281951286,659.219999999667,759.9142824147691
23462,37.780060281951286,659.239999999667,759.921768587697
23463,37.780060281951286,659.259999999667,759.9292545992939
23464,37.780060281951286,659.279999999667,759.9367404495551
23465,37.780060281951286,659.299999999667,759.9442261384761
23466,37.780060281951286,659.319999999667,759.951711666052
23467,37.780060281951286,659.3399999996669,759.9591970322782
23468,37.780060281951286,659.3599999996669,759.96668223715
23469,37.780060281951286,659.3799999996669,759.9741672806628
23470,37.780060281951286,659.3999999996669,759.9816521628118
23471,37.780060281951286,659.4199999996669,759.9891368835923
23472,37.780060281951286,659.4399999996668,759.9966214429998
23473,37.780060281951286,659.4599999996668,760.004105841024
23474,37.780060281951286,659.4799999996668,760.0115900776268
23475,37.780060281951286,659.4999999996668,760.0190741528
23476,37.780060281951286,659.5199999996668,760.0265580665391
23477,37.780060281951286,659.5399999996667,760.0340418188393
23478,37.780060281951286,659.5599999996667,760.0415254096961
23479,37.780060281951286,659.5799999996667,760.0490088391114
23480,37.780060281951286,659.5999999996667,760.0564921073423
23481,37.780060281951286,659.6199999996667,760.0639752145847
23482,37.780060281951286,659.6399999996667,760.0714581608341
23483,37.780060281951286,659.6599999996666,760.0789409460857
23484,37.780060281951286,659.6799999996666,760.0864235703349
23485,37.780060281951286,659.6999999996666,760.093906033577
23486,37.780060281951286,659.7199999996666,760.1013883358073
23487,37.780060281951286,659.7399999996666,760.1088704770211
23488,37.780060281951286,659.7599999996665,760.1163524572138
23489,37.780060281951286,659.7799999996665,760.1238342763806
23490,37.780060281951286,659.7999999996665,760.131315934517
23491,37.780060281951286,659.8199999996665,760.1387974316183
23492,37.780060281951286,659.8399999996665,760.1462787676796
23493,37.780060281951286,659.8599999996665,760.1537599426964
23494,37.780060281951286,659.8799999996664,760.1612409566641
23495,37.780060281951286,659.8999999996664,760.1687218095778
23496,37.780060281951286,659.9199999996664,760.176202501433
23497,37.780060281951286,659.9399999996664,760.1836830322248
23498,37.780060281951286,659.9599999996664,760.1911634019489
23499,37.780060281951286,659.9799999996663,760.1986436106002
23500,37.780060281951286,659.9999999996663,760.2061236581744
23501,37.780060281951286,660.0199999996663,760.2136035446666
23502,37.780060281951286,660.0399999996663,760.2210832700722
23503,37.780060281951286,660.0599999996663,760.2285628343865
23504,37.780060281951286,660.0799999996663,760.2360422376047
23505,37.780060281951286,660.0999999996662,760.2435214797223
23506,37.780060281951286,660.1199999996662,760.2510005607345
23507,37.780060281951286,660.1399999996662,760.2584794806368
23508,37.780060281951286,660.1599999996662,760.2659582394243
23509,37.780060281951286,660.1799999996662,760.2734368370925
23510,37.780060281951286,660.1999999996661,760.2809152736367
23511,37.780060281951286,660.2199999996661,760.2883935490521
23512,37.780060281951286,660.2399999996661,760.2958716633341
23513,37.780060281951286,660.2599999996661,760.303349616478
23514,37.780060281951286,660.2799999996661,760.3108274084792
23515,37.780060281951286,660.299999999666,760.318305039333
23516,37.780060281951286,660.319999999666,760.3257825090348
23517,37.780060281951286,660.339999999666,760.3332598175797
23518,37.780060281951286,660.359999999666,760.3407369649632
23519,37.780060281951286,660.379999999666,760.3482139511805
23520,37.780060281951286,660.399999999666,760.355690776227
23521,37.780060281951286,660.419999999666,760.363167440098
23522,37.780060281951286,660.4399999996659,760.3706439427889
23523,37.780060281951286,660.4599999996659,760.3781202842949
23524,37.780060281951286,660.4799999996659,760.3855964646115
23525,37.780060281951286,660.4999999996659,760.3930724837338
23526,37.780060281951286,660.5199999996659,760.4005483416573
23527,37.780060281951286,660.5399999996658,760.4080240383773
23528,37.780060281951286,660.5599999996658,760.4154995738892
23529,37.780060281951286,660.5799999996658,760.4229749481881
23530,37.780060281951286,660.5999999996658,760.4304501612824
23531,37.780060281951286,660.6199999996658,760.4379252134648
23532,37.780060281951286,660.6399999996657,760.4454001049124
23533,37.780060281951286,660.6599999996657,760.4528748356204
23534,37.780060281951286,660.6799999996657,760.460349405584
23535,37.780060281951286,660.6999999996657,760.4678238147987
23536,37.780060281951286,660.7199999996657,760.4752980632599
23537,37.780060281951286,660.7399999996657,760.4827721509625
23538,37.780060281951286,660.7599999996656,760.4902460779023
23539,37.780060281951286,660.7799999996656,760.4977198440743
23540,37.780060281951286,660.7999999996656,760.505193449474
23541,37.780060281951286,660.8199999996656,760.5126668940966
23542,37.780060281951286,660.8399999996656,760.5201401779375
23543,37.780060281951286,660.8599999996655,760.527613300992
23544,37.780060281951286,660.8799999996655,760.5350862632554
23545,37.780060281951286,660.8999999996655,760.542559064723
23546,37.780060281951286,660.9199999996655,760.5500317053902
23547,37.780060281951286,660.9399999996655,760.5575041852524
23548,37.780060281951286,660.9599999996655,760.5649765043047
23549,37.780060281951286,660.9799999996654,760.5724486625426
23550,37.780060281951286,660.9999999996654,760.5799206599612
23551,37.780060281951286,661.0199999996654,760.587392496556
23552,37.780060281951286,661.0399999996654,760.5948641723223
23553,37.780060281951286,661.0599999996654,760.6023356872555
23554,37.780060281951286,661.0799999996653,760.6098070413508
23555,37.780060281951286,661.0999999996653,760.6172782346035
23556,37.780060281951286,661.1199999996653,760.6247492670091
23557,37.780060281951286,661.1399999996653,760.6322201385626
23558,37.780060281951286,661.1599999996653,760.6396908492596
23559,37.780060281951286,661.1799999996653,760.6471613990954
23560,37.780060281951286,661.1999999996652,760.6546317880651
23561,37.780060281951286,661.2199999996652,760.6621020161643
23562,37.780060281951286,661.2399999996652,760.6695720833883
23563,37.780060281951286,661.2599999996652,760.6770419897322
23564,37.780060281951286,661.2799999996652,760.6845117351914
23565,37.780060281951286,661.2999999996651,760.6919813197615
23566,37.780060281951286,661.3199999996651,760.6994507434374
23567,37.780060281951286,661.3399999996651,760.7069200062147
23568,37.780060281951286,661.3599999996651,760.7143891080885
23569,37.780060281951286,661.3799999996651,760.7218580490544
23570,37.780060281951286,661.399999999665,760.7293268291075
23571,37.780060281951286,661.419999999665,760.7367954482434
23572,37.780060281951286,661.439999999665,760.744263906457
23573,37.780060281951286,661.459999999665,760.751732203744
23574,37.725293124146916,661.479999999665,760.7592003400996
23575,37.725293124146916,661.499999999665,760.766668315519
23576,37.725293124146916,661.519999999665,760.7741361299977
23577,37.725293124146916,661.5399999996649,760.781603783531
23578,37.725293124146916,661.5599999996649,760.7890712761141
23579,37.725293124146916,661.5799999996649,760.7965386077425
23580,37.725293124146916,661.5999999996649,760.8040057784114
23581,37.725293124146916,661.6199999996649,760.811472788133
23582,37.725293124146916,661.6399999996648,760.8189396371911
23583,37.725293124146916,661.6599999996648,760.8264063257184
23584,37.725293124146916,661.6799999996648,760.8338728537102
23585,37.725293124146916,661.6999999996648,760.8413392211619
23586,37.725293124146916,661.7199999996648,760.8488054280687
23587,37.725293124146916,661.7399999996647,760.856271474426
23588,37.725293124146916,661.7599999996647,760.8637373602292
23589,37.725293124146916,661.7799999996647,760.8712030854736
23590,37.725293124146916,661.7999999996647,760.8786686501545
23591,37.725293124146916,661.8199999996647,760.8861340542674
23592,37.725293124146916,661.8399999996647,760.8935992978074
23593,37.725293124146916,661.8599999996646,760.9010643807701
23594,37.725293124146916,661.8799999996646,760.9085293031507
23595,37.725293124146916,661.8999999996646,760.9159940649445
23596,37.725293124146916,661.9199999996646,760.9234586661469
23597,37.725293124146916,661.9399999996646,760.9309231067533
23598,37.725293124146916,661.9599999996645,760.938387386759
23599,37.725293124146916,661.9799999996645,760.9458515061593
23600,37.725293124146916,661.9999999996645,760.9533154649496
23601,37.725293124146916,662.0199999996645,760.9607792631252
23602,37.725293124146916,662.0399999996645,760.9682429006815
23603,37.725293124146916,662.0599999996645,760.9757063776138
23604,37.725293124146916,662.0799999996644,760.9831696939175
23605,37.725293124146916,662.0999999996644,760.9906328495879
23606,37.725293124146916,662.1199999996644,760.9980958446203
23607,37.725293124146916,662.1399999996644,761.00555867901
23608,37.725293124146916,662.1599999996644,761.0130213527525
23609,37.725293124146916,662.1799999996643,761.0204838658431
23610,37.725293124146916,662.1999999996643,761.0279462182771
23611,37.725293124146916,662.2199999996643,761.0354084100499
23612,37.725293124146916,662.2399999996643,761.0428704411568
23613,37.725293124146916,662.2599999996643,761.050332311593
23614,37.725293124146916,662.2799999996643,761.0577940213541
23615,37.725293124146916,662.2999999996642,761.0652555704353
23616,37.725293124146916,662.3199999996642,761.0727169588321
23617,37.725293124146916,662.3399999996642,761.0801781865397
23618,37.725293124146916,662.3599999996642,761.0876392535534
23619,37.725293124146916,662.3799999996642,761.0951001598687
23620,37.725293124146916,662.3999999996641,761.1025609054808
23621,37.725293124146916,662.4199999996641,761.1100214903852
23622,37.725293124146916,662.4399999996641,761.1174819145771
23623,37.725293124146916,662.4599999996641,761.1249421780519
23624,37.725293124146916,662.4799999996641,761.132402280805
23625,37.725293124146916,662.499999999664,761.1398622228317
23626,37.725293124146916,662.519999999664,761.1473220041272
23627,37.725293124146916,662.539999999664,761.1547816246871
23628,37.725293124146916,662.559999999664,761.1622410845066
23629,37.725293124146916,662.579999999664,761.1697003835811
23630,37.725293124146916,662.599999999664,761.177159521906
23631,37.725293124146916,662.619999999664,761.1846184994765
23632,37.725293124146916,662.6399999996639,761.1920773163109
23633,37.725293124146916,662.6599999996639,761.1995359727264
23634,37.725293124146916,662.6799999996639,761.2069944688338
23635,37.725293124146916,662.6999999996639,761.2144528046285
23636,37.725293124146916,662.7199999996639,761.2219109801058
23637,37.725293124146916,662.7399999996638,761.2293689952611
23638,37.725293124146916,662.7599999996638,761.2368268500896
23639,37.725293124146916,662.7799999996638,761.2442845445869
23640,37.725293124146916,662.7999999996638,761.2517420787481
23641,37.725293124146916,662.8199999996638,761.2591994525685
23642,37.725293124146916,662.8399999996637,761.2666566660437
23643,37.725293124146916,662.8599999996637,761.2741137191688
23644,37.725293124146916,662.8799999996637,761.2815706119393
23645,37.725293124146916,662.8999999996637,761.2890273443504
23646,37.725293124146916,662.9199999996637,761.2964839163976
23647,37.725293124146916,662.9399999996637,761.3039403280762
23648,37.725293124146916,662.9599999996636,761.3113965793815
23649,37.725293124146916,662.9799999996636,761.3188526703088
23650,37.725293124146916,662.9999999996636,761.3263086008536
23651,37.725293124146916,663.0199999996636,761.3337643710111
23652,37.725293124146916,663.0399999996636,761.3412199807766
23653,37.725293124146916,663.0599999996635,761.3486754301456
23654,37.725293124146916,663.0799999996635,761.3561307191134
23655,37.725293124146916,663.0999999996635,761.3635858476752
23656,37.725293124146916,663.1199999996635,761.3710408158264
23657,37.725293124146916,663.1399999996635,761.3784956235625
23658,37.725293124146916,663.1599999996635,761.3859502708787
23659,37.725293124146916,663.1799999996634,761.3934047577703
23660,37.725293124146916,663.1999999996634,761.4008590842328
23661,37.725293124146916,663.2199999996634,761.4083132502615
23662,37.725293124146916,663.2399999996634,761.4157672558516
23663,37.725293124146916,663.2599999996634,761.4232211009986
23664,37.725293124146916,663.2799999996633,761.4306747856978
23665,37.725293124146916,663.2999999996633,761.4381283099445
23666,37.725293124146916,663.3199999996633,761.4455816737342
23667,37.725293124146916,663.3399999996633,761.453034877062
23668,37.725293124146916,663.3599999996633,761.4604879199235
23669,37.725293124146916,663.3799999996633,761.4679408023138
23670,37.725293124146916,663.3999999996632,761.4753935242284
23671,37.725293124146916,663.4199999996632,761.4828460856626
23672,37.725293124146916,663.4399999996632,761.4902984866117
23673,37.725293124146916,663.4599999996632,761.4977507270711
23674,37.725293124146916,663.4799999996632,761.5052028070362
23675,37.725293124146916,663.4999999996631,761.5126547265022
23676,37.725293124146916,663.5199999996631,761.5201064854646
23677,37.725293124146916,663.5399999996631,761.5275580839186
23678,37.725293124146916,663.5599999996631,761.5350095218597
23679,37.725293124146916,663.5799999996631,761.542460799283
23680,37.725293124146916,663.599999999663,761.5499119161841
23681,37.725293124146916,663.619999999663,761.5573628725582
23682,37.725293124146916,663.639999999663,761.5648136684007
23683,37.725293124146916,663.659999999663,761.5722643037354
23684,37.725293124146916,663.679999999663,761.5797147789025
23685,37.725293124146916,663.699999999663,761.587165093986
23686,37.725293124146916,663.719999999663,761.5946152489811
23687,37.725293124146916,663.7399999996629,761.6020652438833
23688,37.725293124146916,663.7599999996629,761.609515078688
23689,37.725293124146916,663.7799999996629,761.6169647533904
23690,37.725293124146916,663.7999999996629,761.624414267986
23691,37.725293124146916,663.8199999996629,761.6318636224702
23692,37.725293124146916,663.8399999996628,761.6393128168381
23693,37.725293124146916,663.8599999996628,761.6467618510853
23694,37.725293124146916,663.8799999996628,761.654210725207
23695,37.725293124146916,663.8999999996628,761.6616594391986
23696,37.725293124146916,663.9199999996628,761.6691079930555
23697,37.725293124146916,663.9399999996627,761.6765563867729
23698,37.725293124146916,663.9599999996627,761.6840046203462
23699,37.725293124146916,663.9799999996627,761.6914526937709
23700,37.725293124146916,663.9999999996627,761.6989006070422
23701,37.725293124146916,664.0199999996627,761.7063483601555
23702,37.725293124146916,664.0399999996627,761.7137959531062
23703,37.725293124146916,664.0599999996626,761.7212433858896
23704,37.725293124146916,664.0799999996626,761.728690658501
23705,37.725293124146916,664.0999999996626,761.7361377709359
23706,37.725293124146916,664.1199999996626,761.7435847231894
23707,37.725293124146916,664.1399999996626,761.7510315152571
23708,37.725293124146916,664.1599999996625,761.7584781471343
23709,37.725293124146916,664.1799999996625,761.7659246188163
23710,37.725293124146916,664.1999999996625,761.7733709302984
23711,37.725293124146916,664.2199999996625,761.7808170815761
23712,37.725293124146916,664.2399999996625,761.7882630726446
23713,37.725293124146916,664.2599999996625,761.7957089034993
23714,37.725293124146916,664.2799999996624,761.8031545741356
23715,37.725293124146916,664.2999999996624,761.8106000845489
23716,37.725293124146916,664.3199999996624,761.8180454347345
23717,37.725293124146916,664.3399999996624,761.8254906246876
23718,37.725293124146916,664.3599999996624,761.8329356544037
23719,37.725293124146916,664.3799999996623,761.8403805238783
23720,37.725293124146916,664.3999999996623,761.8478252331064
23721,37.725293124146916,664.4199999996623,761.8552697820836
23722,37.725293124146916,664.4399999996623,761.8627141708052
23723,37.725293124146916,664.4599999996623,761.8701583992666
23724,37.725293124146916,664.4799999996623,761.8776024674631
23725,37.725293124146916,664.4999999996622,761.8850463753901
23726,37.725293124146916,664.5199999996622,761.8924901230428
23727,37.725293124146916,664.5399999996622,761.8999337104167
23728,37.725293124146916,664.5599999996622,761.9073771375071
23729,37.725293124146916,664.5799999996622,761.9148204043094
23730,37.725293124146916,664.5999999996621,761.9222635108189
23731,37.725293124146916,664.6199999996621,761.929706457031
23732,37.725293124146916,664.6399999996621,761.937149242941
23733,37.725293124146916,664.6599999996621,761.9445918685443
23734,37.725293124146916,664.6799999996621,761.9520343338718
23735,37.725293124146916,664.699999999662,761.9594766393027
23736,37.725293124146916,664.719999999662,761.9669187848968
23737,37.725293124146916,664.739999999662,761.9743607706495
23738,37.725293124146916,664.759999999662,761.981802596556
23739,37.725293124146916,664.779999999662,761.9892442626118
23740,37.725293124146916,664.799999999662,761.9966857688123
23741,37.725293124146916,664.819999999662,762.0041271151528
23742,37.725293124146916,664.8399999996619,762.0115683016286
23743,37.725293124146916,664.8599999996619,762.0190093282351
23744,37.725293124146916,664.8799999996619,762.0264501949679
23745,37.725293124146916,664.8999999996619,762.033890901822
23746,37.725293124146916,664.9199999996619,762.041331448793
23747,37.725293124146916,664.9399999996618,762.0487718358762
23748,37.725293124146916,664.9599999996618,762.0562120630669
23749,37.725293124146916,664.9799999996618,762.0636521303605
23750,37.725293124146916,664.9999999996618,762.0710920377525
23751,37.725293124146916,665.0199999996618,762.078531785238
23752,37.725293124146916,665.0399999996617,762.0859713728127
23753,37.725293124146916,665.0599999996617,762.0934108004716
23754,37.670658158893836,665.0799999996617,762.1008500682103
23755,37.670658158893836,665.0999999996617,762.1082891760242
23756,37.670658158893836,665.1199999996617,762.1157281239085
23757,37.670658158893836,665.1399999996617,762.1231669118587
23758,37.670658158893836,665.1599999996616,762.13060553987
23759,37.670658158893836,665.1799999996616,762.1380440079379
23760,37.670658158893836,665.1999999996616,762.1454823160577
23761,37.670658158893836,665.2199999996616,762.1529204642248
23762,37.670658158893836,665.2399999996616,762.1603584524347
23763,37.670658158893836,665.2599999996615,762.1677962806825
23764,37.670658158893836,665.2799999996615,762.1752339489638
23765,37.670658158893836,665.2999999996615,762.1826714572737
23766,37.670658158893836,665.3199999996615,762.1901088056079
23767,37.670658158893836,665.3399999996615,762.1975459939615
23768,37.670658158893836,665.3599999996615,762.20498302233
23769,37.670658158893836,665.3799999996614,762.2124198907087
23770,37.670658158893836,665.3999999996614,762.2198565990931
23771,37.670658158893836,665.4199999996614,762.2272931474783
23772,37.670658158893836,665.4399999996614,762.23472953586
23773,37.670658158893836,665.4599999996614,762.2421657642333
23774,37.670658158893836,665.4799999996613,762.2496018325937
23775,37.670658158893836,665.4999999996613,762.2570377409365
23776,37.670658158893836,665.5199999996613,762.2644734892572
23777,37.670658158893836,665.5399999996613,762.271909077551
23778,37.670658158893836,665.5599999996613,762.2793445058132
23779,37.670658158893836,665.5799999996613,762.2867797740395
23780,37.670658158893836,665.5999999996612,762.294214882225
23781,37.670658158893836,665.6199999996612,762.3016498303651
23782,37.670658158893836,665.6399999996612,762.3090846184552
23783,37.670658158893836,665.6599999996612,762.3165192464908
23784,37.670658158893836,665.6799999996612,762.323953714467
23785,37.670658158893836,665.6999999996611,762.3313880224193
23786,37.670658158893836,665.7199999996611,762.3388221706987
23787,37.670658158893836,665.7399999996611,762.3462561593356
23788,37.670658158893836,665.7599999996611,762.3536899883253
23789,37.670658158893836,665.7799999996611,762.3611236576634
23790,37.670658158893836,665.799999999661,762.3685571673451
23791,37.670658158893836,665.819999999661,762.375990517366
23792,37.670658158893836,665.839999999661,762.3834237077212
23793,37.670658158893836,665.859999999661,762.3908567384063
23794,37.670658158893836,665.879999999661,762.3982896094166
23795,37.670658158893836,665.899999999661,762.4057223207474
23796,37.670658158893836,665.919999999661,762.4131548723941
23797,37.670658158893836,665.9399999996609,762.4205872643522
23798,37.670658158893836,665.9599999996609,762.428019496617
23799,37.670658158893836,665.9799999996609,762.4354515691839
23800,37.670658158893836,665.9999999996609,762.4428834820482
23801,37.670658158893836,666.0199999996609,762.4503152352053
23802,37.670658158893836,666.0399999996608,762.4577468286506
23803,37.670658158893836,666.0599999996608,762.4651782623795
23804,37.670658158893836,666.0799999996608,762.4726095363874
23805,37.670658158893836,666.0999999996608,762.4800406506696
23806,37.670658158893836,666.1199999996608,762.4874716052215
23807,37.670658158893836,666.1399999996607,762.4949024000384
23808,37.670658158893836,666.1599999996607,762.502333035116
23809,37.670658158893836,666.1799999996607,762.5097635104493
23810,37.670658158893836,666.1999999996607,762.5171938260338
23811,37.670658158893836,666.2199999996607,762.5246239818649
23812,37.670658158893836,666.2399999996607,762.5320539779381
23813,37.670658158893836,666.2599999996606,762.5394838142486
23814,37.670658158893836,666.2799999996606,762.5469134907918
23815,37.670658158893836,666.2999999996606,762.5543430075631
23816,37.670658158893836,666.3199999996606,762.561772364558
23817,37.670658158893836,666.3399999996606,762.5692015617717
23818,37.670658158893836,666.3599999996605,762.5766305991997
23819,37.670658158893836,666.3799999996605,762.5840594768373
23820,37.670658158893836,666.3999999996605,762.59148819468
23821,37.670658158893836,666.4199999996605,762.598916752723
23822,37.670658158893836,666.4399999996605,762.6063451509618
23823,37.670658158893836,666.4599999996605,762.6137733893918
23824,37.670658158893836,666.4799999996604,762.6212014680083
23825,37.670658158893836,666.4999999996604,762.6286293868067
23826,37.670658158893836,666.5199999996604,762.6360571457824
23827,37.670658158893836,666.5399999996604,762.6434847449308
23828,37.670658158893836,666.5599999996604,762.6509121842472
23829,37.670658158893836,666.5799999996603,762.6583394637271
23830,37.670658158893836,666.5999999996603,762.6657665833658
23831,37.670658158893836,666.6199999996603,762.6731935431586
23832,37.670658158893836,666.6399999996603,762.680620343101
23833,37.670658158893836,666.6599999996603,762.6880469831884
23834,37.670658158893836,666.6799999996603,762.6954734634161
23835,37.670658158893836,666.6999999996602,762.7028997837795
23836,37.670658158893836,666.7199999996602,762.7103259443428
23837,37.670658158893836,666.7399999996602,762.7177519454556
23838,37.670658158893836,666.7599999996602,762.7251777871447
23839,37.670658158893836,666.7799999996602,762.7326034694057
23840,37.670658158893836,666.7999999996601,762.740028992234
23841,37.670658158893836,666.8199999996601,762.7474543556249
23842,37.670658158893836,666.8399999996601,762.7548795595737
23843,37.670658158893836,666.8599999996601,762.762304604076
23844,37.670658158893836,666.8799999996601,762.769729489127
23845,37.670658158893836,666.89999999966,762.7771542147221
23846,37.670658158893836,666.91999999966,762.7845787808568
23847,37.670658158893836,666.93999999966,762.7920031875265
23848,37.670658158893836,666.95999999966,762.7994274347265
23849,37.670658158893836,666.97999999966,762.8068515224521
23850,37.670658158893836,666.99999999966,762.8142754506989
23851,37.670658158893836,667.01999999966,762.8216992194622
23852,37.670658158893836,667.0399999996599,762.8291228287372
23853,37.670658158893836,667.0599999996599,762.8365462785196
23854,37.670658158893836,667.0799999996599,762.8439695688046
23855,37.670658158893836,667.0999999996599,762.8513926995876
23856,37.670658158893836,667.1199999996599,762.858815670864
23857,37.670658158893836,667.1399999996598,762.8662384826292
23858,37.670658158893836,667.1599999996598,762.8736611348786
23859,37.670658158893836,667.1799999996598,762.8810836276076
23860,37.670658158893836,667.1999999996598,762.8885059608116
23861,37.670658158893836,667.2199999996598,762.8959281344859
23862,37.670658158893836,667.2399999996597,762.9033501486259
23863,37.670658158893836,667.2599999996597,762.9107720032272
23864,37.670658158893836,667.2799999996597,762.9181936982849
23865,37.670658158893836,667.2999999996597,762.9256152337946
23866,37.670658158893836,667.3199999996597,762.9330366097515
23867,37.670658158893836,667.3399999996597,762.9404578261511
23868,37.670658158893836,667.3599999996596,762.9478788829889
23869,37.670658158893836,667.3799999996596,762.9552997802601
23870,37.670658158893836,667.3999999996596,762.9627205179602
23871,37.670658158893836,667.4199999996596,762.9701410960845
23872,37.670658158893836,667.4399999996596,762.9775615146284
23873,37.670658158893836,667.4599999996595,762.9849817735874
23874,37.670658158893836,667.4799999996595,762.9924018729567
23875,37.670658158893836,667.4999999996595,762.999821812732
23876,37.670658158893836,667.5199999996595,763.0072415929084
23877,37.670658158893836,667.5399999996595,763.0146612134813
23878,37.670658158893836,667.5599999996595,763.0220806744462
23879,37.670658158893836,667.5799999996594,763.0294999757984
23880,37.670658158893836,667.5999999996594,763.0369191175334
23881,37.670658158893836,667.6199999996594,763.0443380996467
23882,37.670658158893836,667.6399999996594,763.0517569221333
23883,37.670658158893836,667.6599999996594,763.059175584989
23884,37.670658158893836,667.6799999996593,763.066594088209
23885,37.670658158893836,667.6999999996593,763.0740124317886
23886,37.670658158893836,667.7199999996593,763.0814306157233
23887,37.670658158893836,667.7399999996593,763.0888486401083
23888,37.670658158893836,667.7599999996593,763.0962665052854
23889,37.670658158893836,667.7799999996593,763.1036842112775
23890,37.670658158893836,667.7999999996592,763.1111017580799
23891,37.670658158893836,667.8199999996592,763.1185191456881
23892,37.670658158893836,667.8399999996592,763.1259363740974
23893,37.670658158893836,667.8599999996592,763.1333534433031
23894,37.670658158893836,667.8799999996592,763.1407703533008
23895,37.670658158893836,667.8999999996591,763.1481871040858
23896,37.670658158893836,667.9199999996591,763.1556036956533
23897,37.670658158893836,667.9399999996591,763.1630201279988
23898,37.670658158893836,667.9599999996591,763.1704364011177
23899,37.670658158893836,667.9799999996591,763.1778525150055
23900,37.670658158893836,667.999999999659,763.1852684696573
23901,37.670658158893836,668.019999999659,763.1926842650687
23902,37.670658158893836,668.039999999659,763.200099901235
23903,37.670658158893836,668.059999999659,763.2075153781517
23904,37.670658158893836,668.079999999659,763.214930695814
23905,37.670658158893836,668.099999999659,763.2223458542173
23906,37.670658158893836,668.119999999659,763.2297608533571
23907,37.670658158893836,668.1399999996589,763.2371756932287
23908,37.670658158893836,668.1599999996589,763.2445903738275
23909,37.670658158893836,668.1799999996589,763.2520048951488
23910,37.670658158893836,668.1999999996589,763.2594192571881
23911,37.670658158893836,668.2199999996589,763.2668334599408
23912,37.670658158893836,668.2399999996588,763.2742475034022
23913,37.670658158893836,668.2599999996588,763.2816613875677
23914,37.670658158893836,668.2799999996588,763.2890751124328
23915,37.670658158893836,668.2999999996588,763.2964886779927
23916,37.670658158893836,668.3199999996588,763.3039020842428
23917,37.670658158893836,668.3399999996587,763.3113153311787
23918,37.670658158893836,668.3599999996587,763.3187284187954
23919,37.670658158893836,668.3799999996587,763.3261413470887
23920,37.670658158893836,668.3999999996587,763.3335541160536
23921,37.670658158893836,668.4199999996587,763.3409667256857
23922,37.670658158893836,668.4399999996587,763.3483791759803
23923,37.670658158893836,668.4599999996586,763.3557914669328
23924,37.670658158893836,668.4799999996586,763.3632035985387
23925,37.670658158893836,668.4999999996586,763.3706155707932
23926,37.670658158893836,668.5199999996586,763.3780273836919
23927,37.670658158893836,668.5399999996586,763.38543903723
23928,37.670658158893836,668.5599999996585,763.3928505314029
23929,37.670658158893836,668.5799999996585,763.400261866206
23930,37.670658158893836,668.5999999996585,763.4076730416348
23931,37.670658158893836,668.6199999996585,763.4150840576846
23932,37.670658158893836,668.6399999996585,763.4224949143506
23933,37.670658158893836,668.6599999996585,763.4299056116286
23934,37.61615493991688,668.6799999996584,763.4373161495135
23935,37.61615493991688,668.6999999996584,763.4447265280011
23936,37.61615493991688,668.7199999996584,763.4521367470865
23937,37.61615493991688,668.7399999996584,763.4595468067652
23938,37.61615493991688,668.7599999996584,763.4669567071511
23939,37.61615493991688,668.7799999996583,763.4743664485409
23940,37.61615493991688,668.7999999996583,763.4817760309501
23941,37.61615493991688,668.8199999996583,763.4891854543743
23942,37.61615493991688,668.8399999996583,763.4965947188088
23943,37.61615493991688,668.8599999996583,763.504003824249
23944,37.61615493991688,668.8799999996583,763.5114127706904
23945,37.61615493991688,668.8999999996582,763.5188215581285
23946,37.61615493991688,668.9199999996582,763.5262301865586
23947,37.61615493991688,668.9399999996582,763.5336386559761
23948,37.61615493991688,668.9599999996582,763.5410469663765
23949,37.61615493991688,668.9799999996582,763.5484551177552
23950,37.61615493991688,668.9999999996581,763.5558631101077
23951,37.61615493991688,669.0199999996581,763.5632709434293
23952,37.61615493991688,669.0399999996581,763.5706786177154
23953,37.61615493991688,669.0599999996581,763.5780861329616
23954,37.61615493991688,669.0799999996581,763.5854934891632
23955,37.61615493991688,669.099999999658,763.5929006863157
23956,37.61615493991688,669.119999999658,763.6003077244144
23957,37.61615493991688,669.139999999658,763.6077146034548
23958,37.61615493991688,669.159999999658,763.6151213234324
23959,37.61615493991688,669.179999999658,763.6225278843425
23960,37.61615493991688,669.199999999658,763.6299342861806
23961,37.61615493991688,669.219999999658,763.6373405289421
23962,37.61615493991688,669.2399999996579,763.6447466126224
23963,37.61615493991688,669.2599999996579,763.6521525372169
23964,37.61615493991688,669.2799999996579,763.6595583027212
23965,37.61615493991688,669.2999999996579,763.6669639091305
23966,37.61615493991688,669.3199999996579,763.6743693564404
23967,37.61615493991688,669.3399999996578,763.6817746446462
23968,37.61615493991688,669.3599999996578,763.6891797737435
23969,37.61615493991688,669.3799999996578,763.6965847437275
23970,37.61615493991688,669.3999999996578,763.7039895545937
23971,37.61615493991688,669.4199999996578,763.7113942063376
23972,37.61615493991688,669.4399999996577,763.7187986989545
23973,37.61615493991688,669.4599999996577,763.72620303244
23974,37.61615493991688,669.4799999996577,763.7336072067894
23975,37.61615493991688,669.4999999996577,763.7410112219983
23976,37.61615493991688,669.5199999996577,763.7484150780618
23977,37.61615493991688,669.5399999996577,763.7558187749756
23978,37.61615493991688,669.5599999996576,763.7632223127351
23979,37.61615493991688,669.5799999996576,763.7706256913357
23980,37.61615493991688,669.5999999996576,763.7780289107727
23981,37.61615493991688,669.6199999996576,763.7854319710417
23982,37.61615493991688,669.6399999996576,763.792834872138
23983,37.61615493991688,669.6599999996575,763.8002376140571
23984,37.61615493991688,669.6799999996575,763.8076401967944
23985,37.61615493991688,669.6999999996575,763.8150426203454
23986,37.61615493991688,669.7199999996575,763.8224448847054
23987,37.61615493991688,669.7399999996575,763.8298469898699
23988,37.61615493991688,669.7599999996575,763.8372489358343
23989,37.61615493991688,669.7799999996574,763.8446507227392
23990,37.61615493991688,669.7999999996574,763.8520523508614
23991,37.61615493991688,669.8199999996574,763.8594538202116
23992,37.61615493991688,669.8399999996574,763.866855130785
23993,37.61615493991688,669.8599999996574,763.8742562825772
23994,37.61615493991688,669.8799999996573,763.8816572755836
23995,37.61615493991688,669.8999999996573,763.8890581097995
23996,37.61615493991688,669.9199999996573,763.8964587852205
23997,37.61615493991688,669.9399999996573,763.9038593018419
23998,37.61615493991688,669.9599999996573,763.9112596596591
23999,37.61615493991688,669.9799999996573,763.9186598586675
24000,37.61615493991688,669.9999999996572,763.9260598988626
24001,37.61615493991688,670.0199999996572,763.9334597802398
24002,37.61615493991688,670.0399999996572,763.9408595027944
24003,37.61615493991688,670.0599999996572,763.9482590665219
24004,37.61615493991688,670.0799999996572,763.9556584714178
24005,37.61615493991688,670.0999999996571,763.9630577174775
24006,37.61615493991688,670.1199999996571,763.9704568046963
24007,37.61615493991688,670.1399999996571,763.9778557330696
24008,37.61615493991688,670.1599999996571,763.985254502593
24009,37.61615493991688,670.1799999996571,763.9926531132618
24010,37.61615493991688,670.199999999657,764.0000515650714
24011,37.61615493991688,670.219999999657,764.0074498580173
24012,37.61615493991688,670.239999999657,764.0148479920948
24013,37.61615493991688,670.259999999657,764.0222459672995
24014,37.61615493991688,670.279999999657,764.0296437836265
24015,37.61615493991688,670.299999999657,764.0370414410716
24016,37.61615493991688,670.3199999996569,764.0444389396299
24017,37.61615493991688,670.3399999996569,764.0518362792969
24018,37.61615493991688,670.3599999996569,764.0592334600682
24019,37.61615493991688,670.3799999996569,764.066630481939
24020,37.61615493991688,670.3999999996569,764.0740273449048
24021,37.61615493991688,670.4199999996569,764.081424048961
24022,37.61615493991688,670.4399999996568,764.0888205941031
24023,37.61615493991688,670.4599999996568,764.0962169803265
24024,37.61615493991688,670.4799999996568,764.1036132076265
24025,37.61615493991688,670.4999999996568,764.1110092759986
24026,37.61615493991688,670.5199999996568,764.1184051854383
24027,37.61615493991688,670.5399999996567,764.1258009359408
24028,37.61615493991688,670.5599999996567,764.1331965275017
24029,37.61615493991688,670.5799999996567,764.1405919601164
24030,37.61615493991688,670.5999999996567,764.1479872337802
24031,37.61615493991688,670.6199999996567,764.1553823484886
24032,37.61615493991688,670.6399999996567,764.1627773042371
24033,37.61615493991688,670.6599999996566,764.170172101021
24034,37.61615493991688,670.6799999996566,764.1775667388357
24035,37.61615493991688,670.6999999996566,764.1849612176767
24036,37.61615493991688,670.7199999996566,764.1923555375395
24037,37.61615493991688,670.7399999996566,764.1997496984193
24038,37.61615493991688,670.7599999996565,764.2071437003117
24039,37.61615493991688,670.7799999996565,764.214537543212
24040,37.61615493991688,670.7999999996565,764.2219312272896
24041,37.61615493991688,670.8199999996565,764.2293247528046
24042,37.61615493991688,670.8399999996565,764.2367181197625
24043,37.61615493991688,670.8599999996565,764.2441113281587
24044,37.61615493991688,670.8799999996564,764.2515043779888
24045,37.61615493991688,670.8999999996564,764.258897269248
24046,37.61615493991688,670.9199999996564,764.2662900019318
24047,37.61615493991688,670.9399999996564,764.2736825760356
24048,37.61615493991688,670.9599999996564,764.281074991555
24049,37.61615493991688,670.9799999996563,764.2884672484852
24050,37.61615493991688,670.9999999996563,764.2958593468218
24051,37.61615493991688,671.0199999996563,764.3032512865601
24052,37.61615493991688,671.0399999996563,764.3106430676955
24053,37.61615493991688,671.0599999996563,764.3180346902236
24054,37.61615493991688,671.0799999996563,764.3254261541397
24055,37.61615493991688,671.0999999996562,764.3328174594392
24056,37.61615493991688,671.1199999996562,764.3402086061176
24057,37.61615493991688,671.1399999996562,764.3475995941702
24058,37.61615493991688,671.1599999996562,764.3549904235927
24059,37.61615493991688,671.1799999996562,764.3623810943802
24060,37.61615493991688,671.1999999996561,764.3697716065284
24061,37.61615493991688,671.2199999996561,764.3771619600325
24062,37.61615493991688,671.2399999996561,764.384552154888
24063,37.61615493991688,671.2599999996561,764.3919421910903
24064,37.61615493991688,671.2799999996561,764.3993320686349
24065,37.61615493991688,671.299999999656,764.4067217875172
24066,37.61615493991688,671.319999999656,764.4141113477326
24067,37.61615493991688,671.339999999656,764.4215007492766
24068,37.61615493991688,671.359999999656,764.4288899921445
24069,37.61615493991688,671.379999999656,764.4362790763319
24070,37.61615493991688,671.399999999656,764.443668001834
24071,37.61615493991688,671.4199999996559,764.4510567686465
24072,37.61615493991688,671.4399999996559,764.4584453767646
24073,37.61615493991688,671.4599999996559,764.4658338261838
24074,37.61615493991688,671.4799999996559,764.4732221168996
24075,37.61615493991688,671.4999999996559,764.4806102489073
24076,37.61615493991688,671.5199999996559,764.4879982222024
24077,37.61615493991688,671.5399999996558,764.4953860367802
24078,37.61615493991688,671.5599999996558,764.5027736926364
24079,37.61615493991688,671.5799999996558,764.5101611897662
24080,37.61615493991688,671.5999999996558,764.5175485281651
24081,37.61615493991688,671.6199999996558,764.5249357078285
24082,37.61615493991688,671.6399999996557,764.5323227287519
24083,37.61615493991688,671.6599999996557,764.5397095909306
24084,37.61615493991688,671.6799999996557,764.5470962943601
24085,37.61615493991688,671.6999999996557,764.5544828390359
24086,37.61615493991688,671.7199999996557,764.5618692249533
24087,37.61615493991688,671.7399999996557,764.5692554521078
24088,37.61615493991688,671.7599999996556,764.5766415204947
24089,37.61615493991688,671.7799999996556,764.5840274301097
24090,37.61615493991688,671.7999999996556,764.591413180948
24091,37.61615493991688,671.8199999996556,764.5987987732153
24092,37.61615493991688,671.8399999996556,764.6061842071625
24093,37.61615493991688,671.8599999996555,764.6135694827902
24094,37.61615493991688,671.8799999996555,764.6209546000938
24095,37.61615493991688,671.8999999996555,764.6283395590686
24096,37.61615493991688,671.9199999996555,764.6357243597103
24097,37.61615493991688,671.9399999996555,764.643109002014
24098,37.61615493991688,671.9599999996555,764.6504934859753
24099,37.61615493991688,671.9799999996554,764.6578778115896
24100,37.61615493991688,671.9999999996554,764.6652619788524
24101,37.61615493991688,672.0199999996554,764.6726459877591
24102,37.61615493991688,672.0399999996554,764.6800298383051
24103,37.61615493991688,672.0599999996554,764.687413530486
24104,37.61615493991688,672.0799999996553,764.694797064297
24105,37.61615493991688,672.0999999996553,764.7021804397335
24106,37.61615493991688,672.1199999996553,764.7095636567911
24107,37.61615493991688,672.1399999996553,764.7169467154653
24108,37.61615493991688,672.1599999996553,764.7243296157513
24109,37.61615493991688,672.1799999996553,764.7317123576447
24110,37.61615493991688,672.1999999996552,764.7390949411409
24111,37.61615493991688,672.2199999996552,764.7464773662354
24112,37.61615493991688,672.2399999996552,764.7538596329234
24113,37.61615493991688,672.2599999996552,764.7612417412006
24114,37.56178302287614,672.2799999996552,764.7686236910622
24115,37.56178302287614,672.2999999996551,764.7760054825038
24116,37.56178302287614,672.3199999996551,764.7833871155208
24117,37.56178302287614,672.3399999996551,764.7907685901085
24118,37.56178302287614,672.3599999996551,764.7981499062626
24119,37.56178302287614,672.3799999996551,764.8055310639783
24120,37.56178302287614,672.399999999655,764.812912063251
24121,37.56178302287614,672.419999999655,764.8202929040764
24122,37.56178302287614,672.439999999655,764.8276735864497
24123,37.56178302287614,672.459999999655,764.8350541103664
24124,37.56178302287614,672.479999999655,764.842434475822
24125,37.56178302287614,672.499999999655,764.8498146828118
24126,37.56178302287614,672.5199999996549,764.8571947313313
24127,37.56178302287614,672.5399999996549,764.864574621376
24128,37.56178302287614,672.5599999996549,764.8719543529413
24129,37.56178302287614,672.5799999996549,764.8793339260226
24130,37.56178302287614,672.5999999996549,764.8867133406153
24131,37.56178302287614,672.6199999996549,764.8940925967149
24132,37.56178302287614,672.6399999996548,764.9014716943168
24133,37.56178302287614,672.6599999996548,764.9088506334165
24134,37.56178302287614,672.6799999996548,764.9162294140093
24135,37.56178302287614,672.6999999996548,764.9236080360907
24136,37.56178302287614,672.7199999996548,764.9309864996562
24137,37.56178302287614,672.7399999996547,764.9383648047012
24138,37.56178302287614,672.7599999996547,764.9457429512211
24139,37.56178302287614,672.7799999996547,764.9531209392113
24140,37.56178302287614,672.7999999996547,764.9604987686673
24141,37.56178302287614,672.8199999996547,764.967876439585
24142,37.56178302287614,672.8399999996547,764.9752539521712
24143,37.56178302287614,672.8599999996546,764.9826313066287
24144,37.56178302287614,672.8799999996546,764.9900085029531
24145,37.56178302287614,672.8999999996546,764.9973855411396
24146,37.56178302287614,672.9199999996546,765.0047624211837
24147,37.56178302287614,672.9399999996546,765.012139143081
24148,37.56178302287614,672.9599999996545,765.0195157068266
24149,37.56178302287614,672.9799999996545,765.0268921124162
24150,37.56178302287614,672.9999999996545,765.0342683598452
24151,37.56178302287614,673.0199999996545,765.0416444491091
24152,37.56178302287614,673.0399999996545,765.0490203802032
24153,37.56178302287614,673.0599999996545,765.0563961531229
24154,37.56178302287614,673.0799999996544,765.0637717678638
24155,37.56178302287614,673.0999999996544,765.0711472244213
24156,37.56178302287614,673.1199999996544,765.0785225227909
24157,37.56178302287614,673.1399999996544,765.0858976629678
24158,37.56178302287614,673.1599999996544,765.0932726449477
24159,37.56178302287614,673.1799999996543,765.1006474687258
24160,37.56178302287614,673.1999999996543,765.1080221342977
24161,37.56178302287614,673.2199999996543,765.1153966416588
24162,37.56178302287614,673.2399999996543,765.1227709908045
24163,37.56178302287614,673.2599999996543,765.1301451817303
24164,37.56178302287614,673.2799999996543,765.1375192144317
24165,37.56178302287614,673.2999999996542,765.144893088904
24166,37.56178302287614,673.3199999996542,765.1522668051427
24167,37.56178302287614,673.3399999996542,765.1596403631434
24168,37.56178302287614,673.3599999996542,765.1670137629012
24169,37.56178302287614,673.3799999996542,765.1743870044118
24170,37.56178302287614,673.3999999996541,765.1817600876705
24171,37.56178302287614,673.4199999996541,765.1891330126728
24172,37.56178302287614,673.4399999996541,765.1965057794141
24173,37.56178302287614,673.4599999996541,765.20387838789
24174,37.56178302287614,673.4799999996541,765.2112508380957
24175,37.56178302287614,673.499999999654,765.2186231300268
24176,37.56178302287614,673.519999999654,765.2259952636787
24177,37.56178302287614,673.539999999654,765.2333672390469
24178,37.56178302287614,673.559999999654,765.2407390561267
24179,37.56178302287614,673.579999999654,765.2481107149137
24180,37.56178302287614,673.599999999654,765.2554822154032
24181,37.56178302287614,673.6199999996539,765.2628535575907
24182,37.56178302287614,673.6399999996539,765.2702247414717
24183,37.56178302287614,673.6599999996539,765.2775957670415
24184,37.56178302287614,673.6799999996539,765.2849666342956
24185,37.56178302287614,673.6999999996539,765.2923373432295
24186,37.56178302287614,673.7199999996539,765.2997078938387
24187,37.56178302287614,673.7399999996538,765.3070782861184
24188,37.56178302287614,673.7599999996538,765.3144485200643
24189,37.56178302287614,673.7799999996538,765.3218185956716
24190,37.56178302287614,673.7999999996538,765.329188512936
24191,37.56178302287614,673.8199999996538,765.3365582718527
24192,37.56178302287614,673.8399999996537,765.343927872423
24193,37.56178302287614,673.8599999996537,765.3512973148859
24194,37.56178302287614,673.8799999996537,765.358666599429
24195,37.56178302287614,673.8999999996537,765.3660357260478
24196,37.56178302287614,673.9199999996537,765.3734046947379
24197,37.56178302287614,673.9399999996537,765.3807735054946
24198,37.56178302287614,673.9599999996536,765.3881421583135
24199,37.56178302287614,673.9799999996536,765.3955106531898
24200,37.56178302287614,673.9999999996536,765.4028789901192
24201,37.56178302287614,674.0199999996536,765.410247169097
24202,37.56178302287614,674.0399999996536,765.4176151901188
24203,37.56178302287614,674.0599999996535,765.4249830531799
24204,37.56178302287614,674.0799999996535,765.4323507582757
24205,37.56178302287614,674.0999999996535,765.4397183054018
24206,37.56178302287614,674.1199999996535,765.4470856945536
24207,37.56178302287614,674.1399999996535,765.4544529257265
24208,37.56178302287614,674.1599999996535,765.461819998916
24209,37.56178302287614,674.1799999996534,765.4691869141175
24210,37.56178302287614,674.1999999996534,765.4765536713264
24211,37.56178302287614,674.2199999996534,765.4839202705383
24212,37.56178302287614,674.2399999996534,765.4912867117487
24213,37.56178302287614,674.2599999996534,765.4986529949529
24214,37.56178302287614,674.2799999996533,765.5060191201463
24215,37.56178302287614,674.2999999996533,765.5133850873245
24216,37.56178302287614,674.3199999996533,765.5207508964828
24217,37.56178302287614,674.3399999996533,765.5281165476167
24218,37.56178302287614,674.3599999996533,765.5354820407217
24219,37.56178302287614,674.3799999996533,765.5428473757933
24220,37.56178302287614,674.3999999996532,765.5502125528268
24221,37.56178302287614,674.4199999996532,765.5575775718178
24222,37.56178302287614,674.4399999996532,765.5649424327617
24223,37.56178302287614,674.4599999996532,765.5723071356538
24224,37.56178302287614,674.4799999996532,765.5796716804897
24225,37.56178302287614,674.4999999996531,765.5870360672649
24226,37.56178302287614,674.5199999996531,765.5944002959747
24227,37.56178302287614,674.5399999996531,765.6017643666146
24228,37.56178302287614,674.5599999996531,765.6091282791801
24229,37.56178302287614,674.5799999996531,765.6164920336666
24230,37.56178302287614,674.599999999653,765.6238556300697
24231,37.56178302287614,674.619999999653,765.6312190683847
24232,37.56178302287614,674.639999999653,765.638582348607
24233,37.56178302287614,674.659999999653,765.6459454707322
24234,37.56178302287614,674.679999999653,765.6533084347556
24235,37.56178302287614,674.699999999653,765.6606712406727
24236,37.56178302287614,674.7199999996529,765.668033888479
24237,37.56178302287614,674.7399999996529,765.67539637817
24238,37.56178302287614,674.7599999996529,765.682758709741
24239,37.56178302287614,674.7799999996529,765.6901208831877
24240,37.56178302287614,674.7999999996529,765.6974828985052
24241,37.56178302287614,674.8199999996529,765.7048447556892
24242,37.56178302287614,674.8399999996528,765.7122064547351
24243,37.56178302287614,674.8599999996528,765.7195679956494
24244,37.56178302287614,674.8799999996528,765.7269293786948
24245,37.56178302287614,674.8999999996528,765.7342906040349
24246,37.56178302287614,674.9199999996528,765.7416516716652
24247,37.56178302287614,674.9399999996527,765.749012581581
24248,37.56178302287614,674.9599999996527,765.756373333778
24249,37.56178302287614,674.9799999996527,765.7637339282514
24250,37.56178302287614,674.9999999996527,765.7710943649969
24251,37.56178302287614,675.0199999996527,765.7784546440097
24252,37.56178302287614,675.0399999996527,765.7858147652854
24253,37.56178302287614,675.0599999996526,765.7931747288194
24254,37.56178302287614,675.0799999996526,765.8005345346072
24255,37.56178302287614,675.0999999996526,765.8078941826442
24256,37.56178302287614,675.1199999996526,765.8152536729258
24257,37.56178302287614,675.1399999996526,765.8226130054475
24258,37.56178302287614,675.1599999996525,765.8299721802048
24259,37.56178302287614,675.1799999996525,765.8373311971931
24260,37.56178302287614,675.1999999996525,765.8446900564078
24261,37.56178302287614,675.2199999996525,765.8520487578444
24262,37.56178302287614,675.2399999996525,765.8594073014983
24263,37.56178302287614,675.2599999996525,765.866765687365
24264,37.56178302287614,675.2799999996524,765.87412391544
24265,37.56178302287614,675.2999999996524,765.8814819857187
24266,37.56178302287614,675.3199999996524,765.8888398981965
24267,37.56178302287614,675.3399999996524,765.8961976528689
24268,37.56178302287614,675.3599999996524,765.9035552497313
24269,37.56178302287614,675.3799999996523,765.9109126887791
24270,37.56178302287614,675.3999999996523,765.9182699700079
24271,37.56178302287614,675.4199999996523,765.9256270934131
24272,37.56178302287614,675.4399999996523,765.9329840589902
24273,37.56178302287614,675.4599999996523,765.9403408667345
24274,37.56178302287614,675.4799999996523,765.9476975166415
24275,37.56178302287614,675.4999999996522,765.9550540087067
24276,37.56178302287614,675.5199999996522,765.9624103429255
24277,37.56178302287614,675.5399999996522,765.9697665192934
24278,37.56178302287614,675.5599999996522,765.9771225378059
24279,37.56178302287614,675.5799999996522,765.9844783984584
24280,37.56178302287614,675.5999999996521,765.9918341012462
24281,37.56178302287614,675.6199999996521,765.999189646165
24282,37.56178302287614,675.6399999996521,766.00654503321
24283,37.56178302287614,675.6599999996521,766.0139002623769
24284,37.56178302287614,675.6799999996521,766.021255333661
24285,37.56178302287614,675.699999999652,766.0286102470577
24286,37.56178302287614,675.719999999652,766.0359650025625
24287,37.56178302287614,675.739999999652,766.043319600171
24288,37.56178302287614,675.759999999652,766.0506740398785
24289,37.56178302287614,675.779999999652,766.0580283216805
24290,37.56178302287614,675.799999999652,766.0653824455724
24291,37.56178302287614,675.8199999996519,766.0727364115496
24292,37.56178302287614,675.8399999996519,766.0800902196078
24293,37.56178302287614,675.8599999996519,766.0874438697422
24294,37.56178302287614,675.8799999996519,766.094797361965
24295,37.50754196535661,675.8999999996519,766.1021506965666
24296,37.50754196535661,675.9199999996518,766.1095038736875
24297,37.50754196535661,675.9399999996518,766.1168568933232
24298,37.50754196535661,675.9599999996518,766.1242097554692
24299,37.50754196535661,675.9799999996518,766.1315624601211
24300,37.50754196535661,675.9999999996518,766.1389150072744
24301,37.50754196535661,676.0199999996518,766.1462673969244
24302,37.50754196535661,676.0399999996517,766.1536196290667
24303,37.50754196535661,676.0599999996517,766.1609717036969
24304,37.50754196535661,676.0799999996517,766.1683236208103
24305,37.50754196535661,676.0999999996517,766.1756753804025
24306,37.50754196535661,676.1199999996517,766.183026982469
24307,37.50754196535661,676.1399999996516,766.1903784270052
24308,37.50754196535661,676.1599999996516,766.1977297140066
24309,37.50754196535661,676.1799999996516,766.2050808434689
24310,37.50754196535661,676.1999999996516,766.2124318153873
24311,37.50754196535661,676.2199999996516,766.2197826297574
24312,37.50754196535661,676.2399999996516,766.2271332865748
24313,37.50754196535661,676.2599999996515,766.234483785835
24314,37.50754196535661,676.2799999996515,766.2418341275334
24315,37.50754196535661,676.2999999996515,766.2491843116654
24316,37.50754196535661,676.3199999996515,766.2565343382267
24317,37.50754196535661,676.3399999996515,766.2638842072128
24318,37.50754196535661,676.3599999996514,766.2712339186189
24319,37.50754196535661,676.3799999996514,766.2785834724408
24320,37.50754196535661,676.3999999996514,766.2859328686739
24321,37.50754196535661,676.4199999996514,766.2932821073136
24322,37.50754196535661,676.4399999996514,766.3006311883556
24323,37.50754196535661,676.4599999996514,766.3079801117952
24324,37.50754196535661,676.4799999996513,766.3153288776281
24325,37.50754196535661,676.4999999996513,766.3226774858496
24326,37.50754196535661,676.5199999996513,766.3300259364552
24327,37.50754196535661,676.5399999996513,766.3373742294405
24328,37.50754196535661,676.5599999996513,766.3447223648009
24329,37.50754196535661,676.5799999996512,766.352070342532
24330,37.50754196535661,676.5999999996512,766.3594181626291
24331,37.50754196535661,676.6199999996512,766.366765825088
24332,37.50754196535661,676.6399999996512,766.3741133299039
24333,37.50754196535661,676.6599999996512,766.3814606770725
24334,37.50754196535661,676.6799999996512,766.3888078665892
24335,37.50754196535661,676.6999999996511,766.3961548984496
24336,37.50754196535661,676.7199999996511,766.4035017726491
24337,37.50754196535661,676.7399999996511,766.4108484891831
24338,37.50754196535661,676.7599999996511,766.4181950480472
24339,37.50754196535661,676.7799999996511,766.425541449237
24340,37.50754196535661,676.799999999651,766.4328876927478
24341,37.50754196535661,676.819999999651,766.4402337785754
24342,37.50754196535661,676.839999999651,766.4475797067149
24343,37.50754196535661,676.859999999651,766.4549254771621
24344,37.50754196535661,676.879999999651,766.4622710899123
24345,37.50754196535661,676.899999999651,766.4696165449811
24346,37.50754196535661,676.9199999996509,766.4769618426523
24347,37.50754196535661,676.9399999996509,766.4843069830287
24348,37.50754196535661,676.9599999996509,766.4916519661059
24349,37.50754196535661,676.9799999996509,766.4989967918794
24350,37.50754196535661,676.9999999996509,766.5063414603447
24351,37.50754196535661,677.0199999996508,766.5136859714974
24352,37.50754196535661,677.0399999996508,766.5210303253327
24353,37.50754196535661,677.0599999996508,766.5283745218463
24354,37.50754196535661,677.0799999996508,766.5357185610337
24355,37.50754196535661,677.0999999996508,766.5430624428903
24356,37.50754196535661,677.1199999996508,766.5504061674117
24357,37.50754196535661,677.1399999996507,766.5577497345932
24358,37.50754196535661,677.1599999996507,766.5650931444305
24359,37.50754196535661,677.1799999996507,766.5724363969191
24360,37.50754196535661,677.1999999996507,766.5797794920543
24361,37.50754196535661,677.2199999996507,766.5871224298318
24362,37.50754196535661,677.2399999996506,766.5944652102469
24363,37.50754196535661,677.2599999996506,766.6018078332952
24364,37.50754196535661,677.2799999996506,766.6091502989722
24365,37.50754196535661,677.2999999996506,766.6164926072734
24366,37.50754196535661,677.3199999996506,766.6238347581942
24367,37.50754196535661,677.3399999996506,766.6311767517303
24368,37.50754196535661,677.3599999996505,766.638518587877
24369,37.50754196535661,677.3799999996505,766.6458602666298
24370,37.50754196535661,677.3999999996505,766.6532017879844
24371,37.50754196535661,677.4199999996505,766.660543151936
24372,37.50754196535661,677.4399999996505,766.6678843584804
24373,37.50754196535661,677.4599999996504,766.6752254076129
24374,37.50754196535661,677.4799999996504,766.682566299329
24375,37.50754196535661,677.4999999996504,766.6899070336242
24376,37.50754196535661,677.5199999996504,766.6972476104941
24377,37.50754196535661,677.5399999996504,766.704588029934
24378,37.50754196535661,677.5599999996504,766.7119282919396
24379,37.50754196535661,677.5799999996503,766.7192683965062
24380,37.50754196535661,677.5999999996503,766.7266083436294
24381,37.50754196535661,677.6199999996503,766.7339481333048
24382,37.50754196535661,677.6399999996503,766.7412877655278
24383,37.50754196535661,677.6599999996503,766.7486272402938
24384,37.50754196535661,677.6799999996502,766.7559665575984
24385,37.50754196535661,677.6999999996502,766.7633057174371
24386,37.50754196535661,677.7199999996502,766.7706447198053
24387,37.50754196535661,677.7399999996502,766.7779835646986
24388,37.50754196535661,677.7599999996502,766.7853222521125
24389,37.50754196535661,677.7799999996502,766.7926607820424
24390,37.50754196535661,677.7999999996501,766.7999991544839
24391,37.50754196535661,677.8199999996501,766.8073373694324
24392,37.50754196535661,677.8399999996501,766.8146754268835
24393,37.50754196535661,677.8599999996501,766.8220133268326
24394,37.50754196535661,677.8799999996501,766.8293510692753
24395,37.50754196535661,677.89999999965,766.836688654207
24396,37.50754196535661,677.91999999965,766.8440260816494
24397,37.50754196535661,677.93999999965,766.8513633519204
24398,37.50754196535661,677.95999999965,766.8587004651027
24399,37.50754196535661,677.97999999965,766.8660374211917
24400,37.50754196535661,677.99999999965,766.8733742201828
24401,37.50754196535661,678.0199999996499,766.8807108620716
24402,37.50754196535661,678.0399999996499,766.8880473468537
24403,37.50754196535661,678.0599999996499,766.8953836745244
24404,37.50754196535661,678.0799999996499,766.9027198450793
24405,37.50754196535661,678.0999999996499,766.910055858514
24406,37.50754196535661,678.1199999996498,766.917391714824
24407,37.50754196535661,678.1399999996498,766.9247274140047
24408,37.50754196535661,678.1599999996498,766.9320629560515
24409,37.50754196535661,678.1799999996498,766.9393983409601
24410,37.50754196535661,678.1999999996498,766.9467335687259
24411,37.50754196535661,678.2199999996498,766.9540686393444
24412,37.50754196535661,678.2399999996497,766.9614035528112
24413,37.50754196535661,678.2599999996497,766.9687383091218
24414,37.50754196535661,678.2799999996497,766.9760729082716
24415,37.50754196535661,678.2999999996497,766.9834073502561
24416,37.50754196535661,678.3199999996497,766.9907416350709
24417,37.50754196535661,678.3399999996496,766.9980757627114
24418,37.50754196535661,678.3599999996496,767.0054097331732
24419,37.50754196535661,678.3799999996496,767.0127435464518
24420,37.50754196535661,678.3999999996496,767.0200772025427
24421,37.50754196535661,678.4199999996496,767.0274107014413
24422,37.50754196535661,678.4399999996496,767.0347440431433
24423,37.50754196535661,678.4599999996495,767.042077227644
24424,37.50754196535661,678.4799999996495,767.049410254939
24425,37.50754196535661,678.4999999996495,767.0567431250238
24426,37.50754196535661,678.5199999996495,767.0640758378939
24427,37.50754196535661,678.5399999996495,767.0714083935449
24428,37.50754196535661,678.5599999996494,767.0787407919721
24429,37.50754196535661,678.5799999996494,767.0860730331711
24430,37.50754196535661,678.5999999996494,767.0934051171375
24431,37.50754196535661,678.6199999996494,767.1007370438667
24432,37.50754196535661,678.6399999996494,767.1080688133543
24433,37.50754196535661,678.6599999996494,767.1154004255957
24434,37.50754196535661,678.6799999996493,767.1227318805865
24435,37.50754196535661,678.6999999996493,767.1300631783221
24436,37.50754196535661,678.7199999996493,767.1373943187981
24437,37.50754196535661,678.7399999996493,767.14472530201
24438,37.50754196535661,678.7599999996493,767.1520561279532
24439,37.50754196535661,678.7799999996492,767.1593867966233
24440,37.50754196535661,678.7999999996492,767.1667173080158
24441,37.50754196535661,678.8199999996492,767.1740476621262
24442,37.50754196535661,678.8399999996492,767.18137785895
24443,37.50754196535661,678.8599999996492,767.1887078984827
24444,37.50754196535661,678.8799999996492,767.1960377807198
24445,37.50754196535661,678.8999999996491,767.203367505657
24446,37.50754196535661,678.9199999996491,767.2106970732895
24447,37.50754196535661,678.9399999996491,767.2180264836458
24448,37.50754196535661,678.9599999996491,767.2253557370817
24449,37.50754196535661,678.9799999996491,767.2326848336573
24450,37.50754196535661,678.999999999649,767.2400137733682
24451,37.50754196535661,679.019999999649,767.2473425562098
24452,37.50754196535661,679.039999999649,767.2546711821775
24453,37.50754196535661,679.059999999649,767.2619996512669
24454,37.50754196535661,679.079999999649,767.2693279634735
24455,37.50754196535661,679.099999999649,767.2766561187929
24456,37.50754196535661,679.1199999996489,767.2839841172205
24457,37.50754196535661,679.1399999996489,767.2913119587519
24458,37.50754196535661,679.1599999996489,767.2986396433826
24459,37.50754196535661,679.1799999996489,767.305967171108
24460,37.50754196535661,679.1999999996489,767.3132945419237
24461,37.50754196535661,679.2199999996488,767.3206217558253
24462,37.50754196535661,679.2399999996488,767.3279488128081
24463,37.50754196535661,679.2599999996488,767.3352757128679
24464,37.50754196535661,679.2799999996488,767.3426024559999
24465,37.50754196535661,679.2999999996488,767.3499290421998
24466,37.50754196535661,679.3199999996488,767.3572554714632
24467,37.50754196535661,679.3399999996487,767.3645817437854
24468,37.50754196535661,679.3599999996487,767.371907859162
24469,37.50754196535661,679.3799999996487,767.3792338175884
24470,37.50754196535661,679.3999999996487,767.3865596190603
24471,37.50754196535661,679.4199999996487,767.3938852635732
24472,37.50754196535661,679.4399999996486,767.4012107511226
24473,37.50754196535661,679.4599999996486,767.4085360817039
24474,37.50754196535661,679.4799999996486,767.4158612553127
24475,37.50754196535661,679.4999999996486,767.4231862719446
24476,37.50754196535661,679.5199999996486,767.4305111315949
24477,37.45343132685808,679.5399999996486,767.4378358342593
24478,37.45343132685808,679.5599999996485,767.4451603799332
24479,37.45343132685808,679.5799999996485,767.4524847686122
24480,37.45343132685808,679.5999999996485,767.4598090002917
24481,37.45343132685808,679.6199999996485,767.4671330749673
24482,37.45343132685808,679.6399999996485,767.4744569926345
24483,37.45343132685808,679.6599999996484,767.4817807532888
24484,37.45343132685808,679.6799999996484,767.4891043569258
24485,37.45343132685808,679.6999999996484,767.496427803541
24486,37.45343132685808,679.7199999996484,767.5037510931298
24487,37.45343132685808,679.7399999996484,767.5110742256878
24488,37.45343132685808,679.7599999996484,767.5183972012105
24489,37.45343132685808,679.7799999996483,767.5257200196934
24490,37.45343132685808,679.7999999996483,767.533042681132
24491,37.45343132685808,679.8199999996483,767.5403651855219
24492,37.45343132685808,679.8399999996483,767.5476875328585
24493,37.45343132685808,679.8599999996483,767.5550097231373
24494,37.45343132685808,679.8799999996482,767.562331756354
24495,37.45343132685808,679.8999999996482,767.5696536325039
24496,37.45343132685808,679.9199999996482,767.5769753515826
24497,37.45343132685808,679.9399999996482,767.5842969135857
24498,37.45343132685808,679.9599999996482,767.5916183185432
24499,37.45343132685808,679.9799999996482,767.5989395667888
24500,37.45343132685808,679.9999999996481,767.6062606583519
24501,37.45343132685808,680.0199999996481,767.613581593228
24502,37.45343132685808,680.0399999996481,767.6209023714126
24503,37.45343132685808,680.0599999996481,767.6282229929012
24504,37.45343132685808,680.0799999996481,767.6355434576893
24505,37.45343132685808,680.099999999648,767.6428637657725
24506,37.45343132685808,680.119999999648,767.6501839171463
24507,37.45343132685808,680.139999999648,767.6575039118061
24508,37.45343132685808,680.159999999648,767.6648237497476
24509,37.45343132685808,680.179999999648,767.6721434309662
24510,37.45343132685808,680.199999999648,767.6794629554576
24511,37.45343132685808,680.2199999996479,767.686782323217
24512,37.45343132685808,680.2399999996479,767.6941015342402
24513,37.45343132685808,680.2599999996479,767.7014205885226
24514,37.45343132685808,680.2799999996479,767.7087394860598
24515,37.45343132685808,680.2999999996479,767.7160582268472
24516,37.45343132685808,680.3199999996478,767.7233768108804
24517,37.45343132685808,680.3399999996478,767.7306952381549
24518,37.45343132685808,680.3599999996478,767.7380135086662
24519,37.45343132685808,680.3799999996478,767.7453316224098
24520,37.45343132685808,680.3999999996478,767.7526495793813
24521,37.45343132685808,680.4199999996478,767.7599673795762
24522,37.45343132685808,680.4399999996477,767.76728502299
24523,37.45343132685808,680.4599999996477,767.7746025096183
24524,37.45343132685808,680.4799999996477,767.7819198394565
24525,37.45343132685808,680.4999999996477,767.7892370125002
24526,37.45343132685808,680.5199999996477,767.7965540287448
24527,37.45343132685808,680.5399999996476,767.803870888186
24528,37.45343132685808,680.5599999996476,767.8111875908193
24529,37.45343132685808,680.5799999996476,767.8185041366401
24530,37.45343132685808,680.5999999996476,767.825820525644
24531,37.45343132685808,680.6199999996476,767.8331367578264
24532,37.45343132685808,680.6399999996476,767.840452833183
24533,37.45343132685808,680.6599999996475,767.8477687517093
24534,37.45343132685808,680.6799999996475,767.8550845134007
24535,37.45343132685808,680.6999999996475,767.8624001182528
24536,37.45343132685808,680.7199999996475,767.8697155662611
24537,37.45343132685808,680.7399999996475,767.8770308574211
24538,37.45343132685808,680.7599999996474,767.8843459917284
24539,37.45343132685808,680.7799999996474,767.8916609691785
24540,37.45343132685808,680.7999999996474,767.8989757897668
24541,37.45343132685808,680.8199999996474,767.9062904534891
24542,37.45343132685808,680.8399999996474,767.9136049603406
24543,37.45343132685808,680.8599999996474,767.9209193103171
24544,37.45343132685808,680.8799999996473,767.9282335034139
24545,37.45343132685808,680.8999999996473,767.9355475396267
24546,37.45343132685808,680.9199999996473,767.9428614189509
24547,37.45343132685808,680.9399999996473,767.950175141382
24548,37.45343132685808,680.9599999996473,767.9574887069157
24549,37.45343132685808,680.9799999996472,767.9648021156089
24550,37.45343132685808,680.9999999996472,767.972115367793
24551,37.45343132685808,681.0199999996472,767.979428463494
24552,37.45343132685808,681.0399999996472,767.9867414027073
24553,37.45343132685808,681.0599999996472,767.9940541854285
24554,37.45343132685808,681.0799999996472,768.0013668116532
24555,37.45343132685808,681.0999999996471,768.0086792813768
24556,37.45343132685808,681.1199999996471,768.0159915945949
24557,37.45343132685808,681.1399999996471,768.023303751303
24558,37.45343132685808,681.1599999996471,768.0306157514967
24559,37.45343132685808,681.1799999996471,768.0379275951715
24560,37.45343132685808,681.199999999647,768.0452392823229
24561,37.45343132685808,681.219999999647,768.0525508129464
24562,37.45343132685808,681.239999999647,768.0598621870375
24563,37.45343132685808,681.259999999647,768.0671734045919
24564,37.45343132685808,681.279999999647,768.074484465605
24565,37.45343132685808,681.299999999647,768.0817953700723
24566,37.45343132685808,681.3199999996469,768.0891061179894
24567,37.45343132685808,681.3399999996469,768.0964167093518
24568,37.45343132685808,681.3599999996469,768.1037271441551
24569,37.45343132685808,681.3799999996469,768.1110374223947
24570,37.45343132685808,681.3999999996469,768.1183475440662
24571,37.45343132685808,681.4199999996468,768.1256575091651
24572,37.45343132685808,681.4399999996468,768.1329673176868
24573,37.45343132685808,681.4599999996468,768.1402769696272
24574,37.45343132685808,681.4799999996468,768.1475864649815
24575,37.45343132685808,681.4999999996468,768.1548958037453
24576,37.45343132685808,681.5199999996468,768.1622049859141
24577,37.45343132685808,681.5399999996467,768.1695140114834
24578,37.45343132685808,681.5599999996467,768.176822880449
24579,37.45343132685808,681.5799999996467,768.1841315928061
24580,37.45343132685808,681.5999999996467,768.1914401485504
24581,37.45343132685808,681.6199999996467,768.1987485476775
24582,37.45343132685808,681.6399999996466,768.2060567901827
24583,37.45343132685808,681.6599999996466,768.2133648760617
24584,37.45343132685808,681.6799999996466,768.2206728053101
24585,37.45343132685808,681.6999999996466,768.2279805779232
24586,37.45343132685808,681.7199999996466,768.2352881938966
24587,37.45343132685808,681.7399999996466,768.242595653226
24588,37.45343132685808,681.7599999996465,768.2499029559067
24589,37.45343132685808,681.7799999996465,768.2572101019343
24590,37.45343132685808,681.7999999996465,768.2645170913045
24591,37.45343132685808,681.8199999996465,768.2718239240126
24592,37.45343132685808,681.8399999996465,768.2791306000541
24593,37.45343132685808,681.8599999996464,768.2864371194248
24594,37.45343132685808,681.8799999996464,768.29374348212
24595,37.45343132685808,681.8999999996464,768.3010496881353
24596,37.45343132685808,681.9199999996464,768.3083557374663
24597,37.45343132685808,681.9399999996464,768.3156616301085
24598,37.45343132685808,681.9599999996464,768.3229673660574
24599,37.45343132685808,681.9799999996463,768.3302729453085
24600,37.45343132685808,681.9999999996463,768.3375783679443
24601,37.45343132685808,682.0199999996463,768.3448836342766
24602,37.45343132685808,682.0399999996463,768.3521887443264
24603,37.45343132685808,682.0599999996463,768.3594936980894
24604,37.45343132685808,682.0799999996462,768.366798495561
24605,37.45343132685808,682.0999999996462,768.3741031367368
24606,37.45343132685808,682.1199999996462,768.3814076216123
24607,37.45343132685808,682.1399999996462,768.388711950183
24608,37.45343132685808,682.1599999996462,768.3960161224445
24609,37.45343132685808,682.1799999996462,768.4033201383924
24610,37.45343132685808,682.1999999996461,768.410623998022
24611,37.45343132685808,682.2199999996461,768.417927701329
24612,37.45343132685808,682.2399999996461,768.4252312483088
24613,37.45343132685808,682.2599999996461,768.4325346389571
24614,37.45343132685808,682.2799999996461,768.4398378732694
24615,37.45343132685808,682.299999999646,768.4471409512412
24616,37.45343132685808,682.319999999646,768.4544438728681
24617,37.45343132685808,682.339999999646,768.4617466381454
24618,37.45343132685808,682.359999999646,768.4690492470689
24619,37.45343132685808,682.379999999646,768.476351699634
24620,37.45343132685808,682.399999999646,768.4836539958363
24621,37.45343132685808,682.4199999996459,768.4909561356714
24622,37.45343132685808,682.4399999996459,768.4982581191347
24623,37.45343132685808,682.4599999996459,768.5055599462218
24624,37.45343132685808,682.4799999996459,768.5128616169281
24625,37.45343132685808,682.4999999996459,768.5201631312493
24626,37.45343132685808,682.5199999996458,768.5274644891809
24627,37.45343132685808,682.5399999996458,768.5347656907185
24628,37.45343132685808,682.5599999996458,768.5420667358575
24629,37.45343132685808,682.5799999996458,768.5493676245934
24630,37.45343132685808,682.5999999996458,768.5566683569218
24631,37.45343132685808,682.6199999996458,768.5639689328383
24632,37.45343132685808,682.6399999996457,768.5712693523384
24633,37.45343132685808,682.6599999996457,768.5785696154177
24634,37.45343132685808,682.6799999996457,768.5858697220716
24635,37.45343132685808,682.6999999996457,768.5931696722957
24636,37.45343132685808,682.7199999996457,768.6004694660855
24637,37.45343132685808,682.7399999996456,768.6077691034367
24638,37.45343132685808,682.7599999996456,768.6150685843446
24639,37.45343132685808,682.7799999996456,768.6223679088049
24640,37.45343132685808,682.7999999996456,768.629667076813
24641,37.45343132685808,682.8199999996456,768.6369660883645
24642,37.45343132685808,682.8399999996456,768.6442649434549
24643,37.45343132685808,682.8599999996455,768.6515636420799
24644,37.45343132685808,682.8799999996455,768.6588621842349
24645,37.45343132685808,682.8999999996455,768.6661605699154
24646,37.45343132685808,682.9199999996455,768.673458799117
24647,37.45343132685808,682.9399999996455,768.6807568718353
24648,37.45343132685808,682.9599999996454,768.6880547880658
24649,37.45343132685808,682.9799999996454,768.6953525478039
24650,37.45343132685808,682.9999999996454,768.7026501510452
24651,37.45343132685808,683.0199999996454,768.7099475979024
24652,37.45343132685808,683.0399999996454,768.71724488868
24653,37.45343132685808,683.0599999996454,768.724542023395
24654,37.45343132685808,683.0799999996453,768.7318390020426
24655,37.45343132685808,683.0999999996453,768.7391358246186
24656,37.45343132685808,683.1199999996453,768.7464324911185
24657,37.45343132685808,683.1399999996453,768.7537290015377
24658,37.45343132685808,683.1599999996453,768.7610253558719
24659,37.45343132685808,683.1799999996452,768.7683215541165
24660,37.39945066878497,683.1999999996452,768.775617596267
24661,37.39945066878497,683.2199999996452,768.7829134823191
24662,37.39945066878497,683.2399999996452,768.7902092122683
24663,37.39945066878497,683.2599999996452,768.7975047861102
24664,37.39945066878497,683.2799999996452,768.80480020384
24665,37.39945066878497,683.2999999996451,768.8120954654536
24666,37.39945066878497,683.3199999996451,768.8193905709463
24667,37.39945066878497,683.3399999996451,768.8266855203138
24668,37.39945066878497,683.3599999996451,768.8339803135516
24669,37.39945066878497,683.3799999996451,768.8412749506552
24670,37.39945066878497,683.399999999645,768.8485694316203
24671,37.39945066878497,683.419999999645,768.8558637564421
24672,37.39945066878497,683.439999999645,768.8631579251164
24673,37.39945066878497,683.459999999645,768.8704519376387
24674,37.39945066878497,683.479999999645,768.8777457940045
24675,37.39945066878497,683.499999999645,768.8850394942092
24676,37.39945066878497,683.5199999996449,768.8923330382486
24677,37.39945066878497,683.5399999996449,768.8996264261181
24678,37.39945066878497,683.5599999996449,768.9069196578132
24679,37.39945066878497,683.5799999996449,768.9142127333295
24680,37.39945066878497,683.5999999996449,768.9215056526625
24681,37.39945066878497,683.6199999996448,768.9287984158078
24682,37.39945066878497,683.6399999996448,768.9360910227609
24683,37.39945066878497,683.6599999996448,768.9433834735173
24684,37.39945066878497,683.6799999996448,768.9506757680726
24685,37.39945066878497,683.6999999996448,768.9579679064224
24686,37.39945066878497,683.7199999996448,768.9652598885621
24687,37.39945066878497,683.7399999996447,768.9725517144872
24688,37.39945066878497,683.7599999996447,768.9798433841934
24689,37.39945066878497,683.7799999996447,768.9871348976761
24690,37.39945066878497,683.7999999996447,768.994426254931
24691,37.39945066878497,683.8199999996447,769.0017174559536
24692,37.39945066878497,683.8399999996446,769.0090085007392
24693,37.39945066878497,683.8599999996446,769.0162993892836
24694,37.39945066878497,683.8799999996446,769.0235901215823
24695,37.39945066878497,683.8999999996446,769.0308806976308
24696,37.39945066878497,683.9199999996446,769.0381711174246
24697,37.39945066878497,683.9399999996446,769.0454613809592
24698,37.39945066878497,683.9599999996445,769.0527514882302
24699,37.39945066878497,683.9799999996445,769.0600414392333
24700,37.39945066878497,683.9999999996445,769.0673312339638
24701,37.39945066878497,684.0199999996445,769.0746208724174
24702,37.39945066878497,684.0399999996445,769.0819103547174
24703,37.39945066878497,684.0599999996444,769.0891996811157
24704,37.39945066878497,684.0799999996444,769.0964888516223
24705,37.39945066878497,684.0999999996444,769.1037778662327
24706,37.39945066878497,684.1199999996444,769.1110667249424
24707,37.39945066878497,684.1399999996444,769.1183554277469
24708,37.39945066878497,684.1599999996444,769.1256439746419
24709,37.39945066878497,684.1799999996443,769.1329323656228
24710,37.39945066878497,684.1999999996443,769.1402206006852
24711,37.39945066878497,684.2199999996443,769.1475086798247
24712,37.39945066878497,684.2399999996443,769.1547966030366
24713,37.39945066878497,684.2599999996443,769.1620843703167
24714,37.39945066878497,684.2799999996442,769.1693719816604
24715,37.39945066878497,684.2999999996442,769.1766594370634
24716,37.39945066878497,684.3199999996442,769.1839467365212
24717,37.39945066878497,684.3399999996442,769.1912338800291
24718,37.39945066878497,684.3599999996442,769.1985208675829
24719,37.39945066878497,684.3799999996442,769.2058076991781
24720,37.39945066878497,684.3999999996441,769.2130943748101
24721,37.39945066878497,684.4199999996441,769.2203808944746
24722,37.39945066878497,684.4399999996441,769.2276672581671
24723,37.39945066878497,684.4599999996441,769.2349534658831
24724,37.39945066878497,684.4799999996441,769.2422395176183
24725,37.39945066878497,684.499999999644,769.249525413368
24726,37.39945066878497,684.519999999644,769.2568111531278
24727,37.39945066878497,684.539999999644,769.2640967368934
24728,37.39945066878497,684.559999999644,769.2713821646602
24729,37.39945066878497,684.579999999644,769.2786674364238
24730,37.39945066878497,684.599999999644,769.2859525521798
24731,37.39945066878497,684.6199999996439,769.2932375119236
24732,37.39945066878497,684.6399999996439,769.3005223156508
24733,37.39945066878497,684.6599999996439,769.307806963357
24734,37.39945066878497,684.6799999996439,769.3150914550378
24735,37.39945066878497,684.6999999996439,769.3223757906885
24736,37.39945066878497,684.7199999996438,769.3296599703049
24737,37.39945066878497,684.7399999996438,769.3369439938823
24738,37.39945066878497,684.7599999996438,769.3442278614165
24739,37.39945066878497,684.7799999996438,769.3515115729028
24740,37.39945066878497,684.7999999996438,769.358795128337
24741,37.39945066878497,684.8199999996438,769.3660785277144
24742,37.39945066878497,684.8399999996437,769.3733617710307
24743,37.39945066878497,684.8599999996437,769.3806448582814
24744,37.39945066878497,684.8799999996437,769.387927789462
24745,37.39945066878497,684.8999999996437,769.3952105645681
24746,37.39945066878497,684.9199999996437,769.4024931835952
24747,37.39945066878497,684.9399999996436,769.409775646539
24748,37.39945066878497,684.9599999996436,769.4170579533948
24749,37.39945066878497,684.9799999996436,769.4243401041583
24750,37.39945066878497,684.9999999996436,769.4316220988251
24751,37.39945066878497,685.0199999996436,769.4389039373906
24752,37.39945066878497,685.0399999996436,769.4461856198503
24753,37.39945066878497,685.0599999996435,769.4534671463606
24754,37.39945066878497,685.0799999996435,769.4607485171692
24755,37.39945066878497,685.0999999996435,769.468029732282
24756,37.39945066878497,685.1199999996435,769.4753107916945
24757,37.39945066878497,685.1399999996435,769.4825916954022
24758,37.39945066878497,685.1599999996434,769.4898724434007
24759,37.39945066878497,685.1799999996434,769.4971530356855
24760,37.39945066878497,685.1999999996434,769.5044334722522
24761,37.39945066878497,685.2199999996434,769.5117137530964
24762,37.39945066878497,685.2399999996434,769.5189938782135
24763,37.39945066878497,685.2599999996434,769.5262738475991
24764,37.39945066878497,685.2799999996433,769.5335536612488
24765,37.39945066878497,685.2999999996433,769.5408333191581
24766,37.39945066878497,685.3199999996433,769.5481128213225
24767,37.39945066878497,685.3399999996433,769.5553921677378
24768,37.39945066878497,685.3599999996433,769.5626713583993
24769,37.39945066878497,685.3799999996432,769.5699503933026
24770,37.39945066878497,685.3999999996432,769.5772292724434
24771,37.39945066878497,685.4199999996432,769.5845079958171
24772,37.39945066878497,685.4399999996432,769.5917865634193
24773,37.39945066878497,685.4599999996432,769.5990649752456
24774,37.39945066878497,685.4799999996432,769.6063432312915
24775,37.39945066878497,685.4999999996431,769.6136213315525
24776,37.39945066878497,685.5199999996431,769.6208992760241
24777,37.39945066878497,685.5399999996431,769.6281770647021
24778,37.39945066878497,685.5599999996431,769.6354546975818
24779,37.39945066878497,685.5799999996431,769.6427321746589
24780,37.39945066878497,685.599999999643,769.6500094959289
24781,37.39945066878497,685.619999999643,769.6572866613874
24782,37.39945066878497,685.639999999643,769.6645636710299
24783,37.39945066878497,685.659999999643,769.671840524852
24784,37.39945066878497,685.679999999643,769.6791172228492
24785,37.39945066878497,685.699999999643,769.686393765017
24786,37.39945066878497,685.7199999996429,769.6936701513511
24787,37.39945066878497,685.7399999996429,769.7009463818468
24788,37.39945066878497,685.7599999996429,769.7082224565
24789,37.39945066878497,685.7799999996429,769.7154983753061
24790,37.39945066878497,685.7999999996429,769.7227741382605
24791,37.39945066878497,685.8199999996428,769.730049745359
24792,37.39945066878497,685.8399999996428,769.737325196597
24793,37.39945066878497,685.8599999996428,769.7446004919701
24794,37.39945066878497,685.8799999996428,769.7518756314739
24795,37.39945066878497,685.8999999996428,769.7591506151039
24796,37.39945066878497,685.9199999996428,769.7664254428556
24797,37.39945066878497,685.9399999996427,769.7737001147246
24798,37.39945066878497,685.9599999996427,769.7809746307066
24799,37.39945066878497,685.9799999996427,769.788248990797
24800,37.39945066878497,685.9999999996427,769.7955231949913
24801,37.39945066878497,686.0199999996427,769.8027972432852
24802,37.39945066878497,686.0399999996426,769.8100711356742
24803,37.39945066878497,686.0599999996426,769.8173448721537
24804,37.39945066878497,686.0799999996426,769.8246184529156
24805,37.39945066878497,686.0999999996426,769.8318918782008
24806,37.39945066878497,686.1199999996426,769.8391651480104
24807,37.39945066878497,686.1399999996426,769.8464382623398
24808,37.39945066878497,686.1599999996425,769.8537112211848
24809,37.39945066878497,686.1799999996425,769.8609840245408
24810,37.39945066878497,686.1999999996425,769.8682566724034
24811,37.39945066878497,686.2199999996425,769.8755291647682
24812,37.39945066878497,686.2399999996425,769.8828015016308
24813,37.39945066878497,686.2599999996424,769.8900736829867
24814,37.39945066878497,686.2799999996424,769.8973457088314
24815,37.39945066878497,686.2999999996424,769.9046175791606
24816,37.39945066878497,686.3199999996424,769.9118892939698
24817,37.39945066878497,686.3399999996424,769.9191608532545
24818,37.39945066878497,686.3599999996424,769.9264322570104
24819,37.39945066878497,686.3799999996423,769.933703505233
24820,37.39945066878497,686.3999999996423,769.9409745979178
24821,37.39945066878497,686.4199999996423,769.9482455350606
24822,37.39945066878497,686.4399999996423,769.9555163166566
24823,37.39945066878497,686.4599999996423,769.9627869427017
24824,37.39945066878497,686.4799999996422,769.9700574131912
24825,37.39945066878497,686.4999999996422,769.9773277281208
24826,37.39945066878497,686.5199999996422,769.9845978874862
24827,37.39945066878497,686.5399999996422,769.9918678912827
24828,37.39945066878497,686.5599999996422,769.9991377395061
24829,37.39945066878497,686.5799999996422,770.0064074321609
24830,37.39945066878497,686.5999999996421,770.0136769692563
24831,37.39945066878497,686.6199999996421,770.020946350788
24832,37.39945066878497,686.6399999996421,770.0282155767518
24833,37.39945066878497,686.6599999996421,770.0354846471432
24834,37.39945066878497,686.6799999996421,770.0427535619579
24835,37.39945066878497,686.699999999642,770.0500223211912
24836,37.39945066878497,686.719999999642,770.057290924839
24837,37.39945066878497,686.739999999642,770.0645593728966
24838,37.39945066878497,686.759999999642,770.0718276653598
24839,37.39945066878497,686.779999999642,770.0790958022242
24840,37.39945066878497,686.799999999642,770.0863637834851
24841,37.39945066878497,686.8199999996419,770.0936316091384
24842,37.39945066878497,686.8399999996419,770.1008992791794
24843,37.39945066878497,686.8599999996419,770.108166793604
24844,37.39945066878497,686.8799999996419,770.1154341524076
24845,37.39945066878497,686.8999999996419,770.1227013555858
24846,37.39945066878497,686.9199999996418,770.1299684031342
24847,37.39945066878497,686.9399999996418,770.1372352950483
24848,37.345599554436276,686.9599999996418,770.1445020313238
24849,37.345599554436276,686.9799999996418,770.1517686119562
24850,37.345599554436276,686.9999999996418,770.1590350369411
24851,37.345599554436276,687.0199999996418,770.1663013062741
24852,37.345599554436276,687.0399999996417,770.1735674199508
24853,37.345599554436276,687.0599999996417,770.1808333779668
24854,37.345599554436276,687.0799999996417,770.1880991803176
24855,37.345599554436276,687.0999999996417,770.1953648272
24856,37.345599554436276,687.1199999996417,770.2026303188123
24857,37.345599554436276,687.1399999996416,770.2098956551505
24858,37.345599554436276,687.1599999996416,770.2171608362099
24859,37.345599554436276,687.1799999996416,770.2244258619863
24860,37.345599554436276,687.1999999996416,770.2316907324753
24861,37.345599554436276,687.2199999996416,770.2389554476724
24862,37.345599554436276,687.2399999996416,770.2462200075734
24863,37.345599554436276,687.2599999996415,770.2534844121736
24864,37.345599554436276,687.2799999996415,770.2607486614689
24865,37.345599554436276,687.2999999996415,770.2680127554547
24866,37.345599554436276,687.3199999996415,770.2752766941267
24867,37.345599554436276,687.3399999996415,770.2825404774804
24868,37.345599554436276,687.3599999996414,770.2898041055115
24869,37.345599554436276,687.3799999996414,770.2970675782155
24870,37.345599554436276,687.3999999996414,770.3043308955882
24871,37.345599554436276,687.4199999996414,770.311594057625
24872,37.345599554436276,687.4399999996414,770.3188570643216
24873,37.345599554436276,687.4599999996414,770.3261199156735
24874,37.345599554436276,687.4799999996413,770.3333826116765
24875,37.345599554436276,687.4999999996413,770.3406451523259
24876,37.345599554436276,687.5199999996413,770.3479075376175
24877,37.345599554436276,687.5399999996413,770.355169767547
24878,37.345599554436276,687.5599999996413,770.3624318421098
24879,37.345599554436276,687.5799999996412,770.3696937613016
24880,37.345599554436276,687.5999999996412,770.376955525118
24881,37.345599554436276,687.6199999996412,770.3842171335546
24882,37.345599554436276,687.6399999996412,770.3914785866068
24883,37.345599554436276,687.6599999996412,770.3987398842705
24884,37.345599554436276,687.6799999996412,770.4060010265412
24885,37.345599554436276,687.6999999996411,770.4132620134144
24886,37.345599554436276,687.7199999996411,770.4205228448858
24887,37.345599554436276,687.7399999996411,770.427783520951
24888,37.345599554436276,687.7599999996411,770.4350440416057
24889,37.345599554436276,687.7799999996411,770.4423044068453
24890,37.345599554436276,687.799999999641,770.4495646166655
24891,37.345599554436276,687.819999999641,770.4568246710619
24892,37.345599554436276,687.839999999641,770.4640845700301
24893,37.345599554436276,687.859999999641,770.4713443135657
24894,37.345599554436276,687.879999999641,770.4786039016643
24895,37.345599554436276,687.899999999641,770.4858633343215
24896,37.345599554436276,687.9199999996409,770.493122611533
24897,37.345599554436276,687.9399999996409,770.5003817332941
24898,37.345599554436276,687.9599999996409,770.5076406996008
24899,37.345599554436276,687.9799999996409,770.5148995104485
24900,37.345599554436276,687.9999999996409,770.5221581658327
24901,37.345599554436276,688.0199999996408,770.5294166657492
24902,37.345599554436276,688.0399999996408,770.5366750101936
24903,37.345599554436276,688.0599999996408,770.5439331991613
24904,37.345599554436276,688.0799999996408,770.5511912326481
24905,37.345599554436276,688.0999999996408,770.5584491106542
24906,37.345599554436276,688.1199999996408,770.5657068334029
24907,37.345599554436276,688.1399999996407,770.572964401075
24908,37.345599554436276,688.1599999996407,770.5802218136658
24909,37.345599554436276,688.1799999996407,770.5874790711712
24910,37.345599554436276,688.1999999996407,770.5947361735865
24911,37.345599554436276,688.2199999996407,770.6019931209075
24912,37.345599554436276,688.2399999996406,770.6092499131298
24913,37.345599554436276,688.2599999996406,770.6165065502489
24914,37.345599554436276,688.2799999996406,770.6237630322604
24915,37.345599554436276,688.2999999996406,770.63101935916
24916,37.345599554436276,688.3199999996406,770.6382755309431
24917,37.345599554436276,688.3399999996406,770.6455315476055
24918,37.345599554436276,688.3599999996405,770.6527874091427
24919,37.345599554436276,688.3799999996405,770.6600431155503
24920,37.345599554436276,688.3999999996405,770.6672986668239
24921,37.345599554436276,688.4199999996405,770.674554062959
24922,37.345599554436276,688.4399999996405,770.6818093039515
24923,37.345599554436276,688.4599999996404,770.6890643897967
24924,37.345599554436276,688.4799999996404,770.6963193204904
24925,37.345599554436276,688.4999999996404,770.703574096028
24926,37.345599554436276,688.5199999996404,770.7108287164052
24927,37.345599554436276,688.5399999996404,770.7180831816177
24928,37.345599554436276,688.5599999996404,770.7253374916609
24929,37.345599554436276,688.5799999996403,770.7325916465304
24930,37.345599554436276,688.5999999996403,770.739845646222
24931,37.345599554436276,688.6199999996403,770.7470994907311
24932,37.345599554436276,688.6399999996403,770.7543531800535
24933,37.345599554436276,688.6599999996403,770.7616067141846
24934,37.345599554436276,688.6799999996402,770.7688600931201
24935,37.345599554436276,688.6999999996402,770.7761133168556
24936,37.345599554436276,688.7199999996402,770.7833663853867
24937,37.345599554436276,688.7399999996402,770.7906192987089
24938,37.345599554436276,688.7599999996402,770.7978720568179
24939,37.345599554436276,688.7799999996402,770.8051246597093
24940,37.345599554436276,688.7999999996401,770.8123771073787
24941,37.345599554436276,688.8199999996401,770.8196293998216
24942,37.345599554436276,688.8399999996401,770.8268815370337
24943,37.345599554436276,688.8599999996401,770.8341335190106
24944,37.345599554436276,688.8799999996401,770.8413853457479
24945,37.345599554436276,688.89999999964,770.8486370172411
24946,37.345599554436276,688.91999999964,770.8558885334859
24947,37.345599554436276,688.93999999964,770.8631398944779
24948,37.345599554436276,688.95999999964,770.8703911002126
24949,37.345599554436276,688.97999999964,770.8776421506857
24950,37.345599554436276,688.99999999964,770.8848930458928
24951,37.345599554436276,689.0199999996399,770.8921437858294
24952,37.345599554436276,689.0399999996399,770.8993943704912
24953,37.345599554436276,689.0599999996399,770.9066447998738
24954,37.345599554436276,689.0799999996399,770.9138950739728
24955,37.345599554436276,689.0999999996399,770.9211451927837
24956,37.345599554436276,689.1199999996398,770.9283951563118
24957,37.345599554436276,689.1399999996398,770.9356449648004
24958,37.345599554436276,689.1599999996398,770.9428946184058
24959,37.345599554436276,689.1799999996398,770.9501441171236
24960,37.345599554436276,689.1999999996398,770.9573934609493
24961,37.345599554436276,689.2199999996398,770.9646426498787
24962,37.345599554436276,689.2399999996397,770.9718916839072
24963,37.345599554436276,689.2599999996397,770.9791405630305
24964,37.345599554436276,689.2799999996397,770.9863892872442
24965,37.345599554436276,689.2999999996397,770.9936378565438
24966,37.345599554436276,689.3199999996397,771.0008862709251
24967,37.345599554436276,689.3399999996396,771.0081345303836
24968,37.345599554436276,689.3599999996396,771.0153826349149
24969,37.345599554436276,689.3799999996396,771.0226305845147
24970,37.345599554436276,689.3999999996396,771.0298783791784
24971,37.345599554436276,689.4199999996396,771.0371260189019
24972,37.345599554436276,689.4399999996396,771.0443735036805
24973,37.345599554436276,689.4599999996395,771.05162083351
24974,37.345599554436276,689.4799999996395,771.058868008386
24975,37.345599554436276,689.4999999996395,771.0661150283039
24976,37.345599554436276,689.5199999996395,771.0733618932595
24977,37.345599554436276,689.5399999996395,771.0806086032484
24978,37.345599554436276,689.5599999996394,771.0878551582662
24979,37.345599554436276,689.5799999996394,771.0951015583084
24980,37.345599554436276,689.5999999996394,771.1023478033708
24981,37.345599554436276,689.6199999996394,771.1095938934487
24982,37.345599554436276,689.6399999996394,771.116839828538
24983,37.345599554436276,689.6599999996394,771.1240856086342
24984,37.345599554436276,689.6799999996393,771.1313312337329
24985,37.345599554436276,689.6999999996393,771.1385767038297
24986,37.345599554436276,689.7199999996393,771.1458220189202
24987,37.345599554436276,689.7399999996393,771.153067179
24988,37.345599554436276,689.7599999996393,771.1603121840648
24989,37.345599554436276,689.7799999996392,771.16755703411
24990,37.345599554436276,689.7999999996392,771.1748017291314
24991,37.345599554436276,689.8199999996392,771.1820462691246
24992,37.345599554436276,689.8399999996392,771.1892906540852
24993,37.345599554436276,689.8599999996392,771.1965348840088
24994,37.345599554436276,689.8799999996392,771.2037789588909
24995,37.345599554436276,689.8999999996391,771.2110228787271
24996,37.345599554436276,689.9199999996391,771.2182666435132
24997,37.345599554436276,689.9399999996391,771.2255102532446
24998,37.345599554436276,689.9599999996391,771.232753707917
24999,37.345599554436276,689.9799999996391,771.2399970075261
25000,37.345599554436276,689.999999999639,771.2472401520673
25001,37.345599554436276,690.019999999639,771.2544831415364
25002,37.345599554436276,690.039999999639,771.2617259759289
25003,37.345599554436276,690.059999999639,771.2689686552404
25004,37.345599554436276,690.079999999639,771.2762111794666
25005,37.345599554436276,690.099999999639,771.283453548603
25006,37.345599554436276,690.1199999996389,771.2906957626453
25007,37.345599554436276,690.1399999996389,771.2979378216044
25008,37.345599554436276,690.1599999996389,771.3051797257564
25009,37.345599554436276,690.1799999996389,771.3124214752396
25010,37.345599554436276,690.1999999996389,771.3196630700497
25011,37.345599554436276,690.2199999996388,771.3269045101824
25012,37.345599554436276,690.2399999996388,771.3341457956332
25013,37.345599554436276,690.2599999996388,771.3413869263977
25014,37.345599554436276,690.2799999996388,771.3486279024715
25015,37.345599554436276,690.2999999996388,771.3558687238503
25016,37.345599554436276,690.3199999996388,771.3631093905298
25017,37.345599554436276,690.3399999996387,771.3703499025054
25018,37.345599554436276,690.3599999996387,771.3775902597728
25019,37.345599554436276,690.3799999996387,771.3848304623276
25020,37.345599554436276,690.3999999996387,771.3920705101655
25021,37.345599554436276,690.4199999996387,771.399310403282
25022,37.345599554436276,690.4399999996386,771.4065501416728
25023,37.345599554436276,690.4599999996386,771.4137897253335
25024,37.345599554436276,690.4799999996386,771.4210291542596
25025,37.345599554436276,690.4999999996386,771.4282684284468
25026,37.345599554436276,690.5199999996386,771.4355075478908
25027,37.345599554436276,690.5399999996386,771.4427465125871
25028,37.345599554436276,690.5599999996385,771.4499853225313
25029,37.345599554436276,690.5799999996385,771.4572239777192
25030,37.345599554436276,690.5999999996385,771.4644624781463
25031,37.345599554436276,690.6199999996385,771.4717008238082
25032,37.291877548995615,690.6399999996385,771.4789390147005
25033,37.291877548995615,690.6599999996384,771.4861770508188
25034,37.291877548995615,690.6799999996384,771.4934149321588
25035,37.291877548995615,690.6999999996384,771.500652658716
25036,37.291877548995615,690.7199999996384,771.5078902304862
25037,37.291877548995615,690.7399999996384,771.5151276474649
25038,37.291877548995615,690.7599999996384,771.5223649096476
25039,37.291877548995615,690.7799999996383,771.5296020170301
25040,37.291877548995615,690.7999999996383,771.536838969608
25041,37.291877548995615,690.8199999996383,771.5440757673769
25042,37.291877548995615,690.8399999996383,771.5513124103323
25043,37.291877548995615,690.8599999996383,771.55854889847
25044,37.291877548995615,690.8799999996382,771.5657852317855
25045,37.291877548995615,690.8999999996382,771.5730214102745
25046,37.291877548995615,690.9199999996382,771.5802574339324
25047,37.291877548995615,690.9399999996382,771.587493302755
25048,37.291877548995615,690.9599999996382,771.5947290167379
25049,37.291877548995615,690.9799999996382,771.6019645758768
25050,37.291877548995615,690.9999999996381,771.6091999801671
25051,37.291877548995615,691.0199999996381,771.6164352296046
25052,37.291877548995615,691.0399999996381,771.6236703241849
25053,37.291877548995615,691.0599999996381,771.6309052639036
25054,37.291877548995615,691.0799999996381,771.6381400487563
25055,37.291877548995615,691.099999999638,771.6453746787386
25056,37.291877548995615,691.119999999638,771.6526091538461
25057,37.291877548995615,691.139999999638,771.6598434740745
25058,37.291877548995615,691.159999999638,771.6670776394374
25059,37.291877548995615,691.179999999638,771.6743116501959
25060,37.291877548995615,691.199999999638,771.6815455064489
25061,37.291877548995615,691.2199999996379,771.6887792081917
25062,37.291877548995615,691.2399999996379,771.6960127554202
25063,37.291877548995615,691.2599999996379,771.7032461481298
25064,37.291877548995615,691.2799999996379,771.7104793863163
25065,37.291877548995615,691.2999999996379,771.7177124699751
25066,37.291877548995615,691.3199999996378,771.7249453991021
25067,37.291877548995615,691.3399999996378,771.7321781736928
25068,37.291877548995615,691.3599999996378,771.7394107937428
25069,37.291877548995615,691.3799999996378,771.7466432592477
25070,37.291877548995615,691.3999999996378,771.7538755702031
25071,37.291877548995615,691.4199999996378,771.7611077266049
25072,37.291877548995615,691.4399999996377,771.7683397284485
25073,37.291877548995615,691.4599999996377,771.7755715757295
25074,37.291877548995615,691.4799999996377,771.7828032684436
25075,37.291877548995615,691.4999999996377,771.7900348065864
25076,37.291877548995615,691.5199999996377,771.7972661901536
25077,37.291877548995615,691.5399999996376,771.8044974191406
25078,37.291877548995615,691.5599999996376,771.8117284935432
25079,37.291877548995615,691.5799999996376,771.8189594133571
25080,37.291877548995615,691.5999999996376,771.8261901785778
25081,37.291877548995615,691.6199999996376,771.833420789201
25082,37.291877548995615,691.6399999996376,771.8406512452223
25083,37.291877548995615,691.6599999996375,771.8478815466373
25084,37.291877548995615,691.6799999996375,771.8551116934416
25085,37.291877548995615,691.6999999996375,771.8623416856309
25086,37.291877548995615,691.7199999996375,771.8695715232009
25087,37.291877548995615,691.7399999996375,771.8768012061471
25088,37.291877548995615,691.7599999996374,771.8840307344651
25089,37.291877548995615,691.7799999996374,771.8912601081506
25090,37.291877548995615,691.7999999996374,771.8984893271993
25091,37.291877548995615,691.8199999996374,771.9057183916067
25092,37.291877548995615,691.8399999996374,771.9129473013684
25093,37.291877548995615,691.8599999996374,771.92017605648
25094,37.291877548995615,691.8799999996373,771.9274046569374
25095,37.291877548995615,691.8999999996373,771.9346331027359
25096,37.291877548995615,691.9199999996373,771.9418613938714
25097,37.291877548995615,691.9399999996373,771.9490895303393
25098,37.291877548995615,691.9599999996373,771.9563175121353
25099,37.291877548995615,691.9799999996372,771.9635453392552
25100,37.291877548995615,691.9999999996372,771.9707730116945
25101,37.291877548995615,692.0199999996372,771.9780005294488
25102,37.291877548995615,692.0399999996372,771.9852278925136
25103,37.291877548995615,692.0599999996372,771.9924551008849
25104,37.291877548995615,692.0799999996372,771.999682154558
25105,37.291877548995615,692.0999999996371,772.0069090535286
25106,37.291877548995615,692.1199999996371,772.0141357977924
25107,37.291877548995615,692.1399999996371,772.021362387345
25108,37.291877548995615,692.1599999996371,772.028588822182
25109,37.291877548995615,692.1799999996371,772.035815102323
25110,37.291877548995615,692.199999999637,772.0430412280646
25111,37.291877548995615,692.219999999637,772.0502671994873
25112,37.291877548995615,692.239999999637,772.0574930165867
25113,37.291877548995615,692.259999999637,772.0647186793586
25114,37.291877548995615,692.279999999637,772.0719441877986
25115,37.291877548995615,692.299999999637,772.0791695419023
25116,37.291877548995615,692.3199999996369,772.0863947416653
25117,37.291877548995615,692.3399999996369,772.0936197870833
25118,37.291877548995615,692.3599999996369,772.1008446781519
25119,37.291877548995615,692.3799999996369,772.1080694148668
25120,37.291877548995615,692.3999999996369,772.1152939972236
25121,37.291877548995615,692.4199999996368,772.1225184252179
25122,37.291877548995615,692.4399999996368,772.1297426988453
25123,37.291877548995615,692.4599999996368,772.1369668181015
25124,37.291877548995615,692.4799999996368,772.1441907829823
25125,37.291877548995615,692.4999999996368,772.151414593483
25126,37.291877548995615,692.5199999996368,772.1586382495994
25127,37.291877548995615,692.5399999996367,772.1658617513273
25128,37.291877548995615,692.5599999996367,772.1730850986621
25129,37.291877548995615,692.5799999996367,772.1803082915995
25130,37.291877548995615,692.5999999996367,772.1875313301352
25131,37.291877548995615,692.6199999996367,772.1947542142648
25132,37.291877548995615,692.6399999996366,772.2019769439839
25133,37.291877548995615,692.6599999996366,772.2091995192882
25134,37.291877548995615,692.6799999996366,772.2164219401733
25135,37.291877548995615,692.6999999996366,772.2236442066348
25136,37.291877548995615,692.7199999996366,772.2308663186685
25137,37.291877548995615,692.7399999996366,772.2380882762699
25138,37.291877548995615,692.7599999996365,772.2453100794346
25139,37.291877548995615,692.7799999996365,772.2525317281584
25140,37.291877548995615,692.7999999996365,772.2597532224368
25141,37.291877548995615,692.8199999996365,772.2669745622654
25142,37.291877548995615,692.8399999996365,772.2741957476401
25143,37.291877548995615,692.8599999996364,772.2814167785563
25144,37.291877548995615,692.8799999996364,772.2886376550097
25145,37.291877548995615,692.8999999996364,772.2958583769959
25146,37.291877548995615,692.9199999996364,772.3030789445105
25147,37.291877548995615,692.9399999996364,772.3102993575493
25148,37.291877548995615,692.9599999996364,772.3175196161078
25149,37.291877548995615,692.9799999996363,772.3247397201817
25150,37.291877548995615,692.9999999996363,772.3319596697667
25151,37.291877548995615,693.0199999996363,772.3391794648584
25152,37.291877548995615,693.0399999996363,772.3463991054524
25153,37.291877548995615,693.0599999996363,772.3536185915443
25154,37.291877548995615,693.0799999996362,772.3608379231298
25155,37.291877548995615,693.0999999996362,772.3680571002045
25156,37.291877548995615,693.1199999996362,772.3752761227641
25157,37.291877548995615,693.1399999996362,772.3824949908043
25158,37.291877548995615,693.1599999996362,772.3897137043206
25159,37.291877548995615,693.1799999996362,772.3969322633087
25160,37.291877548995615,693.1999999996361,772.4041506677931
25161,37.291877548995615,693.2199999996361,772.4113689180906
25162,37.291877548995615,693.2399999996361,772.4185870142579
25163,37.291877548995615,693.2599999996361,772.4258049562907
25164,37.291877548995615,693.2799999996361,772.4330227441845
25165,37.291877548995615,693.299999999636,772.4402403779352
25166,37.291877548995615,693.319999999636,772.4474578575382
25167,37.291877548995615,693.339999999636,772.4546751829893
25168,37.291877548995615,693.359999999636,772.461892354284
25169,37.291877548995615,693.379999999636,772.4691093714182
25170,37.291877548995615,693.399999999636,772.4763262343873
25171,37.291877548995615,693.4199999996359,772.4835429431871
25172,37.291877548995615,693.4399999996359,772.4907594978132
25173,37.291877548995615,693.4599999996359,772.4979758982612
25174,37.291877548995615,693.4799999996359,772.5051921445267
25175,37.291877548995615,693.4999999996359,772.5124082366056
25176,37.291877548995615,693.5199999996358,772.5196241744933
25177,37.291877548995615,693.5399999996358,772.5268399581855
25178,37.291877548995615,693.5599999996358,772.5340555876779
25179,37.291877548995615,693.5799999996358,772.5412710629662
25180,37.291877548995615,693.5999999996358,772.548486384046
25181,37.291877548995615,693.6199999996358,772.5557015509129
25182,37.291877548995615,693.6399999996357,772.5629165635626
25183,37.291877548995615,693.6599999996357,772.5701314219907
25184,37.291877548995615,693.6799999996357,772.577346126193
25185,37.291877548995615,693.6999999996357,772.584560676165
25186,37.291877548995615,693.7199999996357,772.5917750719024
25187,37.291877548995615,693.7399999996356,772.5989893134008
25188,37.291877548995615,693.7599999996356,772.6062034006559
25189,37.291877548995615,693.7799999996356,772.6134173336634
25190,37.291877548995615,693.7999999996356,772.6206311124189
25191,37.291877548995615,693.8199999996356,772.627844736918
25192,37.291877548995615,693.8399999996356,772.6350582071564
25193,37.291877548995615,693.8599999996355,772.6422715231297
25194,37.291877548995615,693.8799999996355,772.6494846848336
25195,37.291877548995615,693.8999999996355,772.6566976922638
25196,37.291877548995615,693.9199999996355,772.6639105454159
25197,37.291877548995615,693.9399999996355,772.6711232442856
25198,37.291877548995615,693.9599999996354,772.6783357888685
25199,37.291877548995615,693.9799999996354,772.6855481791602
25200,37.291877548995615,693.9999999996354,772.6927604151564
25201,37.291877548995615,694.0199999996354,772.6999724968528
25202,37.291877548995615,694.0399999996354,772.7071844242449
25203,37.291877548995615,694.0599999996354,772.7143961973286
25204,37.291877548995615,694.0799999996353,772.7216078160993
25205,37.291877548995615,694.0999999996353,772.7288192805529
25206,37.291877548995615,694.1199999996353,772.7360305906849
25207,37.291877548995615,694.1399999996353,772.7432417464909
25208,37.291877548995615,694.1599999996353,772.7504527479666
25209,37.291877548995615,694.1799999996352,772.7576635951077
25210,37.291877548995615,694.1999999996352,772.7648742879098
25211,37.291877548995615,694.2199999996352,772.7720848264039
25212,37.291877548995615,694.2399999996352,772.7792952109411
25213,37.291877548995615,694.2599999996352,772.7865054415556
25214,37.291877548995615,694.2799999996352,772.7937155182431
25215,37.291877548995615,694.2999999996351,772.8009254409991
25216,37.23828421952125,694.3199999996351,772.8081352098194
25217,37.23828421952125,694.3399999996351,772.8153448246997
25218,37.23828421952125,694.3599999996351,772.8225542856355
25219,37.23828421952125,694.3799999996351,772.8297635926226
25220,37.23828421952125,694.399999999635,772.8369727456567
25221,37.23828421952125,694.419999999635,772.8441817447333
25222,37.23828421952125,694.439999999635,772.8513905898483
25223,37.23828421952125,694.459999999635,772.8585992809972
25224,37.23828421952125,694.479999999635,772.8658078181757
25225,37.23828421952125,694.499999999635,772.8730162013794
25226,37.23828421952125,694.5199999996349,772.8802244306041
25227,37.23828421952125,694.5399999996349,772.8874325058454
25228,37.23828421952125,694.5599999996349,772.8946404270989
25229,37.23828421952125,694.5799999996349,772.9018481943604
25230,37.23828421952125,694.5999999996349,772.9090558076255
25231,37.23828421952125,694.6199999996348,772.9162632668898
25232,37.23828421952125,694.6399999996348,772.9234705721491
25233,37.23828421952125,694.6599999996348,772.9306777233991
25234,37.23828421952125,694.6799999996348,772.9378847206352
25235,37.23828421952125,694.6999999996348,772.9450915638533
25236,37.23828421952125,694.7199999996348,772.9522982530491
25237,37.23828421952125,694.7399999996347,772.9595047882182
25238,37.23828421952125,694.7599999996347,772.9667111693561
25239,37.23828421952125,694.7799999996347,772.9739173964588
25240,37.23828421952125,694.7999999996347,772.9811234695217
25241,37.23828421952125,694.8199999996347,772.9883293885406
25242,37.23828421952125,694.8399999996346,772.9955351535111
25243,37.23828421952125,694.8599999996346,773.002740764429
25244,37.23828421952125,694.8799999996346,773.0099462212897
25245,37.23828421952125,694.8999999996346,773.0171515240892
25246,37.23828421952125,694.9199999996346,773.0243566728228
25247,37.23828421952125,694.9399999996346,773.0315616674865
25248,37.23828421952125,694.9599999996345,773.0387665080758
25249,37.23828421952125,694.9799999996345,773.0459711945864
25250,37.23828421952125,694.9999999996345,773.053175727014
25251,37.23828421952125,695.0199999996345,773.0603801053543
25252,37.23828421952125,695.0399999996345,773.0675843296028
25253,37.23828421952125,695.0599999996344,773.0747883997553
25254,37.23828421952125,695.0799999996344,773.0819923158075
25255,37.23828421952125,695.0999999996344,773.089196077755
25256,37.23828421952125,695.1199999996344,773.0963996855935
25257,37.23828421952125,695.1399999996344,773.1036031393187
25258,37.23828421952125,695.1599999996344,773.1108064389263
25259,37.23828421952125,695.1799999996343,773.1180095844118
25260,37.23828421952125,695.1999999996343,773.125212575771
25261,37.23828421952125,695.2199999996343,773.1324154129995
25262,37.23828421952125,695.2399999996343,773.1396180961452
25263,37.23828421952125,695.2599999996343,773.1468206255071
25264,37.23828421952125,695.2799999996342,773.1540230011087
25265,37.23828421952125,695.2999999996342,773.1612252229459
25266,37.23828421952125,695.3199999996342,773.168427291014
25267,37.23828421952125,695.3399999996342,773.1756292053091
25268,37.23828421952125,695.3599999996342,773.1828309658265
25269,37.23828421952125,695.3799999996342,773.1900325725621
25270,37.23828421952125,695.3999999996341,773.1972340255116
25271,37.23828421952125,695.4199999996341,773.2044353246706
25272,37.23828421952125,695.4399999996341,773.2116364700348
25273,37.23828421952125,695.4599999996341,773.2188374615998
25274,37.23828421952125,695.4799999996341,773.2260382993614
25275,37.23828421952125,695.499999999634,773.2332389833153
25276,37.23828421952125,695.519999999634,773.2404395134571
25277,37.23828421952125,695.539999999634,773.2476398897825
25278,37.23828421952125,695.559999999634,773.2548401122871
25279,37.23828421952125,695.579999999634,773.2620401809667
25280,37.23828421952125,695.599999999634,773.2692400958169
25281,37.23828421952125,695.6199999996339,773.2764398568335
25282,37.23828421952125,695.6399999996339,773.283639464012
25283,37.23828421952125,695.6599999996339,773.2908389173483
25284,37.23828421952125,695.6799999996339,773.2980382168379
25285,37.23828421952125,695.6999999996339,773.3052373624765
25286,37.23828421952125,695.7199999996338,773.31243635426
25287,37.23828421952125,695.7399999996338,773.3196351921837
25288,37.23828421952125,695.7599999996338,773.3268338762435
25289,37.23828421952125,695.7799999996338,773.3340324064352
25290,37.23828421952125,695.7999999996338,773.3412307827543
25291,37.23828421952125,695.8199999996338,773.3484290051965
25292,37.23828421952125,695.8399999996337,773.3556270737575
25293,37.23828421952125,695.8599999996337,773.3628249884331
25294,37.23828421952125,695.8799999996337,773.3700227492188
25295,37.23828421952125,695.8999999996337,773.3772203561105
25296,37.23828421952125,695.9199999996337,773.3844178091036
25297,37.23828421952125,695.9399999996336,773.391615108194
25298,37.23828421952125,695.9599999996336,773.3988122533772
25299,37.23828421952125,695.9799999996336,773.406009244649
25300,37.23828421952125,695.9999999996336,773.4132060820051
25301,37.23828421952125,696.0199999996336,773.4204027654412
25302,37.23828421952125,696.0399999996336,773.4275992949529
25303,37.23828421952125,696.0599999996335,773.4347956705359
25304,37.23828421952125,696.0799999996335,773.4419918921859
25305,37.23828421952125,696.0999999996335,773.4491879598986
25306,37.23828421952125,696.1199999996335,773.4563838736698
25307,37.23828421952125,696.1399999996335,773.463579633495
25308,37.23828421952125,696.1599999996334,773.4707752393699
25309,37.23828421952125,696.1799999996334,773.4779706912902
25310,37.23828421952125,696.1999999996334,773.4851659892516
25311,37.23828421952125,696.2199999996334,773.4923611332499
25312,37.23828421952125,696.2399999996334,773.4995561232806
25313,37.23828421952125,696.2599999996334,773.5067509594186
25314,37.23828421952125,696.2799999996333,773.5139456419615
25315,37.23828421952125,696.2999999996333,773.5211401709298
25316,37.23828421952125,696.3199999996333,773.5283345463191
25317,37.23828421952125,696.3399999996333,773.5355287681252
25318,37.23828421952125,696.3599999996333,773.5427228363437
25319,37.23828421952125,696.3799999996332,773.5499167509704
25320,37.23828421952125,696.3999999996332,773.5571105120008
25321,37.23828421952125,696.4199999996332,773.5643041194307
25322,37.23828421952125,696.4399999996332,773.5714975732559
25323,37.23828421952125,696.4599999996332,773.5786908734719
25324,37.23828421952125,696.4799999996332,773.5858840200746
25325,37.23828421952125,696.4999999996331,773.5930770130594
25326,37.23828421952125,696.5199999996331,773.6002698524223
25327,37.23828421952125,696.5399999996331,773.6074625381589
25328,37.23828421952125,696.5599999996331,773.6146550702648
25329,37.23828421952125,696.5799999996331,773.6218474487357
25330,37.23828421952125,696.599999999633,773.6290396735674
25331,37.23828421952125,696.619999999633,773.6362317447555
25332,37.23828421952125,696.639999999633,773.6434236622957
25333,37.23828421952125,696.659999999633,773.6506154261838
25334,37.23828421952125,696.679999999633,773.6578070364154
25335,37.23828421952125,696.699999999633,773.6649984929862
25336,37.23828421952125,696.7199999996329,773.6721897958919
25337,37.23828421952125,696.7399999996329,773.6793809451282
25338,37.23828421952125,696.7599999996329,773.6865719406908
25339,37.23828421952125,696.7799999996329,773.6937627825754
25340,37.23828421952125,696.7999999996329,773.7009534707777
25341,37.23828421952125,696.8199999996328,773.7081440052933
25342,37.23828421952125,696.8399999996328,773.715334386118
25343,37.23828421952125,696.8599999996328,773.7225246132474
25344,37.23828421952125,696.8799999996328,773.7297146866773
25345,37.23828421952125,696.8999999996328,773.7369046064033
25346,37.23828421952125,696.9199999996328,773.7440943724212
25347,37.23828421952125,696.9399999996327,773.7512839847266
25348,37.23828421952125,696.9599999996327,773.7584734433152
25349,37.23828421952125,696.9799999996327,773.7656627481828
25350,37.23828421952125,696.9999999996327,773.7728518993249
25351,37.23828421952125,697.0199999996327,773.7800408967373
25352,37.23828421952125,697.0399999996326,773.7872297404158
25353,37.23828421952125,697.0599999996326,773.794418430356
25354,37.23828421952125,697.0799999996326,773.8016069665535
25355,37.23828421952125,697.0999999996326,773.8087953490042
25356,37.23828421952125,697.1199999996326,773.8159835777036
25357,37.23828421952125,697.1399999996326,773.8231716526475
25358,37.23828421952125,697.1599999996325,773.8303595738316
25359,37.23828421952125,697.1799999996325,773.8375473412516
25360,37.23828421952125,697.1999999996325,773.8447349549031
25361,37.23828421952125,697.2199999996325,773.8519224147818
25362,37.23828421952125,697.2399999996325,773.8591097208836
25363,37.23828421952125,697.2599999996324,773.866296873204
25364,37.23828421952125,697.2799999996324,773.8734838718474
25365,37.23828421952125,697.2999999996324,773.8806707171078
25366,37.23828421952125,697.3199999996324,773.887857409002
25367,37.23828421952125,697.3399999996324,773.8950439475257
25368,37.23828421952125,697.3599999996324,773.9022303326745
25369,37.23828421952125,697.3799999996323,773.9094165644443
25370,37.23828421952125,697.3999999996323,773.9166026428306
25371,37.23828421952125,697.4199999996323,773.9237885678292
25372,37.23828421952125,697.4399999996323,773.9309743394358
25373,37.23828421952125,697.4599999996323,773.9381599576461
25374,37.23828421952125,697.4799999996322,773.9453454224558
25375,37.23828421952125,697.4999999996322,773.9525307338606
25376,37.23828421952125,697.5199999996322,773.9597158918561
25377,37.23828421952125,697.5399999996322,773.9669008964382
25378,37.23828421952125,697.5599999996322,773.9740857476025
25379,37.23828421952125,697.5799999996322,773.9812704453448
25380,37.23828421952125,697.5999999996321,773.9884549896607
25381,37.23828421952125,697.6199999996321,773.9956393805459
25382,37.23828421952125,697.6399999996321,774.0028236179961
25383,37.23828421952125,697.6599999996321,774.0100077020071
25384,37.23828421952125,697.6799999996321,774.0171916325745
25385,37.23828421952125,697.699999999632,774.0243754096941
25386,37.23828421952125,697.719999999632,774.0315590333615
25387,37.23828421952125,697.739999999632,774.0387425035725
25388,37.23828421952125,697.759999999632,774.0459258203229
25389,37.23828421952125,697.779999999632,774.0531089836081
25390,37.23828421952125,697.799999999632,774.0602919934241
25391,37.23828421952125,697.8199999996319,774.0674748497664
25392,37.23828421952125,697.8399999996319,774.0746575526308
25393,37.23828421952125,697.8599999996319,774.0818401020131
25394,37.23828421952125,697.8799999996319,774.0890224979088
25395,37.23828421952125,697.8999999996319,774.0962047403137
25396,37.23828421952125,697.9199999996318,774.1033868292236
25397,37.23828421952125,697.9399999996318,774.1105687646341
25398,37.23828421952125,697.9599999996318,774.117750546541
25399,37.23828421952125,697.9799999996318,774.1249321749398
25400,37.23828421952125,697.9999999996318,774.1321136498264
25401,37.18481913493624,698.0199999996318,774.1392949711965
25402,37.18481913493624,698.0399999996317,774.1464761390457
25403,37.18481913493624,698.0599999996317,774.1536571533699
25404,37.18481913493624,698.0799999996317,774.1608380141646
25405,37.18481913493624,698.0999999996317,774.1680187214256
25406,37.18481913493624,698.1199999996317,774.1751992751485
25407,37.18481913493624,698.1399999996316,774.1823796753292
25408,37.18481913493624,698.1599999996316,774.1895599219633
25409,37.18481913493624,698.1799999996316,774.1967400150465
25410,37.18481913493624,698.1999999996316,774.2039199545745
25411,37.18481913493624,698.2199999996316,774.2110997405431
25412,37.18481913493624,698.2399999996316,774.2182793729478
25413,37.18481913493624,698.2599999996315,774.2254588517845
25414,37.18481913493624,698.2799999996315,774.2326381770489
25415,37.18481913493624,698.2999999996315,774.2398173488561
25416,37.18481913493624,698.3199999996315,774.2469963674504
25417,37.18481913493624,698.3399999996315,774.2541752328416
25418,37.18481913493624,698.3599999996314,774.2613539450255
25419,37.18481913493624,698.3799999996314,774.2685325039977
25420,37.18481913493624,698.3999999996314,774.275710909754
25421,37.18481913493624,698.4199999996314,774.2828891622901
25422,37.18481913493624,698.4399999996314,774.2900672616017
25423,37.18481913493624,698.4599999996313,774.2972452076846
25424,37.18481913493624,698.4799999996313,774.3044230005344
25425,37.18481913493624,698.4999999996313,774.3116006401468
25426,37.18481913493624,698.5199999996313,774.3187781265176
25427,37.18481913493624,698.5399999996313,774.3259554596425
25428,37.18481913493624,698.5599999996313,774.3331326395172
25429,37.18481913493624,698.5799999996312,774.3403096661375
25430,37.18481913493624,698.5999999996312,774.347486539499
25431,37.18481913493624,698.6199999996312,774.3546632595974
25432,37.18481913493624,698.6399999996312,774.3618398264284
25433,37.18481913493624,698.6599999996312,774.3690162399879
25434,37.18481913493624,698.6799999996311,774.3761925002715
25435,37.18481913493624,698.6999999996311,774.3833686072749
25436,37.18481913493624,698.7199999996311,774.3905445609938
25437,37.18481913493624,698.7399999996311,774.3977203614239
25438,37.18481913493624,698.7599999996311,774.404896008561
25439,37.18481913493624,698.7799999996311,774.4120715024007
25440,37.18481913493624,698.799999999631,774.419246842939
25441,37.18481913493624,698.819999999631,774.4264220301712
25442,37.18481913493624,698.839999999631,774.4335970640933
25443,37.18481913493624,698.859999999631,774.4407719447009
25444,37.18481913493624,698.879999999631,774.4479466719898
25445,37.18481913493624,698.899999999631,774.4551212459556
25446,37.18481913493624,698.9199999996309,774.4622956665942
25447,37.18481913493624,698.9399999996309,774.4694699339011
25448,37.18481913493624,698.9599999996309,774.4766440478721
25449,37.18481913493624,698.9799999996309,774.483818008503
25450,37.18481913493624,698.9999999996309,774.4909918157895
25451,37.18481913493624,699.0199999996308,774.4981654697272
25452,37.18481913493624,699.0399999996308,774.5053389703119
25453,37.18481913493624,699.0599999996308,774.5125123175393
25454,37.18481913493624,699.0799999996308,774.5196855114051
25455,37.18481913493624,699.0999999996308,774.5268585519051
25456,37.18481913493624,699.1199999996307,774.534031439035
25457,37.18481913493624,699.1399999996307,774.5412041727903
25458,37.18481913493624,699.1599999996307,774.5483767531671
25459,37.18481913493624,699.1799999996307,774.5555491801608
25460,37.18481913493624,699.1999999996307,774.5627214537673
25461,37.18481913493624,699.2199999996307,774.5698935739822
25462,37.18481913493624,699.2399999996306,774.5770655408012
25463,37.18481913493624,699.2599999996306,774.5842373542201
25464,37.18481913493624,699.2799999996306,774.5914090142346
25465,37.18481913493624,699.2999999996306,774.5985805208404
25466,37.18481913493624,699.3199999996306,774.6057518741821
25467,37.18481913493624,699.3399999996305,774.6129230744964
25468,37.18481913493624,699.3599999996305,774.6200941217893
25469,37.18481913493624,699.3799999996305,774.6272650160565
25470,37.18481913493624,699.3999999996305,774.6344357572938
25471,37.18481913493624,699.4199999996305,774.6416063454968
25472,37.18481913493624,699.4399999996305,774.6487767806614
25473,37.18481913493624,699.4599999996304,774.6559470627831
25474,37.18481913493624,699.4799999996304,774.6631171918577
25475,37.18481913493624,699.4999999996304,774.670287167881
25476,37.18481913493624,699.5199999996304,774.6774569908488
25477,37.18481913493624,699.5399999996304,774.6846266607566
25478,37.18481913493624,699.5599999996303,774.6917961776003
25479,37.18481913493624,699.5799999996303,774.6989655413755
25480,37.18481913493624,699.5999999996303,774.706134752078
25481,37.18481913493624,699.6199999996303,774.7133038097035
25482,37.18481913493624,699.6399999996303,774.7204727142476
25483,37.18481913493624,699.6599999996303,774.7276414657064
25484,37.18481913493624,699.6799999996302,774.7348100640752
25485,37.18481913493624,699.6999999996302,774.74197850935
25486,37.18481913493624,699.7199999996302,774.7491468015264
25487,37.18481913493624,699.7399999996302,774.7563149406002
25488,37.18481913493624,699.7599999996302,774.763482926567
25489,37.18481913493624,699.7799999996301,774.7706507594227
25490,37.18481913493624,699.7999999996301,774.7778184391628
25491,37.18481913493624,699.8199999996301,774.7849859657833
25492,37.18481913493624,699.8399999996301,774.7921533392798
25493,37.18481913493624,699.8599999996301,774.799320559648
25494,37.18481913493624,699.8799999996301,774.8064876268836
25495,37.18481913493624,699.89999999963,774.8136545409824
25496,37.18481913493624,699.91999999963,774.8208213019401
25497,37.18481913493624,699.93999999963,774.8279879097524
25498,37.18481913493624,699.95999999963,774.8351543644151
25499,37.18481913493624,699.97999999963,774.8423206659238
25500,37.18481913493624,699.99999999963,774.8494868142743
25501,37.18481913493624,700.0199999996299,774.8566528094624
25502,37.18481913493624,700.0399999996299,774.8638186514837
25503,37.18481913493624,700.0599999996299,774.870984340334
25504,37.18481913493624,700.0799999996299,774.8781498760089
25505,37.18481913493624,700.0999999996299,774.8853152585043
25506,37.18481913493624,700.1199999996298,774.8924804878159
25507,37.18481913493624,700.1399999996298,774.8996455639393
25508,37.18481913493624,700.1599999996298,774.9068104868703
25509,37.18481913493624,700.1799999996298,774.9139752566047
25510,37.18481913493624,700.1999999996298,774.9211398731381
25511,37.18481913493624,700.2199999996297,774.9283043364665
25512,37.18481913493624,700.2399999996297,774.9354686465853
25513,37.18481913493624,700.2599999996297,774.9426328034903
25514,37.18481913493624,700.2799999996297,774.9497968071772
25515,37.18481913493624,700.2999999996297,774.956960657642
25516,37.18481913493624,700.3199999996297,774.9641243548801
25517,37.18481913493624,700.3399999996296,774.9712878990603
25518,37.18481913493624,700.3599999996296,774.9784512904007
25519,37.18481913493624,700.3799999996296,774.9856145289027
25520,37.18481913493624,700.3999999996296,774.9927776145621
25521,37.18481913493624,700.4199999996296,774.9999405473745
25522,37.18481913493624,700.4399999996295,775.0071033273358
25523,37.18481913493624,700.4599999996295,775.0142659544416
25524,37.18481913493624,700.4799999996295,775.0214284286876
25525,37.18481913493624,700.4999999996295,775.0285907500697
25526,37.18481913493624,700.5199999996295,775.0357529185835
25527,37.18481913493624,700.5399999996295,775.0429149342248
25528,37.18481913493624,700.5599999996294,775.0500767969893
25529,37.18481913493624,700.5799999996294,775.0572385068727
25530,37.18481913493624,700.5999999996294,775.0644000638708
25531,37.18481913493624,700.6199999996294,775.0715614679793
25532,37.18481913493624,700.6399999996294,775.0787227191939
25533,37.18481913493624,700.6599999996293,775.0858838175104
25534,37.18481913493624,700.6799999996293,775.0930447629246
25535,37.18481913493624,700.6999999996293,775.1002055554321
25536,37.18481913493624,700.7199999996293,775.1073661950287
25537,37.18481913493624,700.7399999996293,775.1145266817101
25538,37.18481913493624,700.7599999996293,775.121687015472
25539,37.18481913493624,700.7799999996292,775.1288471963103
25540,37.18481913493624,700.7999999996292,775.1360072242205
25541,37.18481913493624,700.8199999996292,775.1431670991985
25542,37.18481913493624,700.8399999996292,775.15032682124
25543,37.18481913493624,700.8599999996292,775.1574863903408
25544,37.18481913493624,700.8799999996291,775.1646458064964
25545,37.18481913493624,700.8999999996291,775.1718050697028
25546,37.18481913493624,700.9199999996291,775.1789641799556
25547,37.18481913493624,700.9399999996291,775.1861231372507
25548,37.18481913493624,700.9599999996291,775.1932819415836
25549,37.18481913493624,700.9799999996291,775.2004405929501
25550,37.18481913493624,700.999999999629,775.2075990913461
25551,37.18481913493624,701.019999999629,775.2147574367671
25552,37.18481913493624,701.039999999629,775.221915629209
25553,37.18481913493624,701.059999999629,775.2290736686674
25554,37.18481913493624,701.079999999629,775.2362315551381
25555,37.18481913493624,701.099999999629,775.243389288617
25556,37.18481913493624,701.1199999996289,775.2505468690996
25557,37.18481913493624,701.1399999996289,775.2577042965818
25558,37.18481913493624,701.1599999996289,775.2648615710592
25559,37.18481913493624,701.1799999996289,775.2720186925277
25560,37.18481913493624,701.1999999996289,775.2791756609829
25561,37.18481913493624,701.2199999996288,775.2863324764205
25562,37.18481913493624,701.2399999996288,775.2934891388363
25563,37.18481913493624,701.2599999996288,775.3006456482261
25564,37.18481913493624,701.2799999996288,775.3078020045856
25565,37.18481913493624,701.2999999996288,775.3149582079105
25566,37.18481913493624,701.3199999996287,775.3221142581966
25567,37.18481913493624,701.3399999996287,775.3292701554396
25568,37.18481913493624,701.3599999996287,775.3364258998421
25569,37.18481913493624,701.3799999996287,775.3435814916144
25570,37.18481913493624,701.3999999996287,775.3507369307531
25571,37.18481913493624,701.4199999996287,775.3578922172541
25572,37.18481913493624,701.4399999996286,775.3650473511129
25573,37.18481913493624,701.4599999996286,775.3722023323254
25574,37.18481913493624,701.4799999996286,775.3793571608874
25575,37.18481913493624,701.4999999996286,775.3865118367944
25576,37.18481913493624,701.5199999996286,775.3936663600424
25577,37.18481913493624,701.5399999996285,775.400820730627
25578,37.18481913493624,701.5599999996285,775.4079749485439
25579,37.18481913493624,701.5799999996285,775.415129013789
25580,37.18481913493624,701.5999999996285,775.422282926358
25581,37.18481913493624,701.6199999996285,775.4294366862465
25582,37.18481913493624,701.6399999996285,775.4365902934504
25583,37.18481913493624,701.6599999996284,775.4437437479654
25584,37.18481913493624,701.6799999996284,775.4508970497873
25585,37.18481913493624,701.6999999996284,775.4580501989117
25586,37.18481913493624,701.7199999996284,775.4652031953344
25587,37.13148186601866,701.7399999996284,775.4723560390512
25588,37.13148186601866,701.7599999996283,775.4795087300578
25589,37.13148186601866,701.7799999996283,775.48666126835
25590,37.13148186601866,701.7999999996283,775.4938136539234
25591,37.13148186601866,701.8199999996283,775.5009658867739
25592,37.13148186601866,701.8399999996283,775.5081179668972
25593,37.13148186601866,701.8599999996283,775.5152698942891
25594,37.13148186601866,701.8799999996282,775.5224216689452
25595,37.13148186601866,701.8999999996282,775.5295732908613
25596,37.13148186601866,701.9199999996282,775.5367247600332
25597,37.13148186601866,701.9399999996282,775.5438760764565
25598,37.13148186601866,701.9599999996282,775.5510272401272
25599,37.13148186601866,701.9799999996281,775.5581782510408
25600,37.13148186601866,701.9999999996281,775.5653291091932
25601,37.13148186601866,702.0199999996281,775.57247981458
25602,37.13148186601866,702.0399999996281,775.5796303671971
25603,37.13148186601866,702.0599999996281,775.5867807670402
25604,37.13148186601866,702.0799999996281,775.593931014105
25605,37.13148186601866,702.099999999628,775.6010811083873
25606,37.13148186601866,702.119999999628,775.6082310498829
25607,37.13148186601866,702.139999999628,775.6153808385874
25608,37.13148186601866,702.159999999628,775.6225304744966
25609,37.13148186601866,702.179999999628,775.6296799576062
25610,37.13148186601866,702.199999999628,775.6368292879121
25611,37.13148186601866,702.2199999996279,775.6439784654099
25612,37.13148186601866,702.2399999996279,775.6511274900953
25613,37.13148186601866,702.2599999996279,775.6582763619642
25614,37.13148186601866,702.2799999996279,775.6654250810124
25615,37.13148186601866,702.2999999996279,775.6725736472354
25616,37.13148186601866,702.3199999996278,775.679722060629
25617,37.13148186601866,702.3399999996278,775.6868703211892
25618,37.13148186601866,702.3599999996278,775.6940184289151
25619,37.13148186601866,702.3799999996278,775.7011663840029
25620,37.13148186601866,702.3999999996278,775.708314186616
25621,37.13148186601866,702.4199999996277,775.7154618367501
25622,37.13148186601866,702.4399999996277,775.722609334401
25623,37.13148186601866,702.4599999996277,775.7297566795645
25624,37.13148186601866,702.4799999996277,775.7369038722362
25625,37.13148186601866,702.4999999996277,775.744050912412
25626,37.13148186601866,702.5199999996277,775.7511978000877
25627,37.13148186601866,702.5399999996276,775.7583445352589
25628,37.13148186601866,702.5599999996276,775.7654911179213
25629,37.13148186601866,702.5799999996276,775.7726375480709
25630,37.13148186601866,702.5999999996276,775.7797838257032
25631,37.13148186601866,702.6199999996276,775.7869299508142
25632,37.13148186601866,702.6399999996275,775.7940759233994
25633,37.13148186601866,702.6599999996275,775.8012217434547
25634,37.13148186601866,702.6799999996275,775.8083674109758
25635,37.13148186601866,702.6999999996275,775.8155129259585
25636,37.13148186601866,702.7199999996275,775.8226582883985
25637,37.13148186601866,702.7399999996275,775.8298034982917
25638,37.13148186601866,702.7599999996274,775.8369485556336
25639,37.13148186601866,702.7799999996274,775.8440934604201
25640,37.13148186601866,702.7999999996274,775.851238212647
25641,37.13148186601866,702.8199999996274,775.85838281231
25642,37.13148186601866,702.8399999996274,775.8655272594048
25643,37.13148186601866,702.8599999996273,775.8726715539271
25644,37.13148186601866,702.8799999996273,775.8798156958729
25645,37.13148186601866,702.8999999996273,775.8869596852378
25646,37.13148186601866,702.9199999996273,775.8941035220175
25647,37.13148186601866,702.9399999996273,775.9012472062079
25648,37.13148186601866,702.9599999996273,775.9083907378047
25649,37.13148186601866,702.9799999996272,775.9155341168035
25650,37.13148186601866,702.9999999996272,775.9226773432003
25651,37.13148186601866,703.0199999996272,775.9298204169908
25652,37.13148186601866,703.0399999996272,775.9369633381706
25653,37.13148186601866,703.0599999996272,775.9441061067355
25654,37.13148186601866,703.0799999996271,775.9512487226813
25655,37.13148186601866,703.0999999996271,775.9583911860037
25656,37.13148186601866,703.1199999996271,775.9655334966986
25657,37.13148186601866,703.1399999996271,775.9726756547617
25658,37.13148186601866,703.1599999996271,775.9798176601887
25659,37.13148186601866,703.1799999996271,775.9869595129753
25660,37.13148186601866,703.199999999627,775.9941012131173
25661,37.13148186601866,703.219999999627,776.0012427606106
25662,37.13148186601866,703.239999999627,776.0083841554508
25663,37.13148186601866,703.259999999627,776.0155253976337
25664,37.13148186601866,703.279999999627,776.0226664871551
25665,37.13148186601866,703.299999999627,776.0298074240106
25666,37.13148186601866,703.3199999996269,776.0369482081961
25667,37.13148186601866,703.3399999996269,776.0440888397073
25668,37.13148186601866,703.3599999996269,776.05122931854
25669,37.13148186601866,703.3799999996269,776.0583696446984
25670,37.13148186601866,703.3999999996269,776.0655098184089
25671,37.13148186601866,703.4199999996268,776.0726498398217
25672,37.13148186601866,703.4399999996268,776.0797897089324
25673,37.13148186601866,703.4599999996268,776.0869294257368
25674,37.13148186601866,703.4799999996268,776.0940689902308
25675,37.13148186601866,703.4999999996268,776.10120840241
25676,37.13148186601866,703.5199999996267,776.1083476622701
25677,37.13148186601866,703.5399999996267,776.1154867698071
25678,37.13148186601866,703.5599999996267,776.1226257250166
25679,37.13148186601866,703.5799999996267,776.1297645278944
25680,37.13148186601866,703.5999999996267,776.1369031784362
25681,37.13148186601866,703.6199999996267,776.1440416766379
25682,37.13148186601866,703.6399999996266,776.1511800224952
25683,37.13148186601866,703.6599999996266,776.1583182160037
25684,37.13148186601866,703.6799999996266,776.1654562571595
25685,37.13148186601866,703.6999999996266,776.172594145958
25686,37.13148186601866,703.7199999996266,776.1797318823951
25687,37.13148186601866,703.7399999996265,776.1868694664666
25688,37.13148186601866,703.7599999996265,776.1940068981684
25689,37.13148186601866,703.7799999996265,776.201144177496
25690,37.13148186601866,703.7999999996265,776.2082813044452
25691,37.13148186601866,703.8199999996265,776.2154182790119
25692,37.13148186601866,703.8399999996265,776.2225551011919
25693,37.13148186601866,703.8599999996264,776.2296917709808
25694,37.13148186601866,703.8799999996264,776.2368282883745
25695,37.13148186601866,703.8999999996264,776.2439646533685
25696,37.13148186601866,703.9199999996264,776.2511008659588
25697,37.13148186601866,703.9399999996264,776.2582369261412
25698,37.13148186601866,703.9599999996263,776.2653728339113
25699,37.13148186601866,703.9799999996263,776.2725085892649
25700,37.13148186601866,703.9999999996263,776.2796441921978
25701,37.13148186601866,704.0199999996263,776.2867796427057
25702,37.13148186601866,704.0399999996263,776.2939149407845
25703,37.13148186601866,704.0599999996263,776.3010500864299
25704,37.13148186601866,704.0799999996262,776.3081850796376
25705,37.13148186601866,704.0999999996262,776.3153199204035
25706,37.13148186601866,704.1199999996262,776.3224546087231
25707,37.13148186601866,704.1399999996262,776.3295891445924
25708,37.13148186601866,704.1599999996262,776.3367235280072
25709,37.13148186601866,704.1799999996261,776.343857758963
25710,37.13148186601866,704.1999999996261,776.3509918374558
25711,37.13148186601866,704.2199999996261,776.3581257634813
25712,37.13148186601866,704.2399999996261,776.3652595370353
25713,37.13148186601866,704.2599999996261,776.3723931581135
25714,37.13148186601866,704.279999999626,776.3795266267116
25715,37.13148186601866,704.299999999626,776.3866599428255
25716,37.13148186601866,704.319999999626,776.393793106451
25717,37.13148186601866,704.339999999626,776.4009261175836
25718,37.13148186601866,704.359999999626,776.4080589762193
25719,37.13148186601866,704.379999999626,776.4151916823538
25720,37.13148186601866,704.399999999626,776.4223242359961
25721,37.13148186601866,704.4199999996259,776.4294566373933
25722,37.13148186601866,704.4399999996259,776.4365888866731
25723,37.13148186601866,704.4599999996259,776.4437209838314
25724,37.13148186601866,704.4799999996259,776.4508529288639
25725,37.13148186601866,704.4999999996259,776.4579847217665
25726,37.13148186601866,704.5199999996258,776.4651163625348
25727,37.13148186601866,704.5399999996258,776.4722478511645
25728,37.13148186601866,704.5599999996258,776.4793791876516
25729,37.13148186601866,704.5799999996258,776.4865103719917
25730,37.13148186601866,704.5999999996258,776.4936414041806
25731,37.13148186601866,704.6199999996257,776.500772284214
25732,37.13148186601866,704.6399999996257,776.5079030120878
25733,37.13148186601866,704.6599999996257,776.5150335877977
25734,37.13148186601866,704.6799999996257,776.5221640113393
25735,37.13148186601866,704.6999999996257,776.5292942827086
25736,37.13148186601866,704.7199999996257,776.5364244019013
25737,37.13148186601866,704.7399999996256,776.5435543689131
25738,37.13148186601866,704.7599999996256,776.5506841837397
25739,37.13148186601866,704.7799999996256,776.5578138463769
25740,37.13148186601866,704.7999999996256,776.5649433568205
25741,37.13148186601866,704.8199999996256,776.5720727150664
25742,37.13148186601866,704.8399999996255,776.5792019211101
25743,37.13148186601866,704.8599999996255,776.5863309749475
25744,37.13148186601866,704.8799999996255,776.5934598765743
25745,37.13148186601866,704.8999999996255,776.6005886259863
25746,37.13148186601866,704.9199999996255,776.6077172231793
25747,37.13148186601866,704.9399999996255,776.614845668149
25748,37.13148186601866,704.9599999996254,776.6219739608912
25749,37.13148186601866,704.9799999996254,776.6291021014016
25750,37.13148186601866,704.9999999996254,776.636230089676
25751,37.13148186601866,705.0199999996254,776.6433579257102
25752,37.13148186601866,705.0399999996254,776.6504856094999
25753,37.13148186601866,705.0599999996253,776.657613141041
25754,37.13148186601866,705.0799999996253,776.6647405203291
25755,37.13148186601866,705.0999999996253,776.67186774736
25756,37.13148186601866,705.1199999996253,776.6789948221295
25757,37.13148186601866,705.1399999996253,776.6861217446334
25758,37.13148186601866,705.1599999996253,776.6932485148673
25759,37.13148186601866,705.1799999996252,776.700375132827
25760,37.13148186601866,705.1999999996252,776.7075015985084
25761,37.13148186601866,705.2199999996252,776.7146279119072
25762,37.13148186601866,705.2399999996252,776.7217540730192
25763,37.13148186601866,705.2599999996252,776.72888008184
25764,37.13148186601866,705.2799999996251,776.7360059383655
25765,37.13148186601866,705.2999999996251,776.7431316425914
25766,37.13148186601866,705.3199999996251,776.7502571945136
25767,37.13148186601866,705.3399999996251,776.7573825941276
25768,37.13148186601866,705.3599999996251,776.7645078414295
25769,37.13148186601866,705.379999999625,776.7716329364148
25770,37.13148186601866,705.399999999625,776.7787578790794
25771,37.13148186601866,705.419999999625,776.7858826694373
25772,37.13148186601866,705.439999999625,776.793007307761
25773,37.07827198539179,705.459999999625,776.8001317941574
25774,37.07827198539179,705.479999999625,776.8072561286225
25775,37.07827198539179,705.499999999625,776.814380311152
25776,37.07827198539179,705.5199999996249,776.8215043417417
25777,37.07827198539179,705.5399999996249,776.8286282203875
25778,37.07827198539179,705.5599999996249,776.835751947085
25779,37.07827198539179,705.5799999996249,776.84287552183
25780,37.07827198539179,705.5999999996249,776.8499989446185
25781,37.07827198539179,705.6199999996248,776.8571222154461
25782,37.07827198539179,705.6399999996248,776.8642453343086
25783,37.07827198539179,705.6599999996248,776.8713683012019
25784,37.07827198539179,705.6799999996248,776.8784911161216
25785,37.07827198539179,705.6999999996248,776.8856137790636
25786,37.07827198539179,705.7199999996247,776.8927362900238
25787,37.07827198539179,705.7399999996247,776.8998586489978
25788,37.07827198539179,705.7599999996247,776.9069808559815
25789,37.07827198539179,705.7799999996247,776.9141029109707
25790,37.07827198539179,705.7999999996247,776.921224813961
25791,37.07827198539179,705.8199999996247,776.9283465649484
25792,37.07827198539179,705.8399999996246,776.9354681639286
25793,37.07827198539179,705.8599999996246,776.9425896108974
25794,37.07827198539179,705.8799999996246,776.9497109058506
25795,37.07827198539179,705.8999999996246,776.9568320487839
25796,37.07827198539179,705.9199999996246,776.9639530396933
25797,37.07827198539179,705.9399999996245,776.9710738785743
25798,37.07827198539179,705.9599999996245,776.978194565423
25799,37.07827198539179,705.9799999996245,776.985315100235
25800,37.07827198539179,705.9999999996245,776.992435483006
25801,37.07827198539179,706.0199999996245,776.9995557137321
25802,37.07827198539179,706.0399999996245,777.0066757924088
25803,37.07827198539179,706.0599999996244,777.013795719032
25804,37.07827198539179,706.0799999996244,777.0209154935975
25805,37.07827198539179,706.0999999996244,777.028035116101
25806,37.07827198539179,706.1199999996244,777.0351545865384
25807,37.07827198539179,706.1399999996244,777.0422739049054
25808,37.07827198539179,706.1599999996243,777.0493930711979
25809,37.07827198539179,706.1799999996243,777.0565120854116
25810,37.07827198539179,706.1999999996243,777.0636309475423
25811,37.07827198539179,706.2199999996243,777.0707496575858
25812,37.07827198539179,706.2399999996243,777.0778682155379
25813,37.07827198539179,706.2599999996243,777.0849866213944
25814,37.07827198539179,706.2799999996242,777.092104875151
25815,37.07827198539179,706.2999999996242,777.0992229768036
25816,37.07827198539179,706.3199999996242,777.106340926348
25817,37.07827198539179,706.3399999996242,777.1134587237799
25818,37.07827198539179,706.3599999996242,777.1205763690951
25819,37.07827198539179,706.3799999996241,777.1276938622896
25820,37.07827198539179,706.3999999996241,777.1348112033588
25821,37.07827198539179,706.4199999996241,777.1419283922988
25822,37.07827198539179,706.4399999996241,777.1490454291263
25823,37.07827198539179,706.4599999996241,777.1561623141054
25824,37.07827198539179,706.479999999624,777.1632790473111
25825,37.07827198539179,706.499999999624,777.1703956287394
25826,37.07827198539179,706.519999999624,777.1775120583859
25827,37.07827198539179,706.539999999624,777.1846283362465
25828,37.07827198539179,706.559999999624,777.1917444623169
25829,37.07827198539179,706.579999999624,777.198860436593
25830,37.07827198539179,706.599999999624,777.2059762590706
25831,37.07827198539179,706.6199999996239,777.2130919297452
25832,37.07827198539179,706.6399999996239,777.220207448613
25833,37.07827198539179,706.6599999996239,777.2273228156695
25834,37.07827198539179,706.6799999996239,777.2344380309105
25835,37.07827198539179,706.6999999996239,777.241553094332
25836,37.07827198539179,706.7199999996238,777.2486680059295
25837,37.07827198539179,706.7399999996238,777.255782765699
25838,37.07827198539179,706.7599999996238,777.2628973736362
25839,37.07827198539179,706.7799999996238,777.2700118297369
25840,37.07827198539179,706.7999999996238,777.2771261339968
25841,37.07827198539179,706.8199999996237,777.2842402864119
25842,37.07827198539179,706.8399999996237,777.2913542869778
25843,37.07827198539179,706.8599999996237,777.2984681356903
25844,37.07827198539179,706.8799999996237,777.3055818325453
25845,37.07827198539179,706.8999999996237,777.3126953775385
25846,37.07827198539179,706.9199999996237,777.3198087706656
25847,37.07827198539179,706.9399999996236,777.3269220119226
25848,37.07827198539179,706.9599999996236,777.3340351013052
25849,37.07827198539179,706.9799999996236,777.3411480388091
25850,37.07827198539179,706.9999999996236,777.3482608244302
25851,37.07827198539179,707.0199999996236,777.3553734581642
25852,37.07827198539179,707.0399999996235,777.3624859400069
25853,37.07827198539179,707.0599999996235,777.369598269954
25854,37.07827198539179,707.0799999996235,777.3767104480016
25855,37.07827198539179,707.0999999996235,777.3838224741453
25856,37.07827198539179,707.1199999996235,777.3909343483808
25857,37.07827198539179,707.1399999996235,777.398046070704
25858,37.07827198539179,707.1599999996234,777.4051576411107
25859,37.07827198539179,707.1799999996234,777.4122690595965
25860,37.07827198539179,707.1999999996234,777.4193803261574
25861,37.07827198539179,707.2199999996234,777.426491440789
25862,37.07827198539179,707.2399999996234,777.4336024034874
25863,37.07827198539179,707.2599999996233,777.440713214248
25864,37.07827198539179,707.2799999996233,777.4478238730669
25865,37.07827198539179,707.2999999996233,777.4549343799398
25866,37.07827198539179,707.3199999996233,777.4620447348624
25867,37.07827198539179,707.3399999996233,777.4691549378306
25868,37.07827198539179,707.3599999996233,777.4762649888401
25869,37.07827198539179,707.3799999996232,777.4833748878866
25870,37.07827198539179,707.3999999996232,777.4904846349662
25871,37.07827198539179,707.4199999996232,777.4975942300744
25872,37.07827198539179,707.4399999996232,777.504703673207
25873,37.07827198539179,707.4599999996232,777.5118129643866
25874,37.07827198539179,707.4799999996231,777.5189221039102
25875,37.07827198539179,707.4999999996231,777.526031091834
25876,37.07827198539179,707.5199999996231,777.533139928154
25877,37.07827198539179,707.5399999996231,777.5402486128659
25878,37.07827198539179,707.5599999996231,777.5473571459655
25879,37.07827198539179,707.579999999623,777.5544655274487
25880,37.07827198539179,707.599999999623,777.5615737573111
25881,37.07827198539179,707.619999999623,777.5686818355487
25882,37.07827198539179,707.639999999623,777.5757897621571
25883,37.07827198539179,707.659999999623,777.5828975371322
25884,37.07827198539179,707.679999999623,777.5900051604699
25885,37.07827198539179,707.699999999623,777.5971126321658
25886,37.07827198539179,707.7199999996229,777.6042199522158
25887,37.07827198539179,707.7399999996229,777.6113271206157
25888,37.07827198539179,707.7599999996229,777.6184341373612
25889,37.07827198539179,707.7799999996229,777.6255410024481
25890,37.07827198539179,707.7999999996229,777.6326477158724
25891,37.07827198539179,707.8199999996228,777.6397542776297
25892,37.07827198539179,707.8399999996228,777.6468606877158
25893,37.07827198539179,707.8599999996228,777.6539669461266
25894,37.07827198539179,707.8799999996228,777.6610730528578
25895,37.07827198539179,707.8999999996228,777.6681790079052
25896,37.07827198539179,707.9199999996227,777.6752848112646
25897,37.07827198539179,707.9399999996227,777.682390462932
25898,37.07827198539179,707.9599999996227,777.6894959629028
25899,37.07827198539179,707.9799999996227,777.6966013111731
25900,37.07827198539179,707.9999999996227,777.7037065077387
25901,37.07827198539179,708.0199999996227,777.7108115525953
25902,37.07827198539179,708.0399999996226,777.7179164457386
25903,37.07827198539179,708.0599999996226,777.7250211871645
25904,37.07827198539179,708.0799999996226,777.7321257768689
25905,37.07827198539179,708.0999999996226,777.7392302148475
25906,37.07827198539179,708.1199999996226,777.7463345010959
25907,37.07827198539179,708.1399999996225,777.7534386356102
25908,37.07827198539179,708.1599999996225,777.7605426183861
25909,37.07827198539179,708.1799999996225,777.7676464494194
25910,37.07827198539179,708.1999999996225,777.7747501287058
25911,37.07827198539179,708.2199999996225,777.7818536562412
25912,37.07827198539179,708.2399999996225,777.7889570320214
25913,37.07827198539179,708.2599999996224,777.7960602560421
25914,37.07827198539179,708.2799999996224,777.8031633282992
25915,37.07827198539179,708.2999999996224,777.8102662487885
25916,37.07827198539179,708.3199999996224,777.8173690175057
25917,37.07827198539179,708.3399999996224,777.8244716344467
25918,37.07827198539179,708.3599999996223,777.8315740996072
25919,37.07827198539179,708.3799999996223,777.8386764129831
25920,37.07827198539179,708.3999999996223,777.8457785745701
25921,37.07827198539179,708.4199999996223,777.852880584364
25922,37.07827198539179,708.4399999996223,777.8599824423608
25923,37.07827198539179,708.4599999996223,777.867084148556
25924,37.07827198539179,708.4799999996222,777.8741857029787
25925,37.07827198539179,708.4999999996222,777.8812871059622
25926,37.07827198539179,708.5199999996222,777.8883883575422
25927,37.07827198539179,708.5399999996222,777.8954894577147
25928,37.07827198539179,708.5599999996222,777.9025904064753
25929,37.07827198539179,708.5799999996221,777.9096912038199
25930,37.07827198539179,708.5999999996221,777.9167918497443
25931,37.07827198539179,708.6199999996221,777.9238923442443
25932,37.07827198539179,708.6399999996221,777.9309926873158
25933,37.07827198539179,708.6599999996221,777.9380928789544
25934,37.07827198539179,708.679999999622,777.945192919156
25935,37.07827198539179,708.699999999622,777.9522928079165
25936,37.07827198539179,708.719999999622,777.9593925452316
25937,37.07827198539179,708.739999999622,777.9664921310971
25938,37.07827198539179,708.759999999622,777.9735915655089
25939,37.07827198539179,708.779999999622,777.9806908484627
25940,37.07827198539179,708.799999999622,777.9877899799544
25941,37.07827198539179,708.8199999996219,777.9948889599798
25942,37.07827198539179,708.8399999996219,778.0019877885346
25943,37.07827198539179,708.8599999996219,778.0090864656147
25944,37.07827198539179,708.8799999996219,778.0161849912158
25945,37.07827198539179,708.8999999996219,778.0232833653338
25946,37.07827198539179,708.9199999996218,778.0303815879645
25947,37.07827198539179,708.9399999996218,778.0374796591036
25948,37.07827198539179,708.9599999996218,778.0445775787471
25949,37.07827198539179,708.9799999996218,778.0516753468906
25950,37.07827198539179,708.9999999996218,778.0587729635301
25951,37.07827198539179,709.0199999996217,778.0658704286614
25952,37.07827198539179,709.0399999996217,778.0729677422801
25953,37.07827198539179,709.0599999996217,778.0800649043821
25954,37.07827198539179,709.0799999996217,778.0871619149633
25955,37.07827198539179,709.0999999996217,778.0942587740194
25956,37.07827198539179,709.1199999996217,778.1013554815463
25957,37.07827198539179,709.1399999996216,778.1084520375397
25958,37.07827198539179,709.1599999996216,778.1155484419954
25959,37.07827198539179,709.1799999996216,778.1226446949094
25960,37.025189067514475,709.1999999996216,778.1297407962772
25961,37.025189067514475,709.2199999996216,778.136836746095
25962,37.025189067514475,709.2399999996215,778.1439325443583
25963,37.025189067514475,709.2599999996215,778.151028191063
25964,37.025189067514475,709.2799999996215,778.1581236862049
25965,37.025189067514475,709.2999999996215,778.1652190297798
25966,37.025189067514475,709.3199999996215,778.1723142217835
25967,37.025189067514475,709.3399999996215,778.1794092622118
25968,37.025189067514475,709.3599999996214,778.1865041510606
25969,37.025189067514475,709.3799999996214,778.1935988883256
25970,37.025189067514475,709.3999999996214,778.2006934740027
25971,37.025189067514475,709.4199999996214,778.2077879080877
25972,37.025189067514475,709.4399999996214,778.2148821905763
25973,37.025189067514475,709.4599999996213,778.2219763214644
25974,37.025189067514475,709.4799999996213,778.2290703007477
25975,37.025189067514475,709.4999999996213,778.2361641284689
25976,37.025189067514475,709.5199999996213,778.2432578049138
25977,37.025189067514475,709.5399999996213,778.2503513301054
25978,37.025189067514475,709.5599999996213,778.2574447040396
25979,37.025189067514475,709.5799999996212,778.264537926712
25980,37.025189067514475,709.5999999996212,778.2716309981187
25981,37.025189067514475,709.6199999996212,778.2787239182552
25982,37.025189067514475,709.6399999996212,778.2858166871175
25983,37.025189067514475,709.6599999996212,778.2929093047014
25984,37.025189067514475,709.6799999996211,778.3000017710027
25985,37.025189067514475,709.6999999996211,778.3070940860172
25986,37.025189067514475,709.7199999996211,778.3141862497407
25987,37.025189067514475,709.7399999996211,778.321278262169
25988,37.025189067514475,709.7599999996211,778.328370123298
25989,37.025189067514475,709.779999999621,778.3354618331234
25990,37.025189067514475,709.799999999621,778.3425533916411
25991,37.025189067514475,709.819999999621,778.3496447988468
25992,37.025189067514475,709.839999999621,778.3567360547365
25993,37.025189067514475,709.859999999621,778.363827159306
25994,37.025189067514475,709.879999999621,778.370918112551
25995,37.025189067514475,709.899999999621,778.3780089144673
25996,37.025189067514475,709.9199999996209,778.3850995650507
25997,37.025189067514475,709.9399999996209,778.3921900642972
25998,37.025189067514475,709.9599999996209,778.3992804122024
25999,37.025189067514475,709.9799999996209,778.4063706087622
26000,37.025189067514475,709.9999999996209,778.4134606539725
26001,37.025189067514475,710.0199999996208,778.4205505478291
26002,37.025189067514475,710.0399999996208,778.4276402903276
26003,37.025189067514475,710.0599999996208,778.4347298814641
26004,37.025189067514475,710.0799999996208,778.4418193212343
26005,37.025189067514475,710.0999999996208,778.448908609634
26006,37.025189067514475,710.1199999996207,778.455997746659
26007,37.025189067514475,710.1399999996207,778.4630867323051
26008,37.025189067514475,710.1599999996207,778.4701755665682
26009,37.025189067514475,710.1799999996207,778.477264249444
26010,37.025189067514475,710.1999999996207,778.4843527809285
26011,37.025189067514475,710.2199999996207,778.4914411610173
26012,37.025189067514475,710.2399999996206,778.4985293897064
26013,37.025189067514475,710.2599999996206,778.5056174669915
26014,37.025189067514475,710.2799999996206,778.5127053928684
26015,37.025189067514475,710.2999999996206,778.519793167333
26016,37.025189067514475,710.3199999996206,778.526880790381
26017,37.025189067514475,710.3399999996205,778.5339682620084
26018,37.025189067514475,710.3599999996205,778.541055582211
26019,37.025189067514475,710.3799999996205,778.5481427509845
26020,37.025189067514475,710.3999999996205,778.5552297683248
26021,37.025189067514475,710.4199999996205,778.5623166342276
26022,37.025189067514475,710.4399999996205,778.5694033486889
26023,37.025189067514475,710.4599999996204,778.5764899117042
26024,37.025189067514475,710.4799999996204,778.5835763232697
26025,37.025189067514475,710.4999999996204,778.5906625833809
26026,37.025189067514475,710.5199999996204,778.5977486921056
26027,37.025189067514475,710.5399999996204,778.604834649727
26028,37.025189067514475,710.5599999996203,778.6119204562647
26029,37.025189067514475,710.5799999996203,778.6190061117147
26030,37.025189067514475,710.5999999996203,778.6260916160728
26031,37.025189067514475,710.6199999996203,778.6331769693347
26032,37.025189067514475,710.6399999996203,778.6402621714964
26033,37.025189067514475,710.6599999996203,778.6473472225535
26034,37.025189067514475,710.6799999996202,778.6544321225022
26035,37.025189067514475,710.6999999996202,778.661516871338
26036,37.025189067514475,710.7199999996202,778.6686014690567
26037,37.025189067514475,710.7399999996202,778.6756859156544
26038,37.025189067514475,710.7599999996202,778.6827702111267
26039,37.025189067514475,710.7799999996201,778.6898543554695
26040,37.025189067514475,710.7999999996201,778.6969383486786
26041,37.025189067514475,710.8199999996201,778.7040221907498
26042,37.025189067514475,710.8399999996201,778.711105881679
26043,37.025189067514475,710.8599999996201,778.718189421462
26044,37.025189067514475,710.87999999962,778.7252728100946
26045,37.025189067514475,710.89999999962,778.7323560475726
26046,37.025189067514475,710.91999999962,778.7394391338919
26047,37.025189067514475,710.93999999962,778.7465220690483
26048,37.025189067514475,710.95999999962,778.7536048530376
26049,37.025189067514475,710.97999999962,778.7606874858556
26050,37.025189067514475,710.99999999962,778.7677699674981
26051,37.025189067514475,711.0199999996199,778.774852297961
26052,37.025189067514475,711.0399999996199,778.7819344772402
26053,37.025189067514475,711.0599999996199,778.7890165053313
26054,37.025189067514475,711.0799999996199,778.7960983822304
26055,37.025189067514475,711.0999999996199,778.8031801079331
26056,37.025189067514475,711.1199999996198,778.8102616824353
26057,37.025189067514475,711.1399999996198,778.8173431057329
26058,37.025189067514475,711.1599999996198,778.8244243778216
26059,37.025189067514475,711.1799999996198,778.8315054986973
26060,37.025189067514475,711.1999999996198,778.8385864683559
26061,37.025189067514475,711.2199999996197,778.8456672867931
26062,37.025189067514475,711.2399999996197,778.8527479540047
26063,37.025189067514475,711.2599999996197,778.8598284699866
26064,37.025189067514475,711.2799999996197,778.8669088347347
26065,37.025189067514475,711.2999999996197,778.8739890482447
26066,37.025189067514475,711.3199999996197,778.8810691105124
26067,37.025189067514475,711.3399999996196,778.8881490215338
26068,37.025189067514475,711.3599999996196,778.8952287813046
26069,37.025189067514475,711.3799999996196,778.9023083898206
26070,37.025189067514475,711.3999999996196,778.9093878470778
26071,37.025189067514475,711.4199999996196,778.9164671530718
26072,37.025189067514475,711.4399999996195,778.9235463077986
26073,37.025189067514475,711.4599999996195,778.930625311254
26074,37.025189067514475,711.4799999996195,778.9377041634336
26075,37.025189067514475,711.4999999996195,778.9447828643335
26076,37.025189067514475,711.5199999996195,778.9518614139495
26077,37.025189067514475,711.5399999996195,778.958939812372
26078,37.025189067514475,711.5599999996194,778.9660180598671
26079,37.025189067514475,711.5799999996194,778.9730961564501
26080,37.025189067514475,711.5999999996194,778.9801741021168
26081,37.025189067514475,711.6199999996194,778.9872518968632
26082,37.025189067514475,711.6399999996194,778.994329540685
26083,37.025189067514475,711.6599999996193,779.0014070335781
26084,37.025189067514475,711.6799999996193,779.0084843755383
26085,37.025189067514475,711.6999999996193,779.0155615665614
26086,37.025189067514475,711.7199999996193,779.0226386066432
26087,37.025189067514475,711.7399999996193,779.0297154957797
26088,37.025189067514475,711.7599999996193,779.0367922339666
26089,37.025189067514475,711.7799999996192,779.0438688211998
26090,37.025189067514475,711.7999999996192,779.0509452574751
26091,37.025189067514475,711.8199999996192,779.0580215427883
26092,37.025189067514475,711.8399999996192,779.0650976771353
26093,37.025189067514475,711.8599999996192,779.0721736605119
26094,37.025189067514475,711.8799999996191,779.079249492914
26095,37.025189067514475,711.8999999996191,779.0863251743373
26096,37.025189067514475,711.9199999996191,779.0934007047777
26097,37.025189067514475,711.9399999996191,779.100476084231
26098,37.025189067514475,711.9599999996191,779.1075513126931
26099,37.025189067514475,711.979999999619,779.1146263901599
26100,37.025189067514475,711.999999999619,779.121701316627
26101,37.025189067514475,712.019999999619,779.1287760920904
26102,37.025189067514475,712.039999999619,779.135850716546
26103,37.025189067514475,712.059999999619,779.1429251899895
26104,37.025189067514475,712.079999999619,779.1499995124168
26105,37.025189067514475,712.099999999619,779.1570736838237
26106,37.025189067514475,712.1199999996189,779.1641477042061
26107,37.025189067514475,712.1399999996189,779.1712215735598
26108,37.025189067514475,712.1599999996189,779.1782952918807
26109,37.025189067514475,712.1799999996189,779.1853688591644
26110,37.025189067514475,712.1999999996189,779.1924422754071
26111,37.025189067514475,712.2199999996188,779.1995155406044
26112,37.025189067514475,712.2399999996188,779.2065886547521
26113,37.025189067514475,712.2599999996188,779.2136616178461
26114,37.025189067514475,712.2799999996188,779.2207344298823
26115,37.025189067514475,712.2999999996188,779.2278070908565
26116,37.025189067514475,712.3199999996187,779.2348796007644
26117,37.025189067514475,712.3399999996187,779.241951959602
26118,37.025189067514475,712.3599999996187,779.2490241673652
26119,37.025189067514475,712.3799999996187,779.2560962240497
26120,37.025189067514475,712.3999999996187,779.2631681296513
26121,37.025189067514475,712.4199999996187,779.2702398841659
26122,37.025189067514475,712.4399999996186,779.2773114875894
26123,37.025189067514475,712.4599999996186,779.2843829399175
26124,37.025189067514475,712.4799999996186,779.2914542411461
26125,37.025189067514475,712.4999999996186,779.2985253912711
26126,37.025189067514475,712.5199999996186,779.3055963902883
26127,37.025189067514475,712.5399999996185,779.3126672381935
26128,37.025189067514475,712.5599999996185,779.3197379351063
26129,37.025189067514475,712.5799999996185,779.3268084812884
26130,37.025189067514475,712.5999999996185,779.3338788767513
26131,37.025189067514475,712.6199999996185,779.340949121491
26132,37.025189067514475,712.6399999996185,779.3480192155033
26133,37.025189067514475,712.6599999996184,779.355089158784
26134,37.025189067514475,712.6799999996184,779.362158951329
26135,37.025189067514475,712.6999999996184,779.369228593134
26136,37.025189067514475,712.7199999996184,779.376298084195
26137,37.025189067514475,712.7399999996184,779.3833674245078
26138,37.025189067514475,712.7599999996183,779.3904366140682
26139,37.025189067514475,712.7799999996183,779.3975056528722
26140,37.025189067514475,712.7999999996183,779.4045745409154
26141,37.025189067514475,712.8199999996183,779.4116432781939
26142,37.025189067514475,712.8399999996183,779.4187118647034
26143,37.025189067514475,712.8599999996183,779.4257803004397
26144,37.025189067514475,712.8799999996182,779.4328485853987
26145,37.025189067514475,712.8999999996182,779.4399167195763
26146,37.025189067514475,712.9199999996182,779.4469847029684
26147,36.972232688671504,712.9399999996182,779.4540525355707
26148,36.972232688671504,712.9599999996182,779.4611202173791
26149,36.972232688671504,712.9799999996181,779.4681877483894
26150,36.972232688671504,712.9999999996181,779.4752551285975
26151,36.972232688671504,713.0199999996181,779.4823223579992
26152,36.972232688671504,713.0399999996181,779.4893894365905
26153,36.972232688671504,713.0599999996181,779.4964563643671
26154,36.972232688671504,713.079999999618,779.5035231413248
26155,36.972232688671504,713.099999999618,779.5105897674595
26156,36.972232688671504,713.119999999618,779.5176562427671
26157,36.972232688671504,713.139999999618,779.5247225672434
26158,36.972232688671504,713.159999999618,779.5317887408843
26159,36.972232688671504,713.179999999618,779.5388547636855
26160,36.972232688671504,713.199999999618,779.5459206356431
26161,36.972232688671504,713.2199999996179,779.5529863567529
26162,36.972232688671504,713.2399999996179,779.5600519270105
26163,36.972232688671504,713.2599999996179,779.5671173464119
26164,36.972232688671504,713.2799999996179,779.574182614953
26165,36.972232688671504,713.2999999996179,779.5812477326295
26166,36.972232688671504,713.3199999996178,779.5883126994374
26167,36.972232688671504,713.3399999996178,779.5953775153725
26168,36.972232688671504,713.3599999996178,779.6024421804307
26169,36.972232688671504,713.3799999996178,779.6095066946076
26170,36.972232688671504,713.3999999996178,779.6165710578993
26171,36.972232688671504,713.4199999996177,779.6236352703015
26172,36.972232688671504,713.4399999996177,779.6306993318102
26173,36.972232688671504,713.4599999996177,779.6377632424212
26174,36.972232688671504,713.4799999996177,779.6448270021303
26175,36.972232688671504,713.4999999996177,779.6518906109334
26176,36.972232688671504,713.5199999996177,779.6589540688262
26177,36.972232688671504,713.5399999996176,779.6660173758048
26178,36.972232688671504,713.5599999996176,779.6730805318648
26179,36.972232688671504,713.5799999996176,779.6801435371328
26180,36.972232688671504,713.5999999996176,779.6872063918229
26181,36.972232688671504,713.6199999996176,779.6942690959406
26182,36.972232688671504,713.6399999996175,779.7013316494819
26183,36.972232688671504,713.6599999996175,779.7083940524424
26184,36.972232688671504,713.6799999996175,779.7154563048182
26185,36.972232688671504,713.6999999996175,779.722518406605
26186,36.972232688671504,713.7199999996175,779.7295803577988
26187,36.972232688671504,713.7399999996175,779.7366421583954
26188,36.972232688671504,713.7599999996174,779.7437038083906
26189,36.972232688671504,713.7799999996174,779.7507653077803
26190,36.972232688671504,713.7999999996174,779.7578266565603
26191,36.972232688671504,713.8199999996174,779.7648878547266
26192,36.972232688671504,713.8399999996174,779.7719489022749
26193,36.972232688671504,713.8599999996173,779.779009799201
26194,36.972232688671504,713.8799999996173,779.786070545501
26195,36.972232688671504,713.8999999996173,779.7931311411706
26196,36.972232688671504,713.9199999996173,779.8001915862058
26197,36.972232688671504,713.9399999996173,779.8072518806023
26198,36.972232688671504,713.9599999996173,779.814312024356
26199,36.972232688671504,713.9799999996172,779.8213720174627
26200,36.972232688671504,713.9999999996172,779.8284318599184
26201,36.972232688671504,714.0199999996172,779.8354915517189
26202,36.972232688671504,714.0399999996172,779.8425510928599
26203,36.972232688671504,714.0599999996172,779.8496104833375
26204,36.972232688671504,714.0799999996171,779.8566697231474
26205,36.972232688671504,714.0999999996171,779.8637288122856
26206,36.972232688671504,714.1199999996171,779.8707877507478
26207,36.972232688671504,714.1399999996171,779.87784653853
26208,36.972232688671504,714.1599999996171,779.8849051756279
26209,36.972232688671504,714.179999999617,779.8919636620375
26210,36.972232688671504,714.199999999617,779.8990219977545
26211,36.972232688671504,714.219999999617,779.906080182775
26212,36.972232688671504,714.239999999617,779.9131382170947
26213,36.972232688671504,714.259999999617,779.9201961007094
26214,36.972232688671504,714.279999999617,779.927253833615
26215,36.972232688671504,714.299999999617,779.9343114158075
26216,36.972232688671504,714.3199999996169,779.9413688472827
26217,36.972232688671504,714.3399999996169,779.9484261280362
26218,36.972232688671504,714.3599999996169,779.9554832580642
26219,36.972232688671504,714.3799999996169,779.9625402373624
26220,36.972232688671504,714.3999999996169,779.9695970659267
26221,36.972232688671504,714.4199999996168,779.9766537437529
26222,36.972232688671504,714.4399999996168,779.9837102708369
26223,36.972232688671504,714.4599999996168,779.9907666471746
26224,36.972232688671504,714.4799999996168,779.9978228727618
26225,36.972232688671504,714.4999999996168,780.0048789476166
26226,36.972232688671504,714.5199999996167,780.011934871799
26227,36.972232688671504,714.5399999996167,780.0189906453096
26228,36.972232688671504,714.5599999996167,780.0260462681443
26229,36.972232688671504,714.5799999996167,780.0331017402991
26230,36.972232688671504,714.5999999996167,780.0401570619301
26231,36.972232688671504,714.6199999996167,780.0472122332459
26232,36.972232688671504,714.6399999996166,780.0542672542482
26233,36.972232688671504,714.6599999996166,780.061322124933
26234,36.972232688671504,714.6799999996166,780.0683768452961
26235,36.972232688671504,714.6999999996166,780.0754314153335
26236,36.972232688671504,714.7199999996166,780.082485835041
26237,36.972232688671504,714.7399999996165,780.0895401044145
26238,36.972232688671504,714.7599999996165,780.0965942234499
26239,36.972232688671504,714.7799999996165,780.103648192143
26240,36.972232688671504,714.7999999996165,780.11070201049
26241,36.972232688671504,714.8199999996165,780.1177556784864
26242,36.972232688671504,714.8399999996165,780.1248091961285
26243,36.972232688671504,714.8599999996164,780.1318625634118
26244,36.972232688671504,714.8799999996164,780.1389157803325
26245,36.972232688671504,714.8999999996164,780.1459688468863
26246,36.972232688671504,714.9199999996164,780.1530217630691
26247,36.972232688671504,714.9399999996164,780.1600745288769
26248,36.972232688671504,714.9599999996163,780.1671271443055
26249,36.972232688671504,714.9799999996163,780.1741796093509
26250,36.972232688671504,714.9999999996163,780.1812319240089
26251,36.972232688671504,715.0199999996163,780.1882840882754
26252,36.972232688671504,715.0399999996163,780.1953361021464
26253,36.972232688671504,715.0599999996163,780.2023879656176
26254,36.972232688671504,715.0799999996162,780.209439678685
26255,36.972232688671504,715.0999999996162,780.2164912413446
26256,36.972232688671504,715.1199999996162,780.2235426535921
26257,36.972232688671504,715.1399999996162,780.2305939154235
26258,36.972232688671504,715.1599999996162,780.2376450268347
26259,36.972232688671504,715.1799999996161,780.2446959878216
26260,36.972232688671504,715.1999999996161,780.25174679838
26261,36.972232688671504,715.2199999996161,780.258797458506
26262,36.972232688671504,715.2399999996161,780.2658479681953
26263,36.972232688671504,715.2599999996161,780.2728983274438
26264,36.972232688671504,715.279999999616,780.2799485362475
26265,36.972232688671504,715.299999999616,780.2869985946022
26266,36.972232688671504,715.319999999616,780.2940485025039
26267,36.972232688671504,715.339999999616,780.3010982599484
26268,36.972232688671504,715.359999999616,780.3081478669317
26269,36.972232688671504,715.379999999616,780.3151973234495
26270,36.972232688671504,715.3999999996159,780.322246629498
26271,36.972232688671504,715.4199999996159,780.3292957850728
26272,36.972232688671504,715.4399999996159,780.3363447901698
26273,36.972232688671504,715.4599999996159,780.3433936447851
26274,36.972232688671504,715.4799999996159,780.3504423489145
26275,36.972232688671504,715.4999999996159,780.3574909025539
26276,36.972232688671504,715.5199999996158,780.3645393056992
26277,36.972232688671504,715.5399999996158,780.3715875583463
26278,36.972232688671504,715.5599999996158,780.3786356604911
26279,36.972232688671504,715.5799999996158,780.3856836121295
26280,36.972232688671504,715.5999999996158,780.3927314132574
26281,36.972232688671504,715.6199999996157,780.3997790640537
26282,36.972232688671504,715.6399999996157,780.4068265647101
26283,36.972232688671504,715.6599999996157,780.4138739152235
26284,36.972232688671504,715.6799999996157,780.42092111559
26285,36.972232688671504,715.6999999996157,780.4279681658054
26286,36.972232688671504,715.7199999996157,780.4350150658656
26287,36.972232688671504,715.7399999996156,780.4420618157667
26288,36.972232688671504,715.7599999996156,780.4491084155044
26289,36.972232688671504,715.7799999996156,780.4561548650746
26290,36.972232688671504,715.7999999996156,780.4632011644734
26291,36.972232688671504,715.8199999996156,780.4702473136965
26292,36.972232688671504,715.8399999996155,780.4772933127399
26293,36.972232688671504,715.8599999996155,780.4843391615995
26294,36.972232688671504,715.8799999996155,780.4913848602711
26295,36.972232688671504,715.8999999996155,780.4984304087507
26296,36.972232688671504,715.9199999996155,780.5054758070341
26297,36.972232688671504,715.9399999996155,780.5125210551174
26298,36.972232688671504,715.9599999996154,780.5195661529964
26299,36.972232688671504,715.9799999996154,780.526611100667
26300,36.972232688671504,715.9999999996154,780.5336558981251
26301,36.972232688671504,716.0199999996154,780.5407005453666
26302,36.972232688671504,716.0399999996154,780.5477450423874
26303,36.972232688671504,716.0599999996153,780.5547893891835
26304,36.972232688671504,716.0799999996153,780.5618335857507
26305,36.972232688671504,716.0999999996153,780.568877632085
26306,36.972232688671504,716.1199999996153,780.5759215281822
26307,36.972232688671504,716.1399999996153,780.5829652740383
26308,36.972232688671504,716.1599999996153,780.5900088696492
26309,36.972232688671504,716.1799999996152,780.5970523150106
26310,36.972232688671504,716.1999999996152,780.6040956101186
26311,36.972232688671504,716.2199999996152,780.6111387549691
26312,36.972232688671504,716.2399999996152,780.6181817495581
26313,36.972232688671504,716.2599999996152,780.6252245938813
26314,36.972232688671504,716.2799999996151,780.6322672879346
26315,36.972232688671504,716.2999999996151,780.6393098317141
26316,36.972232688671504,716.3199999996151,780.6463522252155
26317,36.972232688671504,716.3399999996151,780.653394468435
26318,36.972232688671504,716.3599999996151,780.6604365613681
26319,36.972232688671504,716.379999999615,780.667478504011
26320,36.972232688671504,716.399999999615,780.6745202963596
26321,36.972232688671504,716.419999999615,780.6815619384096
26322,36.972232688671504,716.439999999615,780.6886034301571
26323,36.972232688671504,716.459999999615,780.6956447715979
26324,36.972232688671504,716.479999999615,780.7026859627281
26325,36.972232688671504,716.4999999996149,780.7097270035433
26326,36.972232688671504,716.5199999996149,780.7167678940397
26327,36.972232688671504,716.5399999996149,780.723808634213
26328,36.972232688671504,716.5599999996149,780.7308492240592
26329,36.972232688671504,716.5799999996149,780.7378896635742
26330,36.972232688671504,716.5999999996149,780.7449299527539
26331,36.972232688671504,716.6199999996148,780.7519700915974
26332,36.972232688671504,716.6399999996148,780.7590100803133
26333,36.972232688671504,716.6599999996148,780.7660499190804
26334,36.972232688671504,716.6799999996148,780.7730896078946
26335,36.972232688671504,716.6999999996148,780.7801291467518
26336,36.972232688671504,716.7199999996147,780.7871685356481
26337,36.972232688671504,716.7399999996147,780.7942077745793
26338,36.972232688671504,716.7599999996147,780.8012468635412
26339,36.972232688671504,716.7799999996147,780.80828580253
26340,36.919402426964,716.7999999996147,780.8153245915414
26341,36.919402426964,716.8199999996147,780.8223632305715
26342,36.919402426964,716.8399999996146,780.8294017196159
26343,36.919402426964,716.8599999996146,780.8364400586709
26344,36.919402426964,716.8799999996146,780.8434782477322
26345,36.919402426964,716.8999999996146,780.8505162867957
26346,36.919402426964,716.9199999996146,780.8575541758574
26347,36.919402426964,716.9399999996145,780.8645919149133
26348,36.919402426964,716.9599999996145,780.8716295039591
26349,36.919402426964,716.9799999996145,780.8786669429908
26350,36.919402426964,716.9999999996145,780.8857042320044
26351,36.919402426964,717.0199999996145,780.8927413709957
26352,36.919402426964,717.0399999996145,780.8997783599608
26353,36.919402426964,717.0599999996144,780.9068151988955
26354,36.919402426964,717.0799999996144,780.9138518877958
26355,36.919402426964,717.0999999996144,780.9208884266575
26356,36.919402426964,717.1199999996144,780.9279248154766
26357,36.919402426964,717.1399999996144,780.9349610542489
26358,36.919402426964,717.1599999996143,780.9419971429705
26359,36.919402426964,717.1799999996143,780.9490330816373
26360,36.919402426964,717.1999999996143,780.9560688702451
26361,36.919402426964,717.2199999996143,780.9631045087899
26362,36.919402426964,717.2399999996143,780.9701399972677
26363,36.919402426964,717.2599999996143,780.9771753356742
26364,36.919402426964,717.2799999996142,780.9842105240056
26365,36.919402426964,717.2999999996142,780.9912455622575
26366,36.919402426964,717.3199999996142,780.998280450426
26367,36.919402426964,717.3399999996142,781.0053151885071
26368,36.919402426964,717.3599999996142,781.0123497764966
26369,36.919402426964,717.3799999996141,781.0193842143905
26370,36.919402426964,717.3999999996141,781.0264185021846
26371,36.919402426964,717.4199999996141,781.0334526398749
26372,36.919402426964,717.4399999996141,781.0404866274573
26373,36.919402426964,717.4599999996141,781.0475204649279
26374,36.919402426964,717.479999999614,781.0545541522823
26375,36.919402426964,717.499999999614,781.0615876895166
26376,36.919402426964,717.519999999614,781.0686210766268
26377,36.919402426964,717.539999999614,781.0756543136087
26378,36.919402426964,717.559999999614,781.0826874004582
26379,36.919402426964,717.579999999614,781.0897203371713
26380,36.919402426964,717.5999999996139,781.096753123744
26381,36.919402426964,717.6199999996139,781.103785760172
26382,36.919402426964,717.6399999996139,781.1108182464584
26383,36.919402426964,717.6599999996139,781.117850582804
26384,36.919402426964,717.6799999996139,781.1248827693457
26385,36.919402426964,717.6999999996139,781.1319148060797
26386,36.919402426964,717.7199999996138,781.1389466930019
26387,36.919402426964,717.7399999996138,781.1459784301081
26388,36.919402426964,717.7599999996138,781.1530100173943
26389,36.919402426964,717.7799999996138,781.1600414548564
26390,36.919402426964,717.7999999996138,781.1670727424903
26391,36.919402426964,717.8199999996137,781.1741038802919
26392,36.919402426964,717.8399999996137,781.1811348682572
26393,36.919402426964,717.8599999996137,781.1881657063822
26394,36.919402426964,717.8799999996137,781.1951963946627
26395,36.919402426964,717.8999999996137,781.2022269330947
26396,36.919402426964,717.9199999996137,781.2092573216742
26397,36.919402426964,717.9399999996136,781.216287560397
26398,36.919402426964,717.9599999996136,781.223317649259
26399,36.919402426964,717.9799999996136,781.2303475882563
26400,36.919402426964,717.9999999996136,781.2373773773847
26401,36.919402426964,718.0199999996136,781.2444070166403
26402,36.919402426964,718.0399999996135,781.2514365060188
26403,36.919402426964,718.0599999996135,781.2584658455163
26404,36.919402426964,718.0799999996135,781.2654950351287
26405,36.919402426964,718.0999999996135,781.2725240748518
26406,36.919402426964,718.1199999996135,781.2795529646818
26407,36.919402426964,718.1399999996135,781.2865817046144
26408,36.919402426964,718.1599999996134,781.2936102946455
26409,36.919402426964,718.1799999996134,781.3006387347713
26410,36.919402426964,718.1999999996134,781.3076670249874
26411,36.919402426964,718.2199999996134,781.3146951652899
26412,36.919402426964,718.2399999996134,781.3217231556748
26413,36.919402426964,718.2599999996133,781.328750996138
26414,36.919402426964,718.2799999996133,781.3357786866753
26415,36.919402426964,718.2999999996133,781.3428062272828
26416,36.919402426964,718.3199999996133,781.3498336179564
26417,36.919402426964,718.3399999996133,781.3568608586919
26418,36.919402426964,718.3599999996133,781.3638879494854
26419,36.919402426964,718.3799999996132,781.3709148903326
26420,36.919402426964,718.3999999996132,781.3779416812297
26421,36.919402426964,718.4199999996132,781.3849683221725
26422,36.919402426964,718.4399999996132,781.391994813157
26423,36.919402426964,718.4599999996132,781.3990211541791
26424,36.919402426964,718.4799999996131,781.4060473452347
26425,36.919402426964,718.4999999996131,781.4130733863198
26426,36.919402426964,718.5199999996131,781.4200992774302
26427,36.919402426964,718.5399999996131,781.4271250185619
26428,36.919402426964,718.5599999996131,781.434150609711
26429,36.919402426964,718.579999999613,781.4411760508732
26430,36.919402426964,718.599999999613,781.4482013420445
26431,36.919402426964,718.619999999613,781.4552264832209
26432,36.919402426964,718.639999999613,781.4622514743984
26433,36.919402426964,718.659999999613,781.4692763155846
26434,36.919402426964,718.679999999613,781.4763010070101
26435,36.919402426964,718.6999999996129,781.4833255487982
26436,36.919402426964,718.7199999996129,781.4903499409451
26437,36.919402426964,718.7399999996129,781.4973741834465
26438,36.919402426964,718.7599999996129,781.5043982762985
26439,36.919402426964,718.7799999996129,781.5114222194969
26440,36.919402426964,718.7999999996129,781.5184460130378
26441,36.919402426964,718.8199999996128,781.525469656917
26442,36.919402426964,718.8399999996128,781.5324931511306
26443,36.919402426964,718.8599999996128,781.5395164956743
26444,36.919402426964,718.8799999996128,781.5465396905443
26445,36.919402426964,718.8999999996128,781.5535627357363
26446,36.919402426964,718.9199999996127,781.5605856312463
26447,36.919402426964,718.9399999996127,781.5676083770704
26448,36.919402426964,718.9599999996127,781.5746309732044
26449,36.919402426964,718.9799999996127,781.5816534196443
26450,36.919402426964,718.9999999996127,781.5886757163861
26451,36.919402426964,719.0199999996127,781.5956978634256
26452,36.919402426964,719.0399999996126,781.6027198607587
26453,36.919402426964,719.0599999996126,781.6097417083815
26454,36.919402426964,719.0799999996126,781.6167634062899
26455,36.919402426964,719.0999999996126,781.6237849544799
26456,36.919402426964,719.1199999996126,781.6308063529473
26457,36.919402426964,719.1399999996125,781.6378276016881
26458,36.919402426964,719.1599999996125,781.6448487006983
26459,36.919402426964,719.1799999996125,781.6518696499737
26460,36.919402426964,719.1999999996125,781.6588904495104
26461,36.919402426964,719.2199999996125,781.6659110993043
26462,36.919402426964,719.2399999996125,781.6729315993513
26463,36.919402426964,719.2599999996124,781.6799519496473
26464,36.919402426964,719.2799999996124,781.6869721501884
26465,36.919402426964,719.2999999996124,781.6939922009703
26466,36.919402426964,719.3199999996124,781.7010121019892
26467,36.919402426964,719.3399999996124,781.708031853241
26468,36.919402426964,719.3599999996123,781.7150514547214
26469,36.919402426964,719.3799999996123,781.7220709064267
26470,36.919402426964,719.3999999996123,781.7290902083525
26471,36.919402426964,719.4199999996123,781.736109360495
26472,36.919402426964,719.4399999996123,781.7431283628499
26473,36.919402426964,719.4599999996123,781.7501472154133
26474,36.919402426964,719.4799999996122,781.7571659181812
26475,36.919402426964,719.4999999996122,781.7641844711494
26476,36.919402426964,719.5199999996122,781.771202874314
26477,36.919402426964,719.5399999996122,781.7782211276708
26478,36.919402426964,719.5599999996122,781.7852392312158
26479,36.919402426964,719.5799999996121,781.7922571849449
26480,36.919402426964,719.5999999996121,781.7992749888541
26481,36.919402426964,719.6199999996121,781.8062926429393
26482,36.919402426964,719.6399999996121,781.8133101471965
26483,36.919402426964,719.6599999996121,781.8203275016216
26484,36.919402426964,719.679999999612,781.8273447062278
26485,36.919402426964,719.699999999612,781.8343617612765
26486,36.919402426964,719.719999999612,781.8413786668746
26487,36.919402426964,719.739999999612,781.848395423018
26488,36.919402426964,719.759999999612,781.8554120297028
26489,36.919402426964,719.779999999612,781.862428486925
26490,36.919402426964,719.7999999996119,781.8694447946802
26491,36.919402426964,719.8199999996119,781.8764609529647
26492,36.919402426964,719.8399999996119,781.8834769617742
26493,36.919402426964,719.8599999996119,781.8904928211048
26494,36.919402426964,719.8799999996119,781.8975085309523
26495,36.919402426964,719.8999999996119,781.9045240913127
26496,36.919402426964,719.9199999996118,781.911539502182
26497,36.919402426964,719.9399999996118,781.918554763556
26498,36.919402426964,719.9599999996118,781.9255698754307
26499,36.919402426964,719.9799999996118,781.9325848378021
26500,36.919402426964,719.9999999996118,781.9395996506661
26501,36.919402426964,720.0199999996117,781.9466143140186
26502,36.919402426964,720.0399999996117,781.9536288278555
26503,36.919402426964,720.0599999996117,781.9606431921728
26504,36.919402426964,720.0799999996117,781.9676574069665
26505,36.919402426964,720.0999999996117,781.9746714722324
26506,36.919402426964,720.1199999996117,781.9816853879665
26507,36.919402426964,720.1399999996116,781.9886991541648
26508,36.919402426964,720.1599999996116,781.9957127708232
26509,36.919402426964,720.1799999996116,782.0027262379375
26510,36.919402426964,720.1999999996116,782.0097395555039
26511,36.919402426964,720.2199999996116,782.0167527235182
26512,36.919402426964,720.2399999996115,782.0237657419763
26513,36.919402426964,720.2599999996115,782.0307786108741
26514,36.919402426964,720.2799999996115,782.0377913302077
26515,36.919402426964,720.2999999996115,782.044803899973
26516,36.919402426964,720.3199999996115,782.0518163201658
26517,36.919402426964,720.3399999996115,782.0588285907822
26518,36.919402426964,720.3599999996114,782.0658407118182
26519,36.919402426964,720.3799999996114,782.0728526832695
26520,36.919402426964,720.3999999996114,782.0798645051322
26521,36.919402426964,720.4199999996114,782.0868761774021
26522,36.919402426964,720.4399999996114,782.0938877000754
26523,36.919402426964,720.4599999996113,782.1008990731477
26524,36.919402426964,720.4799999996113,782.1079102966152
26525,36.919402426964,720.4999999996113,782.1149213704737
26526,36.919402426964,720.5199999996113,782.1219322947192
26527,36.919402426964,720.5399999996113,782.1289430693477
26528,36.919402426964,720.5599999996113,782.135953694355
26529,36.86669786229998,720.5799999996112,782.1429641697371
26530,36.86669786229998,720.5999999996112,782.14997449549
26531,36.86669786229998,720.6199999996112,782.1569846716096
26532,36.86669786229998,720.6399999996112,782.1639946980919
26533,36.86669786229998,720.6599999996112,782.1710045749327
26534,36.86669786229998,720.6799999996111,782.1780143021281
26535,36.86669786229998,720.6999999996111,782.1850238796934
26536,36.86669786229998,720.7199999996111,782.1920333078791
26537,36.86669786229998,720.7399999996111,782.1990425867599
26538,36.86669786229998,720.7599999996111,782.2060517163316
26539,36.86669786229998,720.779999999611,782.2130606965902
26540,36.86669786229998,720.799999999611,782.2200695275317
26541,36.86669786229998,720.819999999611,782.2270782091521
26542,36.86669786229998,720.839999999611,782.2340867414473
26543,36.86669786229998,720.859999999611,782.2410951244133
26544,36.86669786229998,720.879999999611,782.248103358046
26545,36.86669786229998,720.8999999996109,782.2551114423414
26546,36.86669786229998,720.9199999996109,782.2621193772956
26547,36.86669786229998,720.9399999996109,782.2691271629043
26548,36.86669786229998,720.9599999996109,782.2761347991636
26549,36.86669786229998,720.9799999996109,782.2831422860695
26550,36.86669786229998,720.9999999996108,782.2901496236179
26551,36.86669786229998,721.0199999996108,782.2971568118049
26552,36.86669786229998,721.0399999996108,782.3041638506264
26553,36.86669786229998,721.0599999996108,782.3111707400783
26554,36.86669786229998,721.0799999996108,782.3181774801566
26555,36.86669786229998,721.0999999996108,782.3251840708572
26556,36.86669786229998,721.1199999996107,782.3321905121761
26557,36.86669786229998,721.1399999996107,782.3391968041094
26558,36.86669786229998,721.1599999996107,782.346202946653
26559,36.86669786229998,721.1799999996107,782.3532089398027
26560,36.86669786229998,721.1999999996107,782.3602147835546
26561,36.86669786229998,721.2199999996106,782.3672204779048
26562,36.86669786229998,721.2399999996106,782.374226022849
26563,36.86669786229998,721.2599999996106,782.3812314183833
26564,36.86669786229998,721.2799999996106,782.3882366645038
26565,36.86669786229998,721.2999999996106,782.3952417612062
26566,36.86669786229998,721.3199999996106,782.4022467084866
26567,36.86669786229998,721.3399999996105,782.409251506341
26568,36.86669786229998,721.3599999996105,782.4162561547653
26569,36.86669786229998,721.3799999996105,782.4232606537555
26570,36.86669786229998,721.3999999996105,782.4302650033076
26571,36.86669786229998,721.4199999996105,782.4372692034175
26572,36.86669786229998,721.4399999996104,782.4442732540812
26573,36.86669786229998,721.4599999996104,782.4512771552946
26574,36.86669786229998,721.4799999996104,782.4582809070538
26575,36.86669786229998,721.4999999996104,782.4652845093547
26576,36.86669786229998,721.5199999996104,782.4722879621933
26577,36.86669786229998,721.5399999996104,782.4792912655655
26578,36.86669786229998,721.5599999996103,782.4862944194673
26579,36.86669786229998,721.5799999996103,782.4932974238947
26580,36.86669786229998,721.5999999996103,782.5003002788436
26581,36.86669786229998,721.6199999996103,782.5073029843101
26582,36.86669786229998,721.6399999996103,782.5143055402899
26583,36.86669786229998,721.6599999996102,782.5213079467792
26584,36.86669786229998,721.6799999996102,782.5283102037739
26585,36.86669786229998,721.6999999996102,782.53531231127
26586,36.86669786229998,721.7199999996102,782.542314269288
26587,36.86669786229998,721.7399999996102,782.5493160781047
26588,36.86669786229998,721.7599999996102,782.556317737776
26589,36.86669786229998,721.7799999996101,782.5633192482978
26590,36.86669786229998,721.7999999996101,782.5703206096663
26591,36.86669786229998,721.8199999996101,782.5773218218771
26592,36.86669786229998,721.8399999996101,782.5843228849265
26593,36.86669786229998,721.8599999996101,782.5913237988102
26594,36.86669786229998,721.87999999961,782.5983245635243
26595,36.86669786229998,721.89999999961,782.6053251790648
26596,36.86669786229998,721.91999999961,782.6123256454276
26597,36.86669786229998,721.93999999961,782.6193259626086
26598,36.86669786229998,721.95999999961,782.6263261306038
26599,36.86669786229998,721.97999999961,782.6333261494093
26600,36.86669786229998,721.9999999996099,782.6403260190209
26601,36.86669786229998,722.0199999996099,782.6473257394346
26602,36.86669786229998,722.0399999996099,782.6543253106463
26603,36.86669786229998,722.0599999996099,782.661324732652
26604,36.86669786229998,722.0799999996099,782.6683240054477
26605,36.86669786229998,722.0999999996098,782.6753231290295
26606,36.86669786229998,722.1199999996098,782.6823221033932
26607,36.86669786229998,722.1399999996098,782.6893209285347
26608,36.86669786229998,722.1599999996098,782.6963196044501
26609,36.86669786229998,722.1799999996098,782.7033181311352
26610,36.86669786229998,722.1999999996098,782.7103165085862
26611,36.86669786229998,722.2199999996097,782.7173147367988
26612,36.86669786229998,722.2399999996097,782.7243128157692
26613,36.86669786229998,722.2599999996097,782.7313107454933
26614,36.86669786229998,722.2799999996097,782.7383085259669
26615,36.86669786229998,722.2999999996097,782.7453061571862
26616,36.86669786229998,722.3199999996096,782.7523036391469
26617,36.86669786229998,722.3399999996096,782.7593009718453
26618,36.86669786229998,722.3599999996096,782.7662981552771
26619,36.86669786229998,722.3799999996096,782.7732951894384
26620,36.86669786229998,722.3999999996096,782.7802920743251
26621,36.86669786229998,722.4199999996096,782.7872888099331
26622,36.86669786229998,722.4399999996095,782.7942853962585
26623,36.86669786229998,722.4599999996095,782.8012818332971
26624,36.86669786229998,722.4799999996095,782.8082781210451
26625,36.86669786229998,722.4999999996095,782.8152742594982
26626,36.86669786229998,722.5199999996095,782.8222702486526
26627,36.86669786229998,722.5399999996094,782.829266088504
26628,36.86669786229998,722.5599999996094,782.8362617790486
26629,36.86669786229998,722.5799999996094,782.8432573202823
26630,36.86669786229998,722.5999999996094,782.850252712201
26631,36.86669786229998,722.6199999996094,782.8572479548008
26632,36.86669786229998,722.6399999996094,782.8642430480775
26633,36.86669786229998,722.6599999996093,782.8712379920271
26634,36.86669786229998,722.6799999996093,782.8782327866456
26635,36.86669786229998,722.6999999996093,782.885227431929
26636,36.86669786229998,722.7199999996093,782.8922219278733
26637,36.86669786229998,722.7399999996093,782.8992162745035
26638,36.86669786229998,722.7599999996092,782.9062104721162
26639,36.86669786229998,722.7799999996092,782.913204520746
26640,36.86669786229998,722.7999999996092,782.9201984203889
26641,36.86669786229998,722.8199999996092,782.9271921710409
26642,36.86669786229998,722.8399999996092,782.934185772698
26643,36.86669786229998,722.8599999996092,782.9411792253561
26644,36.86669786229998,722.8799999996091,782.9481725290112
26645,36.86669786229998,722.8999999996091,782.9551656836594
26646,36.86669786229998,722.9199999996091,782.9621586892964
26647,36.86669786229998,722.9399999996091,782.9691515459184
26648,36.86669786229998,722.9599999996091,782.9761442535213
26649,36.86669786229998,722.979999999609,782.9831368121011
26650,36.86669786229998,722.999999999609,782.9901292216537
26651,36.86669786229998,723.019999999609,782.9971214821751
26652,36.86669786229998,723.039999999609,783.0041135936613
26653,36.86669786229998,723.059999999609,783.0111055561082
26654,36.86669786229998,723.079999999609,783.0180973695118
26655,36.86669786229998,723.0999999996089,783.0250890338681
26656,36.86669786229998,723.1199999996089,783.0320805491731
26657,36.86669786229998,723.1399999996089,783.0390719154227
26658,36.86669786229998,723.1599999996089,783.046063132613
26659,36.86669786229998,723.1799999996089,783.0530542007398
26660,36.86669786229998,723.1999999996088,783.0600451197992
26661,36.86669786229998,723.2199999996088,783.067035889787
26662,36.86669786229998,723.2399999996088,783.0740265106994
26663,36.86669786229998,723.2599999996088,783.0810169825322
26664,36.86669786229998,723.2799999996088,783.0880073052815
26665,36.86669786229998,723.2999999996088,783.0949974789432
26666,36.86669786229998,723.3199999996087,783.1019875035133
26667,36.86669786229998,723.3399999996087,783.1089773789878
26668,36.86669786229998,723.3599999996087,783.1159671053625
26669,36.86669786229998,723.3799999996087,783.1229566826337
26670,36.86669786229998,723.3999999996087,783.129946110797
26671,36.86669786229998,723.4199999996086,783.1369353898486
26672,36.86669786229998,723.4399999996086,783.1439245197845
26673,36.86669786229998,723.4599999996086,783.1509135006005
26674,36.86669786229998,723.4799999996086,783.1579023322927
26675,36.86669786229998,723.4999999996086,783.1648910148571
26676,36.86669786229998,723.5199999996086,783.1718795482896
26677,36.86669786229998,723.5399999996085,783.1788679325862
26678,36.86669786229998,723.5599999996085,783.1858561677428
26679,36.86669786229998,723.5799999996085,783.1928442537555
26680,36.86669786229998,723.5999999996085,783.1998321906202
26681,36.86669786229998,723.6199999996085,783.2068199783329
26682,36.86669786229998,723.6399999996084,783.2138076168895
26683,36.86669786229998,723.6599999996084,783.2207951062861
26684,36.86669786229998,723.6799999996084,783.2277824465186
26685,36.86669786229998,723.6999999996084,783.234769637583
26686,36.86669786229998,723.7199999996084,783.2417566794752
26687,36.86669786229998,723.7399999996084,783.2487435721913
26688,36.86669786229998,723.7599999996083,783.255730315774
26689,36.86669786229998,723.7799999996083,783.2627169105319
26690,36.86669786229998,723.7999999996083,783.2697033564905
26691,36.86669786229998,723.8199999996083,783.2766896536456
26692,36.86669786229998,723.8399999996083,783.2836758019934
26693,36.86669786229998,723.8599999996082,783.2906618015296
26694,36.86669786229998,723.8799999996082,783.2976476522505
26695,36.86669786229998,723.8999999996082,783.3046333541519
26696,36.86669786229998,723.9199999996082,783.3116189072298
26697,36.86669786229998,723.9399999996082,783.3186043114803
26698,36.86669786229998,723.9599999996082,783.3255895668992
26699,36.86669786229998,723.9799999996081,783.3325746734827
26700,36.86669786229998,723.9999999996081,783.3395596312265
26701,36.86669786229998,724.0199999996081,783.3465444401268
26702,36.86669786229998,724.0399999996081,783.3535291001795
26703,36.86669786229998,724.0599999996081,783.3605136113805
26704,36.86669786229998,724.079999999608,783.367497973726
26705,36.86669786229998,724.099999999608,783.3744821872118
26706,36.86669786229998,724.119999999608,783.381466251834
26707,36.86669786229998,724.139999999608,783.3884501675885
26708,36.86669786229998,724.159999999608,783.3954339344714
26709,36.86669786229998,724.179999999608,783.4024175524785
26710,36.86669786229998,724.1999999996079,783.4094010216058
26711,36.86669786229998,724.2199999996079,783.4163843418495
26712,36.86669786229998,724.2399999996079,783.4233675132054
26713,36.86669786229998,724.2599999996079,783.4303505356696
26714,36.86669786229998,724.2799999996079,783.437333409238
26715,36.86669786229998,724.2999999996078,783.4443161339066
26716,36.86669786229998,724.3199999996078,783.4512987096713
26717,36.86669786229998,724.3399999996078,783.4582811365282
26718,36.86669786229998,724.3599999996078,783.4652634144732
26719,36.81411857638481,724.3799999996078,783.4722455435024
26720,36.81411857638481,724.3999999996078,783.4792275236116
26721,36.81411857638481,724.4199999996077,783.486209354797
26722,36.81411857638481,724.4399999996077,783.4931910370544
26723,36.81411857638481,724.4599999996077,783.50017257038
26724,36.81411857638481,724.4799999996077,783.5071539547695
26725,36.81411857638481,724.4999999996077,783.5141351902191
26726,36.81411857638481,724.5199999996076,783.5211162767248
26727,36.81411857638481,724.5399999996076,783.5280972142824
26728,36.81411857638481,724.5599999996076,783.535078002888
26729,36.81411857638481,724.5799999996076,783.5420586425375
26730,36.81411857638481,724.5999999996076,783.5490391332271
26731,36.81411857638481,724.6199999996076,783.5560194749526
26732,36.81411857638481,724.6399999996075,783.56299966771
26733,36.81411857638481,724.6599999996075,783.5699797114953
26734,36.81411857638481,724.6799999996075,783.5769596063045
26735,36.81411857638481,724.6999999996075,783.5839393521336
26736,36.81411857638481,724.7199999996075,783.5909189489786
26737,36.81411857638481,724.7399999996074,783.5978983968354
26738,36.81411857638481,724.7599999996074,783.6048776957
26739,36.81411857638481,724.7799999996074,783.6118568456303
26740,36.81411857638481,724.7999999996074,783.6188358468826
26741,36.81411857638481,724.8199999996074,783.6258146994749
26742,36.81411857638481,724.8399999996074,783.6327934034032
26743,36.81411857638481,724.8599999996073,783.6397719586635
26744,36.81411857638481,724.8799999996073,783.6467503652518
26745,36.81411857638481,724.8999999996073,783.6537286231642
26746,36.81411857638481,724.9199999996073,783.6607067323965
26747,36.81411857638481,724.9399999996073,783.6676846929448
26748,36.81411857638481,724.9599999996072,783.6746625048052
26749,36.81411857638481,724.9799999996072,783.6816401679735
26750,36.81411857638481,724.9999999996072,783.6886176824457
26751,36.81411857638481,725.0199999996072,783.6955950482179
26752,36.81411857638481,725.0399999996072,783.7025722652861
26753,36.81411857638481,725.0599999996072,783.7095493336462
26754,36.81411857638481,725.0799999996071,783.7165262532943
26755,36.81411857638481,725.0999999996071,783.7235030242264
26756,36.81411857638481,725.1199999996071,783.7304796464383
26757,36.81411857638481,725.1399999996071,783.7374561199262
26758,36.81411857638481,725.1599999996071,783.7444324446859
26759,36.81411857638481,725.179999999607,783.7514086207136
26760,36.81411857638481,725.199999999607,783.7583846480053
26761,36.81411857638481,725.219999999607,783.7653605265568
26762,36.81411857638481,725.239999999607,783.7723362563643
26763,36.81411857638481,725.259999999607,783.7793118374236
26764,36.81411857638481,725.279999999607,783.7862872697309
26765,36.81411857638481,725.2999999996069,783.793262553282
26766,36.81411857638481,725.3199999996069,783.800237688073
26767,36.81411857638481,725.3399999996069,783.8072126740999
26768,36.81411857638481,725.3599999996069,783.8141875113587
26769,36.81411857638481,725.3799999996069,783.8211621998454
26770,36.81411857638481,725.3999999996068,783.8281367395559
26771,36.81411857638481,725.4199999996068,783.8351111304863
26772,36.81411857638481,725.4399999996068,783.8420853726326
26773,36.81411857638481,725.4599999996068,783.8490594659906
26774,36.81411857638481,725.4799999996068,783.8560334105566
26775,36.81411857638481,725.4999999996068,783.8630072063264
26776,36.81411857638481,725.5199999996067,783.869980853296
26777,36.81411857638481,725.5399999996067,783.8769543514616
26778,36.81411857638481,725.5599999996067,783.8839277008188
26779,36.81411857638481,725.5799999996067,783.8909009013639
26780,36.81411857638481,725.5999999996067,783.8978739530928
26781,36.81411857638481,725.6199999996066,783.9048468560015
26782,36.81411857638481,725.6399999996066,783.9118196100861
26783,36.81411857638481,725.6599999996066,783.9187922153425
26784,36.81411857638481,725.6799999996066,783.9257646717667
26785,36.81411857638481,725.6999999996066,783.9327369793548
26786,36.81411857638481,725.7199999996066,783.9397091381026
26787,36.81411857638481,725.7399999996065,783.9466811480062
26788,36.81411857638481,725.7599999996065,783.9536530090616
26789,36.81411857638481,725.7799999996065,783.9606247212647
26790,36.81411857638481,725.7999999996065,783.9675962846983
26791,36.81411857638481,725.8199999996065,783.9745676996155
26792,36.81411857638481,725.8399999996064,783.9815389660313
26793,36.81411857638481,725.8599999996064,783.9885100839417
26794,36.81411857638481,725.8799999996064,783.9954810533428
26795,36.81411857638481,725.8999999996064,784.0024518742306
26796,36.81411857638481,725.9199999996064,784.009422546601
26797,36.81411857638481,725.9399999996064,784.01639307045
26798,36.81411857638481,725.9599999996063,784.0233634457737
26799,36.81411857638481,725.9799999996063,784.0303336725681
26800,36.81411857638481,725.9999999996063,784.0373037508291
26801,36.81411857638481,726.0199999996063,784.0442736805528
26802,36.81411857638481,726.0399999996063,784.0512434617352
26803,36.81411857638481,726.0599999996062,784.0582130943723
26804,36.81411857638481,726.0799999996062,784.06518257846
26805,36.81411857638481,726.0999999996062,784.0721519139945
26806,36.81411857638481,726.1199999996062,784.0791211009716
26807,36.81411857638481,726.1399999996062,784.0860901393875
26808,36.81411857638481,726.1599999996062,784.093059029238
26809,36.81411857638481,726.1799999996061,784.1000277705193
26810,36.81411857638481,726.1999999996061,784.1069963632273
26811,36.81411857638481,726.2199999996061,784.113964807358
26812,36.81411857638481,726.2399999996061,784.1209331029074
26813,36.81411857638481,726.2599999996061,784.1279012498716
26814,36.81411857638481,726.279999999606,784.1348692482466
26815,36.81411857638481,726.299999999606,784.1418370980283
26816,36.81411857638481,726.319999999606,784.1488047992127
26817,36.81411857638481,726.339999999606,784.1557723517959
26818,36.81411857638481,726.359999999606,784.1627397557739
26819,36.81411857638481,726.379999999606,784.1697070111427
26820,36.81411857638481,726.3999999996059,784.1766741178983
26821,36.81411857638481,726.4199999996059,784.1836410760367
26822,36.81411857638481,726.4399999996059,784.1906078855538
26823,36.81411857638481,726.4599999996059,784.1975745464458
26824,36.81411857638481,726.4799999996059,784.2045410587086
26825,36.81411857638481,726.4999999996058,784.2115074223382
26826,36.81411857638481,726.5199999996058,784.2184736373306
26827,36.81411857638481,726.5399999996058,784.2254397036818
26828,36.81411857638481,726.5599999996058,784.2324056213879
26829,36.81411857638481,726.5799999996058,784.2393713904448
26830,36.81411857638481,726.5999999996058,784.2463370108486
26831,36.81411857638481,726.6199999996057,784.2533024825952
26832,36.81411857638481,726.6399999996057,784.2602678056808
26833,36.81411857638481,726.6599999996057,784.2672329801012
26834,36.81411857638481,726.6799999996057,784.2741980058526
26835,36.81411857638481,726.6999999996057,784.2811628829307
26836,36.81411857638481,726.7199999996056,784.2881276113319
26837,36.81411857638481,726.7399999996056,784.2950921910519
26838,36.81411857638481,726.7599999996056,784.3020566220869
26839,36.81411857638481,726.7799999996056,784.3090209044327
26840,36.81411857638481,726.7999999996056,784.3159850380855
26841,36.81411857638481,726.8199999996056,784.3229490231495
26842,36.81411857638481,726.8399999996055,784.3299128598615
26843,36.81411857638481,726.8599999996055,784.3368765482321
26844,36.81411857638481,726.8799999996055,784.3438400882576
26845,36.81411857638481,726.8999999996055,784.3508034799338
26846,36.81411857638481,726.9199999996055,784.3577667232569
26847,36.81411857638481,726.9399999996054,784.3647298182227
26848,36.81411857638481,726.9599999996054,784.3716927648273
26849,36.81411857638481,726.9799999996054,784.3786555630669
26850,36.81411857638481,726.9999999996054,784.3856182129373
26851,36.81411857638481,727.0199999996054,784.3925807144345
26852,36.81411857638481,727.0399999996054,784.3995430675546
26853,36.81411857638481,727.0599999996053,784.4065052722937
26854,36.81411857638481,727.0799999996053,784.4134673286477
26855,36.81411857638481,727.0999999996053,784.4204292366127
26856,36.81411857638481,727.1199999996053,784.4273909961846
26857,36.81411857638481,727.1399999996053,784.4343526073595
26858,36.81411857638481,727.1599999996052,784.4413140701334
26859,36.81411857638481,727.1799999996052,784.4482753845024
26860,36.81411857638481,727.1999999996052,784.4552365504624
26861,36.81411857638481,727.2199999996052,784.4621975680093
26862,36.81411857638481,727.2399999996052,784.4691584371393
26863,36.81411857638481,727.2599999996052,784.4761191578484
26864,36.81411857638481,727.2799999996051,784.4830797301327
26865,36.81411857638481,727.2999999996051,784.490040153988
26866,36.81411857638481,727.3199999996051,784.4970004294106
26867,36.81411857638481,727.3399999996051,784.5039605563962
26868,36.81411857638481,727.3599999996051,784.5109205349411
26869,36.81411857638481,727.379999999605,784.5178803650412
26870,36.81411857638481,727.399999999605,784.5248400466924
26871,36.81411857638481,727.419999999605,784.5317995798908
26872,36.81411857638481,727.439999999605,784.5387589646326
26873,36.81411857638481,727.459999999605,784.5457182009136
26874,36.81411857638481,727.479999999605,784.5526772887299
26875,36.81411857638481,727.4999999996049,784.5596362280776
26876,36.81411857638481,727.5199999996049,784.5665950189525
26877,36.81411857638481,727.5399999996049,784.5735536613508
26878,36.81411857638481,727.5599999996049,784.5805121552685
26879,36.81411857638481,727.5799999996049,784.5874705007016
26880,36.81411857638481,727.5999999996048,784.594428697646
26881,36.81411857638481,727.6199999996048,784.6013867460979
26882,36.81411857638481,727.6399999996048,784.6083446460532
26883,36.81411857638481,727.6599999996048,784.615302397508
26884,36.81411857638481,727.6799999996048,784.6222600004583
26885,36.81411857638481,727.6999999996048,784.6292174549001
26886,36.81411857638481,727.7199999996047,784.6361747608294
26887,36.81411857638481,727.7399999996047,784.6431319182421
26888,36.81411857638481,727.7599999996047,784.6500889271346
26889,36.81411857638481,727.7799999996047,784.6570457875025
26890,36.81411857638481,727.7999999996047,784.6640024993421
26891,36.81411857638481,727.8199999996046,784.6709590626493
26892,36.81411857638481,727.8399999996046,784.6779154775564
26893,36.81411857638481,727.8599999996046,784.6848717442945
26894,36.81411857638481,727.8799999996046,784.6918278628705
26895,36.81411857638481,727.8999999996046,784.6987838332805
26896,36.81411857638481,727.9199999996046,784.7057396555205
26897,36.81411857638481,727.9399999996045,784.7126953295865
26898,36.81411857638481,727.9599999996045,784.7196508554747
26899,36.81411857638481,727.9799999996045,784.726606233181
26900,36.81411857638481,727.9999999996045,784.7335614627015
26901,36.81411857638481,728.0199999996045,784.7405165440321
26902,36.81411857638481,728.0399999996044,784.7474714771689
26903,36.81411857638481,728.0599999996044,784.754426262108
26904,36.81411857638481,728.0799999996044,784.7613808988455
26905,36.81411857638481,728.0999999996044,784.7683353873772
26906,36.81411857638481,728.1199999996044,784.7752897276993
26907,36.81411857638481,728.1399999996044,784.7822439198077
26908,36.81411857638481,728.1599999996043,784.7891979636985
26909,36.76166415271194,728.1799999996043,784.7961518593678
26910,36.76166415271194,728.1999999996043,784.8031056068115
26911,36.76166415271194,728.2199999996043,784.8100592060258
26912,36.76166415271194,728.2399999996043,784.8170126570067
26913,36.76166415271194,728.2599999996042,784.8239659597501
26914,36.76166415271194,728.2799999996042,784.8309191142522
26915,36.76166415271194,728.2999999996042,784.8378721205089
26916,36.76166415271194,728.3199999996042,784.8448249785163
26917,36.76166415271194,728.3399999996042,784.8517776882703
26918,36.76166415271194,728.3599999996042,784.8587302497672
26919,36.76166415271194,728.3799999996041,784.8656826630029
26920,36.76166415271194,728.3999999996041,784.8726349279733
26921,36.76166415271194,728.4199999996041,784.8795870446746
26922,36.76166415271194,728.4399999996041,784.8865390131028
26923,36.76166415271194,728.4599999996041,784.893490833254
26924,36.76166415271194,728.479999999604,784.900442505124
26925,36.76166415271194,728.499999999604,784.9073940287091
26926,36.76166415271194,728.519999999604,784.9143454040052
26927,36.76166415271194,728.539999999604,784.9212966310083
26928,36.76166415271194,728.559999999604,784.9282477097146
26929,36.76166415271194,728.579999999604,784.93519864012
26930,36.76166415271194,728.5999999996039,784.9421494222206
26931,36.76166415271194,728.6199999996039,784.9491000560124
26932,36.76166415271194,728.6399999996039,784.9560505414914
26933,36.76166415271194,728.6599999996039,784.9630008786537
26934,36.76166415271194,728.6799999996039,784.9699510674952
26935,36.76166415271194,728.6999999996038,784.9769011080122
26936,36.76166415271194,728.7199999996038,784.9838510002005
26937,36.76166415271194,728.7399999996038,784.9908007440562
26938,36.76166415271194,728.7599999996038,784.9977503395753
26939,36.76166415271194,728.7799999996038,785.0046997867539
26940,36.76166415271194,728.7999999996038,785.011649085588
26941,36.76166415271194,728.8199999996037,785.0185982360738
26942,36.76166415271194,728.8399999996037,785.0255472382071
26943,36.76166415271194,728.8599999996037,785.0324960921243
26944,36.76166415271194,728.8799999996037,785.0394447980135
26945,36.76166415271194,728.8999999996037,785.0463933558763
26946,36.76166415271194,728.9199999996036,785.0533417657086
26947,36.76166415271194,728.9399999996036,785.0602900275067
26948,36.76166415271194,728.9599999996036,785.0672381412664
26949,36.76166415271194,728.9799999996036,785.074186106984
26950,36.76166415271194,728.9999999996036,785.0811339246554
26951,36.76166415271194,729.0199999996036,785.0880815942767
26952,36.76166415271194,729.0399999996035,785.0950291158438
26953,36.76166415271194,729.0599999996035,785.1019764893529
26954,36.76166415271194,729.0799999996035,785.1089237148
26955,36.76166415271194,729.0999999996035,785.1158707921811
26956,36.76166415271194,729.1199999996035,785.1228177214923
26957,36.76166415271194,729.1399999996034,785.1297645027297
26958,36.76166415271194,729.1599999996034,785.1367111358892
26959,36.76166415271194,729.1799999996034,785.1436576209669
26960,36.76166415271194,729.1999999996034,785.150603957959
26961,36.76166415271194,729.2199999996034,785.1575501468614
26962,36.76166415271194,729.2399999996034,785.1644961876701
26963,36.76166415271194,729.2599999996033,785.1714420803813
26964,36.76166415271194,729.2799999996033,785.178387824991
26965,36.76166415271194,729.2999999996033,785.1853334214951
26966,36.76166415271194,729.3199999996033,785.1922788698898
26967,36.76166415271194,729.3399999996033,785.1992241701711
26968,36.76166415271194,729.3599999996032,785.206169322335
26969,36.76166415271194,729.3799999996032,785.2131143263776
26970,36.76166415271194,729.3999999996032,785.220059182295
26971,36.76166415271194,729.4199999996032,785.2270038900832
26972,36.76166415271194,729.4399999996032,785.2339484497383
26973,36.76166415271194,729.4599999996032,785.2408928612562
26974,36.76166415271194,729.4799999996031,785.247837124633
26975,36.76166415271194,729.4999999996031,785.2547812398648
26976,36.76166415271194,729.5199999996031,785.2617252069476
26977,36.76166415271194,729.5399999996031,785.2686690258776
26978,36.76166415271194,729.5599999996031,785.2756126966506
26979,36.76166415271194,729.579999999603,785.2825562192628
26980,36.76166415271194,729.599999999603,785.2894995937103
26981,36.76166415271194,729.619999999603,785.296442819989
26982,36.76166415271194,729.639999999603,785.303385898095
26983,36.76166415271194,729.659999999603,785.3103288280245
26984,36.76166415271194,729.679999999603,785.3172716097732
26985,36.76166415271194,729.6999999996029,785.3242142433375
26986,36.76166415271194,729.7199999996029,785.3311567287133
26987,36.76166415271194,729.7399999996029,785.3380990658966
26988,36.76166415271194,729.7599999996029,785.3450412548835
26989,36.76166415271194,729.7799999996029,785.3519832956702
26990,36.76166415271194,729.7999999996028,785.3589251882524
26991,36.76166415271194,729.8199999996028,785.3658669326265
26992,36.76166415271194,729.8399999996028,785.3728085287884
26993,36.76166415271194,729.8599999996028,785.379749976734
26994,36.76166415271194,729.8799999996028,785.3866912766299
26995,36.76166415271194,729.8999999996028,785.3936324286589
26996,36.76166415271194,729.9199999996027,785.4005734328188
26997,36.76166415271194,729.9399999996027,785.4075142891056
26998,36.76166415271194,729.9599999996027,785.4144549975155
26999,36.76166415271194,729.9799999996027,785.4213955580444
27000,36.76166415271194,729.9999999996027,785.4283359706886
27001,36.76166415271194,730.0199999996026,785.435276235444
27002,36.76166415271194,730.0399999996026,785.4422163523067
27003,36.76166415271194,730.0599999996026,785.4491563212727
27004,36.76166415271194,730.0799999996026,785.4560961423381
27005,36.76166415271194,730.0999999996026,785.4630358154989
27006,36.76166415271194,730.1199999996026,785.4699753407513
27007,36.76166415271194,730.1399999996025,785.4769147180912
27008,36.76166415271194,730.1599999996025,785.4838539475147
27009,36.76166415271194,730.1799999996025,785.4907930290179
27010,36.76166415271194,730.1999999996025,785.4977319625968
27011,36.76166415271194,730.2199999996025,785.5046707482476
27012,36.76166415271194,730.2399999996024,785.5116093859662
27013,36.76166415271194,730.2599999996024,785.5185478757486
27014,36.76166415271194,730.2799999996024,785.525486217591
27015,36.76166415271194,730.2999999996024,785.5324244114895
27016,36.76166415271194,730.3199999996024,785.53936245744
27017,36.76166415271194,730.3399999996024,785.5463003554387
27018,36.76166415271194,730.3599999996023,785.5532381054816
27019,36.76166415271194,730.3799999996023,785.5601757075647
27020,36.76166415271194,730.3999999996023,785.5671131616841
27021,36.76166415271194,730.4199999996023,785.574050467836
27022,36.76166415271194,730.4399999996023,785.5809876260162
27023,36.76166415271194,730.4599999996022,785.5879246362209
27024,36.76166415271194,730.4799999996022,785.5948614984462
27025,36.76166415271194,730.4999999996022,785.6017982126881
27026,36.76166415271194,730.5199999996022,785.6087347789426
27027,36.76166415271194,730.5399999996022,785.6156711972058
27028,36.76166415271194,730.5599999996022,785.6226074674738
27029,36.76166415271194,730.5799999996021,785.6295435897426
27030,36.76166415271194,730.5999999996021,785.6364795640084
27031,36.76166415271194,730.6199999996021,785.643415390267
27032,36.76166415271194,730.6399999996021,785.6503510685147
27033,36.76166415271194,730.6599999996021,785.6572865987475
27034,36.76166415271194,730.679999999602,785.6642219809614
27035,36.76166415271194,730.699999999602,785.6711572151526
27036,36.76166415271194,730.719999999602,785.678092301317
27037,36.76166415271194,730.739999999602,785.6850272394506
27038,36.76166415271194,730.759999999602,785.6919620295497
27039,36.76166415271194,730.779999999602,785.6988966716102
27040,36.76166415271194,730.7999999996019,785.7058311656282
27041,36.76166415271194,730.8199999996019,785.7127655115997
27042,36.76166415271194,730.8399999996019,785.7196997095209
27043,36.76166415271194,730.8599999996019,785.7266337593877
27044,36.76166415271194,730.8799999996019,785.7335676611987
27045,36.76166415271194,730.8999999996018,785.7405014151399
27046,36.76166415271194,730.9199999996018,785.747435021376
27047,36.76166415271194,730.9399999996018,785.7543684799031
27048,36.76166415271194,730.9599999996018,785.7613017907171
27049,36.76166415271194,730.9799999996018,785.7682349538142
27050,36.76166415271194,730.9999999996018,785.7751679691904
27051,36.76166415271194,731.0199999996017,785.7821008368419
27052,36.76166415271194,731.0399999996017,785.7890335567646
27053,36.76166415271194,731.0599999996017,785.7959661289547
27054,36.76166415271194,731.0799999996017,785.8028985534081
27055,36.76166415271194,731.0999999996017,785.809830830121
27056,36.76166415271194,731.1199999996016,785.8167629590894
27057,36.76166415271194,731.1399999996016,785.8236949403093
27058,36.76166415271194,731.1599999996016,785.8306267737769
27059,36.76166415271194,731.1799999996016,785.8375584594882
27060,36.76166415271194,731.1999999996016,785.8444899974393
27061,36.76166415271194,731.2199999996016,785.8514213876261
27062,36.76166415271194,731.2399999996015,785.8583526300449
27063,36.76166415271194,731.2599999996015,785.8652837246917
27064,36.76166415271194,731.2799999996015,785.8722146715626
27065,36.76166415271194,731.2999999996015,785.8791454706535
27066,36.76166415271194,731.3199999996015,785.8860761219606
27067,36.76166415271194,731.3399999996014,785.89300662548
27068,36.76166415271194,731.3599999996014,785.8999369812076
27069,36.76166415271194,731.3799999996014,785.9068671891396
27070,36.76166415271194,731.3999999996014,785.913797249272
27071,36.76166415271194,731.4199999996014,785.9207271616009
27072,36.76166415271194,731.4399999996014,785.9276569261224
27073,36.76166415271194,731.4599999996013,785.9345865428324
27074,36.76166415271194,731.4799999996013,785.9415160117272
27075,36.76166415271194,731.4999999996013,785.9484453328027
27076,36.76166415271194,731.5199999996013,785.9553745060551
27077,36.76166415271194,731.5399999996013,785.9623035314804
27078,36.76166415271194,731.5599999996012,785.9692324090746
27079,36.76166415271194,731.5799999996012,785.9761611388338
27080,36.76166415271194,731.5999999996012,785.9830897207542
27081,36.76166415271194,731.6199999996012,785.9900181548317
27082,36.76166415271194,731.6399999996012,785.9969464410624
27083,36.76166415271194,731.6599999996012,786.0038745794424
27084,36.76166415271194,731.6799999996011,786.0108025699677
27085,36.76166415271194,731.6999999996011,786.0177304126345
27086,36.76166415271194,731.7199999996011,786.0246581074388
27087,36.76166415271194,731.7399999996011,786.0315856543766
27088,36.76166415271194,731.7599999996011,786.038513053444
27089,36.76166415271194,731.779999999601,786.0454403046372
27090,36.76166415271194,731.799999999601,786.0523674079521
27091,36.76166415271194,731.819999999601,786.0592943633849
27092,36.76166415271194,731.839999999601,786.0662211709315
27093,36.76166415271194,731.859999999601,786.0731478305881
27094,36.76166415271194,731.879999999601,786.0800743423508
27095,36.76166415271194,731.8999999996009,786.0870007062226
27096,36.76166415271194,731.9199999996009,786.0939269224167
27097,36.76166415271194,731.9399999996009,786.1008529910836
27098,36.76166415271194,731.9599999996009,786.1077789122191
27099,36.709334176553426,731.9799999996009,786.1147046858197
27100,36.709334176553426,731.9999999996008,786.1216303118812
27101,36.709334176553426,732.0199999996008,786.1285557903997
27102,36.709334176553426,732.0399999996008,786.1354811213713
27103,36.709334176553426,732.0599999996008,786.1424063047921
27104,36.709334176553426,732.0799999996008,786.1493313406581
27105,36.709334176553426,732.0999999996008,786.1562562289655
27106,36.709334176553426,732.1199999996007,786.1631809697103
27107,36.709334176553426,732.1399999996007,786.1701055628887
27108,36.709334176553426,732.1599999996007,786.1770300084967
27109,36.709334176553426,732.1799999996007,786.1839543065303
27110,36.709334176553426,732.1999999996007,786.1908784569856
27111,36.709334176553426,732.2199999996006,786.1978024598587
27112,36.709334176553426,732.2399999996006,786.2047263151458
27113,36.709334176553426,732.2599999996006,786.2116500228428
27114,36.709334176553426,732.2799999996006,786.218573582946
27115,36.709334176553426,732.2999999996006,786.2254969954512
27116,36.709334176553426,732.3199999996006,786.2324202603546
27117,36.709334176553426,732.3399999996005,786.2393433776524
27118,36.709334176553426,732.3599999996005,786.2462663473406
27119,36.709334176553426,732.3799999996005,786.2531891694151
27120,36.709334176553426,732.3999999996005,786.2601118438722
27121,36.709334176553426,732.4199999996005,786.267034370708
27122,36.709334176553426,732.4399999996004,786.2739567499184
27123,36.709334176553426,732.4599999996004,786.2808789814997
27124,36.709334176553426,732.4799999996004,786.2878010654478
27125,36.709334176553426,732.4999999996004,786.2947230017587
27126,36.709334176553426,732.5199999996004,786.3016447904287
27127,36.709334176553426,732.5399999996004,786.3085664314538
27128,36.709334176553426,732.5599999996003,786.31548792483
27129,36.709334176553426,732.5799999996003,786.3224092705535
27130,36.709334176553426,732.5999999996003,786.3293304686204
27131,36.709334176553426,732.6199999996003,786.3362515190266
27132,36.709334176553426,732.6399999996003,786.3431724217684
27133,36.709334176553426,732.6599999996002,786.3500931768417
27134,36.709334176553426,732.6799999996002,786.3570137842428
27135,36.709334176553426,732.6999999996002,786.3639342439675
27136,36.709334176553426,732.7199999996002,786.3708545560121
27137,36.709334176553426,732.7399999996002,786.3777747203726
27138,36.709334176553426,732.7599999996002,786.384694737045
27139,36.709334176553426,732.7799999996001,786.3916146060255
27140,36.709334176553426,732.7999999996001,786.3985343273102
27141,36.709334176553426,732.8199999996001,786.4054539008952
27142,36.709334176553426,732.8399999996001,786.4123733267763
27143,36.709334176553426,732.8599999996001,786.41929260495
27144,36.709334176553426,732.8799999996,786.426211735412
27145,36.709334176553426,732.8999999996,786.4331307181586
27146,36.709334176553426,732.9199999996,786.440049553196
27147,36.709334176553426,732.9399999996,786.446968240728
27148,36.709334176553426,732.9599999996,786.4538867808673
27149,36.709334176553426,732.9799999996,786.4608051736099
27150,36.709334176553426,732.9999999995999,786.467723418952
27151,36.709334176553426,733.0199999995999,786.4746415168896
27152,36.709334176553426,733.0399999995999,786.481559467419
27153,36.709334176553426,733.0599999995999,786.4884772705359
27154,36.709334176553426,733.0799999995999,786.4953949262367
27155,36.709334176553426,733.0999999995998,786.5023124345174
27156,36.709334176553426,733.1199999995998,786.509229795374
27157,36.709334176553426,733.1399999995998,786.5161470088027
27158,36.709334176553426,733.1599999995998,786.5230640747995
27159,36.709334176553426,733.1799999995998,786.5299809933606
27160,36.709334176553426,733.1999999995998,786.536897764482
27161,36.709334176553426,733.2199999995997,786.5438143881597
27162,36.709334176553426,733.2399999995997,786.55073086439
27163,36.709334176553426,733.2599999995997,786.5576471931688
27164,36.709334176553426,733.2799999995997,786.5645633744923
27165,36.709334176553426,733.2999999995997,786.5714794083565
27166,36.709334176553426,733.3199999995996,786.5783952947576
27167,36.709334176553426,733.3399999995996,786.5853110336915
27168,36.709334176553426,733.3599999995996,786.5922266251545
27169,36.709334176553426,733.3799999995996,786.5991420691425
27170,36.709334176553426,733.3999999995996,786.6060573656517
27171,36.709334176553426,733.4199999995996,786.6129725146782
27172,36.709334176553426,733.4399999995995,786.619887516218
27173,36.709334176553426,733.4599999995995,786.6268023702672
27174,36.709334176553426,733.4799999995995,786.633717076822
27175,36.709334176553426,733.4999999995995,786.6406316358783
27176,36.709334176553426,733.5199999995995,786.6475460474323
27177,36.709334176553426,733.5399999995994,786.6544603114801
27178,36.709334176553426,733.5599999995994,786.6613744280177
27179,36.709334176553426,733.5799999995994,786.6682883970412
27180,36.709334176553426,733.5999999995994,786.6752022185468
27181,36.709334176553426,733.6199999995994,786.6821158925305
27182,36.709334176553426,733.6399999995994,786.6890294189884
27183,36.709334176553426,733.6599999995993,786.6959427979166
27184,36.709334176553426,733.6799999995993,786.7028560293112
27185,36.709334176553426,733.6999999995993,786.7097691131682
27186,36.709334176553426,733.7199999995993,786.7166820494839
27187,36.709334176553426,733.7399999995993,786.7235948382541
27188,36.709334176553426,733.7599999995992,786.7305074794751
27189,36.709334176553426,733.7799999995992,786.7374199731429
27190,36.709334176553426,733.7999999995992,786.7443323192535
27191,36.709334176553426,733.8199999995992,786.7512445178032
27192,36.709334176553426,733.8399999995992,786.758156568788
27193,36.709334176553426,733.8599999995992,786.7650684722039
27194,36.709334176553426,733.8799999995991,786.771980228047
27195,36.709334176553426,733.8999999995991,786.7788918363135
27196,36.709334176553426,733.9199999995991,786.7858032969995
27197,36.709334176553426,733.9399999995991,786.7927146101158
27198,36.709334176553426,733.9599999995991,786.7996257758956
27199,36.709334176553426,733.979999999599,786.8065367944378
27200,36.709334176553426,733.999999999599,786.8134476657383
27201,36.709334176553426,734.019999999599,786.8203583897933
27202,36.709334176553426,734.039999999599,786.827268966599
27203,36.709334176553426,734.059999999599,786.8341793961514
27204,36.709334176553426,734.079999999599,786.8410896784465
27205,36.709334176553426,734.0999999995989,786.8479998134804
27206,36.709334176553426,734.1199999995989,786.8549098012494
27207,36.709334176553426,734.1399999995989,786.8618196417494
27208,36.709334176553426,734.1599999995989,786.8687293349766
27209,36.709334176553426,734.1799999995989,786.875638880927
27210,36.709334176553426,734.1999999995988,786.8825482795967
27211,36.709334176553426,734.2199999995988,786.8894575309819
27212,36.709334176553426,734.2399999995988,786.8963666350785
27213,36.709334176553426,734.2599999995988,786.9032755918828
27214,36.709334176553426,734.2799999995988,786.9101844013908
27215,36.709334176553426,734.2999999995988,786.9170930635986
27216,36.709334176553426,734.3199999995987,786.9240015785023
27217,36.709334176553426,734.3399999995987,786.9309099460979
27218,36.709334176553426,734.3599999995987,786.9378181663817
27219,36.709334176553426,734.3799999995987,786.9447262393496
27220,36.709334176553426,734.3999999995987,786.9516341649978
27221,36.709334176553426,734.4199999995986,786.9585419433224
27222,36.709334176553426,734.4399999995986,786.9654495743195
27223,36.709334176553426,734.4599999995986,786.972357057985
27224,36.709334176553426,734.4799999995986,786.9792643943154
27225,36.709334176553426,734.4999999995986,786.9861715833064
27226,36.709334176553426,734.5199999995986,786.9930786249543
27227,36.709334176553426,734.5399999995985,786.999985519255
27228,36.709334176553426,734.5599999995985,787.0068922662048
27229,36.709334176553426,734.5799999995985,787.0137988657997
27230,36.709334176553426,734.5999999995985,787.0207053180359
27231,36.709334176553426,734.6199999995985,787.0276116229094
27232,36.709334176553426,734.6399999995984,787.0345177804163
27233,36.709334176553426,734.6599999995984,787.0414237905527
27234,36.709334176553426,734.6799999995984,787.0483296533147
27235,36.709334176553426,734.6999999995984,787.0552353686984
27236,36.709334176553426,734.7199999995984,787.0621409366998
27237,36.709334176553426,734.7399999995984,787.0690463573152
27238,36.709334176553426,734.7599999995983,787.0759516305405
27239,36.709334176553426,734.7799999995983,787.0828567563719
27240,36.709334176553426,734.7999999995983,787.0897617348055
27241,36.709334176553426,734.8199999995983,787.0966665658374
27242,36.709334176553426,734.8399999995983,787.1035712494637
27243,36.709334176553426,734.8599999995982,787.1104757856805
27244,36.709334176553426,734.8799999995982,787.1173801744837
27245,36.709334176553426,734.8999999995982,787.1242844158697
27246,36.709334176553426,734.9199999995982,787.1311885098345
27247,36.709334176553426,734.9399999995982,787.138092456374
27248,36.709334176553426,734.9599999995982,787.1449962555046
27249,36.709334176553426,734.9799999995981,787.1518999074888
27250,36.709334176553426,734.9999999995981,787.1588034124088
27251,36.709334176553426,735.0199999995981,787.1657067702607
27252,36.709334176553426,735.0399999995981,787.1726099810406
27253,36.709334176553426,735.0599999995981,787.1795130447447
27254,36.709334176553426,735.079999999598,787.1864159613689
27255,36.709334176553426,735.099999999598,787.1933187309094
27256,36.709334176553426,735.119999999598,787.2002213533622
27257,36.709334176553426,735.139999999598,787.2071238287234
27258,36.709334176553426,735.159999999598,787.2140261569892
27259,36.709334176553426,735.179999999598,787.2209283381558
27260,36.709334176553426,735.1999999995979,787.227830372219
27261,36.709334176553426,735.2199999995979,787.2347322591752
27262,36.709334176553426,735.2399999995979,787.2416339990203
27263,36.709334176553426,735.2599999995979,787.2485355917505
27264,36.709334176553426,735.2799999995979,787.2554370373618
27265,36.709334176553426,735.2999999995978,787.2623383358504
27266,36.709334176553426,735.3199999995978,787.2692394872122
27267,36.709334176553426,735.3399999995978,787.2761404914435
27268,36.709334176553426,735.3599999995978,787.2830413485403
27269,36.709334176553426,735.3799999995978,787.2899420584988
27270,36.709334176553426,735.3999999995978,787.296842621315
27271,36.709334176553426,735.4199999995977,787.3037430369851
27272,36.709334176553426,735.4399999995977,787.3106433055051
27273,36.709334176553426,735.4599999995977,787.3175434268711
27274,36.709334176553426,735.4799999995977,787.3244434010793
27275,36.709334176553426,735.4999999995977,787.3313432281257
27276,36.709334176553426,735.5199999995976,787.3382429080064
27277,36.709334176553426,735.5399999995976,787.3451424407175
27278,36.709334176553426,735.5599999995976,787.3520418262551
27279,36.709334176553426,735.5799999995976,787.3589410646154
27280,36.709334176553426,735.5999999995976,787.3658401557943
27281,36.709334176553426,735.6199999995976,787.3727390997881
27282,36.709334176553426,735.6399999995975,787.3796378965927
27283,36.709334176553426,735.6599999995975,787.3865365462044
27284,36.709334176553426,735.6799999995975,787.3934350486192
27285,36.709334176553426,735.6999999995975,787.4003334038331
27286,36.709334176553426,735.7199999995975,787.4072316118423
27287,36.709334176553426,735.7399999995974,787.4141296726431
27288,36.709334176553426,735.7599999995974,787.4210275862313
27289,36.709334176553426,735.7799999995974,787.4279253526031
27290,36.709334176553426,735.7999999995974,787.4348229717547
27291,36.657128234950825,735.8199999995974,787.441720443682
27292,36.657128234950825,735.8399999995974,787.4486177683813
27293,36.657128234950825,735.8599999995973,787.4555149458484
27294,36.657128234950825,735.8799999995973,787.4624119760798
27295,36.657128234950825,735.8999999995973,787.4693088590714
27296,36.657128234950825,735.9199999995973,787.4762055948192
27297,36.657128234950825,735.9399999995973,787.4831021833195
27298,36.657128234950825,735.9599999995972,787.4899986245682
27299,36.657128234950825,735.9799999995972,787.4968949185836
27300,36.657128234950825,735.9999999995972,787.5037910656182
27301,36.657128234950825,736.0199999995972,787.5106870657257
27302,36.657128234950825,736.0399999995972,787.5175829189023
27303,36.657128234950825,736.0599999995972,787.5244786251442
27304,36.657128234950825,736.0799999995971,787.5313741844473
27305,36.657128234950825,736.0999999995971,787.5382695968078
27306,36.657128234950825,736.1199999995971,787.5451648622219
27307,36.657128234950825,736.1399999995971,787.5520599806856
27308,36.657128234950825,736.1599999995971,787.5589549521951
27309,36.657128234950825,736.179999999597,787.5658497767464
27310,36.657128234950825,736.199999999597,787.5727444543357
27311,36.657128234950825,736.219999999597,787.5796389849592
27312,36.657128234950825,736.239999999597,787.5865333686128
27313,36.657128234950825,736.259999999597,787.5934276052927
27314,36.657128234950825,736.279999999597,787.6003216949952
27315,36.657128234950825,736.2999999995969,787.6072156377161
27316,36.657128234950825,736.3199999995969,787.6141094334516
27317,36.657128234950825,736.3399999995969,787.621003082198
27318,36.657128234950825,736.3599999995969,787.6278965839512
27319,36.657128234950825,736.3799999995969,787.6347899387074
27320,36.657128234950825,736.3999999995968,787.6416831464627
27321,36.657128234950825,736.4199999995968,787.6485762072133
27322,36.657128234950825,736.4399999995968,787.6554691209552
27323,36.657128234950825,736.4599999995968,787.6623618876846
27324,36.657128234950825,736.4799999995968,787.6692545073975
27325,36.657128234950825,736.4999999995968,787.67614698009
27326,36.657128234950825,736.5199999995967,787.6830393057584
27327,36.657128234950825,736.5399999995967,787.6899314843987
27328,36.657128234950825,736.5599999995967,787.696823516007
27329,36.657128234950825,736.5799999995967,787.7037154005794
27330,36.657128234950825,736.5999999995967,787.7106071381121
27331,36.657128234950825,736.6199999995966,787.7174987286011
27332,36.657128234950825,736.6399999995966,787.7243901720426
27333,36.657128234950825,736.6599999995966,787.7312814684327
27334,36.657128234950825,736.6799999995966,787.7381726177675
27335,36.657128234950825,736.6999999995966,787.7450636200431
27336,36.657128234950825,736.7199999995966,787.7519544752556
27337,36.657128234950825,736.7399999995965,787.7588451834011
27338,36.657128234950825,736.7599999995965,787.7657357444758
27339,36.657128234950825,736.7799999995965,787.7726261584758
27340,36.657128234950825,736.7999999995965,787.7795164253971
27341,36.657128234950825,736.8199999995965,787.786406545236
27342,36.657128234950825,736.8399999995964,787.7932965179884
27343,36.657128234950825,736.8599999995964,787.8001863436506
27344,36.657128234950825,736.8799999995964,787.8070760222186
27345,36.657128234950825,736.8999999995964,787.8139655536885
27346,36.657128234950825,736.9199999995964,787.8208549380565
27347,36.657128234950825,736.9399999995964,787.8277441753188
27348,36.657128234950825,736.9599999995963,787.8346332654713
27349,36.657128234950825,736.9799999995963,787.8415222085102
27350,36.657128234950825,736.9999999995963,787.8484110044585
27351,36.657128234950825,737.0199999995963,787.8552996535925
27352,36.657128234950825,737.0399999995963,787.8621881559474
27353,36.657128234950825,737.0599999995962,787.8690765115192
27354,36.657128234950825,737.0799999995962,787.8759647203042
27355,36.657128234950825,737.0999999995962,787.8828527822983
27356,36.657128234950825,737.1199999995962,787.8897406974978
27357,36.657128234950825,737.1399999995962,787.8966284658987
27358,36.657128234950825,737.1599999995962,787.9035160874972
27359,36.657128234950825,737.1799999995961,787.9104035622894
27360,36.657128234950825,737.1999999995961,787.9172908902714
27361,36.657128234950825,737.2199999995961,787.9241780714392
27362,36.657128234950825,737.2399999995961,787.9310651057891
27363,36.657128234950825,737.2599999995961,787.9379519933171
27364,36.657128234950825,737.279999999596,787.9448387340194
27365,36.657128234950825,737.299999999596,787.9517253278921
27366,36.657128234950825,737.319999999596,787.9586117749312
27367,36.657128234950825,737.339999999596,787.965498075133
27368,36.657128234950825,737.359999999596,787.9723842284935
27369,36.657128234950825,737.379999999596,787.9792702350089
27370,36.657128234950825,737.3999999995959,787.9861560946753
27371,36.657128234950825,737.4199999995959,787.9930418074887
27372,36.657128234950825,737.4399999995959,787.9999273734453
27373,36.657128234950825,737.4599999995959,788.0068127925413
27374,36.657128234950825,737.4799999995959,788.0136980647726
27375,36.657128234950825,737.4999999995958,788.0205831901355
27376,36.657128234950825,737.5199999995958,788.0274681686261
27377,36.657128234950825,737.5399999995958,788.0343530002405
27378,36.657128234950825,737.5599999995958,788.0412376849747
27379,36.657128234950825,737.5799999995958,788.048122222825
27380,36.657128234950825,737.5999999995958,788.0550066137874
27381,36.657128234950825,737.6199999995957,788.0618908578581
27382,36.657128234950825,737.6399999995957,788.0687749550332
27383,36.657128234950825,737.6599999995957,788.0756589053087
27384,36.657128234950825,737.6799999995957,788.0825427086809
27385,36.657128234950825,737.6999999995957,788.0894263651458
27386,36.657128234950825,737.7199999995956,788.0963098746995
27387,36.657128234950825,737.7399999995956,788.1031932373382
27388,36.657128234950825,737.7599999995956,788.110076453058
27389,36.657128234950825,737.7799999995956,788.116959521855
27390,36.657128234950825,737.7999999995956,788.1238424437254
27391,36.657128234950825,737.8199999995956,788.1307252186651
27392,36.657128234950825,737.8399999995955,788.1376078466704
27393,36.657128234950825,737.8599999995955,788.1444903277375
27394,36.657128234950825,737.8799999995955,788.1513726618623
27395,36.657128234950825,737.8999999995955,788.1582548490411
27396,36.657128234950825,737.9199999995955,788.1651368892699
27397,36.657128234950825,737.9399999995954,788.1720187825448
27398,36.657128234950825,737.9599999995954,788.1789005288621
27399,36.657128234950825,737.9799999995954,788.1857821282177
27400,36.657128234950825,737.9999999995954,788.1926635806079
27401,36.657128234950825,738.0199999995954,788.1995448860681
27402,36.657128234950825,738.0399999995954,788.2064260448775
27403,36.657128234950825,738.0599999995953,788.2133070570593
27404,36.657128234950825,738.0799999995953,788.2201879226095
27405,36.657128234950825,738.0999999995953,788.2270686415244
27406,36.657128234950825,738.1199999995953,788.2339492138001
27407,36.657128234950825,738.1399999995953,788.2408296394326
27408,36.657128234950825,738.1599999995952,788.2477099184181
27409,36.657128234950825,738.1799999995952,788.2545900507528
27410,36.657128234950825,738.1999999995952,788.2614700364327
27411,36.657128234950825,738.2199999995952,788.268349875454
27412,36.657128234950825,738.2399999995952,788.2752295678127
27413,36.657128234950825,738.2599999995952,788.2821091135052
27414,36.657128234950825,738.2799999995951,788.2889885125273
27415,36.657128234950825,738.2999999995951,788.2958677648754
27416,36.657128234950825,738.3199999995951,788.3027468705454
27417,36.657128234950825,738.3399999995951,788.3096258295336
27418,36.657128234950825,738.3599999995951,788.3165046418361
27419,36.657128234950825,738.379999999595,788.3233833074489
27420,36.657128234950825,738.399999999595,788.3302618263683
27421,36.657128234950825,738.419999999595,788.3371401985903
27422,36.657128234950825,738.439999999595,788.344018424111
27423,36.657128234950825,738.459999999595,788.3508965029267
27424,36.657128234950825,738.479999999595,788.3577744350334
27425,36.657128234950825,738.4999999995949,788.3646522204273
27426,36.657128234950825,738.5199999995949,788.3715298591044
27427,36.657128234950825,738.5399999995949,788.3784073510609
27428,36.657128234950825,738.5599999995949,788.385284696293
27429,36.657128234950825,738.5799999995949,788.3921618947967
27430,36.657128234950825,738.5999999995948,788.3990389465682
27431,36.657128234950825,738.6199999995948,788.4059158516037
27432,36.657128234950825,738.6399999995948,788.4127926098992
27433,36.657128234950825,738.6599999995948,788.4196692214508
27434,36.657128234950825,738.6799999995948,788.4265456862548
27435,36.657128234950825,738.6999999995948,788.4334220043072
27436,36.657128234950825,738.7199999995947,788.4402981756042
27437,36.657128234950825,738.7399999995947,788.4471742001418
27438,36.657128234950825,738.7599999995947,788.4540500779162
27439,36.657128234950825,738.7799999995947,788.4609258089237
27440,36.657128234950825,738.7999999995947,788.4678013931601
27441,36.657128234950825,738.8199999995946,788.4746768306218
27442,36.657128234950825,738.8399999995946,788.4815521213047
27443,36.657128234950825,738.8599999995946,788.4884272652051
27444,36.657128234950825,738.8799999995946,788.4953022623191
27445,36.657128234950825,738.8999999995946,788.5021771126428
27446,36.657128234950825,738.9199999995946,788.5090518161724
27447,36.657128234950825,738.9399999995945,788.5159263729039
27448,36.657128234950825,738.9599999995945,788.5228007828335
27449,36.657128234950825,738.9799999995945,788.5296750459574
27450,36.657128234950825,738.9999999995945,788.5365491622717
27451,36.657128234950825,739.0199999995945,788.5434231317724
27452,36.657128234950825,739.0399999995944,788.5502969545191
27453,36.657128234950825,739.0599999995944,788.5571706307892
27454,36.657128234950825,739.0799999995944,788.5640441606029
27455,36.657128234950825,739.0999999995944,788.5709175439563
27456,36.657128234950825,739.1199999995944,788.5777907808457
27457,36.657128234950825,739.1399999995944,788.5846638712671
27458,36.657128234950825,739.1599999995943,788.5915368152168
27459,36.657128234950825,739.1799999995943,788.5984096126908
27460,36.657128234950825,739.1999999995943,788.6052822636854
27461,36.657128234950825,739.2199999995943,788.6121547681964
27462,36.657128234950825,739.2399999995943,788.6190271262203
27463,36.657128234950825,739.2599999995942,788.625899337753
27464,36.657128234950825,739.2799999995942,788.6327714027908
27465,36.657128234950825,739.2999999995942,788.6396433213297
27466,36.657128234950825,739.3199999995942,788.6465150933659
27467,36.657128234950825,739.3399999995942,788.6533867188956
27468,36.657128234950825,739.3599999995942,788.6602581979149
27469,36.657128234950825,739.3799999995941,788.6671295304199
27470,36.657128234950825,739.3999999995941,788.6740007164067
27471,36.657128234950825,739.4199999995941,788.6808717558715
27472,36.657128234950825,739.4399999995941,788.6877426488105
27473,36.657128234950825,739.4599999995941,788.6946133952198
27474,36.657128234950825,739.479999999594,788.7014839950955
27475,36.657128234950825,739.499999999594,788.7083544484337
27476,36.657128234950825,739.519999999594,788.7152247552307
27477,36.657128234950825,739.539999999594,788.7220949154824
27478,36.657128234950825,739.559999999594,788.7289649291852
27479,36.657128234950825,739.579999999594,788.735834796335
27480,36.657128234950825,739.5999999995939,788.7427045169281
27481,36.657128234950825,739.6199999995939,788.7495740909607
27482,36.657128234950825,739.6399999995939,788.7564435184287
27483,36.60504591670579,739.6599999995939,788.7633127993284
27484,36.60504591670579,739.6799999995939,788.770181933656
27485,36.60504591670579,739.6999999995938,788.7770509214074
27486,36.60504591670579,739.7199999995938,788.783919762579
27487,36.60504591670579,739.7399999995938,788.7907884571667
27488,36.60504591670579,739.7599999995938,788.7976570051669
27489,36.60504591670579,739.7799999995938,788.8045254065756
27490,36.60504591670579,739.7999999995938,788.8113936613889
27491,36.60504591670579,739.8199999995937,788.818261769603
27492,36.60504591670579,739.8399999995937,788.8251297312141
27493,36.60504591670579,739.8599999995937,788.8319975462183
27494,36.60504591670579,739.8799999995937,788.8388652146117
27495,36.60504591670579,739.8999999995937,788.8457327363905
27496,36.60504591670579,739.9199999995936,788.8526001115507
27497,36.60504591670579,739.9399999995936,788.8594673400886
27498,36.60504591670579,739.9599999995936,788.8663344220003
27499,36.60504591670579,739.9799999995936,788.8732013572818
27500,36.60504591670579,739.9999999995936,788.8800681459294
27501,36.60504591670579,740.0199999995936,788.8869347879393
27502,36.60504591670579,740.0399999995935,788.8938012833074
27503,36.60504591670579,740.0599999995935,788.9006676321052
27504,36.60504591670579,740.0799999995935,788.9075338345614
27505,36.60504591670579,740.0999999995935,788.9143998906898
27506,36.60504591670579,740.1199999995935,788.9212658004865
27507,36.60504591670579,740.1399999995934,788.9281315639477
27508,36.60504591670579,740.1599999995934,788.9349971810694
27509,36.60504591670579,740.1799999995934,788.941862651848
27510,36.60504591670579,740.1999999995934,788.9487279762795
27511,36.60504591670579,740.2199999995934,788.9555931543601
27512,36.60504591670579,740.2399999995934,788.9624581860859
27513,36.60504591670579,740.2599999995933,788.969323071453
27514,36.60504591670579,740.2799999995933,788.9761878104576
27515,36.60504591670579,740.2999999995933,788.983052403096
27516,36.60504591670579,740.3199999995933,788.9899168493642
27517,36.60504591670579,740.3399999995933,788.9967811492584
27518,36.60504591670579,740.3599999995932,789.0036453027747
27519,36.60504591670579,740.3799999995932,789.0105093099093
27520,36.60504591670579,740.3999999995932,789.0173731706582
27521,36.60504591670579,740.4199999995932,789.0242368850178
27522,36.60504591670579,740.4399999995932,789.0311004529841
27523,36.60504591670579,740.4599999995932,789.0379638745533
27524,36.60504591670579,740.4799999995931,789.0448271497214
27525,36.60504591670579,740.4999999995931,789.0516902784848
27526,36.60504591670579,740.5199999995931,789.0585532608395
27527,36.60504591670579,740.5399999995931,789.0654160967817
27528,36.60504591670579,740.5599999995931,789.0722787863076
27529,36.60504591670579,740.579999999593,789.0791413294132
27530,36.60504591670579,740.599999999593,789.0860037260948
27531,36.60504591670579,740.619999999593,789.0928659763484
27532,36.60504591670579,740.639999999593,789.0997280801703
27533,36.60504591670579,740.659999999593,789.1065900375565
27534,36.60504591670579,740.679999999593,789.1134518485034
27535,36.60504591670579,740.6999999995929,789.1203135130069
27536,36.60504591670579,740.7199999995929,789.1271750310632
27537,36.60504591670579,740.7399999995929,789.1340364026686
27538,36.60504591670579,740.7599999995929,789.1408976278191
27539,36.60504591670579,740.7799999995929,789.1477587065109
27540,36.60504591670579,740.7999999995928,789.1546196387402
27541,36.60504591670579,740.8199999995928,789.1614804245031
27542,36.60504591670579,740.8399999995928,789.1683410637958
27543,36.60504591670579,740.8599999995928,789.1752015566144
27544,36.60504591670579,740.8799999995928,789.1820619029551
27545,36.60504591670579,740.8999999995928,789.188922102814
27546,36.60504591670579,740.9199999995927,789.1957821561873
27547,36.60504591670579,740.9399999995927,789.2026420630712
27548,36.60504591670579,740.9599999995927,789.2095018234617
27549,36.60504591670579,740.9799999995927,789.216361437355
27550,36.60504591670579,740.9999999995927,789.2232209047472
27551,36.60504591670579,741.0199999995926,789.2300802256347
27552,36.60504591670579,741.0399999995926,789.2369394000134
27553,36.60504591670579,741.0599999995926,789.2437984278796
27554,36.60504591670579,741.0799999995926,789.2506573093294
27555,36.60504591670579,741.0999999995926,789.2575160445896
27556,36.60504591670579,741.1199999995926,789.2643746336707
27557,36.60504591670579,741.1399999995925,789.271233076569
27558,36.60504591670579,741.1599999995925,789.2780913732807
27559,36.60504591670579,741.1799999995925,789.284949523802
27560,36.60504591670579,741.1999999995925,789.2918075281289
27561,36.60504591670579,741.2199999995925,789.2986653862575
27562,36.60504591670579,741.2399999995924,789.3055230981843
27563,36.60504591670579,741.2599999995924,789.3123806639052
27564,36.60504591670579,741.2799999995924,789.3192380834164
27565,36.60504591670579,741.2999999995924,789.3260953567141
27566,36.60504591670579,741.3199999995924,789.3329524837944
27567,36.60504591670579,741.3399999995924,789.3398094646536
27568,36.60504591670579,741.3599999995923,789.3466662992878
27569,36.60504591670579,741.3799999995923,789.353522987693
27570,36.60504591670579,741.3999999995923,789.3603795298656
27571,36.60504591670579,741.4199999995923,789.3672359258015
27572,36.60504591670579,741.4399999995923,789.3740921754971
27573,36.60504591670579,741.4599999995922,789.3809482789485
27574,36.60504591670579,741.4799999995922,789.3878042361519
27575,36.60504591670579,741.4999999995922,789.3946600471033
27576,36.60504591670579,741.5199999995922,789.4015157117991
27577,36.60504591670579,741.5399999995922,789.4083712302353
27578,36.60504591670579,741.5599999995922,789.415226602408
27579,36.60504591670579,741.5799999995921,789.4220818283135
27580,36.60504591670579,741.5999999995921,789.4289369079479
27581,36.60504591670579,741.6199999995921,789.4357918413074
27582,36.60504591670579,741.6399999995921,789.4426466283882
27583,36.60504591670579,741.6599999995921,789.4495012691864
27584,36.60504591670579,741.679999999592,789.4563557636982
27585,36.60504591670579,741.699999999592,789.4632101119197
27586,36.60504591670579,741.719999999592,789.470064313847
27587,36.60504591670579,741.739999999592,789.4769183694765
27588,36.60504591670579,741.759999999592,789.4837722788042
27589,36.60504591670579,741.779999999592,789.4906260418262
27590,36.60504591670579,741.7999999995919,789.4974796585389
27591,36.60504591670579,741.8199999995919,789.5043331289382
27592,36.60504591670579,741.8399999995919,789.5111864530205
27593,36.60504591670579,741.8599999995919,789.5180396307818
27594,36.60504591670579,741.8799999995919,789.5248926622182
27595,36.60504591670579,741.8999999995918,789.5317455473261
27596,36.60504591670579,741.9199999995918,789.5385982861014
27597,36.60504591670579,741.9399999995918,789.5454508785406
27598,36.60504591670579,741.9599999995918,789.5523033246395
27599,36.60504591670579,741.9799999995918,789.5591556243945
27600,36.60504591670579,741.9999999995918,789.5660077778017
27601,36.60504591670579,742.0199999995917,789.5728597848573
27602,36.60504591670579,742.0399999995917,789.5797116455574
27603,36.60504591670579,742.0599999995917,789.5865633598982
27604,36.60504591670579,742.0799999995917,789.5934149278758
27605,36.60504591670579,742.0999999995917,789.6002663496073
27606,36.60504591670579,742.1199999995916,789.6071176253042
27607,36.60504591670579,742.1399999995916,789.6139687549733
27608,36.60504591670579,742.1599999995916,789.6208197386105
27609,36.60504591670579,742.1799999995916,789.6276705762123
27610,36.60504591670579,742.1999999995916,789.6345212677746
27611,36.60504591670579,742.2199999995916,789.6413718132937
27612,36.60504591670579,742.2399999995915,789.6482222127659
27613,36.60504591670579,742.2599999995915,789.6550724661871
27614,36.60504591670579,742.2799999995915,789.6619225735536
27615,36.60504591670579,742.2999999995915,789.6687725348615
27616,36.60504591670579,742.3199999995915,789.6756223501071
27617,36.60504591670579,742.3399999995914,789.6824720192866
27618,36.60504591670579,742.3599999995914,789.689321542396
27619,36.60504591670579,742.3799999995914,789.6961709194316
27620,36.60504591670579,742.3999999995914,789.7030201503894
27621,36.60504591670579,742.4199999995914,789.7098692352658
27622,36.60504591670579,742.4399999995914,789.716718174057
27623,36.60504591670579,742.4599999995913,789.7235669667589
27624,36.60504591670579,742.4799999995913,789.7304156133679
27625,36.60504591670579,742.4999999995913,789.7372641138801
27626,36.60504591670579,742.5199999995913,789.7441124682916
27627,36.60504591670579,742.5399999995913,789.7509606765988
27628,36.60504591670579,742.5599999995912,789.7578087387976
27629,36.60504591670579,742.5799999995912,789.7646566548844
27630,36.60504591670579,742.5999999995912,789.7715044248554
27631,36.60504591670579,742.6199999995912,789.7783520487066
27632,36.60504591670579,742.6399999995912,789.7851995264341
27633,36.60504591670579,742.6599999995912,789.7920468580343
27634,36.60504591670579,742.6799999995911,789.7988940435032
27635,36.60504591670579,742.6999999995911,789.8057410828371
27636,36.60504591670579,742.7199999995911,789.8125879760322
27637,36.60504591670579,742.7399999995911,789.8194347230846
27638,36.60504591670579,742.7599999995911,789.8262813239904
27639,36.60504591670579,742.779999999591,789.833127778746
27640,36.60504591670579,742.799999999591,789.8399740873473
27641,36.60504591670579,742.819999999591,789.8468202497907
27642,36.60504591670579,742.839999999591,789.8536662660722
27643,36.60504591670579,742.859999999591,789.860512136188
27644,36.60504591670579,742.879999999591,789.8673578601345
27645,36.60504591670579,742.8999999995909,789.8742034379076
27646,36.60504591670579,742.9199999995909,789.8810488695036
27647,36.60504591670579,742.9399999995909,789.8878941549186
27648,36.60504591670579,742.9599999995909,789.894739294149
27649,36.60504591670579,742.9799999995909,789.9015842871906
27650,36.60504591670579,742.9999999995908,789.9084291340399
27651,36.60504591670579,743.0199999995908,789.915273834693
27652,36.60504591670579,743.0399999995908,789.922118389146
27653,36.60504591670579,743.0599999995908,789.9289627973951
27654,36.60504591670579,743.0799999995908,789.9358070594366
27655,36.60504591670579,743.0999999995908,789.9426511752665
27656,36.60504591670579,743.1199999995907,789.9494951450313
27657,36.60504591670579,743.1399999995907,789.9563389689384
27658,36.60504591670579,743.1599999995907,789.9631826469911
27659,36.60504591670579,743.1799999995907,789.9700261791854
27660,36.60504591670579,743.1999999995907,789.9768695655175
27661,36.60504591670579,743.2199999995906,789.9837128059836
27662,36.60504591670579,743.2399999995906,789.9905559005799
27663,36.60504591670579,743.2599999995906,789.9973988493026
27664,36.60504591670579,743.2799999995906,790.0042416521775
27665,36.60504591670579,743.2999999995906,790.0110843093225
27666,36.60504591670579,743.3199999995906,790.0179268207442
27667,36.60504591670579,743.3399999995905,790.0247691864384
27668,36.60504591670579,743.3599999995905,790.0316114064018
27669,36.60504591670579,743.3799999995905,790.0384534806303
27670,36.60504591670579,743.3999999995905,790.0452954091203
27671,36.60504591670579,743.4199999995905,790.0521371918678
27672,36.60504591670579,743.4399999995904,790.0589788288692
27673,36.60504591670579,743.4599999995904,790.0658203201206
27674,36.60504591670579,743.4799999995904,790.0726616656183
27675,36.60504591670579,743.4999999995904,790.0795028653586
27676,36.60504591670579,743.5199999995904,790.0863439193375
27677,36.60504591670579,743.5399999995903,790.0931848275515
27678,36.60504591670579,743.5599999995903,790.1000255899964
27679,36.60504591670579,743.5799999995903,790.1068662066689
27680,36.553086812371056,743.5999999995903,790.1137066775649
27681,36.553086812371056,743.6199999995903,790.1205470026807
27682,36.553086812371056,743.6399999995903,790.1273871820125
27683,36.553086812371056,743.6599999995902,790.1342272155565
27684,36.553086812371056,743.6799999995902,790.141067103309
27685,36.553086812371056,743.6999999995902,790.1479068452661
27686,36.553086812371056,743.7199999995902,790.1547464414241
27687,36.553086812371056,743.7399999995902,790.1615858917793
27688,36.553086812371056,743.7599999995901,790.1684251963277
27689,36.553086812371056,743.7799999995901,790.1752643550657
27690,36.553086812371056,743.7999999995901,790.1821033679894
27691,36.553086812371056,743.8199999995901,790.1889422350952
27692,36.553086812371056,743.8399999995901,790.195780956379
27693,36.553086812371056,743.8599999995901,790.2026195318374
27694,36.553086812371056,743.87999999959,790.2094579614663
27695,36.553086812371056,743.89999999959,790.2162962452621
27696,36.553086812371056,743.91999999959,790.223134383221
27697,36.553086812371056,743.93999999959,790.2299723753391
27698,36.553086812371056,743.95999999959,790.2368102216128
27699,36.553086812371056,743.97999999959,790.2436479220382
27700,36.553086812371056,743.9999999995899,790.2504854766115
27701,36.553086812371056,744.0199999995899,790.257322885329
27702,36.553086812371056,744.0399999995899,790.2641601481869
27703,36.553086812371056,744.0599999995899,790.2709972651813
27704,36.553086812371056,744.0799999995899,790.2778342363086
27705,36.553086812371056,744.0999999995898,790.284671061565
27706,36.553086812371056,744.1199999995898,790.2915077409465
27707,36.553086812371056,744.1399999995898,790.2983442746007
27708,36.553086812371056,744.1599999995898,790.3051806626944
27709,36.553086812371056,744.1799999995898,790.3120169052261
27710,36.553086812371056,744.1999999995897,790.3188530021919
27711,36.553086812371056,744.2199999995897,790.325688953588
27712,36.553086812371056,744.2399999995897,790.3325247594108
27713,36.553086812371056,744.2599999995897,790.3393604196564
27714,36.553086812371056,744.2799999995897,790.346195934321
27715,36.553086812371056,744.2999999995897,790.3530313034009
27716,36.553086812371056,744.3199999995896,790.3598665268922
27717,36.553086812371056,744.3399999995896,790.3667016047913
27718,36.553086812371056,744.3599999995896,790.3735365370943
27719,36.553086812371056,744.3799999995896,790.3803713237975
27720,36.553086812371056,744.3999999995896,790.387205964897
27721,36.553086812371056,744.4199999995895,790.3940404603892
27722,36.553086812371056,744.4399999995895,790.4008748102701
27723,36.553086812371056,744.4599999995895,790.4077090145362
27724,36.553086812371056,744.4799999995895,790.4145430731835
27725,36.553086812371056,744.4999999995895,790.4213769862083
27726,36.553086812371056,744.5199999995895,790.4282107536068
27727,36.553086812371056,744.5399999995894,790.4350443753752
27728,36.553086812371056,744.5599999995894,790.4418778515098
27729,36.553086812371056,744.5799999995894,790.4487111820068
27730,36.553086812371056,744.5999999995894,790.4555443668625
27731,36.553086812371056,744.6199999995894,790.462377406073
27732,36.553086812371056,744.6399999995893,790.4692102996345
27733,36.553086812371056,744.6599999995893,790.4760430475434
27734,36.553086812371056,744.6799999995893,790.4828756497958
27735,36.553086812371056,744.6999999995893,790.489708106388
27736,36.553086812371056,744.7199999995893,790.496540417316
27737,36.553086812371056,744.7399999995893,790.5033725825764
27738,36.553086812371056,744.7599999995892,790.5102046021651
27739,36.553086812371056,744.7799999995892,790.5170364760785
27740,36.553086812371056,744.7999999995892,790.5238682043127
27741,36.553086812371056,744.8199999995892,790.5306997868641
27742,36.553086812371056,744.8399999995892,790.5375312237288
27743,36.553086812371056,744.8599999995891,790.544362514903
27744,36.553086812371056,744.8799999995891,790.551193660383
27745,36.553086812371056,744.8999999995891,790.558024660165
27746,36.553086812371056,744.9199999995891,790.5648555142452
27747,36.553086812371056,744.9399999995891,790.5716862226199
27748,36.553086812371056,744.9599999995891,790.5785167852853
27749,36.553086812371056,744.979999999589,790.5853472022376
27750,36.553086812371056,744.999999999589,790.592177473473
27751,36.553086812371056,745.019999999589,790.5990075989878
27752,36.553086812371056,745.039999999589,790.6058375787782
27753,36.553086812371056,745.059999999589,790.6126674128403
27754,36.553086812371056,745.079999999589,790.6194971011705
27755,36.553086812371056,745.0999999995889,790.626326643765
27756,36.553086812371056,745.1199999995889,790.63315604062
27757,36.553086812371056,745.1399999995889,790.6399852917334
27758,36.553086812371056,745.1599999995889,790.6468143972792
27759,36.553086812371056,745.1799999995889,790.6536433574155
27760,36.553086812371056,745.1999999995888,790.6604721721385
27761,36.553086812371056,745.2199999995888,790.6673008414444
27762,36.553086812371056,745.2399999995888,790.6741293653296
27763,36.553086812371056,745.2599999995888,790.6809577437901
27764,36.553086812371056,745.2799999995888,790.6877859768224
27765,36.553086812371056,745.2999999995887,790.6946140644226
27766,36.553086812371056,745.3199999995887,790.7014420065868
27767,36.553086812371056,745.3399999995887,790.7082698033115
27768,36.553086812371056,745.3599999995887,790.7150974545928
27769,36.553086812371056,745.3799999995887,790.7219249604268
27770,36.553086812371056,745.3999999995887,790.7287523208099
27771,36.553086812371056,745.4199999995886,790.7355795357383
27772,36.553086812371056,745.4399999995886,790.7424066052083
27773,36.553086812371056,745.4599999995886,790.749233529216
27774,36.553086812371056,745.4799999995886,790.7560603077577
27775,36.553086812371056,745.4999999995886,790.7628869408296
27776,36.553086812371056,745.5199999995885,790.769713428428
27777,36.553086812371056,745.5399999995885,790.776539770549
27778,36.553086812371056,745.5599999995885,790.783365967189
27779,36.553086812371056,745.5799999995885,790.7901920183441
27780,36.553086812371056,745.5999999995885,790.7970179240106
27781,36.553086812371056,745.6199999995885,790.8038436841847
27782,36.553086812371056,745.6399999995884,790.8106692988626
27783,36.553086812371056,745.6599999995884,790.8174947680408
27784,36.553086812371056,745.6799999995884,790.8243200917152
27785,36.553086812371056,745.6999999995884,790.8311452698822
27786,36.553086812371056,745.7199999995884,790.837970302538
27787,36.553086812371056,745.7399999995883,790.8447951896787
27788,36.553086812371056,745.7599999995883,790.8516199313008
27789,36.553086812371056,745.7799999995883,790.8584445274004
27790,36.553086812371056,745.7999999995883,790.8652689779736
27791,36.553086812371056,745.8199999995883,790.8720932830169
27792,36.553086812371056,745.8399999995883,790.8789174425262
27793,36.553086812371056,745.8599999995882,790.8857414564981
27794,36.553086812371056,745.8799999995882,790.8925653249286
27795,36.553086812371056,745.8999999995882,790.899389047814
27796,36.553086812371056,745.9199999995882,790.9062126251506
27797,36.553086812371056,745.9399999995882,790.9130360569345
27798,36.553086812371056,745.9599999995881,790.9198593431621
27799,36.553086812371056,745.9799999995881,790.9266824838295
27800,36.553086812371056,745.9999999995881,790.933505478933
27801,36.553086812371056,746.0199999995881,790.9403283284688
27802,36.553086812371056,746.0399999995881,790.9471510324331
27803,36.553086812371056,746.0599999995881,790.9539735908222
27804,36.553086812371056,746.079999999588,790.9607960036324
27805,36.553086812371056,746.099999999588,790.9676182708598
27806,36.553086812371056,746.119999999588,790.9744403925007
27807,36.553086812371056,746.139999999588,790.9812623685514
27808,36.553086812371056,746.159999999588,790.9880841990138
27809,36.553086812371056,746.179999999588,790.9949058840781
27810,36.553086812371056,746.1999999995879,791.0017274238825
27811,36.553086812371056,746.2199999995879,791.008548818423
27812,36.553086812371056,746.2399999995879,791.0153700676962
27813,36.553086812371056,746.2599999995879,791.0221911716981
27814,36.553086812371056,746.2799999995879,791.029012130425
27815,36.553086812371056,746.2999999995878,791.0358329438732
27816,36.553086812371056,746.3199999995878,791.0426536120389
27817,36.553086812371056,746.3399999995878,791.0494741349182
27818,36.553086812371056,746.3599999995878,791.0562945125076
27819,36.553086812371056,746.3799999995878,791.0631147448032
27820,36.553086812371056,746.3999999995877,791.0699348318013
27821,36.553086812371056,746.4199999995877,791.0767547734981
27822,36.553086812371056,746.4399999995877,791.0835745698898
27823,36.553086812371056,746.4599999995877,791.0903942209727
27824,36.553086812371056,746.4799999995877,791.0972137267431
27825,36.553086812371056,746.4999999995877,791.1040330871972
27826,36.553086812371056,746.5199999995876,791.1108523023312
27827,36.553086812371056,746.5399999995876,791.1176713721413
27828,36.553086812371056,746.5599999995876,791.1244902966239
27829,36.553086812371056,746.5799999995876,791.1313090757751
27830,36.553086812371056,746.5999999995876,791.1381277095912
27831,36.553086812371056,746.6199999995875,791.1449461980684
27832,36.553086812371056,746.6399999995875,791.151764541203
27833,36.553086812371056,746.6599999995875,791.1585827389912
27834,36.553086812371056,746.6799999995875,791.1654007914293
27835,36.553086812371056,746.6999999995875,791.1722186985135
27836,36.553086812371056,746.7199999995875,791.17903646024
27837,36.553086812371056,746.7399999995874,791.1858540766052
27838,36.553086812371056,746.7599999995874,791.1926715476052
27839,36.553086812371056,746.7799999995874,791.1994888732363
27840,36.553086812371056,746.7999999995874,791.2063060534947
27841,36.553086812371056,746.8199999995874,791.2131230883766
27842,36.553086812371056,746.8399999995873,791.2199399778784
27843,36.553086812371056,746.8599999995873,791.2267567219963
27844,36.553086812371056,746.8799999995873,791.2335733207265
27845,36.553086812371056,746.8999999995873,791.2403897740652
27846,36.553086812371056,746.9199999995873,791.2472060820087
27847,36.553086812371056,746.9399999995873,791.2540222445532
27848,36.553086812371056,746.9599999995872,791.260838261695
27849,36.553086812371056,746.9799999995872,791.2676541334304
27850,36.553086812371056,746.9999999995872,791.2744698597555
27851,36.553086812371056,747.0199999995872,791.2812854406667
27852,36.553086812371056,747.0399999995872,791.2881008761601
27853,36.553086812371056,747.0599999995871,791.294916166232
27854,36.553086812371056,747.0799999995871,791.3017313108787
27855,36.553086812371056,747.0999999995871,791.3085463100964
27856,36.553086812371056,747.1199999995871,791.3153611638813
27857,36.553086812371056,747.1399999995871,791.3221758722298
27858,36.553086812371056,747.1599999995871,791.3289904351379
27859,36.553086812371056,747.179999999587,791.3358048526123
27860,36.553086812371056,747.199999999587,791.3426191248697
27861,36.553086812371056,747.219999999587,791.3494332520338
27862,36.553086812371056,747.239999999587,791.356247234101
27863,36.553086812371056,747.259999999587,791.3630610710677
27864,36.553086812371056,747.279999999587,791.36987476293
27865,36.553086812371056,747.2999999995869,791.3766883096841
27866,36.553086812371056,747.3199999995869,791.3835017113265
27867,36.553086812371056,747.3399999995869,791.3903149678532
27868,36.553086812371056,747.3599999995869,791.3971280792606
27869,36.553086812371056,747.3799999995869,791.4039410455449
27870,36.553086812371056,747.3999999995868,791.4107538667023
27871,36.553086812371056,747.4199999995868,791.4175665427291
27872,36.553086812371056,747.4399999995868,791.4243790736216
27873,36.553086812371056,747.4599999995868,791.431191459376
27874,36.50125051424126,747.4799999995868,791.4380036999886
27875,36.50125051424126,747.4999999995867,791.4448157954556
27876,36.50125051424126,747.5199999995867,791.4516277457733
27877,36.50125051424126,747.5399999995867,791.4584395509379
27878,36.50125051424126,747.5599999995867,791.4652512109457
27879,36.50125051424126,747.5799999995867,791.4720627257929
27880,36.50125051424126,747.5999999995867,791.4788740954757
27881,36.50125051424126,747.6199999995866,791.4856853199906
27882,36.50125051424126,747.6399999995866,791.4924963993336
27883,36.50125051424126,747.6599999995866,791.4993073335011
27884,36.50125051424126,747.6799999995866,791.5061181224893
27885,36.50125051424126,747.6999999995866,791.5129287662944
27886,36.50125051424126,747.7199999995865,791.5197392649128
27887,36.50125051424126,747.7399999995865,791.5265496183406
27888,36.50125051424126,747.7599999995865,791.5333598265742
27889,36.50125051424126,747.7799999995865,791.5401698896097
27890,36.50125051424126,747.7999999995865,791.5469798074434
27891,36.50125051424126,747.8199999995865,791.5537895800717
27892,36.50125051424126,747.8399999995864,791.5605992074907
27893,36.50125051424126,747.8599999995864,791.5674086896967
27894,36.50125051424126,747.8799999995864,791.5742180266859
27895,36.50125051424126,747.8999999995864,791.5810272184547
27896,36.50125051424126,747.9199999995864,791.5878362649992
27897,36.50125051424126,747.9399999995863,791.5946451663157
27898,36.50125051424126,747.9599999995863,791.6014539224004
27899,36.50125051424126,747.9799999995863,791.6082625332498
27900,36.50125051424126,747.9999999995863,791.6150709988599
27901,36.50125051424126,748.0199999995863,791.621879319227
27902,36.50125051424126,748.0399999995863,791.6286874943474
27903,36.50125051424126,748.0599999995862,791.6354955242174
27904,36.50125051424126,748.0799999995862,791.6423034088332
27905,36.50125051424126,748.0999999995862,791.649111148191
27906,36.50125051424126,748.1199999995862,791.6559187422871
27907,36.50125051424126,748.1399999995862,791.6627261911178
27908,36.50125051424126,748.1599999995861,791.6695334946794
27909,36.50125051424126,748.1799999995861,791.6763406529681
27910,36.50125051424126,748.1999999995861,791.6831476659928
27911,36.50125051424126,748.2199999995861,791.6899545339588
27912,36.50125051424126,748.2399999995861,791.6967612569562
27913,36.50125051424126,748.2599999995861,791.7035678349811
27914,36.50125051424126,748.279999999586,791.7103742680298
27915,36.50125051424126,748.299999999586,791.7171805560987
27916,36.50125051424126,748.319999999586,791.7239866991839
27917,36.50125051424126,748.339999999586,791.7307926972818
27918,36.50125051424126,748.359999999586,791.7375985503886
27919,36.50125051424126,748.379999999586,791.7444042585006
27920,36.50125051424126,748.3999999995859,791.751209821614
27921,36.50125051424126,748.4199999995859,791.7580152397251
27922,36.50125051424126,748.4399999995859,791.76482051283
27923,36.50125051424126,748.4599999995859,791.7716256409253
27924,36.50125051424126,748.4799999995859,791.778430624007
27925,36.50125051424126,748.4999999995858,791.7852354620715
27926,36.50125051424126,748.5199999995858,791.7920401551149
27927,36.50125051424126,748.5399999995858,791.7988447031337
27928,36.50125051424126,748.5599999995858,791.805649106124
27929,36.50125051424126,748.5799999995858,791.812453364082
27930,36.50125051424126,748.5999999995857,791.819257477004
27931,36.50125051424126,748.6199999995857,791.8260614448865
27932,36.50125051424126,748.6399999995857,791.8328652677254
27933,36.50125051424126,748.6599999995857,791.8396689455172
27934,36.50125051424126,748.6799999995857,791.8464724782582
27935,36.50125051424126,748.6999999995857,791.8532758659445
27936,36.50125051424126,748.7199999995856,791.8600791085724
27937,36.50125051424126,748.7399999995856,791.8668822061383
27938,36.50125051424126,748.7599999995856,791.8736851586383
27939,36.50125051424126,748.7799999995856,791.8804879660687
27940,36.50125051424126,748.7999999995856,791.8872906284258
27941,36.50125051424126,748.8199999995855,791.8940931457059
27942,36.50125051424126,748.8399999995855,791.9008955179053
27943,36.50125051424126,748.8599999995855,791.9076977450201
27944,36.50125051424126,748.8799999995855,791.9144998270466
27945,36.50125051424126,748.8999999995855,791.9213017639812
27946,36.50125051424126,748.9199999995855,791.92810355582
27947,36.50125051424126,748.9399999995854,791.9349052025594
27948,36.50125051424126,748.9599999995854,791.9417067041957
27949,36.50125051424126,748.9799999995854,791.948508060725
27950,36.50125051424126,748.9999999995854,791.9553092721436
27951,36.50125051424126,749.0199999995854,791.9621103384478
27952,36.50125051424126,749.0399999995853,791.9689112596338
27953,36.50125051424126,749.0599999995853,791.975712035698
27954,36.50125051424126,749.0799999995853,791.9825126666367
27955,36.50125051424126,749.0999999995853,791.989313152446
27956,36.50125051424126,749.1199999995853,791.9961134931223
27957,36.50125051424126,749.1399999995853,792.0029136886617
27958,36.50125051424126,749.1599999995852,792.0097137390605
27959,36.50125051424126,749.1799999995852,792.0165136443151
27960,36.50125051424126,749.1999999995852,792.0233134044216
27961,36.50125051424126,749.2199999995852,792.030113019394
27962,36.50125051424126,749.2399999995852,792.0369124894663
27963,36.50125051424126,749.2599999995851,792.0437118147149
27964,36.50125051424126,749.2799999995851,792.050510995136
27965,36.50125051424126,749.2999999995851,792.057310030726
27966,36.50125051424126,749.3199999995851,792.064108921481
27967,36.50125051424126,749.3399999995851,792.0709076673974
27968,36.50125051424126,749.359999999585,792.0777062684714
27969,36.50125051424126,749.379999999585,792.0845047246993
27970,36.50125051424126,749.399999999585,792.0913030360773
27971,36.50125051424126,749.419999999585,792.0981012026018
27972,36.50125051424126,749.439999999585,792.104899224269
27973,36.50125051424126,749.459999999585,792.1116971010753
27974,36.50125051424126,749.479999999585,792.1184948330168
27975,36.50125051424126,749.4999999995849,792.1252924200899
27976,36.50125051424126,749.5199999995849,792.1320898622907
27977,36.50125051424126,749.5399999995849,792.1388871596157
27978,36.50125051424126,749.5599999995849,792.1456843120611
27979,36.50125051424126,749.5799999995849,792.1524813196231
27980,36.50125051424126,749.5999999995848,792.1592781822981
27981,36.50125051424126,749.6199999995848,792.1660749000822
27982,36.50125051424126,749.6399999995848,792.1728714729718
27983,36.50125051424126,749.6599999995848,792.1796679009632
27984,36.50125051424126,749.6799999995848,792.1864641840526
27985,36.50125051424126,749.6999999995847,792.1932603222364
27986,36.50125051424126,749.7199999995847,792.2000563155107
27987,36.50125051424126,749.7399999995847,792.2068521638718
27988,36.50125051424126,749.7599999995847,792.213647867316
27989,36.50125051424126,749.7799999995847,792.2204434258397
27990,36.50125051424126,749.7999999995847,792.227238839439
27991,36.50125051424126,749.8199999995846,792.2340341081103
27992,36.50125051424126,749.8399999995846,792.2408292318498
27993,36.50125051424126,749.8599999995846,792.2476242106538
27994,36.50125051424126,749.8799999995846,792.2544190445186
27995,36.50125051424126,749.8999999995846,792.2612137334405
27996,36.50125051424126,749.9199999995845,792.2680082774157
27997,36.50125051424126,749.9399999995845,792.2748026764405
27998,36.50125051424126,749.9599999995845,792.2815969305111
27999,36.50125051424126,749.9799999995845,792.288391039624
28000,36.50125051424126,749.9999999995845,792.2951850037753
28001,36.50125051424126,750.0199999995845,792.3019788229612
28002,36.50125051424126,750.0399999995844,792.3087724971783
28003,36.50125051424126,750.0599999995844,792.3155660264226
28004,36.50125051424126,750.0799999995844,792.3223594106905
28005,36.50125051424126,750.0999999995844,792.3291526499783
28006,36.50125051424126,750.1199999995844,792.3359457442821
28007,36.50125051424126,750.1399999995843,792.3427386935982
28008,36.50125051424126,750.1599999995843,792.3495314979231
28009,36.50125051424126,750.1799999995843,792.3563241572529
28010,36.50125051424126,750.1999999995843,792.3631166715838
28011,36.50125051424126,750.2199999995843,792.3699090409123
28012,36.50125051424126,750.2399999995843,792.3767012652561
28013,36.50125051424126,750.2599999995842,792.3834933448662
28014,36.50125051424126,750.2799999995842,792.3902852797993
28015,36.50125051424126,750.2999999995842,792.3970770700518
28016,36.50125051424126,750.3199999995842,792.4038687156198
28017,36.50125051424126,750.3399999995842,792.4106602164997
28018,36.50125051424126,750.3599999995841,792.4174515726877
28019,36.50125051424126,750.3799999995841,792.4242427841803
28020,36.50125051424126,750.3999999995841,792.4310338509734
28021,36.50125051424126,750.4199999995841,792.4378247730638
28022,36.50125051424126,750.4399999995841,792.4446155504473
28023,36.50125051424126,750.459999999584,792.4514061831205
28024,36.50125051424126,750.479999999584,792.4581966710796
28025,36.50125051424126,750.499999999584,792.4649870143209
28026,36.50125051424126,750.519999999584,792.4717772128406
28027,36.50125051424126,750.539999999584,792.4785672666351
28028,36.50125051424126,750.559999999584,792.4853571757006
28029,36.50125051424126,750.579999999584,792.4921469400334
28030,36.50125051424126,750.5999999995839,792.4989365596299
28031,36.50125051424126,750.6199999995839,792.5057260344862
28032,36.50125051424126,750.6399999995839,792.5125153645987
28033,36.50125051424126,750.6599999995839,792.5193045499637
28034,36.50125051424126,750.6799999995839,792.5260935905775
28035,36.50125051424126,750.6999999995838,792.5328824864363
28036,36.50125051424126,750.7199999995838,792.5396712375365
28037,36.50125051424126,750.7399999995838,792.5464598438742
28038,36.50125051424126,750.7599999995838,792.5532483054459
28039,36.50125051424126,750.7799999995838,792.5600366222478
28040,36.50125051424126,750.7999999995837,792.5668247942762
28041,36.50125051424126,750.8199999995837,792.5736128215273
28042,36.50125051424126,750.8399999995837,792.5804007039975
28043,36.50125051424126,750.8599999995837,792.5871884416831
28044,36.50125051424126,750.8799999995837,792.5939760345804
28045,36.50125051424126,750.8999999995837,792.6007634826855
28046,36.50125051424126,750.9199999995836,792.6075507859948
28047,36.50125051424126,750.9399999995836,792.6143379445047
28048,36.50125051424126,750.9599999995836,792.6211249582113
28049,36.50125051424126,750.9799999995836,792.6279118271111
28050,36.50125051424126,750.9999999995836,792.6346985512002
28051,36.50125051424126,751.0199999995835,792.6414851304751
28052,36.50125051424126,751.0399999995835,792.6482715649319
28053,36.50125051424126,751.0599999995835,792.6550578545668
28054,36.50125051424126,751.0799999995835,792.6618439993764
28055,36.50125051424126,751.0999999995835,792.6686299993568
28056,36.50125051424126,751.1199999995835,792.6754158545043
28057,36.50125051424126,751.1399999995834,792.6822015648152
28058,36.50125051424126,751.1599999995834,792.6889871302858
28059,36.50125051424126,751.1799999995834,792.6957725509124
28060,36.50125051424126,751.1999999995834,792.7025578266912
28061,36.50125051424126,751.2199999995834,792.7093429576186
28062,36.50125051424126,751.2399999995833,792.7161279436908
28063,36.50125051424126,751.2599999995833,792.7229127849308
28064,36.50125051424126,751.2799999995833,792.7296974816172
28065,36.50125051424126,751.2999999995833,792.7364820337887
28066,36.50125051424126,751.3199999995833,792.7432664414415
28067,36.50125051424126,751.3399999995833,792.750050704572
28068,36.44953661634395,751.3599999995832,792.7568348231765
28069,36.44953661634395,751.3799999995832,792.7636187972513
28070,36.44953661634395,751.3999999995832,792.7704026267927
28071,36.44953661634395,751.4199999995832,792.777186311797
28072,36.44953661634395,751.4399999995832,792.7839698522605
28073,36.44953661634395,751.4599999995831,792.7907532481795
28074,36.44953661634395,751.4799999995831,792.7975364995503
28075,36.44953661634395,751.4999999995831,792.8043196063693
28076,36.44953661634395,751.5199999995831,792.8111025686327
28077,36.44953661634395,751.5399999995831,792.8178853863368
28078,36.44953661634395,751.559999999583,792.824668059478
28079,36.44953661634395,751.579999999583,792.8314505880526
28080,36.44953661634395,751.599999999583,792.8382329720569
28081,36.44953661634395,751.619999999583,792.8450152114872
28082,36.44953661634395,751.639999999583,792.8517973063398
28083,36.44953661634395,751.659999999583,792.8585792566109
28084,36.44953661634395,751.679999999583,792.865361062297
28085,36.44953661634395,751.6999999995829,792.8721427233943
28086,36.44953661634395,751.7199999995829,792.8789242398991
28087,36.44953661634395,751.7399999995829,792.8857056118078
28088,36.44953661634395,751.7599999995829,792.8924868391167
28089,36.44953661634395,751.7799999995829,792.899267921822
28090,36.44953661634395,751.7999999995828,792.9060488599201
28091,36.44953661634395,751.8199999995828,792.9128296534074
28092,36.44953661634395,751.8399999995828,792.9196103022799
28093,36.44953661634395,751.8599999995828,792.9263908065342
28094,36.44953661634395,751.8799999995828,792.9331711661665
28095,36.44953661634395,751.8999999995827,792.9399513811732
28096,36.44953661634395,751.9199999995827,792.9467314515505
28097,36.44953661634395,751.9399999995827,792.9535113772947
28098,36.44953661634395,751.9599999995827,792.9602911584022
28099,36.44953661634395,751.9799999995827,792.9670707948693
28100,36.44953661634395,751.9999999995827,792.9738502866923
28101,36.44953661634395,752.0199999995826,792.9806296338675
28102,36.44953661634395,752.0399999995826,792.9874088363911
28103,36.44953661634395,752.0599999995826,792.9941878942595
28104,36.44953661634395,752.0799999995826,793.0009668074691
28105,36.44953661634395,752.0999999995826,793.0077455760162
28106,36.44953661634395,752.1199999995825,793.014524199897
28107,36.44953661634395,752.1399999995825,793.0213026791079
28108,36.44953661634395,752.1599999995825,793.0280810136451
28109,36.44953661634395,752.1799999995825,793.034859203505
28110,36.44953661634395,752.1999999995825,793.0416372486839
28111,36.44953661634395,752.2199999995825,793.048415149178
28112,36.44953661634395,752.2399999995824,793.0551929049839
28113,36.44953661634395,752.2599999995824,793.0619705160976
28114,36.44953661634395,752.2799999995824,793.0687479825484
28115,36.44953661634395,752.2999999995824,793.0755253045874
28116,36.44953661634395,752.3199999995824,793.0823024822354
28117,36.44953661634395,752.3399999995823,793.0890795154888
28118,36.44953661634395,752.3599999995823,793.095856404344
28119,36.44953661634395,752.3799999995823,793.1026331487972
28120,36.44953661634395,752.3999999995823,793.1094097488448
28121,36.44953661634395,752.4199999995823,793.1161862044831
28122,36.44953661634395,752.4399999995823,793.1229625157085
28123,36.44953661634395,752.4599999995822,793.1297386825172
28124,36.44953661634395,752.4799999995822,793.1365147049056
28125,36.44953661634395,752.4999999995822,793.14329058287
28126,36.44953661634395,752.5199999995822,793.1500663164068
28127,36.44953661634395,752.5399999995822,793.1568419055121
28128,36.44953661634395,752.5599999995821,793.1636173501824
28129,36.44953661634395,752.5799999995821,793.170392650414
28130,36.44953661634395,752.5999999995821,793.1771678062032
28131,36.44953661634395,752.6199999995821,793.1839428175464
28132,36.44953661634395,752.6399999995821,793.1907176844397
28133,36.44953661634395,752.659999999582,793.1974924068797
28134,36.44953661634395,752.679999999582,793.2042669848627
28135,36.44953661634395,752.699999999582,793.2110414183848
28136,36.44953661634395,752.719999999582,793.2178157074424
28137,36.44953661634395,752.739999999582,793.2245898520318
28138,36.44953661634395,752.759999999582,793.2313638521496
28139,36.44953661634395,752.779999999582,793.2381377077918
28140,36.44953661634395,752.7999999995819,793.2449114189549
28141,36.44953661634395,752.8199999995819,793.251684985635
28142,36.44953661634395,752.8399999995819,793.2584584078287
28143,36.44953661634395,752.8599999995819,793.2652316855322
28144,36.44953661634395,752.8799999995819,793.2720048187418
28145,36.44953661634395,752.8999999995818,793.2787778074539
28146,36.44953661634395,752.9199999995818,793.2855506516648
28147,36.44953661634395,752.9399999995818,793.2923233513708
28148,36.44953661634395,752.9599999995818,793.2990959065681
28149,36.44953661634395,752.9799999995818,793.3058683172533
28150,36.44953661634395,752.9999999995817,793.3126405834225
28151,36.44953661634395,753.0199999995817,793.3194127050722
28152,36.44953661634395,753.0399999995817,793.3261846821986
28153,36.44953661634395,753.0599999995817,793.332956514798
28154,36.44953661634395,753.0799999995817,793.3397282028667
28155,36.44953661634395,753.0999999995817,793.3464997464012
28156,36.44953661634395,753.1199999995816,793.3532711453977
28157,36.44953661634395,753.1399999995816,793.3600423998525
28158,36.44953661634395,753.1599999995816,793.3668135097621
28159,36.44953661634395,753.1799999995816,793.3735844751226
28160,36.44953661634395,753.1999999995816,793.3803552959304
28161,36.44953661634395,753.2199999995815,793.3871259721818
28162,36.44953661634395,753.2399999995815,793.3938965038733
28163,36.44953661634395,753.2599999995815,793.400666891001
28164,36.44953661634395,753.2799999995815,793.4074371335614
28165,36.44953661634395,753.2999999995815,793.4142072316054
28166,36.44953661634395,753.3199999995815,793.4209771853848
28167,36.44953661634395,753.3399999995814,793.4277469949186
28168,36.44953661634395,753.3599999995814,793.434516660203
28169,36.44953661634395,753.3799999995814,793.4412861812343
28170,36.44953661634395,753.3999999995814,793.448055558009
28171,36.44953661634395,753.4199999995814,793.4548247905232
28172,36.44953661634395,753.4399999995813,793.4615938787733
28173,36.44953661634395,753.4599999995813,793.4683628227557
28174,36.44953661634395,753.4799999995813,793.4751316224667
28175,36.44953661634395,753.4999999995813,793.4819002779027
28176,36.44953661634395,753.5199999995813,793.48866878906
28177,36.44953661634395,753.5399999995813,793.4954371559348
28178,36.44953661634395,753.5599999995812,793.5022053785236
28179,36.44953661634395,753.5799999995812,793.5089734568227
28180,36.44953661634395,753.5999999995812,793.5157413908283
28181,36.44953661634395,753.6199999995812,793.522509180537
28182,36.44953661634395,753.6399999995812,793.5292768259449
28183,36.44953661634395,753.6599999995811,793.5360443270483
28184,36.44953661634395,753.6799999995811,793.5428116838438
28185,36.44953661634395,753.6999999995811,793.5495788963275
28186,36.44953661634395,753.7199999995811,793.5563459644958
28187,36.44953661634395,753.7399999995811,793.563112888345
28188,36.44953661634395,753.759999999581,793.5698796678715
28189,36.44953661634395,753.779999999581,793.5766463030717
28190,36.44953661634395,753.799999999581,793.5834127939418
28191,36.44953661634395,753.819999999581,793.5901791404782
28192,36.44953661634395,753.839999999581,793.5969453426773
28193,36.44953661634395,753.859999999581,793.6037114005352
28194,36.44953661634395,753.879999999581,793.6104773140485
28195,36.44953661634395,753.8999999995809,793.6172430832133
28196,36.44953661634395,753.9199999995809,793.6240087080262
28197,36.44953661634395,753.9399999995809,793.6307741884833
28198,36.44953661634395,753.9599999995809,793.637539524581
28199,36.44953661634395,753.9799999995809,793.6443047163158
28200,36.44953661634395,753.9999999995808,793.6510697636838
28201,36.44953661634395,754.0199999995808,793.6578346666814
28202,36.44953661634395,754.0399999995808,793.664599425305
28203,36.44953661634395,754.0599999995808,793.6713640395509
28204,36.44953661634395,754.0799999995808,793.6781285094154
28205,36.44953661634395,754.0999999995807,793.6848928348949
28206,36.44953661634395,754.1199999995807,793.6916570159857
28207,36.44953661634395,754.1399999995807,793.6984210526841
28208,36.44953661634395,754.1599999995807,793.7051849449866
28209,36.44953661634395,754.1799999995807,793.7119486928895
28210,36.44953661634395,754.1999999995807,793.7187122963888
28211,36.44953661634395,754.2199999995806,793.7254757554813
28212,36.44953661634395,754.2399999995806,793.732239070163
28213,36.44953661634395,754.2599999995806,793.7390022404304
28214,36.44953661634395,754.2799999995806,793.7457652662798
28215,36.44953661634395,754.2999999995806,793.7525281477076
28216,36.44953661634395,754.3199999995805,793.7592908847878
28217,36.44953661634395,754.3399999995805,793.7660534777683
28218,36.44953661634395,754.3599999995805,793.7728159266649
28219,36.44953661634395,754.3799999995805,793.7795782314737
28220,36.44953661634395,754.3999999995805,793.7863403921912
28221,36.44953661634395,754.4199999995805,793.7931024088136
28222,36.44953661634395,754.4399999995804,793.7998642813375
28223,36.44953661634395,754.4599999995804,793.8066260097589
28224,36.44953661634395,754.4799999995804,793.8133875940744
28225,36.44953661634395,754.4999999995804,793.8201490342801
28226,36.44953661634395,754.5199999995804,793.8269103303725
28227,36.44953661634395,754.5399999995803,793.8336714823478
28228,36.44953661634395,754.5599999995803,793.8404324902024
28229,36.44953661634395,754.5799999995803,793.8471933539327
28230,36.44953661634395,754.5999999995803,793.8539540735349
28231,36.44953661634395,754.6199999995803,793.8607146490053
28232,36.44953661634395,754.6399999995803,793.8674750803405
28233,36.44953661634395,754.6599999995802,793.8742353675366
28234,36.44953661634395,754.6799999995802,793.88099551059
28235,36.44953661634395,754.6999999995802,793.887755509497
28236,36.44953661634395,754.7199999995802,793.8945153642538
28237,36.44953661634395,754.7399999995802,793.901275074857
28238,36.44953661634395,754.7599999995801,793.9080346413028
28239,36.44953661634395,754.7799999995801,793.9147940635876
28240,36.44953661634395,754.7999999995801,793.9215533417075
28241,36.44953661634395,754.8199999995801,793.9283124756591
28242,36.44953661634395,754.8399999995801,793.9350714654387
28243,36.44953661634395,754.85999999958,793.9418303110424
28244,36.44953661634395,754.87999999958,793.9485890124668
28245,36.44953661634395,754.89999999958,793.955347569708
28246,36.44953661634395,754.91999999958,793.9621059827625
28247,36.44953661634395,754.93999999958,793.9688642516267
28248,36.44953661634395,754.95999999958,793.9756223762967
28249,36.44953661634395,754.97999999958,793.9823803567689
28250,36.44953661634395,754.9999999995799,793.9891381930397
28251,36.44953661634395,755.0199999995799,793.9958958851055
28252,36.44953661634395,755.0399999995799,794.0026534329625
28253,36.44953661634395,755.0599999995799,794.009410836607
28254,36.44953661634395,755.0799999995799,794.0161680960355
28255,36.44953661634395,755.0999999995798,794.0229252112441
28256,36.44953661634395,755.1199999995798,794.0296821822294
28257,36.44953661634395,755.1399999995798,794.0364390089876
28258,36.44953661634395,755.1599999995798,794.043195691515
28259,36.44953661634395,755.1799999995798,794.049952229808
28260,36.44953661634395,755.1999999995797,794.0567086238628
28261,36.44953661634395,755.2199999995797,794.0634648736759
28262,36.397944714430494,755.2399999995797,794.0702209792436
28263,36.397944714430494,755.2599999995797,794.0769769405621
28264,36.397944714430494,755.2799999995797,794.0837327576279
28265,36.397944714430494,755.2999999995797,794.0904884304373
28266,36.397944714430494,755.3199999995796,794.0972439589865
28267,36.397944714430494,755.3399999995796,794.1039993433633
28268,36.397944714430494,755.3599999995796,794.1107545837824
28269,36.397944714430494,755.3799999995796,794.1175096802543
28270,36.397944714430494,755.3999999995796,794.1242646327755
28271,36.397944714430494,755.4199999995795,794.1310194413422
28272,36.397944714430494,755.4399999995795,794.1377741059508
28273,36.397944714430494,755.4599999995795,794.1445286265977
28274,36.397944714430494,755.4799999995795,794.1512830032791
28275,36.397944714430494,755.4999999995795,794.1580372359915
28276,36.397944714430494,755.5199999995795,794.1647913247313
28277,36.397944714430494,755.5399999995794,794.1715452694947
28278,36.397944714430494,755.5599999995794,794.1782990702782
28279,36.397944714430494,755.5799999995794,794.1850527270781
28280,36.397944714430494,755.5999999995794,794.1918062398908
28281,36.397944714430494,755.6199999995794,794.1985596087127
28282,36.397944714430494,755.6399999995793,794.2053128335401
28283,36.397944714430494,755.6599999995793,794.2120659143694
28284,36.397944714430494,755.6799999995793,794.2188188511969
28285,36.397944714430494,755.6999999995793,794.225571644019
28286,36.397944714430494,755.7199999995793,794.2323242928321
28287,36.397944714430494,755.7399999995793,794.2390767976325
28288,36.397944714430494,755.7599999995792,794.2458291584164
28289,36.397944714430494,755.7799999995792,794.2525813751804
28290,36.397944714430494,755.7999999995792,794.2593334479208
28291,36.397944714430494,755.8199999995792,794.2660853766339
28292,36.397944714430494,755.8399999995792,794.2728371613161
28293,36.397944714430494,755.8599999995791,794.2795888019639
28294,36.397944714430494,755.8799999995791,794.2863402985735
28295,36.397944714430494,755.8999999995791,794.2930916511413
28296,36.397944714430494,755.9199999995791,794.2998428596636
28297,36.397944714430494,755.9399999995791,794.3065939241369
28298,36.397944714430494,755.959999999579,794.3133448445575
28299,36.397944714430494,755.979999999579,794.3200956209217
28300,36.397944714430494,755.999999999579,794.326846253226
28301,36.397944714430494,756.019999999579,794.3335967414666
28302,36.397944714430494,756.039999999579,794.34034708564
28303,36.397944714430494,756.059999999579,794.3470972857425
28304,36.397944714430494,756.079999999579,794.3538473417705
28305,36.397944714430494,756.0999999995789,794.3605972537202
28306,36.397944714430494,756.1199999995789,794.3673470215882
28307,36.397944714430494,756.1399999995789,794.3740966453707
28308,36.397944714430494,756.1599999995789,794.3808461250642
28309,36.397944714430494,756.1799999995789,794.3875954606649
28310,36.397944714430494,756.1999999995788,794.3943446521693
28311,36.397944714430494,756.2199999995788,794.4010936995736
28312,36.397944714430494,756.2399999995788,794.4078426028743
28313,36.397944714430494,756.2599999995788,794.4145913620678
28314,36.397944714430494,756.2799999995788,794.4213399771503
28315,36.397944714430494,756.2999999995787,794.4280884481183
28316,36.397944714430494,756.3199999995787,794.4348367749681
28317,36.397944714430494,756.3399999995787,794.441584957696
28318,36.397944714430494,756.3599999995787,794.4483329964088
28319,36.397944714430494,756.3799999995787,794.4550808913053
28320,36.397944714430494,756.3999999995787,794.4618286423923
28321,36.397944714430494,756.4199999995786,794.4685762496661
28322,36.397944714430494,756.4399999995786,794.475323713123
28323,36.397944714430494,756.4599999995786,794.4820710327594
28324,36.397944714430494,756.4799999995786,794.4888182085717
28325,36.397944714430494,756.4999999995786,794.4955652405563
28326,36.397944714430494,756.5199999995785,794.5023121287094
28327,36.397944714430494,756.5399999995785,794.5090588730274
28328,36.397944714430494,756.5599999995785,794.5158054735066
28329,36.397944714430494,756.5799999995785,794.5225519301435
28330,36.397944714430494,756.5999999995785,794.5292982429345
28331,36.397944714430494,756.6199999995785,794.5360444118758
28332,36.397944714430494,756.6399999995784,794.5427904369637
28333,36.397944714430494,756.6599999995784,794.5495363181948
28334,36.397944714430494,756.6799999995784,794.5562820555652
28335,36.397944714430494,756.6999999995784,794.5630276490715
28336,36.397944714430494,756.7199999995784,794.5697730987098
28337,36.397944714430494,756.7399999995783,794.5765184044766
28338,36.397944714430494,756.7599999995783,794.5832635663683
28339,36.397944714430494,756.7799999995783,794.5900085843812
28340,36.397944714430494,756.7999999995783,794.5967534585116
28341,36.397944714430494,756.8199999995783,794.6034981887559
28342,36.397944714430494,756.8399999995783,794.6102427751105
28343,36.397944714430494,756.8599999995782,794.6169872175717
28344,36.397944714430494,756.8799999995782,794.6237315161359
28345,36.397944714430494,756.8999999995782,794.6304756707995
28346,36.397944714430494,756.9199999995782,794.6372196815587
28347,36.397944714430494,756.9399999995782,794.6439635484099
28348,36.397944714430494,756.9599999995781,794.6507072713497
28349,36.397944714430494,756.9799999995781,794.6574508503742
28350,36.397944714430494,756.9999999995781,794.6641942854798
28351,36.397944714430494,757.0199999995781,794.6709375766628
28352,36.397944714430494,757.0399999995781,794.6776807239197
28353,36.397944714430494,757.059999999578,794.6844237272468
28354,36.397944714430494,757.079999999578,794.6911665866404
28355,36.397944714430494,757.099999999578,794.697909302097
28356,36.397944714430494,757.119999999578,794.7046518736128
28357,36.397944714430494,757.139999999578,794.7113943011842
28358,36.397944714430494,757.159999999578,794.7181365848077
28359,36.397944714430494,757.179999999578,794.7248787244795
28360,36.397944714430494,757.1999999995779,794.7316207201959
28361,36.397944714430494,757.2199999995779,794.7383625719534
28362,36.397944714430494,757.2399999995779,794.7451042797484
28363,36.397944714430494,757.2599999995779,794.751845843577
28364,36.397944714430494,757.2799999995779,794.7585872634359
28365,36.397944714430494,757.2999999995778,794.7653285393212
28366,36.397944714430494,757.3199999995778,794.7720696712294
28367,36.397944714430494,757.3399999995778,794.7788106591568
28368,36.397944714430494,757.3599999995778,794.7855515030997
28369,36.397944714430494,757.3799999995778,794.7922922031861
28370,36.397944714430494,757.3999999995777,794.7990327596033
28371,36.397944714430494,757.4199999995777,794.8057731723541
28372,36.397944714430494,757.4399999995777,794.8125134414348
28373,36.397944714430494,757.4599999995777,794.819253566842
28374,36.397944714430494,757.4799999995777,794.8259935485719
28375,36.397944714430494,757.4999999995777,794.8327333866208
28376,36.397944714430494,757.5199999995776,794.8394730809853
28377,36.397944714430494,757.5399999995776,794.8462126316615
28378,36.397944714430494,757.5599999995776,794.852952038646
28379,36.397944714430494,757.5799999995776,794.859691301935
28380,36.397944714430494,757.5999999995776,794.8664304215248
28381,36.397944714430494,757.6199999995775,794.873169397412
28382,36.397944714430494,757.6399999995775,794.8799082295927
28383,36.397944714430494,757.6599999995775,794.8866469180635
28384,36.397944714430494,757.6799999995775,794.8933854628207
28385,36.397944714430494,757.6999999995775,794.9001238638606
28386,36.397944714430494,757.7199999995775,794.9068621211795
28387,36.397944714430494,757.7399999995774,794.913600234774
28388,36.397944714430494,757.7599999995774,794.9203382046402
28389,36.397944714430494,757.7799999995774,794.9270760307746
28390,36.397944714430494,757.7999999995774,794.9338137131737
28391,36.397944714430494,757.8199999995774,794.9405512518335
28392,36.397944714430494,757.8399999995773,794.9472886467507
28393,36.397944714430494,757.8599999995773,794.9540258979216
28394,36.397944714430494,757.8799999995773,794.9607630053424
28395,36.397944714430494,757.8999999995773,794.9674999690096
28396,36.397944714430494,757.9199999995773,794.9742367889196
28397,36.397944714430494,757.9399999995773,794.9809734650687
28398,36.397944714430494,757.9599999995772,794.9877099974532
28399,36.397944714430494,757.9799999995772,794.9944463860695
28400,36.397944714430494,757.9999999995772,795.0011826309141
28401,36.397944714430494,758.0199999995772,795.0079187319832
28402,36.397944714430494,758.0399999995772,795.0146546892732
28403,36.397944714430494,758.0599999995771,795.0213905027806
28404,36.397944714430494,758.0799999995771,795.0281261725016
28405,36.397944714430494,758.0999999995771,795.0348616984327
28406,36.397944714430494,758.1199999995771,795.0415970805701
28407,36.397944714430494,758.1399999995771,795.0483323189103
28408,36.397944714430494,758.159999999577,795.0550674134496
28409,36.397944714430494,758.179999999577,795.0618023641844
28410,36.397944714430494,758.199999999577,795.068537171111
28411,36.397944714430494,758.219999999577,795.0752718342259
28412,36.397944714430494,758.239999999577,795.0820063535253
28413,36.397944714430494,758.259999999577,795.0887407290057
28414,36.397944714430494,758.279999999577,795.0954749606634
28415,36.397944714430494,758.2999999995769,795.1022090484948
28416,36.397944714430494,758.3199999995769,795.1089429924963
28417,36.397944714430494,758.3399999995769,795.1156767926641
28418,36.397944714430494,758.3599999995769,795.1224104489947
28419,36.397944714430494,758.3799999995769,795.1291439614845
28420,36.397944714430494,758.3999999995768,795.1358773302895
28421,36.397944714430494,758.4199999995768,795.1426105555917
28422,36.397944714430494,758.4399999995768,795.1493436373901
28423,36.397944714430494,758.4599999995768,795.1560765756811
28424,36.397944714430494,758.4799999995768,795.1628093704612
28425,36.397944714430494,758.4999999995767,795.1695420217268
28426,36.397944714430494,758.5199999995767,795.1762745294741
28427,36.397944714430494,758.5399999995767,795.1830068936996
28428,36.397944714430494,758.5599999995767,795.1897391143996
28429,36.397944714430494,758.5799999995767,795.1964711915705
28430,36.397944714430494,758.5999999995767,795.2032031252087
28431,36.397944714430494,758.6199999995766,795.2099349153106
28432,36.397944714430494,758.6399999995766,795.2166665618724
28433,36.397944714430494,758.6599999995766,795.2233980648907
28434,36.397944714430494,758.6799999995766,795.2301294243617
28435,36.397944714430494,758.6999999995766,795.2368606402819
28436,36.397944714430494,758.7199999995765,795.2435917126476
28437,36.397944714430494,758.7399999995765,795.2503226414551
28438,36.397944714430494,758.7599999995765,795.257053426701
28439,36.397944714430494,758.7799999995765,795.2637840683814
28440,36.397944714430494,758.7999999995765,795.2705145664928
28441,36.397944714430494,758.8199999995765,795.2772449210316
28442,36.397944714430494,758.8399999995764,795.2839751319942
28443,36.397944714430494,758.8599999995764,795.2907051993769
28444,36.397944714430494,758.8799999995764,795.2974351231761
28445,36.397944714430494,758.8999999995764,795.3041649033881
28446,36.397944714430494,758.9199999995764,795.3108945400095
28447,36.397944714430494,758.9399999995763,795.3176240330364
28448,36.397944714430494,758.9599999995763,795.3243533824652
28449,36.397944714430494,758.9799999995763,795.3310825882925
28450,36.397944714430494,758.9999999995763,795.3378116505145
28451,36.397944714430494,759.0199999995763,795.3445405691276
28452,36.397944714430494,759.0399999995763,795.3512693441281
28453,36.397944714430494,759.0599999995762,795.3579979755125
28454,36.397944714430494,759.0799999995762,795.3647264632772
28455,36.397944714430494,759.0999999995762,795.3714548074184
28456,36.397944714430494,759.1199999995762,795.3781830079326
28457,36.397944714430494,759.1399999995762,795.3849110648163
28458,36.34647440596726,759.1599999995761,795.3916389780655
28459,36.34647440596726,759.1799999995761,795.398366747677
28460,36.34647440596726,759.1999999995761,795.4050943736468
28461,36.34647440596726,759.2199999995761,795.4118218559714
28462,36.34647440596726,759.2399999995761,795.4185491946473
28463,36.34647440596726,759.259999999576,795.4252763896708
28464,36.34647440596726,759.279999999576,795.4320034410383
28465,36.34647440596726,759.299999999576,795.4387303487462
28466,36.34647440596726,759.319999999576,795.4454571127907
28467,36.34647440596726,759.339999999576,795.4521837331683
28468,36.34647440596726,759.359999999576,795.4589102098754
28469,36.34647440596726,759.379999999576,795.4656365429083
28470,36.34647440596726,759.3999999995759,795.4723627322646
28471,36.34647440596726,759.4199999995759,795.479088778098
28472,36.34647440596726,759.4399999995759,795.4858146805525
28473,36.34647440596726,759.4599999995759,795.4925404396245
28474,36.34647440596726,759.4799999995759,795.4992660553104
28475,36.34647440596726,759.4999999995758,795.5059915276065
28476,36.34647440596726,759.5199999995758,795.5127168565093
28477,36.34647440596726,759.5399999995758,795.5194420420152
28478,36.34647440596726,759.5599999995758,795.5261670841204
28479,36.34647440596726,759.5799999995758,795.5328919828214
28480,36.34647440596726,759.5999999995757,795.5396167381145
28481,36.34647440596726,759.6199999995757,795.5463413499962
28482,36.34647440596726,759.6399999995757,795.5530658184628
28483,36.34647440596726,759.6599999995757,795.5597901435107
28484,36.34647440596726,759.6799999995757,795.5665143251362
28485,36.34647440596726,759.6999999995757,795.5732383633357
28486,36.34647440596726,759.7199999995756,795.5799622581056
28487,36.34647440596726,759.7399999995756,795.5866860094425
28488,36.34647440596726,759.7599999995756,795.5934096173424
28489,36.34647440596726,759.7799999995756,795.600133081802
28490,36.34647440596726,759.7999999995756,795.6068564028175
28491,36.34647440596726,759.8199999995755,795.6135795803852
28492,36.34647440596726,759.8399999995755,795.6203026145017
28493,36.34647440596726,759.8599999995755,795.6270255051633
28494,36.34647440596726,759.8799999995755,795.6337482523662
28495,36.34647440596726,759.8999999995755,795.6404708561071
28496,36.34647440596726,759.9199999995755,795.6471933163822
28497,36.34647440596726,759.9399999995754,795.6539156331878
28498,36.34647440596726,759.9599999995754,795.6606378065204
28499,36.34647440596726,759.9799999995754,795.6673598363764
28500,36.34647440596726,759.9999999995754,795.6740817227521
28501,36.34647440596726,760.0199999995754,795.680803465644
28502,36.34647440596726,760.0399999995753,795.6875250650482
28503,36.34647440596726,760.0599999995753,795.6942465209614
28504,36.34647440596726,760.0799999995753,795.7009678333799
28505,36.34647440596726,760.0999999995753,795.7076890023
28506,36.34647440596726,760.1199999995753,795.714410027718
28507,36.34647440596726,760.1399999995753,795.7211309096305
28508,36.34647440596726,760.1599999995752,795.7278516480337
28509,36.34647440596726,760.1799999995752,795.7345722429242
28510,36.34647440596726,760.1999999995752,795.7412926942981
28511,36.34647440596726,760.2199999995752,795.7480130021519
28512,36.34647440596726,760.2399999995752,795.7547331664821
28513,36.34647440596726,760.2599999995751,795.7614531872849
28514,36.34647440596726,760.2799999995751,795.7681730645568
28515,36.34647440596726,760.2999999995751,795.7748927982941
28516,36.34647440596726,760.3199999995751,795.7816123884933
28517,36.34647440596726,760.3399999995751,795.7883318351506
28518,36.34647440596726,760.359999999575,795.7950511382626
28519,36.34647440596726,760.379999999575,795.8017702978254
28520,36.34647440596726,760.399999999575,795.8084893138357
28521,36.34647440596726,760.419999999575,795.8152081862946
28522,36.34647440596726,760.439999999575,795.8219269153802
28523,36.34647440596726,760.459999999575,795.8286455012258
28524,36.34647440596726,760.4799999995749,795.8353639438276
28525,36.34647440596726,760.4999999995749,795.8420822431821
28526,36.34647440596726,760.5199999995749,795.8488003992857
28527,36.34647440596726,760.5399999995749,795.8555184121348
28528,36.34647440596726,760.5599999995749,795.8622362817257
28529,36.34647440596726,760.5799999995749,795.8689540080549
28530,36.34647440596726,760.5999999995748,795.8756715911186
28531,36.34647440596726,760.6199999995748,795.8823890309134
28532,36.34647440596726,760.6399999995748,795.8891063274356
28533,36.34647440596726,760.6599999995748,795.8958234806815
28534,36.34647440596726,760.6799999995748,795.9025404906478
28535,36.34647440596726,760.6999999995747,795.9092573573305
28536,36.34647440596726,760.7199999995747,795.9159740807262
28537,36.34647440596726,760.7399999995747,795.9226906608312
28538,36.34647440596726,760.7599999995747,795.929407097642
28539,36.34647440596726,760.7799999995747,795.9361233911549
28540,36.34647440596726,760.7999999995747,795.9428395413663
28541,36.34647440596726,760.8199999995746,795.9495555482725
28542,36.34647440596726,760.8399999995746,795.9562714118701
28543,36.34647440596726,760.8599999995746,795.9629871321554
28544,36.34647440596726,760.8799999995746,795.9697027091247
28545,36.34647440596726,760.8999999995746,795.9764181427745
28546,36.34647440596726,760.9199999995745,795.9831334331011
28547,36.34647440596726,760.9399999995745,795.9898485801009
28548,36.34647440596726,760.9599999995745,795.9965635837704
28549,36.34647440596726,760.9799999995745,796.0032784441058
28550,36.34647440596726,760.9999999995745,796.0099931611037
28551,36.34647440596726,761.0199999995745,796.0167077347603
28552,36.34647440596726,761.0399999995744,796.0234221650721
28553,36.34647440596726,761.0599999995744,796.0301364520354
28554,36.34647440596726,761.0799999995744,796.0368505956467
28555,36.34647440596726,761.0999999995744,796.0435645959024
28556,36.34647440596726,761.1199999995744,796.0502784527987
28557,36.34647440596726,761.1399999995743,796.0569921663322
28558,36.34647440596726,761.1599999995743,796.0637057364992
28559,36.34647440596726,761.1799999995743,796.070419163296
28560,36.34647440596726,761.1999999995743,796.0771324467192
28561,36.34647440596726,761.2199999995743,796.083845586765
28562,36.34647440596726,761.2399999995743,796.0905585834299
28563,36.34647440596726,761.2599999995742,796.0972714367102
28564,36.34647440596726,761.2799999995742,796.1039841466024
28565,36.34647440596726,761.2999999995742,796.1106967131029
28566,36.34647440596726,761.3199999995742,796.117409136208
28567,36.34647440596726,761.3399999995742,796.1241214159141
28568,36.34647440596726,761.3599999995741,796.1308335522176
28569,36.34647440596726,761.3799999995741,796.1375455451149
28570,36.34647440596726,761.3999999995741,796.1442573946024
28571,36.34647440596726,761.4199999995741,796.1509691006764
28572,36.34647440596726,761.4399999995741,796.1576806633423
28573,36.34647440596726,761.459999999574,796.1643920827936
28574,36.34647440596726,761.479999999574,796.1711033591449
28575,36.34647440596726,761.499999999574,796.1778144923927
28576,36.34647440596726,761.519999999574,796.1845254825333
28577,36.34647440596726,761.539999999574,796.1912363295631
28578,36.34647440596726,761.559999999574,796.1979470334786
28579,36.34647440596726,761.5799999995739,796.2046575942761
28580,36.34647440596726,761.5999999995739,796.211368011952
28581,36.34647440596726,761.6199999995739,796.2180782865026
28582,36.34647440596726,761.6399999995739,796.2247884179245
28583,36.34647440596726,761.6599999995739,796.231498406214
28584,36.34647440596726,761.6799999995739,796.2382082513675
28585,36.34647440596726,761.6999999995738,796.2449179533813
28586,36.34647440596726,761.7199999995738,796.251627512252
28587,36.34647440596726,761.7399999995738,796.2583369279758
28588,36.34647440596726,761.7599999995738,796.2650462005492
28589,36.34647440596726,761.7799999995738,796.2717553299686
28590,36.34647440596726,761.7999999995737,796.2784643162305
28591,36.34647440596726,761.8199999995737,796.2851731593311
28592,36.34647440596726,761.8399999995737,796.2918818592668
28593,36.34647440596726,761.8599999995737,796.2985904160342
28594,36.34647440596726,761.8799999995737,796.3052988296296
28595,36.34647440596726,761.8999999995737,796.3120071000493
28596,36.34647440596726,761.9199999995736,796.3187152272899
28597,36.34647440596726,761.9399999995736,796.3254232113476
28598,36.34647440596726,761.9599999995736,796.3321310522189
28599,36.34647440596726,761.9799999995736,796.3388387499001
28600,36.34647440596726,761.9999999995736,796.3455463043878
28601,36.34647440596726,762.0199999995735,796.3522537156782
28602,36.34647440596726,762.0399999995735,796.3589609837678
28603,36.34647440596726,762.0599999995735,796.365668108653
28604,36.34647440596726,762.0799999995735,796.3723750903303
28605,36.34647440596726,762.0999999995735,796.3790819287958
28606,36.34647440596726,762.1199999995735,796.3857886240461
28607,36.34647440596726,762.1399999995734,796.3924951760775
28608,36.34647440596726,762.1599999995734,796.3992015848867
28609,36.34647440596726,762.1799999995734,796.4059078504697
28610,36.34647440596726,762.1999999995734,796.4126139728231
28611,36.34647440596726,762.2199999995734,796.4193199519433
28612,36.34647440596726,762.2399999995733,796.4260257878267
28613,36.34647440596726,762.2599999995733,796.4327314804697
28614,36.34647440596726,762.2799999995733,796.4394370298686
28615,36.34647440596726,762.2999999995733,796.4461424360198
28616,36.34647440596726,762.3199999995733,796.4528476989199
28617,36.34647440596726,762.3399999995733,796.4595528185652
28618,36.34647440596726,762.3599999995732,796.466257794952
28619,36.34647440596726,762.3799999995732,796.4729626280767
28620,36.34647440596726,762.3999999995732,796.4796673179359
28621,36.34647440596726,762.4199999995732,796.4863718645258
28622,36.34647440596726,762.4399999995732,796.493076267843
28623,36.34647440596726,762.4599999995731,796.4997805278971
28624,36.34647440596726,762.4799999995731,796.5064846449095
28625,36.34647440596726,762.4999999995731,796.5131886189815
28626,36.34647440596726,762.5199999995731,796.5198924501094
28627,36.34647440596726,762.5399999995731,796.5265961382896
28628,36.34647440596726,762.559999999573,796.5332996835186
28629,36.34647440596726,762.579999999573,796.5400030857928
28630,36.34647440596726,762.599999999573,796.5467063451085
28631,36.34647440596726,762.619999999573,796.5534094614623
28632,36.34647440596726,762.639999999573,796.5601124348503
28633,36.34647440596726,762.659999999573,796.5668152652693
28634,36.34647440596726,762.6799999995729,796.5735179527154
28635,36.34647440596726,762.6999999995729,796.5802204971851
28636,36.34647440596726,762.7199999995729,796.5869228986749
28637,36.34647440596726,762.7399999995729,796.593625157181
28638,36.34647440596726,762.7599999995729,796.6003272727
28639,36.34647440596726,762.7799999995729,796.6070292452283
28640,36.34647440596726,762.7999999995728,796.6137310747623
28641,36.34647440596726,762.8199999995728,796.6204327612984
28642,36.34647440596726,762.8399999995728,796.627134304833
28643,36.34647440596726,762.8599999995728,796.6338357053626
28644,36.34647440596726,762.8799999995728,796.6405369628834
28645,36.34647440596726,762.8999999995727,796.647238077392
28646,36.34647440596726,762.9199999995727,796.6539390488847
28647,36.34647440596726,762.9399999995727,796.660639877358
28648,36.34647440596726,762.9599999995727,796.6673405628082
28649,36.34647440596726,762.9799999995727,796.6740411052319
28650,36.34647440596726,762.9999999995727,796.6807415046254
28651,36.34647440596726,763.0199999995726,796.687441760985
28652,36.34647440596726,763.0399999995726,796.6941418743073
28653,36.34647440596726,763.0599999995726,796.7008418445887
28654,36.29512529012664,763.0799999995726,796.7075416718254
28655,36.29512529012664,763.0999999995726,796.7142413560141
28656,36.29512529012664,763.1199999995725,796.720940897151
28657,36.29512529012664,763.1399999995725,796.7276402952325
28658,36.29512529012664,763.1599999995725,796.7343395502552
28659,36.29512529012664,763.1799999995725,796.7410386622154
28660,36.29512529012664,763.1999999995725,796.7477376311095
28661,36.29512529012664,763.2199999995725,796.7544364569341
28662,36.29512529012664,763.2399999995724,796.7611351396853
28663,36.29512529012664,763.2599999995724,796.7678336793597
28664,36.29512529012664,763.2799999995724,796.7745320759536
28665,36.29512529012664,763.2999999995724,796.7812303294636
28666,36.29512529012664,763.3199999995724,796.787928439886
28667,36.29512529012664,763.3399999995723,796.7946264072172
28668,36.29512529012664,763.3599999995723,796.8013242314536
28669,36.29512529012664,763.3799999995723,796.8080219125916
28670,36.29512529012664,763.3999999995723,796.8147194506276
28671,36.29512529012664,763.4199999995723,796.8214168455582
28672,36.29512529012664,763.4399999995723,796.8281140973797
28673,36.29512529012664,763.4599999995722,796.8348112060885
28674,36.29512529012664,763.4799999995722,796.8415081716963
28675,36.29512529012664,763.4999999995722,796.8482049944116
28676,36.29512529012664,763.5199999995722,796.854901674305
28677,36.29512529012664,763.5399999995722,796.861598211373
28678,36.29512529012664,763.5599999995721,796.868294605612
28679,36.29512529012664,763.5799999995721,796.8749908570185
28680,36.29512529012664,763.5999999995721,796.8816869655888
28681,36.29512529012664,763.6199999995721,796.8883829313194
28682,36.29512529012664,763.6399999995721,796.8950787542067
28683,36.29512529012664,763.659999999572,796.9017744342472
28684,36.29512529012664,763.679999999572,796.9084699714372
28685,36.29512529012664,763.699999999572,796.9151653657732
28686,36.29512529012664,763.719999999572,796.9218606172516
28687,36.29512529012664,763.739999999572,796.9285557258689
28688,36.29512529012664,763.759999999572,796.9352506916215
28689,36.29512529012664,763.7799999995719,796.9419455145057
28690,36.29512529012664,763.7999999995719,796.9486401945181
28691,36.29512529012664,763.8199999995719,796.9553347316551
28692,36.29512529012664,763.8399999995719,796.962029125913
28693,36.29512529012664,763.8599999995719,796.9687233772884
28694,36.29512529012664,763.8799999995719,796.9754174857776
28695,36.29512529012664,763.8999999995718,796.982111451377
28696,36.29512529012664,763.9199999995718,796.9888052740831
28697,36.29512529012664,763.9399999995718,796.9954989538924
28698,36.29512529012664,763.9599999995718,797.0021924908011
28699,36.29512529012664,763.9799999995718,797.0088858848059
28700,36.29512529012664,763.9999999995717,797.0155791359031
28701,36.29512529012664,764.0199999995717,797.0222722440891
28702,36.29512529012664,764.0399999995717,797.0289652093603
28703,36.29512529012664,764.0599999995717,797.0356580317133
28704,36.29512529012664,764.0799999995717,797.0423507111443
28705,36.29512529012664,764.0999999995717,797.0490432476499
28706,36.29512529012664,764.1199999995716,797.0557356412265
28707,36.29512529012664,764.1399999995716,797.0624278918705
28708,36.29512529012664,764.1599999995716,797.0691199995782
28709,36.29512529012664,764.1799999995716,797.0758119643463
28710,36.29512529012664,764.1999999995716,797.082503786171
28711,36.29512529012664,764.2199999995715,797.0891954650488
28712,36.29512529012664,764.2399999995715,797.0958870009762
28713,36.29512529012664,764.2599999995715,797.1025783939496
28714,36.29512529012664,764.2799999995715,797.1092696439653
28715,36.29512529012664,764.2999999995715,797.1159607510198
28716,36.29512529012664,764.3199999995715,797.1226517151096
28717,36.29512529012664,764.3399999995714,797.129342536231
28718,36.29512529012664,764.3599999995714,797.1360332143805
28719,36.29512529012664,764.3799999995714,797.1427237495546
28720,36.29512529012664,764.3999999995714,797.1494141417497
28721,36.29512529012664,764.4199999995714,797.1561043909622
28722,36.29512529012664,764.4399999995713,797.1627944971885
28723,36.29512529012664,764.4599999995713,797.1694844604251
28724,36.29512529012664,764.4799999995713,797.1761742806684
28725,36.29512529012664,764.4999999995713,797.1828639579348
28726,36.29512529012664,764.5199999995713,797.1895534924606
28727,36.29512529012664,764.5399999995713,797.1962428843021
28728,36.29512529012664,764.5599999995712,797.2029321334559
28729,36.29512529012664,764.5799999995712,797.2096212399182
28730,36.29512529012664,764.5999999995712,797.2163102036857
28731,36.29512529012664,764.6199999995712,797.2229990247546
28732,36.29512529012664,764.6399999995712,797.2296877031215
28733,36.29512529012664,764.6599999995711,797.2363762387828
28734,36.29512529012664,764.6799999995711,797.2430646317348
28735,36.29512529012664,764.6999999995711,797.2497528819741
28736,36.29512529012664,764.7199999995711,797.2564409894972
28737,36.29512529012664,764.7399999995711,797.2631289543003
28738,36.29512529012664,764.759999999571,797.26981677638
28739,36.29512529012664,764.779999999571,797.2765044557327
28740,36.29512529012664,764.799999999571,797.2831919923549
28741,36.29512529012664,764.819999999571,797.2898793862429
28742,36.29512529012664,764.839999999571,797.2965666373932
28743,36.29512529012664,764.859999999571,797.3032537458023
28744,36.29512529012664,764.8799999995709,797.3099407114667
28745,36.29512529012664,764.8999999995709,797.3166275343826
28746,36.29512529012664,764.9199999995709,797.3233142145466
28747,36.29512529012664,764.9399999995709,797.3300007519551
28748,36.29512529012664,764.9599999995709,797.3366871466046
28749,36.29512529012664,764.9799999995709,797.3433733984915
28750,36.29512529012664,764.9999999995708,797.3500595076122
28751,36.29512529012664,765.0199999995708,797.3567454739631
28752,36.29512529012664,765.0399999995708,797.3634312975407
28753,36.29512529012664,765.0599999995708,797.3701169783416
28754,36.29512529012664,765.0799999995708,797.376802516362
28755,36.29512529012664,765.0999999995707,797.3834879115984
28756,36.29512529012664,765.1199999995707,797.3901731640473
28757,36.29512529012664,765.1399999995707,797.3968582737051
28758,36.29512529012664,765.1599999995707,797.4035432405682
28759,36.29512529012664,765.1799999995707,797.4102280646331
28760,36.29512529012664,765.1999999995707,797.4169127458962
28761,36.29512529012664,765.2199999995706,797.423597284354
28762,36.29512529012664,765.2399999995706,797.4302816800028
28763,36.29512529012664,765.2599999995706,797.4369659328393
28764,36.29512529012664,765.2799999995706,797.4436500428596
28765,36.29512529012664,765.2999999995706,797.4503340100605
28766,36.29512529012664,765.3199999995705,797.4570178344381
28767,36.29512529012664,765.3399999995705,797.4637015159891
28768,36.29512529012664,765.3599999995705,797.4703850547098
28769,36.29512529012664,765.3799999995705,797.4770684505968
28770,36.29512529012664,765.3999999995705,797.4837517036464
28771,36.29512529012664,765.4199999995705,797.490434813855
28772,36.29512529012664,765.4399999995704,797.4971177812191
28773,36.29512529012664,765.4599999995704,797.5038006057351
28774,36.29512529012664,765.4799999995704,797.5104832873996
28775,36.29512529012664,765.4999999995704,797.5171658262088
28776,36.29512529012664,765.5199999995704,797.5238482221832
28777,36.29512529012664,765.5399999995703,797.530530475575
28778,36.29512529012664,765.5599999995703,797.5372125864218
28779,36.29512529012664,765.5799999995703,797.5438945547199
28780,36.29512529012664,765.5999999995703,797.5505763804659
28781,36.29512529012664,765.6199999995703,797.5572580636564
28782,36.29512529012664,765.6399999995703,797.5639396042875
28783,36.29512529012664,765.6599999995702,797.5706210023559
28784,36.29512529012664,765.6799999995702,797.5773022578579
28785,36.29512529012664,765.6999999995702,797.5839833707901
28786,36.29512529012664,765.7199999995702,797.5906643411488
28787,36.29512529012664,765.7399999995702,797.5973451689306
28788,36.29512529012664,765.7599999995701,797.6040258541318
28789,36.29512529012664,765.7799999995701,797.610706396749
28790,36.29512529012664,765.7999999995701,797.6173867967786
28791,36.29512529012664,765.8199999995701,797.624067054217
28792,36.29512529012664,765.8399999995701,797.6307471690607
28793,36.29512529012664,765.85999999957,797.637427141306
28794,36.29512529012664,765.87999999957,797.6441069709496
28795,36.29512529012664,765.89999999957,797.6507866579877
28796,36.29512529012664,765.91999999957,797.6574662024169
28797,36.29512529012664,765.93999999957,797.6641456042337
28798,36.29512529012664,765.95999999957,797.6708248634344
28799,36.29512529012664,765.9799999995699,797.6775039800154
28800,36.29512529012664,765.9999999995699,797.6841829539734
28801,36.29512529012664,766.0199999995699,797.6908617853046
28802,36.29512529012664,766.0399999995699,797.6975404740057
28803,36.29512529012664,766.0599999995699,797.704219020073
28804,36.29512529012664,766.0799999995698,797.7108974235028
28805,36.29512529012664,766.0999999995698,797.7175756842919
28806,36.29512529012664,766.1199999995698,797.7242538024365
28807,36.29512529012664,766.1399999995698,797.730931777933
28808,36.29512529012664,766.1599999995698,797.7376096107781
28809,36.29512529012664,766.1799999995698,797.744287300968
28810,36.29512529012664,766.1999999995697,797.7509648484994
28811,36.29512529012664,766.2199999995697,797.7576422533685
28812,36.29512529012664,766.2399999995697,797.764319515572
28813,36.29512529012664,766.2599999995697,797.7709966351061
28814,36.29512529012664,766.2799999995697,797.7776736119674
28815,36.29512529012664,766.2999999995696,797.7843504461523
28816,36.29512529012664,766.3199999995696,797.7910271376572
28817,36.29512529012664,766.3399999995696,797.7977036864787
28818,36.29512529012664,766.3599999995696,797.8043800926132
28819,36.29512529012664,766.3799999995696,797.8110563560571
28820,36.29512529012664,766.3999999995696,797.8177324768068
28821,36.29512529012664,766.4199999995695,797.8244084548588
28822,36.29512529012664,766.4399999995695,797.8310842902097
28823,36.29512529012664,766.4599999995695,797.8377599828557
28824,36.29512529012664,766.4799999995695,797.8444355327935
28825,36.29512529012664,766.4999999995695,797.8511109400193
28826,36.29512529012664,766.5199999995694,797.8577862045298
28827,36.29512529012664,766.5399999995694,797.8644613263543
28828,36.29512529012664,766.5599999995694,797.8711363057683
28829,36.29512529012664,766.5799999995694,797.8778111427957
28830,36.29512529012664,766.5999999995694,797.8844858374329
28831,36.29512529012664,766.6199999995694,797.8911603896763
28832,36.29512529012664,766.6399999995693,797.8978347995225
28833,36.29512529012664,766.6599999995693,797.9045090669678
28834,36.29512529012664,766.6799999995693,797.9111831920087
28835,36.29512529012664,766.6999999995693,797.9178571746417
28836,36.29512529012664,766.7199999995693,797.9245310148632
28837,36.29512529012664,766.7399999995692,797.9312047126697
28838,36.29512529012664,766.7599999995692,797.9378782680576
28839,36.29512529012664,766.7799999995692,797.9445516810234
28840,36.29512529012664,766.7999999995692,797.9512249515636
28841,36.29512529012664,766.8199999995692,797.9578980796747
28842,36.29512529012664,766.8399999995692,797.9645710653531
28843,36.29512529012664,766.8599999995691,797.9712439085952
28844,36.29512529012664,766.8799999995691,797.9779166093975
28845,36.29512529012664,766.8999999995691,797.9845891677566
28846,36.29512529012664,766.9199999995691,797.9912615836687
28847,36.29512529012664,766.9399999995691,797.9979338571304
28848,36.29512529012664,766.959999999569,798.0046059881382
28849,36.29512529012664,766.979999999569,798.0112779766886
28850,36.24389696777827,766.999999999569,798.0179498227778
28851,36.24389696777827,767.019999999569,798.0246215264026
28852,36.24389696777827,767.039999999569,798.0312930875592
28853,36.24389696777827,767.059999999569,798.0379645062442
28854,36.24389696777827,767.0799999995689,798.044635782454
28855,36.24389696777827,767.0999999995689,798.051306916185
28856,36.24389696777827,767.1199999995689,798.0579779074338
28857,36.24389696777827,767.1399999995689,798.0646487561968
28858,36.24389696777827,767.1599999995689,798.0713194624705
28859,36.24389696777827,767.1799999995688,798.0779900262512
28860,36.24389696777827,767.1999999995688,798.0846604475355
28861,36.24389696777827,767.2199999995688,798.0913307263198
28862,36.24389696777827,767.2399999995688,798.0980008626007
28863,36.24389696777827,767.2599999995688,798.1046708563745
28864,36.24389696777827,767.2799999995688,798.1113407076377
28865,36.24389696777827,767.2999999995687,798.1180104163868
28866,36.24389696777827,767.3199999995687,798.1246799826183
28867,36.24389696777827,767.3399999995687,798.1313494063286
28868,36.24389696777827,767.3599999995687,798.1380186875141
28869,36.24389696777827,767.3799999995687,798.1446878261713
28870,36.24389696777827,767.3999999995686,798.1513568222967
28871,36.24389696777827,767.4199999995686,798.1580256758868
28872,36.24389696777827,767.4399999995686,798.1646943869381
28873,36.24389696777827,767.4599999995686,798.1713629554469
28874,36.24389696777827,767.4799999995686,798.1780313814097
28875,36.24389696777827,767.4999999995686,798.184699664823
28876,36.24389696777827,767.5199999995685,798.1913678056833
28877,36.24389696777827,767.5399999995685,798.198035803987
28878,36.24389696777827,767.5599999995685,798.2047036597771
28879,36.24389696777827,767.5799999995685,798.2113713732813
28880,36.24389696777827,767.5999999995685,798.2180389445164
28881,36.24389696777827,767.6199999995684,798.2247063734787
28882,36.24389696777827,767.6399999995684,798.231373660165
28883,36.24389696777827,767.6599999995684,798.2380408045716
28884,36.24389696777827,767.6799999995684,798.2447078066949
28885,36.24389696777827,767.6999999995684,798.2513746665315
28886,36.24389696777827,767.7199999995684,798.2580413840778
28887,36.24389696777827,767.7399999995683,798.2647079593303
28888,36.24389696777827,767.7599999995683,798.2713743922855
28889,36.24389696777827,767.7799999995683,798.2780406829397
28890,36.24389696777827,767.7999999995683,798.2847068312896
28891,36.24389696777827,767.8199999995683,798.2913728373314
28892,36.24389696777827,767.8399999995682,798.2980387010618
28893,36.24389696777827,767.8599999995682,798.3047044224772
28894,36.24389696777827,767.8799999995682,798.3113700015741
28895,36.24389696777827,767.8999999995682,798.3180354383489
28896,36.24389696777827,767.9199999995682,798.3247007327981
28897,36.24389696777827,767.9399999995682,798.3313658849181
28898,36.24389696777827,767.9599999995681,798.3380308947055
28899,36.24389696777827,767.9799999995681,798.3446957621567
28900,36.24389696777827,767.9999999995681,798.3513604872682
28901,36.24389696777827,768.0199999995681,798.3580250700363
28902,36.24389696777827,768.0399999995681,798.3646895104578
28903,36.24389696777827,768.059999999568,798.3713538085289
28904,36.24389696777827,768.079999999568,798.3780179642462
28905,36.24389696777827,768.099999999568,798.3846819776061
28906,36.24389696777827,768.119999999568,798.391345848605
28907,36.24389696777827,768.139999999568,798.3980095772396
28908,36.24389696777827,768.159999999568,798.4046731635061
28909,36.24389696777827,768.1799999995679,798.4113366074012
28910,36.24389696777827,768.1999999995679,798.4179999089212
28911,36.24389696777827,768.2199999995679,798.4246630680626
28912,36.24389696777827,768.2399999995679,798.431326084822
28913,36.24389696777827,768.2599999995679,798.4379889591958
28914,36.24389696777827,768.2799999995678,798.4446516911804
28915,36.24389696777827,768.2999999995678,798.4513142807723
28916,36.24389696777827,768.3199999995678,798.457976727968
28917,36.24389696777827,768.3399999995678,798.464639032764
28918,36.24389696777827,768.3599999995678,798.4713011951567
28919,36.24389696777827,768.3799999995678,798.4779632151426
28920,36.24389696777827,768.3999999995677,798.4846250927181
28921,36.24389696777827,768.4199999995677,798.4912868278799
28922,36.24389696777827,768.4399999995677,798.4979484206242
28923,36.24389696777827,768.4599999995677,798.5046098709477
28924,36.24389696777827,768.4799999995677,798.5112711788466
28925,36.24389696777827,768.4999999995676,798.5179323443176
28926,36.24389696777827,768.5199999995676,798.5245933673572
28927,36.24389696777827,768.5399999995676,798.5312542479617
28928,36.24389696777827,768.5599999995676,798.5379149861276
28929,36.24389696777827,768.5799999995676,798.5445755819196
28930,36.24389696777827,768.5999999995676,798.5512360355646
28931,36.24389696777827,768.6199999995675,798.5578963470768
28932,36.24389696777827,768.6399999995675,798.5645565164531
28933,36.24389696777827,768.6599999995675,798.5712165436897
28934,36.24389696777827,768.6799999995675,798.5778764287833
28935,36.24389696777827,768.6999999995675,798.5845361717301
28936,36.24389696777827,768.7199999995674,798.5911957725267
28937,36.24389696777827,768.7399999995674,798.5978552311697
28938,36.24389696777827,768.7599999995674,798.6045145476554
28939,36.24389696777827,768.7799999995674,798.6111737219804
28940,36.24389696777827,768.7999999995674,798.6178327541412
28941,36.24389696777827,768.8199999995674,798.6244916441341
28942,36.24389696777827,768.8399999995673,798.6311503919557
28943,36.24389696777827,768.8599999995673,798.6378089976024
28944,36.24389696777827,768.8799999995673,798.6444674610708
28945,36.24389696777827,768.8999999995673,798.6511257823573
28946,36.24389696777827,768.9199999995673,798.6577839614584
28947,36.24389696777827,768.9399999995672,798.6644419983706
28948,36.24389696777827,768.9599999995672,798.6710998930904
28949,36.24389696777827,768.9799999995672,798.6777576456142
28950,36.24389696777827,768.9999999995672,798.6844152559386
28951,36.24389696777827,769.0199999995672,798.69107272406
28952,36.24389696777827,769.0399999995672,798.6977300499748
28953,36.24389696777827,769.0599999995671,798.7043872336795
28954,36.24389696777827,769.0799999995671,798.7110442751707
28955,36.24389696777827,769.0999999995671,798.7177011744449
28956,36.24389696777827,769.1199999995671,798.7243579314984
28957,36.24389696777827,769.1399999995671,798.7310145463277
28958,36.24389696777827,769.159999999567,798.7376710189294
28959,36.24389696777827,769.179999999567,798.7443273493
28960,36.24389696777827,769.199999999567,798.7509835374358
28961,36.24389696777827,769.219999999567,798.7576395833335
28962,36.24389696777827,769.239999999567,798.7642954869893
28963,36.24389696777827,769.259999999567,798.7709512484
28964,36.24389696777827,769.2799999995669,798.7776068675619
28965,36.24389696777827,769.2999999995669,798.7842623444715
28966,36.24389696777827,769.3199999995669,798.7909176791252
28967,36.24389696777827,769.3399999995669,798.7975728715196
28968,36.24389696777827,769.3599999995669,798.8042279216512
28969,36.24389696777827,769.3799999995668,798.8108828295163
28970,36.24389696777827,769.3999999995668,798.8175375951116
28971,36.24389696777827,769.4199999995668,798.8241922184335
28972,36.24389696777827,769.4399999995668,798.8308466994785
28973,36.24389696777827,769.4599999995668,798.837501038243
28974,36.24389696777827,769.4799999995668,798.8441552347235
28975,36.24389696777827,769.4999999995667,798.8508092889166
28976,36.24389696777827,769.5199999995667,798.8574632008186
28977,36.24389696777827,769.5399999995667,798.8641169704262
28978,36.24389696777827,769.5599999995667,798.8707705977356
28979,36.24389696777827,769.5799999995667,798.8774240827435
28980,36.24389696777827,769.5999999995666,798.8840774255333
28981,36.24389696777827,769.6199999995666,798.8907306263178
28982,36.24389696777827,769.6399999995666,798.8973836851079
28983,36.24389696777827,769.6599999995666,798.9040366019
28984,36.24389696777827,769.6799999995666,798.9106893766906
28985,36.24389696777827,769.6999999995666,798.9173420094761
28986,36.24389696777827,769.7199999995665,798.9239945002531
28987,36.24389696777827,769.7399999995665,798.9306468490181
28988,36.24389696777827,769.7599999995665,798.9372990557675
28989,36.24389696777827,769.7799999995665,798.9439511204978
28990,36.24389696777827,769.7999999995665,798.9506030432055
28991,36.24389696777827,769.8199999995664,798.9572548238872
28992,36.24389696777827,769.8399999995664,798.9639064625392
28993,36.24389696777827,769.8599999995664,798.970557959158
28994,36.24389696777827,769.8799999995664,798.9772093137402
28995,36.24389696777827,769.8999999995664,798.9838605262823
28996,36.24389696777827,769.9199999995664,798.9905115967807
28997,36.24389696777827,769.9399999995663,798.9971625252319
28998,36.24389696777827,769.9599999995663,799.0038133116325
28999,36.24389696777827,769.9799999995663,799.0104639559788
29000,36.24389696777827,769.9999999995663,799.0171144582674
29001,36.24389696777827,770.0199999995663,799.0237648184949
29002,36.24389696777827,770.0399999995662,799.0304150366576
29003,36.24389696777827,770.0599999995662,799.037065112752
29004,36.24389696777827,770.0799999995662,799.0437150467747
29005,36.24389696777827,770.0999999995662,799.0503648387221
29006,36.24389696777827,770.1199999995662,799.0570144885908
29007,36.24389696777827,770.1399999995662,799.0636639963772
29008,36.24389696777827,770.1599999995661,799.0703133620777
29009,36.24389696777827,770.1799999995661,799.076962585689
29010,36.24389696777827,770.1999999995661,799.0836116672074
29011,36.24389696777827,770.2199999995661,799.0902606066295
29012,36.24389696777827,770.2399999995661,799.0969094039517
29013,36.24389696777827,770.259999999566,799.1035580591706
29014,36.24389696777827,770.279999999566,799.1102065722826
29015,36.24389696777827,770.299999999566,799.1168549432841
29016,36.24389696777827,770.319999999566,799.1235031721718
29017,36.24389696777827,770.339999999566,799.1301512589421
29018,36.24389696777827,770.359999999566,799.1367992035915
29019,36.24389696777827,770.3799999995659,799.1434470061165
29020,36.24389696777827,770.3999999995659,799.1500946665136
29021,36.24389696777827,770.4199999995659,799.1567421847792
29022,36.24389696777827,770.4399999995659,799.1633895609099
29023,36.24389696777827,770.4599999995659,799.1700367949021
29024,36.24389696777827,770.4799999995658,799.1766838867524
29025,36.24389696777827,770.4999999995658,799.1833308364571
29026,36.24389696777827,770.5199999995658,799.1899776440129
29027,36.24389696777827,770.5399999995658,799.1966243094162
29028,36.24389696777827,770.5599999995658,799.2032708326634
29029,36.24389696777827,770.5799999995658,799.2099172137512
29030,36.24389696777827,770.5999999995657,799.2165634526758
29031,36.24389696777827,770.6199999995657,799.2232095495463
29032,36.24389696777827,770.6399999995657,799.2298555045722
29033,36.24389696777827,770.6599999995657,799.2365013177616
29034,36.24389696777827,770.6799999995657,799.2431469891109
29035,36.24389696777827,770.6999999995656,799.2497925186165
29036,36.24389696777827,770.7199999995656,799.2564379062749
29037,36.24389696777827,770.7399999995656,799.2630831520827
29038,36.24389696777827,770.7599999995656,799.2697282560363
29039,36.24389696777827,770.7799999995656,799.2763732181322
29040,36.24389696777827,770.7999999995656,799.283018038367
29041,36.24389696777827,770.8199999995655,799.2896627167372
29042,36.24389696777827,770.8399999995655,799.2963072532392
29043,36.24389696777827,770.8599999995655,799.3029516478696
29044,36.24389696777827,770.8799999995655,799.3095959006247
29045,36.24389696777827,770.8999999995655,799.3162400115011
29046,36.24389696777827,770.9199999995654,799.3228839804954
29047,36.192789041480246,770.9399999995654,799.329527807604
29048,36.192789041480246,770.9599999995654,799.3361714928234
29049,36.192789041480246,770.9799999995654,799.3428150361501
29050,36.192789041480246,770.9999999995654,799.3494584375807
29051,36.192789041480246,771.0199999995654,799.3561016971115
29052,36.192789041480246,771.0399999995653,799.3627448147392
29053,36.192789041480246,771.0599999995653,799.3693877904602
29054,36.192789041480246,771.0799999995653,799.376030624271
29055,36.192789041480246,771.0999999995653,799.3826733161682
29056,36.192789041480246,771.1199999995653,799.3893158661481
29057,36.192789041480246,771.1399999995652,799.3959582742074
29058,36.192789041480246,771.1599999995652,799.4026005403424
29059,36.192789041480246,771.1799999995652,799.4092426645498
29060,36.192789041480246,771.1999999995652,799.4158846468259
29061,36.192789041480246,771.2199999995652,799.4225264871674
29062,36.192789041480246,771.2399999995652,799.4291681855706
29063,36.192789041480246,771.2599999995651,799.4358097420321
29064,36.192789041480246,771.2799999995651,799.4424511565485
29065,36.192789041480246,771.2999999995651,799.4490924291161
29066,36.192789041480246,771.3199999995651,799.4557335597316
29067,36.192789041480246,771.3399999995651,799.4623745483913
29068,36.192789041480246,771.359999999565,799.4690153950918
29069,36.192789041480246,771.379999999565,799.4756560998296
29070,36.192789041480246,771.399999999565,799.4822966626012
29071,36.192789041480246,771.419999999565,799.4889370834031
29072,36.192789041480246,771.439999999565,799.4955773622319
29073,36.192789041480246,771.459999999565,799.5022174990838
29074,36.192789041480246,771.4799999995649,799.5088574939556
29075,36.192789041480246,771.4999999995649,799.5154973468436
29076,36.192789041480246,771.5199999995649,799.5221370577445
29077,36.192789041480246,771.5399999995649,799.5287766266547
29078,36.192789041480246,771.5599999995649,799.5354160535707
29079,36.192789041480246,771.5799999995648,799.5420553384889
29080,36.192789041480246,771.5999999995648,799.548694481406
29081,36.192789041480246,771.6199999995648,799.5553334823184
29082,36.192789041480246,771.6399999995648,799.561972341338
29083,36.192789041480246,771.6599999995648,799.5686110586341
29084,36.192789041480246,771.6799999995648,799.5752496342095
29085,36.192789041480246,771.6999999995647,799.5818880680607
29086,36.192789041480246,771.7199999995647,799.5885263601843
29087,36.192789041480246,771.7399999995647,799.5951645105768
29088,36.192789041480246,771.7599999995647,799.6018025192345
29089,36.192789041480246,771.7799999995647,799.6084403861541
29090,36.192789041480246,771.7999999995646,799.6150781113321
29091,36.192789041480246,771.8199999995646,799.6217156947649
29092,36.192789041480246,771.8399999995646,799.6283531364492
29093,36.192789041480246,771.8599999995646,799.6349904363813
29094,36.192789041480246,771.8799999995646,799.6416275945577
29095,36.192789041480246,771.8999999995646,799.648264610975
29096,36.192789041480246,771.9199999995645,799.6549014856298
29097,36.192789041480246,771.9399999995645,799.6615382185184
29098,36.192789041480246,771.9599999995645,799.6681748096374
29099,36.192789041480246,771.9799999995645,799.6748112589834
29100,36.192789041480246,771.9999999995645,799.6814475665527
29101,36.192789041480246,772.0199999995644,799.688083732342
29102,36.192789041480246,772.0399999995644,799.6947197563477
29103,36.192789041480246,772.0599999995644,799.7013556385664
29104,36.192789041480246,772.0799999995644,799.7079913789945
29105,36.192789041480246,772.0999999995644,799.7146269776285
29106,36.192789041480246,772.1199999995644,799.7212624344651
29107,36.192789041480246,772.1399999995643,799.7278977495006
29108,36.192789041480246,772.1599999995643,799.7345329227315
29109,36.192789041480246,772.1799999995643,799.7411679541545
29110,36.192789041480246,772.1999999995643,799.7478028437661
29111,36.192789041480246,772.2199999995643,799.7544375915626
29112,36.192789041480246,772.2399999995642,799.7610721975406
29113,36.192789041480246,772.2599999995642,799.7677066616966
29114,36.192789041480246,772.2799999995642,799.7743409840272
29115,36.192789041480246,772.2999999995642,799.7809751645287
29116,36.192789041480246,772.3199999995642,799.7876092031979
29117,36.192789041480246,772.3399999995642,799.7942431000312
29118,36.192789041480246,772.3599999995641,799.800876855025
29119,36.192789041480246,772.3799999995641,799.8075104681758
29120,36.192789041480246,772.3999999995641,799.8141439394802
29121,36.192789041480246,772.4199999995641,799.8207772689348
29122,36.192789041480246,772.4399999995641,799.8274104565359
29123,36.192789041480246,772.459999999564,799.8340435022801
29124,36.192789041480246,772.479999999564,799.840676406164
29125,36.192789041480246,772.499999999564,799.847309168184
29126,36.192789041480246,772.519999999564,799.8539417883366
29127,36.192789041480246,772.539999999564,799.8605742666183
29128,36.192789041480246,772.559999999564,799.8672066030257
29129,36.192789041480246,772.5799999995639,799.8738387975552
29130,36.192789041480246,772.5999999995639,799.8804708502034
29131,36.192789041480246,772.6199999995639,799.8871027609669
29132,36.192789041480246,772.6399999995639,799.8937345298419
29133,36.192789041480246,772.6599999995639,799.9003661569662
29134,36.192789041480246,772.6799999995638,799.9069976425046
29135,36.192789041480246,772.6999999995638,799.9136289864567
29136,36.192789041480246,772.7199999995638,799.920260188819
29137,36.192789041480246,772.7399999995638,799.9268912495882
29138,36.192789041480246,772.7599999995638,799.9335221687605
29139,36.192789041480246,772.7799999995638,799.9401529463327
29140,36.192789041480246,772.7999999995637,799.9467835823011
29141,36.192789041480246,772.8199999995637,799.9534140766624
29142,36.192789041480246,772.8399999995637,799.960044429413
29143,36.192789041480246,772.8599999995637,799.9666746405493
29144,36.192789041480246,772.8799999995637,799.973304710068
29145,36.192789041480246,772.8999999995636,799.9799346379656
29146,36.192789041480246,772.9199999995636,799.9865644242386
29147,36.192789041480246,772.9399999995636,799.9931940688836
29148,36.192789041480246,772.9599999995636,799.9998235718969
29149,36.192789041480246,772.9799999995636,800.0064529333863
29150,36.192789041480246,772.9999999995636,800.013082153469
29151,36.192789041480246,773.0199999995635,800.0197112321425
29152,36.192789041480246,773.0399999995635,800.0263401694035
29153,36.192789041480246,773.0599999995635,800.0329689652484
29154,36.192789041480246,773.0799999995635,800.0395976196738
29155,36.192789041480246,773.0999999995635,800.0462261326762
29156,36.192789041480246,773.1199999995634,800.0528545042522
29157,36.192789041480246,773.1399999995634,800.0594827343983
29158,36.192789041480246,773.1599999995634,800.0661108231112
29159,36.192789041480246,773.1799999995634,800.0727387703873
29160,36.192789041480246,773.1999999995634,800.0793665762233
29161,36.192789041480246,773.2199999995634,800.0859942406156
29162,36.192789041480246,773.2399999995633,800.0926217635608
29163,36.192789041480246,773.2599999995633,800.0992491450555
29164,36.192789041480246,773.2799999995633,800.1058763850962
29165,36.192789041480246,773.2999999995633,800.1125034836795
29166,36.192789041480246,773.3199999995633,800.1191304408019
29167,36.192789041480246,773.3399999995632,800.1257572564599
29168,36.192789041480246,773.3599999995632,800.1323839306502
29169,36.192789041480246,773.3799999995632,800.1390104633693
29170,36.192789041480246,773.3999999995632,800.1456368546138
29171,36.192789041480246,773.4199999995632,800.1522631043802
29172,36.192789041480246,773.4399999995632,800.1588892126649
29173,36.192789041480246,773.4599999995631,800.1655151794647
29174,36.192789041480246,773.4799999995631,800.1721410047761
29175,36.192789041480246,773.4999999995631,800.1787666885956
29176,36.192789041480246,773.5199999995631,800.1853922309198
29177,36.192789041480246,773.5399999995631,800.1920176317451
29178,36.192789041480246,773.559999999563,800.1986428910682
29179,36.192789041480246,773.579999999563,800.2052680088856
29180,36.192789041480246,773.599999999563,800.2118929851939
29181,36.192789041480246,773.619999999563,800.2185178199896
29182,36.192789041480246,773.639999999563,800.2251425132694
29183,36.192789041480246,773.659999999563,800.2317670650303
29184,36.192789041480246,773.6799999995629,800.2383914754281
29185,36.192789041480246,773.6999999995629,800.2450157446125
29186,36.192789041480246,773.7199999995629,800.2516398725802
29187,36.192789041480246,773.7399999995629,800.2582638593277
29188,36.192789041480246,773.7599999995629,800.2648877048516
29189,36.192789041480246,773.7799999995628,800.2715114091484
29190,36.192789041480246,773.7999999995628,800.2781349722147
29191,36.192789041480246,773.8199999995628,800.2847583940471
29192,36.192789041480246,773.8399999995628,800.2913816746421
29193,36.192789041480246,773.8599999995628,800.2980048139964
29194,36.192789041480246,773.8799999995628,800.3046278121063
29195,36.192789041480246,773.8999999995627,800.3112506689686
29196,36.192789041480246,773.9199999995627,800.3178733845798
29197,36.192789041480246,773.9399999995627,800.3244959589364
29198,36.192789041480246,773.9599999995627,800.331118392035
29199,36.192789041480246,773.9799999995627,800.3377406838722
29200,36.192789041480246,773.9999999995626,800.3443628344445
29201,36.192789041480246,774.0199999995626,800.3509848437485
29202,36.192789041480246,774.0399999995626,800.3576067117808
29203,36.192789041480246,774.0599999995626,800.3642284385379
29204,36.192789041480246,774.0799999995626,800.3708500240165
29205,36.192789041480246,774.0999999995626,800.377471468213
29206,36.192789041480246,774.1199999995625,800.384092771124
29207,36.192789041480246,774.1399999995625,800.390713932746
29208,36.192789041480246,774.1599999995625,800.3973349530758
29209,36.192789041480246,774.1799999995625,800.4039558321097
29210,36.192789041480246,774.1999999995625,800.4105765698444
29211,36.192789041480246,774.2199999995624,800.4171971662764
29212,36.192789041480246,774.2399999995624,800.4238176214023
29213,36.192789041480246,774.2599999995624,800.4304379352188
29214,36.192789041480246,774.2799999995624,800.4370581077224
29215,36.192789041480246,774.2999999995624,800.4436781389095
29216,36.192789041480246,774.3199999995624,800.4502980287767
29217,36.192789041480246,774.3399999995623,800.4569177773208
29218,36.192789041480246,774.3599999995623,800.4635373845381
29219,36.192789041480246,774.3799999995623,800.4701568504253
29220,36.192789041480246,774.3999999995623,800.4767761749788
29221,36.192789041480246,774.4199999995623,800.4833953581954
29222,36.192789041480246,774.4399999995622,800.4900144000715
29223,36.192789041480246,774.4599999995622,800.4966333006037
29224,36.192789041480246,774.4799999995622,800.5032520597886
29225,36.192789041480246,774.4999999995622,800.5098706776228
29226,36.192789041480246,774.5199999995622,800.5164891541027
29227,36.192789041480246,774.5399999995622,800.5231074892251
29228,36.192789041480246,774.5599999995621,800.5297256829865
29229,36.192789041480246,774.5799999995621,800.5363437353833
29230,36.192789041480246,774.5999999995621,800.5429616464122
29231,36.192789041480246,774.6199999995621,800.5495794160697
29232,36.192789041480246,774.6399999995621,800.5561970443525
29233,36.192789041480246,774.659999999562,800.5628145312571
29234,36.192789041480246,774.679999999562,800.5694318767846
29235,36.192789041480246,774.699999999562,800.5760490811144
29236,36.192789041480246,774.719999999562,800.5826661443851
29237,36.192789041480246,774.739999999562,800.5892830665932
29238,36.192789041480246,774.759999999562,800.5958998477354
29239,36.192789041480246,774.7799999995619,800.6025164878081
29240,36.192789041480246,774.7999999995619,800.609132986808
29241,36.192789041480246,774.8199999995619,800.6157493447317
29242,36.192789041480246,774.8399999995619,800.6223655615757
29243,36.192789041480246,774.8599999995619,800.6289816373367
29244,36.192789041480246,774.8799999995618,800.6355975720111
29245,36.192789041480246,774.8999999995618,800.6422133655956
29246,36.192789041480246,774.9199999995618,800.6488290180868
29247,36.192789041480246,774.9399999995618,800.6554445294812
29248,36.192789041480246,774.9599999995618,800.6620598997754
29249,36.192789041480246,774.9799999995618,800.668675128966
29250,36.14180111547038,774.9999999995617,800.6752902170496
29251,36.14180111547038,775.0199999995617,800.6819051640226
29252,36.14180111547038,775.0399999995617,800.6885199698818
29253,36.14180111547038,775.0599999995617,800.6951346346236
29254,36.14180111547038,775.0799999995617,800.7017491582448
29255,36.14180111547038,775.0999999995616,800.7083635407417
29256,36.14180111547038,775.1199999995616,800.7149777821112
29257,36.14180111547038,775.1399999995616,800.7215918823497
29258,36.14180111547038,775.1599999995616,800.7282058414537
29259,36.14180111547038,775.1799999995616,800.7348196594199
29260,36.14180111547038,775.1999999995616,800.7414333362449
29261,36.14180111547038,775.2199999995615,800.7480468719251
29262,36.14180111547038,775.2399999995615,800.7546602664573
29263,36.14180111547038,775.2599999995615,800.761273519838
29264,36.14180111547038,775.2799999995615,800.7678866320638
29265,36.14180111547038,775.2999999995615,800.7744996031312
29266,36.14180111547038,775.3199999995614,800.7811124330368
29267,36.14180111547038,775.3399999995614,800.7877251217772
29268,36.14180111547038,775.3599999995614,800.7943376693489
29269,36.14180111547038,775.3799999995614,800.8009500757487
29270,36.14180111547038,775.3999999995614,800.8075623409729
29271,36.14180111547038,775.4199999995614,800.8141744650184
29272,36.14180111547038,775.4399999995613,800.8207864478815
29273,36.14180111547038,775.4599999995613,800.8273982895588
29274,36.14180111547038,775.4799999995613,800.834009990047
29275,36.14180111547038,775.4999999995613,800.8406215493426
29276,36.14180111547038,775.5199999995613,800.8472329674422
29277,36.14180111547038,775.5399999995612,800.8538442443424
29278,36.14180111547038,775.5599999995612,800.8604553800399
29279,36.14180111547038,775.5799999995612,800.8670663745311
29280,36.14180111547038,775.5999999995612,800.8736772278127
29281,36.14180111547038,775.6199999995612,800.8802879398811
29282,36.14180111547038,775.6399999995612,800.8868985107331
29283,36.14180111547038,775.6599999995611,800.8935089403651
29284,36.14180111547038,775.6799999995611,800.9001192287737
29285,36.14180111547038,775.6999999995611,800.9067293759631
29286,36.14180111547038,775.7199999995611,800.9133393821041
29287,36.14180111547038,775.7399999995611,800.9199492473011
29288,36.14180111547038,775.759999999561,800.9265589715507
29289,36.14180111547038,775.779999999561,800.9331685548494
29290,36.14180111547038,775.799999999561,800.9397779971939
29291,36.14180111547038,775.819999999561,800.9463872985807
29292,36.14180111547038,775.839999999561,800.9529964590065
29293,36.14180111547038,775.859999999561,800.9596054784678
29294,36.14180111547038,775.8799999995609,800.9662143569611
29295,36.14180111547038,775.8999999995609,800.9728230944831
29296,36.14180111547038,775.9199999995609,800.9794316910305
29297,36.14180111547038,775.9399999995609,800.9860401465997
29298,36.14180111547038,775.9599999995609,800.9926484611874
29299,36.14180111547038,775.9799999995608,800.9992566347902
29300,36.14180111547038,775.9999999995608,801.0058646674046
29301,36.14180111547038,776.0199999995608,801.0124725590272
29302,36.14180111547038,776.0399999995608,801.0190803096547
29303,36.14180111547038,776.0599999995608,801.0256879192835
29304,36.14180111547038,776.0799999995608,801.0322953879104
29305,36.14180111547038,776.0999999995607,801.0389027155319
29306,36.14180111547038,776.1199999995607,801.0455099021445
29307,36.14180111547038,776.1399999995607,801.052116947745
29308,36.14180111547038,776.1599999995607,801.0587238523299
29309,36.14180111547038,776.1799999995607,801.0653306158957
29310,36.14180111547038,776.1999999995606,801.0719372384391
29311,36.14180111547038,776.2199999995606,801.0785437199565
29312,36.14180111547038,776.2399999995606,801.0851500604448
29313,36.14180111547038,776.2599999995606,801.0917562599004
29314,36.14180111547038,776.2799999995606,801.0983623183199
29315,36.14180111547038,776.2999999995606,801.1049682357
29316,36.14180111547038,776.3199999995605,801.1115740120371
29317,36.14180111547038,776.3399999995605,801.1181796473279
29318,36.14180111547038,776.3599999995605,801.124785141569
29319,36.14180111547038,776.3799999995605,801.1313904947569
29320,36.14180111547038,776.3999999995605,801.1379957068884
29321,36.14180111547038,776.4199999995604,801.1446007779599
29322,36.14180111547038,776.4399999995604,801.1512057079681
29323,36.14180111547038,776.4599999995604,801.1578104969095
29324,36.14180111547038,776.4799999995604,801.1644151447808
29325,36.14180111547038,776.4999999995604,801.1710196515785
29326,36.14180111547038,776.5199999995604,801.1776240172992
29327,36.14180111547038,776.5399999995603,801.1842282419395
29328,36.14180111547038,776.5599999995603,801.1908323254961
29329,36.14180111547038,776.5799999995603,801.1974362679655
29330,36.14180111547038,776.5999999995603,801.2040400693443
29331,36.14180111547038,776.6199999995603,801.210643729629
29332,36.14180111547038,776.6399999995602,801.2172472488164
29333,36.14180111547038,776.6599999995602,801.223850626903
29334,36.14180111547038,776.6799999995602,801.2304538638853
29335,36.14180111547038,776.6999999995602,801.2370569597599
29336,36.14180111547038,776.7199999995602,801.2436599145351
29337,36.14180111547038,776.7399999995602,801.2502627284075
29338,36.14180111547038,776.7599999995601,801.2568654014703
29339,36.14180111547038,776.7799999995601,801.2634679337201
29340,36.14180111547038,776.7999999995601,801.2700703251534
29341,36.14180111547038,776.8199999995601,801.2766725757668
29342,36.14180111547038,776.8399999995601,801.2832746855571
29343,36.14180111547038,776.85999999956,801.2898766545206
29344,36.14180111547038,776.87999999956,801.2964784826542
29345,36.14180111547038,776.89999999956,801.3030801699542
29346,36.14180111547038,776.91999999956,801.3096817164175
29347,36.14180111547038,776.93999999956,801.3162831220405
29348,36.14180111547038,776.95999999956,801.32288438682
29349,36.14180111547038,776.9799999995599,801.3294855107524
29350,36.14180111547038,776.9999999995599,801.3360864938344
29351,36.14180111547038,777.0199999995599,801.3426873360626
29352,36.14180111547038,777.0399999995599,801.3492880374336
29353,36.14180111547038,777.0599999995599,801.3558885979438
29354,36.14180111547038,777.0799999995598,801.3624890175901
29355,36.14180111547038,777.0999999995598,801.369089296369
29356,36.14180111547038,777.1199999995598,801.3756894342771
29357,36.14180111547038,777.1399999995598,801.3822894313109
29358,36.14180111547038,777.1599999995598,801.3888892874672
29359,36.14180111547038,777.1799999995598,801.3954890027425
29360,36.14180111547038,777.1999999995597,801.4020885771333
29361,36.14180111547038,777.2199999995597,801.4086880106364
29362,36.14180111547038,777.2399999995597,801.4152873032483
29363,36.14180111547038,777.2599999995597,801.4218864549656
29364,36.14180111547038,777.2799999995597,801.4284854657849
29365,36.14180111547038,777.2999999995596,801.4350843357028
29366,36.14180111547038,777.3199999995596,801.4416830647159
29367,36.14180111547038,777.3399999995596,801.4482816528208
29368,36.14180111547038,777.3599999995596,801.4548801000142
29369,36.14180111547038,777.3799999995596,801.4614784062925
29370,36.14180111547038,777.3999999995596,801.4680765716524
29371,36.14180111547038,777.4199999995595,801.4746745960906
29372,36.14180111547038,777.4399999995595,801.4812724796037
29373,36.14180111547038,777.4599999995595,801.4878702221882
29374,36.14180111547038,777.4799999995595,801.4944678238408
29375,36.14180111547038,777.4999999995595,801.501065284558
29376,36.14180111547038,777.5199999995594,801.5076626043364
29377,36.14180111547038,777.5399999995594,801.5142597831726
29378,36.14180111547038,777.5599999995594,801.5208568210634
29379,36.14180111547038,777.5799999995594,801.5274537180052
29380,36.14180111547038,777.5999999995594,801.5340504739946
29381,36.14180111547038,777.6199999995594,801.5406470890283
29382,36.14180111547038,777.6399999995593,801.5472435631029
29383,36.14180111547038,777.6599999995593,801.553839896215
29384,36.14180111547038,777.6799999995593,801.5604360883611
29385,36.14180111547038,777.6999999995593,801.567032139538
29386,36.14180111547038,777.7199999995593,801.5736280497422
29387,36.14180111547038,777.7399999995592,801.5802238189855
29388,36.14180111547038,777.7599999995592,801.5868194474798
29389,36.14180111547038,777.7799999995592,801.5934149353003
29390,36.14180111547038,777.7999999995592,801.6000102824436
29391,36.14180111547038,777.8199999995592,801.6066054889063
29392,36.14180111547038,777.8399999995592,801.613200554685
29393,36.14180111547038,777.8599999995591,801.6197954797764
29394,36.14180111547038,777.8799999995591,801.626390264177
29395,36.14180111547038,777.8999999995591,801.6329849078835
29396,36.14180111547038,777.9199999995591,801.6395794108925
29397,36.14180111547038,777.9399999995591,801.6461737732005
29398,36.14180111547038,777.959999999559,801.6527679948043
29399,36.14180111547038,777.979999999559,801.6593620757004
29400,36.14180111547038,777.999999999559,801.6659560158854
29401,36.14180111547038,778.019999999559,801.672549815356
29402,36.14180111547038,778.039999999559,801.6791434741086
29403,36.14180111547038,778.059999999559,801.68573699214
29404,36.14180111547038,778.0799999995589,801.6923303694468
29405,36.14180111547038,778.0999999995589,801.6989236060257
29406,36.14180111547038,778.1199999995589,801.7055167018731
29407,36.14180111547038,778.1399999995589,801.7121096569857
29408,36.14180111547038,778.1599999995589,801.7187024713602
29409,36.14180111547038,778.1799999995588,801.7252951449931
29410,36.14180111547038,778.1999999995588,801.7318876778811
29411,36.14180111547038,778.2199999995588,801.7384800700207
29412,36.14180111547038,778.2399999995588,801.7450723214087
29413,36.14180111547038,778.2599999995588,801.7516644320415
29414,36.14180111547038,778.2799999995588,801.7582564019158
29415,36.14180111547038,778.2999999995587,801.7648482310283
29416,36.14180111547038,778.3199999995587,801.7714399193756
29417,36.14180111547038,778.3399999995587,801.7780314669541
29418,36.14180111547038,778.3599999995587,801.7846228737607
29419,36.14180111547038,778.3799999995587,801.7912141397918
29420,36.14180111547038,778.3999999995586,801.7978052650442
29421,36.14180111547038,778.4199999995586,801.8043962495143
29422,36.14180111547038,778.4399999995586,801.8109870931988
29423,36.14180111547038,778.4599999995586,801.8175777960945
29424,36.14180111547038,778.4799999995586,801.8241683581978
29425,36.14180111547038,778.4999999995586,801.8307587795053
29426,36.14180111547038,778.5199999995585,801.8373490600138
29427,36.14180111547038,778.5399999995585,801.8439391997198
29428,36.14180111547038,778.5599999995585,801.8505291986198
29429,36.14180111547038,778.5799999995585,801.8571190567106
29430,36.14180111547038,778.5999999995585,801.8637087739887
29431,36.14180111547038,778.6199999995584,801.8702983504509
29432,36.14180111547038,778.6399999995584,801.8768877860936
29433,36.14180111547038,778.6599999995584,801.8834770809134
29434,36.14180111547038,778.6799999995584,801.8900662349071
29435,36.14180111547038,778.6999999995584,801.8966552480712
29436,36.14180111547038,778.7199999995584,801.9032441204023
29437,36.14180111547038,778.7399999995583,801.9098328518971
29438,36.14180111547038,778.7599999995583,801.916421442572
29439,36.14180111547038,778.7799999995583,801.9230098926652
29440,36.14180111547038,778.7999999995583,801.9295982022367
29441,36.14180111547038,778.8199999995583,801.936186371283
29442,36.14180111547038,778.8399999995582,801.942774399801
29443,36.14180111547038,778.8599999995582,801.9493622877872
29444,36.14180111547038,778.8799999995582,801.9559500352381
29445,36.14180111547038,778.8999999995582,801.9625376421504
29446,36.14180111547038,778.9199999995582,801.9691251085209
29447,36.14180111547038,778.9399999995582,801.975712434346
29448,36.14180111547038,778.9599999995581,801.9822996196224
29449,36.09093279565757,778.9799999995581,801.9888866643468
29450,36.09093279565757,778.9999999995581,801.9954735685156
29451,36.09093279565757,779.0199999995581,802.0020603321257
29452,36.09093279565757,779.0399999995581,802.0086469551735
29453,36.09093279565757,779.059999999558,802.0152334376558
29454,36.09093279565757,779.079999999558,802.0218197795691
29455,36.09093279565757,779.099999999558,802.0284059809101
29456,36.09093279565757,779.119999999558,802.0349920416753
29457,36.09093279565757,779.139999999558,802.0415779618615
29458,36.09093279565757,779.159999999558,802.0481637414654
29459,36.09093279565757,779.1799999995579,802.0547493804834
29460,36.09093279565757,779.1999999995579,802.0613348789121
29461,36.09093279565757,779.2199999995579,802.0679202367484
29462,36.09093279565757,779.2399999995579,802.0745054539886
29463,36.09093279565757,779.2599999995579,802.0810905306296
29464,36.09093279565757,779.2799999995578,802.0876754666677
29465,36.09093279565757,779.2999999995578,802.0942602620999
29466,36.09093279565757,779.3199999995578,802.1008449169226
29467,36.09093279565757,779.3399999995578,802.1074294311325
29468,36.09093279565757,779.3599999995578,802.1140138047261
29469,36.09093279565757,779.3799999995578,802.1205980377002
29470,36.09093279565757,779.3999999995577,802.1271821300514
29471,36.09093279565757,779.4199999995577,802.1337660817763
29472,36.09093279565757,779.4399999995577,802.1403498928715
29473,36.09093279565757,779.4599999995577,802.1469335633337
29474,36.09093279565757,779.4799999995577,802.1535170931595
29475,36.09093279565757,779.4999999995576,802.1601004823455
29476,36.09093279565757,779.5199999995576,802.1666837308882
29477,36.09093279565757,779.5399999995576,802.1732668387843
29478,36.09093279565757,779.5599999995576,802.1798498060306
29479,36.09093279565757,779.5799999995576,802.1864326326236
29480,36.09093279565757,779.5999999995576,802.1930153185599
29481,36.09093279565757,779.6199999995575,802.1995978638362
29482,36.09093279565757,779.6399999995575,802.2061802684491
29483,36.09093279565757,779.6599999995575,802.2127625323951
29484,36.09093279565757,779.6799999995575,802.2193446556711
29485,36.09093279565757,779.6999999995575,802.2259266382734
29486,36.09093279565757,779.7199999995574,802.2325084801989
29487,36.09093279565757,779.7399999995574,802.2390901814441
29488,36.09093279565757,779.7599999995574,802.2456717420057
29489,36.09093279565757,779.7799999995574,802.2522531619011
29490,36.09093279565757,779.7999999995574,802.2588344413534
29491,36.09093279565757,779.8199999995574,802.2654155803982
29492,36.09093279565757,779.8399999995573,802.2719965790321
29493,36.09093279565757,779.8599999995573,802.2785774372519
29494,36.09093279565757,779.8799999995573,802.285158155054
29495,36.09093279565757,779.8999999995573,802.2917387324352
29496,36.09093279565757,779.9199999995573,802.298319169392
29497,36.09093279565757,779.9399999995572,802.3048994659212
29498,36.09093279565757,779.9599999995572,802.3114796220193
29499,36.09093279565757,779.9799999995572,802.318059637683
29500,36.09093279565757,779.9999999995572,802.3246395129089
29501,36.09093279565757,780.0199999995572,802.3312192476936
29502,36.09093279565757,780.0399999995572,802.3377988420339
29503,36.09093279565757,780.0599999995571,802.3443782959262
29504,36.09093279565757,780.0799999995571,802.3509576093672
29505,36.09093279565757,780.0999999995571,802.3575367823537
29506,36.09093279565757,780.1199999995571,802.3641158148822
29507,36.09093279565757,780.1399999995571,802.3706947069494
29508,36.09093279565757,780.159999999557,802.3772734585518
29509,36.09093279565757,780.179999999557,802.3838520696862
29510,36.09093279565757,780.199999999557,802.3904305403491
29511,36.09093279565757,780.219999999557,802.3970088705373
29512,36.09093279565757,780.239999999557,802.4035870602473
29513,36.09093279565757,780.259999999557,802.4101651094758
29514,36.09093279565757,780.2799999995569,802.4167430182193
29515,36.09093279565757,780.2999999995569,802.4233207864747
29516,36.09093279565757,780.3199999995569,802.4298984142384
29517,36.09093279565757,780.3399999995569,802.4364759015072
29518,36.09093279565757,780.3599999995569,802.4430532482776
29519,36.09093279565757,780.3799999995568,802.4496304545463
29520,36.09093279565757,780.3999999995568,802.4562075203099
29521,36.09093279565757,780.4199999995568,802.4627844455651
29522,36.09093279565757,780.4399999995568,802.4693612303086
29523,36.09093279565757,780.4599999995568,802.4759378745367
29524,36.09093279565757,780.4799999995568,802.4825143782464
29525,36.09093279565757,780.4999999995567,802.4890907414342
29526,36.09093279565757,780.5199999995567,802.4956669640967
29527,36.09093279565757,780.5399999995567,802.5022430462307
29528,36.09093279565757,780.5599999995567,802.5088189878326
29529,36.09093279565757,780.5799999995567,802.5153947888991
29530,36.09093279565757,780.5999999995566,802.521970449427
29531,36.09093279565757,780.6199999995566,802.5285459694128
29532,36.09093279565757,780.6399999995566,802.5351213488532
29533,36.09093279565757,780.6599999995566,802.5416965877447
29534,36.09093279565757,780.6799999995566,802.5482716860841
29535,36.09093279565757,780.6999999995566,802.554846643868
29536,36.09093279565757,780.7199999995565,802.561421461093
29537,36.09093279565757,780.7399999995565,802.5679961377557
29538,36.09093279565757,780.7599999995565,802.5745706738528
29539,36.09093279565757,780.7799999995565,802.5811450693809
29540,36.09093279565757,780.7999999995565,802.5877193243641
29541,36.09093279565757,780.8199999995564,802.5942934390519
29542,36.09093279565757,780.8399999995564,802.6008674134658
29543,36.09093279565757,780.8599999995564,802.6074412476028
29544,36.09093279565757,780.8799999995564,802.6140149414592
29545,36.09093279565757,780.8999999995564,802.6205884950319
29546,36.09093279565757,780.9199999995564,802.6271619083175
29547,36.09093279565757,780.9399999995563,802.6337351813124
29548,36.09093279565757,780.9599999995563,802.6403083140135
29549,36.09093279565757,780.9799999995563,802.6468813064174
29550,36.09093279565757,780.9999999995563,802.6534541585207
29551,36.09093279565757,781.0199999995563,802.6600268703202
29552,36.09093279565757,781.0399999995562,802.6665994418123
29553,36.09093279565757,781.0599999995562,802.6731718729937
29554,36.09093279565757,781.0799999995562,802.6797441638612
29555,36.09093279565757,781.0999999995562,802.6863163144113
29556,36.09093279565757,781.1199999995562,802.6928883246408
29557,36.09093279565757,781.1399999995562,802.6994601945461
29558,36.09093279565757,781.1599999995561,802.706031924124
29559,36.09093279565757,781.1799999995561,802.712603513371
29560,36.09093279565757,781.1999999995561,802.719174962284
29561,36.09093279565757,781.2199999995561,802.7257462708595
29562,36.09093279565757,781.2399999995561,802.7323174390942
29563,36.09093279565757,781.259999999556,802.7388884669847
29564,36.09093279565757,781.279999999556,802.7454593545276
29565,36.09093279565757,781.299999999556,802.7520301017196
29566,36.09093279565757,781.319999999556,802.7586007085573
29567,36.09093279565757,781.339999999556,802.7651711750375
29568,36.09093279565757,781.359999999556,802.7717415011566
29569,36.09093279565757,781.3799999995559,802.7783116869115
29570,36.09093279565757,781.3999999995559,802.7848817322987
29571,36.09093279565757,781.4199999995559,802.7914516373148
29572,36.09093279565757,781.4399999995559,802.7980214019566
29573,36.09093279565757,781.4599999995559,802.8045910262206
29574,36.09093279565757,781.4799999995558,802.8111605101035
29575,36.09093279565757,781.4999999995558,802.8177298536019
29576,36.09093279565757,781.5199999995558,802.8242990567126
29577,36.09093279565757,781.5399999995558,802.8308681194321
29578,36.09093279565757,781.5599999995558,802.8374370417571
29579,36.09093279565757,781.5799999995558,802.8440058236843
29580,36.09093279565757,781.5999999995557,802.8505744652102
29581,36.09093279565757,781.6199999995557,802.8571429663316
29582,36.09093279565757,781.6399999995557,802.863711327045
29583,36.09093279565757,781.6599999995557,802.8702795473472
29584,36.09093279565757,781.6799999995557,802.8768476272347
29585,36.09093279565757,781.6999999995556,802.8834155667043
29586,36.09093279565757,781.7199999995556,802.8899833657525
29587,36.09093279565757,781.7399999995556,802.8965510243761
29588,36.09093279565757,781.7599999995556,802.9031185425716
29589,36.09093279565757,781.7799999995556,802.9096859203357
29590,36.09093279565757,781.7999999995556,802.9162531576651
29591,36.09093279565757,781.8199999995555,802.9228202546019
29592,36.09093279565757,781.8399999995555,802.9293872113823
29593,36.09093279565757,781.8599999995555,802.9359540280244
29594,36.09093279565757,781.8799999995555,802.9425207045249
29595,36.09093279565757,781.8999999995555,802.9490872408804
29596,36.09093279565757,781.9199999995554,802.9556536370877
29597,36.09093279565757,781.9399999995554,802.9622198931434
29598,36.09093279565757,781.9599999995554,802.9687860090439
29599,36.09093279565757,781.9799999995554,802.9753519847862
29600,36.09093279565757,781.9999999995554,802.9819178203668
29601,36.09093279565757,782.0199999995554,802.9884835157824
29602,36.09093279565757,782.0399999995553,802.9950490710296
29603,36.09093279565757,782.0599999995553,803.001614486105
29604,36.09093279565757,782.0799999995553,803.0081797610054
29605,36.09093279565757,782.0999999995553,803.0147448957274
29606,36.09093279565757,782.1199999995553,803.0213098902676
29607,36.09093279565757,782.1399999995552,803.0278747446227
29608,36.09093279565757,782.1599999995552,803.0344394587894
29609,36.09093279565757,782.1799999995552,803.0410040327642
29610,36.09093279565757,782.1999999995552,803.047568466544
29611,36.09093279565757,782.2199999995552,803.0541327601253
29612,36.09093279565757,782.2399999995552,803.0606969135047
29613,36.09093279565757,782.2599999995551,803.0672609266788
29614,36.09093279565757,782.2799999995551,803.0738247996445
29615,36.09093279565757,782.2999999995551,803.0803885323984
29616,36.09093279565757,782.3199999995551,803.086952124937
29617,36.09093279565757,782.3399999995551,803.0935155772571
29618,36.09093279565757,782.359999999555,803.1000788893552
29619,36.09093279565757,782.379999999555,803.1066420612282
29620,36.09093279565757,782.399999999555,803.1132050928725
29621,36.09093279565757,782.419999999555,803.1197679842849
29622,36.09093279565757,782.439999999555,803.1263307354619
29623,36.09093279565757,782.459999999555,803.1328933464004
29624,36.09093279565757,782.4799999995549,803.1394558170969
29625,36.09093279565757,782.4999999995549,803.146018147548
29626,36.09093279565757,782.5199999995549,803.1525803377506
29627,36.09093279565757,782.5399999995549,803.1591423877011
29628,36.09093279565757,782.5599999995549,803.1657042973962
29629,36.09093279565757,782.5799999995548,803.1722660668327
29630,36.09093279565757,782.5999999995548,803.178827696007
29631,36.09093279565757,782.6199999995548,803.1853891849161
29632,36.09093279565757,782.6399999995548,803.1919505335563
29633,36.09093279565757,782.6599999995548,803.1985117419246
29634,36.09093279565757,782.6799999995548,803.2050728100173
29635,36.09093279565757,782.6999999995547,803.2116337378313
29636,36.09093279565757,782.7199999995547,803.2181945253633
29637,36.09093279565757,782.7399999995547,803.2247551726098
29638,36.09093279565757,782.7599999995547,803.2313156795675
29639,36.09093279565757,782.7799999995547,803.237876046233
29640,36.09093279565757,782.7999999995546,803.2444362726031
29641,36.09093279565757,782.8199999995546,803.2509963586745
29642,36.09093279565757,782.8399999995546,803.2575563045109
29643,36.09093279565757,782.8599999995546,803.2641161103473
29644,36.09093279565757,782.8799999995546,803.2706757761994
29645,36.09093279565757,782.8999999995546,803.2772353020637
29646,36.09093279565757,782.9199999995545,803.283794687937
29647,36.09093279565757,782.9399999995545,803.2903539338158
29648,36.040183689613116,782.9599999995545,803.296913039697
29649,36.040183689613116,782.9799999995545,803.3034720055771
29650,36.040183689613116,782.9999999995545,803.3100308314528
29651,36.040183689613116,783.0199999995544,803.3165895173207
29652,36.040183689613116,783.0399999995544,803.3231480631777
29653,36.040183689613116,783.0599999995544,803.3297064690202
29654,36.040183689613116,783.0799999995544,803.3362647348449
29655,36.040183689613116,783.0999999995544,803.3428228606485
29656,36.040183689613116,783.1199999995544,803.3493808464278
29657,36.040183689613116,783.1399999995543,803.3559386921793
29658,36.040183689613116,783.1599999995543,803.3624963978997
29659,36.040183689613116,783.1799999995543,803.3690539635857
29660,36.040183689613116,783.1999999995543,803.3756113892338
29661,36.040183689613116,783.2199999995543,803.3821686748408
29662,36.040183689613116,783.2399999995542,803.3887258204035
29663,36.040183689613116,783.2599999995542,803.3952828259182
29664,36.040183689613116,783.2799999995542,803.401839691382
29665,36.040183689613116,783.2999999995542,803.4083964167912
29666,36.040183689613116,783.3199999995542,803.4149530021426
29667,36.040183689613116,783.3399999995542,803.421509447433
29668,36.040183689613116,783.3599999995541,803.4280657526588
29669,36.040183689613116,783.3799999995541,803.4346219178168
29670,36.040183689613116,783.3999999995541,803.4411779429037
29671,36.040183689613116,783.4199999995541,803.4477338279161
29672,36.040183689613116,783.4399999995541,803.4542895728506
29673,36.040183689613116,783.459999999554,803.4608451777041
29674,36.040183689613116,783.479999999554,803.467400642473
29675,36.040183689613116,783.499999999554,803.4739559671541
29676,36.040183689613116,783.519999999554,803.480511151744
29677,36.040183689613116,783.539999999554,803.4870661962395
29678,36.040183689613116,783.559999999554,803.4936211006371
29679,36.040183689613116,783.5799999995539,803.5001758649336
29680,36.040183689613116,783.5999999995539,803.5067304891255
29681,36.040183689613116,783.6199999995539,803.5132849732096
29682,36.040183689613116,783.6399999995539,803.5198393171825
29683,36.040183689613116,783.6599999995539,803.5263935210409
29684,36.040183689613116,783.6799999995538,803.5329475847814
29685,36.040183689613116,783.6999999995538,803.5395015084007
29686,36.040183689613116,783.7199999995538,803.5460552918955
29687,36.040183689613116,783.7399999995538,803.5526089352625
29688,36.040183689613116,783.7599999995538,803.5591624384982
29689,36.040183689613116,783.7799999995538,803.5657158015995
29690,36.040183689613116,783.7999999995537,803.5722690245628
29691,36.040183689613116,783.8199999995537,803.578822107385
29692,36.040183689613116,783.8399999995537,803.5853750500627
29693,36.040183689613116,783.8599999995537,803.591927852668
29694,36.040183689613116,783.8799999995537,803.5984805153923
29695,36.040183689613116,783.8999999995536,803.6050330382456
29696,36.040183689613116,783.9199999995536,803.6115854212244
29697,36.040183689613116,783.9399999995536,803.6181376643254
29698,36.040183689613116,783.9599999995536,803.6246897675454
29699,36.040183689613116,783.9799999995536,803.631241730881
29700,36.040183689613116,783.9999999995536,803.6377935543289
29701,36.040183689613116,784.0199999995535,803.6443452378858
29702,36.040183689613116,784.0399999995535,803.6508967815482
29703,36.040183689613116,784.0599999995535,803.657448185313
29704,36.040183689613116,784.0799999995535,803.6639994491767
29705,36.040183689613116,784.0999999995535,803.670550573136
29706,36.040183689613116,784.1199999995534,803.6771015571876
29707,36.040183689613116,784.1399999995534,803.6836524013281
29708,36.040183689613116,784.1599999995534,803.6902031055544
29709,36.040183689613116,784.1799999995534,803.6967536698629
29710,36.040183689613116,784.1999999995534,803.7033040942504
29711,36.040183689613116,784.2199999995534,803.7098543787135
29712,36.040183689613116,784.2399999995533,803.716404523249
29713,36.040183689613116,784.2599999995533,803.7229545278535
29714,36.040183689613116,784.2799999995533,803.7295043925236
29715,36.040183689613116,784.2999999995533,803.736054117256
29716,36.040183689613116,784.3199999995533,803.7426037020475
29717,36.040183689613116,784.3399999995532,803.7491531468946
29718,36.040183689613116,784.3599999995532,803.7557024517941
29719,36.040183689613116,784.3799999995532,803.7622516167427
29720,36.040183689613116,784.3999999995532,803.7688006417369
29721,36.040183689613116,784.4199999995532,803.7753495267735
29722,36.040183689613116,784.4399999995532,803.7818982718492
29723,36.040183689613116,784.4599999995531,803.7884468769605
29724,36.040183689613116,784.4799999995531,803.7949953421042
29725,36.040183689613116,784.4999999995531,803.801543667277
29726,36.040183689613116,784.5199999995531,803.8080918524755
29727,36.040183689613116,784.5399999995531,803.8146398976965
29728,36.040183689613116,784.559999999553,803.8211878029365
29729,36.040183689613116,784.579999999553,803.8277355681922
29730,36.040183689613116,784.599999999553,803.8342831934604
29731,36.040183689613116,784.619999999553,803.8408306787376
29732,36.040183689613116,784.639999999553,803.8473780240206
29733,36.040183689613116,784.659999999553,803.853925229306
29734,36.040183689613116,784.6799999995529,803.8604722945906
29735,36.040183689613116,784.6999999995529,803.867019219871
29736,36.040183689613116,784.7199999995529,803.8735660051439
29737,36.040183689613116,784.7399999995529,803.8801126504059
29738,36.040183689613116,784.7599999995529,803.8866591556537
29739,36.040183689613116,784.7799999995528,803.893205520884
29740,36.040183689613116,784.7999999995528,803.8997517460933
29741,36.040183689613116,784.8199999995528,803.9062978312786
29742,36.040183689613116,784.8399999995528,803.9128437764364
29743,36.040183689613116,784.8599999995528,803.9193895815633
29744,36.040183689613116,784.8799999995528,803.9259352467544
29745,36.040183689613116,784.8999999995527,803.9324807721995
29746,36.040183689613116,784.9199999995527,803.9390261579058
29747,36.040183689613116,784.9399999995527,803.9455714038701
29748,36.040183689613116,784.9599999995527,803.9521165100889
29749,36.040183689613116,784.9799999995527,803.9586614765591
29750,36.040183689613116,784.9999999995526,803.9652063032772
29751,36.040183689613116,785.0199999995526,803.97175099024
29752,36.040183689613116,785.0399999995526,803.9782955374442
29753,36.040183689613116,785.0599999995526,803.9848399448863
29754,36.040183689613116,785.0799999995526,803.991384212563
29755,36.040183689613116,785.0999999995526,803.9979283404713
29756,36.040183689613116,785.1199999995525,804.0044723286076
29757,36.040183689613116,785.1399999995525,804.0110161769685
29758,36.040183689613116,785.1599999995525,804.0175598855509
29759,36.040183689613116,785.1799999995525,804.0241034543513
29760,36.040183689613116,785.1999999995525,804.0306468833666
29761,36.040183689613116,785.2199999995524,804.0371901725932
29762,36.040183689613116,785.2399999995524,804.0437333220281
29763,36.040183689613116,785.2599999995524,804.0502763316678
29764,36.040183689613116,785.2799999995524,804.0568192015089
29765,36.040183689613116,785.2999999995524,804.0633619315482
29766,36.040183689613116,785.3199999995524,804.0699045217824
29767,36.040183689613116,785.3399999995523,804.0764469722081
29768,36.040183689613116,785.3599999995523,804.082989282822
29769,36.040183689613116,785.3799999995523,804.0895314536209
29770,36.040183689613116,785.3999999995523,804.0960734846013
29771,36.040183689613116,785.4199999995523,804.10261537576
29772,36.040183689613116,785.4399999995522,804.1091571270937
29773,36.040183689613116,785.4599999995522,804.1156987385989
29774,36.040183689613116,785.4799999995522,804.1222402102725
29775,36.040183689613116,785.4999999995522,804.128781542111
29776,36.040183689613116,785.5199999995522,804.1353227341112
29777,36.040183689613116,785.5399999995522,804.1418637862698
29778,36.040183689613116,785.5599999995521,804.1484046985835
29779,36.040183689613116,785.5799999995521,804.1549454710488
29780,36.040183689613116,785.5999999995521,804.1614861036626
29781,36.040183689613116,785.6199999995521,804.1680265964214
29782,36.040183689613116,785.6399999995521,804.1745669493221
29783,36.040183689613116,785.659999999552,804.1811071623611
29784,36.040183689613116,785.679999999552,804.1876472355352
29785,36.040183689613116,785.699999999552,804.1941871688412
29786,36.040183689613116,785.719999999552,804.2007269622757
29787,36.040183689613116,785.739999999552,804.2072666158354
29788,36.040183689613116,785.759999999552,804.2138061295169
29789,36.040183689613116,785.7799999995519,804.2203455033169
29790,36.040183689613116,785.7999999995519,804.2268847372322
29791,36.040183689613116,785.8199999995519,804.2334238312594
29792,36.040183689613116,785.8399999995519,804.2399627853952
29793,36.040183689613116,785.8599999995519,804.2465015996362
29794,36.040183689613116,785.8799999995518,804.2530402739792
29795,36.040183689613116,785.8999999995518,804.2595788085383
29796,36.040183689613116,785.9199999995518,804.2661172034914
29797,36.040183689613116,785.9399999995518,804.2726554588421
29798,36.040183689613116,785.9599999995518,804.2791935745871
29799,36.040183689613116,785.9799999995518,804.2857315507232
29800,36.040183689613116,785.9999999995517,804.292269387247
29801,36.040183689613116,786.0199999995517,804.2988070841551
29802,36.040183689613116,786.0399999995517,804.3053446414443
29803,36.040183689613116,786.0599999995517,804.3118820591112
29804,36.040183689613116,786.0799999995517,804.3184193371526
29805,36.040183689613116,786.0999999995516,804.324956475565
29806,36.040183689613116,786.1199999995516,804.3314934743453
29807,36.040183689613116,786.1399999995516,804.33803033349
29808,36.040183689613116,786.1599999995516,804.3445670529959
29809,36.040183689613116,786.1799999995516,804.3511036328597
29810,36.040183689613116,786.1999999995516,804.357640073078
29811,36.040183689613116,786.2199999995515,804.3641763736474
29812,36.040183689613116,786.2399999995515,804.3707125345649
29813,36.040183689613116,786.2599999995515,804.3772485558269
29814,36.040183689613116,786.2799999995515,804.3837844374301
29815,36.040183689613116,786.2999999995515,804.3903201793713
29816,36.040183689613116,786.3199999995514,804.3968557816471
29817,36.040183689613116,786.3399999995514,804.4033912442543
29818,36.040183689613116,786.3599999995514,804.4099265671895
29819,36.040183689613116,786.3799999995514,804.4164617504493
29820,36.040183689613116,786.3999999995514,804.4229967940305
29821,36.040183689613116,786.4199999995514,804.4295316979297
29822,36.040183689613116,786.4399999995513,804.4360664621438
29823,36.040183689613116,786.4599999995513,804.4426010866692
29824,36.040183689613116,786.4799999995513,804.4491355715028
29825,36.040183689613116,786.4999999995513,804.4556699166411
29826,36.040183689613116,786.5199999995513,804.462204122081
29827,36.040183689613116,786.5399999995512,804.4687381878189
29828,36.040183689613116,786.5599999995512,804.4752721138517
29829,36.040183689613116,786.5799999995512,804.481805900176
29830,36.040183689613116,786.5999999995512,804.4883395467886
29831,36.040183689613116,786.6199999995512,804.494873053686
29832,36.040183689613116,786.6399999995512,804.501406420865
29833,36.040183689613116,786.6599999995511,804.5079396483223
29834,36.040183689613116,786.6799999995511,804.5144727360546
29835,36.040183689613116,786.6999999995511,804.5210056840585
29836,36.040183689613116,786.7199999995511,804.5275384923308
29837,36.040183689613116,786.7399999995511,804.534071160868
29838,36.040183689613116,786.759999999551,804.540603689667
29839,36.040183689613116,786.779999999551,804.5471360787244
29840,36.040183689613116,786.799999999551,804.5536683280368
29841,36.040183689613116,786.819999999551,804.560200437601
29842,36.040183689613116,786.839999999551,804.5667324074136
29843,36.040183689613116,786.859999999551,804.5732642374713
29844,36.040183689613116,786.8799999995509,804.5797959277709
29845,36.040183689613116,786.8999999995509,804.5863274783089
29846,36.040183689613116,786.9199999995509,804.5928588892209
29847,36.040183689613116,786.9399999995509,804.599390160674
29848,35.98955340656229,786.9599999995509,804.6059212926685
29849,35.98955340656229,786.9799999995508,804.6124522852012
29850,35.98955340656229,786.9999999995508,804.6189831382687
29851,35.98955340656229,787.0199999995508,804.6255138518678
29852,35.98955340656229,787.0399999995508,804.6320444259951
29853,35.98955340656229,787.0599999995508,804.6385748606474
29854,35.98955340656229,787.0799999995508,804.6451051558213
29855,35.98955340656229,787.0999999995507,804.6516353115136
29856,35.98955340656229,787.1199999995507,804.658165327721
29857,35.98955340656229,787.1399999995507,804.6646952044401
29858,35.98955340656229,787.1599999995507,804.6712249416678
29859,35.98955340656229,787.1799999995507,804.6777545394007
29860,35.98955340656229,787.1999999995506,804.6842839976355
29861,35.98955340656229,787.2199999995506,804.6908133163689
29862,35.98955340656229,787.2399999995506,804.6973424955977
29863,35.98955340656229,787.2599999995506,804.7038715353185
29864,35.98955340656229,787.2799999995506,804.7104004355281
29865,35.98955340656229,787.2999999995506,804.7169291962231
29866,35.98955340656229,787.3199999995505,804.7234578174002
29867,35.98955340656229,787.3399999995505,804.7299862990562
29868,35.98955340656229,787.3599999995505,804.7365146411879
29869,35.98955340656229,787.3799999995505,804.7430428437918
29870,35.98955340656229,787.3999999995505,804.7495709068647
29871,35.98955340656229,787.4199999995504,804.7560988304034
29872,35.98955340656229,787.4399999995504,804.7626266144044
29873,35.98955340656229,787.4599999995504,804.7691542588647
29874,35.98955340656229,787.4799999995504,804.7756817637807
29875,35.98955340656229,787.4999999995504,804.7822091291492
29876,35.98955340656229,787.5199999995504,804.7887363549671
29877,35.98955340656229,787.5399999995503,804.7952634412309
29878,35.98955340656229,787.5599999995503,804.8017903879373
29879,35.98955340656229,787.5799999995503,804.8083171950832
29880,35.98955340656229,787.5999999995503,804.8148438626652
29881,35.98955340656229,787.6199999995503,804.8213703906799
29882,35.98955340656229,787.6399999995502,804.8278967791242
29883,35.98955340656229,787.6599999995502,804.8344230279947
29884,35.98955340656229,787.6799999995502,804.8409491372881
29885,35.98955340656229,787.6999999995502,804.8474751070012
29886,35.98955340656229,787.7199999995502,804.8540009371306
29887,35.98955340656229,787.7399999995502,804.8605266276732
29888,35.98955340656229,787.7599999995501,804.8670521786254
29889,35.98955340656229,787.7799999995501,804.8735775899842
29890,35.98955340656229,787.7999999995501,804.8801028617461
29891,35.98955340656229,787.8199999995501,804.886627993908
29892,35.98955340656229,787.8399999995501,804.8931529864665
29893,35.98955340656229,787.85999999955,804.8996778394182
29894,35.98955340656229,787.87999999955,804.9062025527601
29895,35.98955340656229,787.89999999955,804.9127271264887
29896,35.98955340656229,787.91999999955,804.9192515606009
29897,35.98955340656229,787.93999999955,804.925775855235
29898,35.98955340656229,787.95999999955,804.9323000105283
29899,35.98955340656229,787.9799999995499,804.9388240264773
29900,35.98955340656229,787.9999999995499,804.9453479030789
29901,35.98955340656229,788.0199999995499,804.9518716403297
29902,35.98955340656229,788.0399999995499,804.9583952382266
29903,35.98955340656229,788.0599999995499,804.9649186967661
29904,35.98955340656229,788.0799999995498,804.9714420159448
29905,35.98955340656229,788.0999999995498,804.9779651957598
29906,35.98955340656229,788.1199999995498,804.9844882362075
29907,35.98955340656229,788.1399999995498,804.9910111372848
29908,35.98955340656229,788.1599999995498,804.9975338989882
29909,35.98955340656229,788.1799999995498,805.0040565213145
29910,35.98955340656229,788.1999999995497,805.0105790042605
29911,35.98955340656229,788.2199999995497,805.0171013478229
29912,35.98955340656229,788.2399999995497,805.0236235519983
29913,35.98955340656229,788.2599999995497,805.0301456167836
29914,35.98955340656229,788.2799999995497,805.0366675421752
29915,35.98955340656229,788.2999999995496,805.0431893281701
29916,35.98955340656229,788.3199999995496,805.0497109747649
29917,35.98955340656229,788.3399999995496,805.0562324819564
29918,35.98955340656229,788.3599999995496,805.0627538497412
29919,35.98955340656229,788.3799999995496,805.069275078116
29920,35.98955340656229,788.3999999995496,805.0757961670776
29921,35.98955340656229,788.4199999995495,805.0823171166227
29922,35.98955340656229,788.4399999995495,805.0888379267479
29923,35.98955340656229,788.4599999995495,805.0953585974501
29924,35.98955340656229,788.4799999995495,805.1018791287258
29925,35.98955340656229,788.4999999995495,805.108399520572
29926,35.98955340656229,788.5199999995494,805.1149197729851
29927,35.98955340656229,788.5399999995494,805.121439885962
29928,35.98955340656229,788.5599999995494,805.1279598594994
29929,35.98955340656229,788.5799999995494,805.1344796935939
29930,35.98955340656229,788.5999999995494,805.1409993882423
29931,35.98955340656229,788.6199999995493,805.1475189434414
29932,35.98955340656229,788.6399999995493,805.1540383591877
29933,35.98955340656229,788.6599999995493,805.1605576354781
29934,35.98955340656229,788.6799999995493,805.1670767723092
29935,35.98955340656229,788.6999999995493,805.1735957696778
29936,35.98955340656229,788.7199999995493,805.1801146275806
29937,35.98955340656229,788.7399999995492,805.1866333460142
29938,35.98955340656229,788.7599999995492,805.1931519249755
29939,35.98955340656229,788.7799999995492,805.199670364461
29940,35.98955340656229,788.7999999995492,805.2061886644675
29941,35.98955340656229,788.8199999995492,805.2127068249919
29942,35.98955340656229,788.8399999995491,805.2192248460307
29943,35.98955340656229,788.8599999995491,805.2257427275806
29944,35.98955340656229,788.8799999995491,805.2322604696384
29945,35.98955340656229,788.8999999995491,805.2387780722008
29946,35.98955340656229,788.9199999995491,805.2452955352645
29947,35.98955340656229,788.9399999995491,805.2518128588299
29948,35.98955340656229,788.959999999549,805.2583300430573
29949,35.98955340656229,788.979999999549,805.2648470880741
29950,35.98955340656229,788.999999999549,805.2713639938772
29951,35.98955340656229,789.019999999549,805.2778807604632
29952,35.98955340656229,789.039999999549,805.2843973878288
29953,35.98955340656229,789.059999999549,805.2909138759707
29954,35.98955340656229,789.0799999995489,805.2974302248856
29955,35.98955340656229,789.0999999995489,805.3039464345703
29956,35.98955340656229,789.1199999995489,805.3104625050215
29957,35.98955340656229,789.1399999995489,805.316978436236
29958,35.98955340656229,789.1599999995489,805.3234942282104
29959,35.98955340656229,789.1799999995488,805.3300098809415
29960,35.98955340656229,789.1999999995488,805.336525394426
29961,35.98955340656229,789.2199999995488,805.3430407686606
29962,35.98955340656229,789.2399999995488,805.349556003642
29963,35.98955340656229,789.2599999995488,805.3560710993669
29964,35.98955340656229,789.2799999995487,805.3625860558321
29965,35.98955340656229,789.2999999995487,805.3691008730343
29966,35.98955340656229,789.3199999995487,805.3756155509702
29967,35.98955340656229,789.3399999995487,805.3821300896366
29968,35.98955340656229,789.3599999995487,805.3886444890301
29969,35.98955340656229,789.3799999995487,805.3951587491474
29970,35.98955340656229,789.3999999995486,805.4016728699854
29971,35.98955340656229,789.4199999995486,805.4081868515408
29972,35.98955340656229,789.4399999995486,805.4147006938101
29973,35.98955340656229,789.4599999995486,805.4212143967902
29974,35.98955340656229,789.4799999995486,805.4277279604779
29975,35.98955340656229,789.4999999995485,805.4342413848698
29976,35.98955340656229,789.5199999995485,805.4407546699625
29977,35.98955340656229,789.5399999995485,805.447267815753
29978,35.98955340656229,789.5599999995485,805.4537808222378
29979,35.98955340656229,789.5799999995485,805.4602936894138
29980,35.98955340656229,789.5999999995485,805.4668064172776
29981,35.98955340656229,789.6199999995484,805.4733190058258
29982,35.98955340656229,789.6399999995484,805.4798314550554
29983,35.98955340656229,789.6599999995484,805.486343764963
29984,35.98955340656229,789.6799999995484,805.4928559355452
29985,35.98955340656229,789.6999999995484,805.4993679667989
29986,35.98955340656229,789.7199999995483,805.5058798587208
29987,35.98955340656229,789.7399999995483,805.5123916113076
29988,35.98955340656229,789.7599999995483,805.5189032245561
29989,35.98955340656229,789.7799999995483,805.5254146984628
29990,35.98955340656229,789.7999999995483,805.5319260330245
29991,35.98955340656229,789.8199999995483,805.5384372282381
29992,35.98955340656229,789.8399999995482,805.5449482841002
29993,35.98955340656229,789.8599999995482,805.5514592006075
29994,35.98955340656229,789.8799999995482,805.5579699777568
29995,35.98955340656229,789.8999999995482,805.5644806155447
29996,35.98955340656229,789.9199999995482,805.570991113968
29997,35.98955340656229,789.9399999995481,805.5775014730235
29998,35.98955340656229,789.9599999995481,805.5840116927152
29999,35.98955340656229,789.9799999995481,805.5905217732212
30000,35.98955340656229,789.9999999995481,805.597031714654
30001,35.98955340656229,790.0199999995481,805.6035415170103
30002,35.98955340656229,790.0399999995481,805.6100511802869
30003,35.98955340656229,790.059999999548,805.6165607044803
30004,35.98955340656229,790.079999999548,805.6230700895874
30005,35.98955340656229,790.099999999548,805.6295793356048
30006,35.98955340656229,790.119999999548,805.6360884425294
30007,35.98955340656229,790.139999999548,805.6425974103578
30008,35.98955340656229,790.159999999548,805.6491062390867
30009,35.98955340656229,790.1799999995479,805.6556149287128
30010,35.98955340656229,790.1999999995479,805.6621234792328
30011,35.98955340656229,790.2199999995479,805.6686318906436
30012,35.98955340656229,790.2399999995479,805.6751401629417
30013,35.98955340656229,790.2599999995479,805.681648296124
30014,35.98955340656229,790.2799999995478,805.6881562901871
30015,35.98955340656229,790.2999999995478,805.6946641451277
30016,35.98955340656229,790.3199999995478,805.7011718609426
30017,35.98955340656229,790.3399999995478,805.7076794376285
30018,35.98955340656229,790.3599999995478,805.7141868751821
30019,35.98955340656229,790.3799999995477,805.7206941736002
30020,35.98955340656229,790.3999999995477,805.7272013328794
30021,35.98955340656229,790.4199999995477,805.7337083530165
30022,35.98955340656229,790.4399999995477,805.7402152340081
30023,35.98955340656229,790.4599999995477,805.7467219758512
30024,35.98955340656229,790.4799999995477,805.7532285785422
30025,35.98955340656229,790.4999999995476,805.7597350420781
30026,35.98955340656229,790.5199999995476,805.7662413664553
30027,35.98955340656229,790.5399999995476,805.7727475516708
30028,35.98955340656229,790.5599999995476,805.7792535977212
30029,35.98955340656229,790.5799999995476,805.7857595046032
30030,35.98955340656229,790.5999999995475,805.7922652723137
30031,35.98955340656229,790.6199999995475,805.7987709008491
30032,35.98955340656229,790.6399999995475,805.8052763902065
30033,35.98955340656229,790.6599999995475,805.8117817403823
30034,35.98955340656229,790.6799999995475,805.8182869513735
30035,35.98955340656229,790.6999999995475,805.8247920231765
30036,35.98955340656229,790.7199999995474,805.8312969557883
30037,35.98955340656229,790.7399999995474,805.8378017492055
30038,35.98955340656229,790.7599999995474,805.8443064034248
30039,35.98955340656229,790.7799999995474,805.8508109184429
30040,35.98955340656229,790.7999999995474,805.8573152942566
30041,35.98955340656229,790.8199999995473,805.8638195308627
30042,35.98955340656229,790.8399999995473,805.8703236282577
30043,35.98955340656229,790.8599999995473,805.8768275864385
30044,35.98955340656229,790.8799999995473,805.8833314054017
30045,35.98955340656229,790.8999999995473,805.8898350851441
30046,35.98955340656229,790.9199999995473,805.8963386256625
30047,35.98955340656229,790.9399999995472,805.9028420269534
30048,35.939041557375624,790.9599999995472,805.9093452890137
30049,35.939041557375624,790.9799999995472,805.9158484118509
30050,35.939041557375624,790.9999999995472,805.922351395656
30051,35.939041557375624,791.0199999995472,805.9288542405226
30052,35.939041557375624,791.0399999995471,805.9353569464473
30053,35.939041557375624,791.0599999995471,805.9418595134271
30054,35.939041557375624,791.0799999995471,805.9483619414585
30055,35.939041557375624,791.0999999995471,805.9548642305384
30056,35.939041557375624,791.1199999995471,805.9613663806635
30057,35.939041557375624,791.1399999995471,805.9678683918306
30058,35.939041557375624,791.159999999547,805.9743702640365
30059,35.939041557375624,791.179999999547,805.9808719972777
30060,35.939041557375624,791.199999999547,805.9873735915513
30061,35.939041557375624,791.219999999547,805.9938750468539
30062,35.939041557375624,791.239999999547,806.0003763631821
30063,35.939041557375624,791.259999999547,806.0068775405329
30064,35.939041557375624,791.2799999995469,806.0133785789028
30065,35.939041557375624,791.2999999995469,806.0198794782888
30066,35.939041557375624,791.3199999995469,806.0263802386875
30067,35.939041557375624,791.3399999995469,806.0328808600956
30068,35.939041557375624,791.3599999995469,806.03938134251
30069,35.939041557375624,791.3799999995468,806.0458816859274
30070,35.939041557375624,791.3999999995468,806.0523818903446
30071,35.939041557375624,791.4199999995468,806.0588819557582
30072,35.939041557375624,791.4399999995468,806.0653818821652
30073,35.939041557375624,791.4599999995468,806.0718816695621
30074,35.939041557375624,791.4799999995467,806.0783813179457
30075,35.939041557375624,791.4999999995467,806.0848808273129
30076,35.939041557375624,791.5199999995467,806.0913801976603
30077,35.939041557375624,791.5399999995467,806.0978794289848
30078,35.939041557375624,791.5599999995467,806.104378521283
30079,35.939041557375624,791.5799999995467,806.1108774745518
30080,35.939041557375624,791.5999999995466,806.1173762887878
30081,35.939041557375624,791.6199999995466,806.1238749639879
30082,35.939041557375624,791.6399999995466,806.1303735001487
30083,35.939041557375624,791.6599999995466,806.136871897267
30084,35.939041557375624,791.6799999995466,806.1433701553397
30085,35.939041557375624,791.6999999995465,806.1498682743634
30086,35.939041557375624,791.7199999995465,806.1563662543349
30087,35.939041557375624,791.7399999995465,806.1628640952509
30088,35.939041557375624,791.7599999995465,806.1693617971083
30089,35.939041557375624,791.7799999995465,806.1758593599037
30090,35.939041557375624,791.7999999995465,806.182356783634
30091,35.939041557375624,791.8199999995464,806.1888540682958
30092,35.939041557375624,791.8399999995464,806.1953512138858
30093,35.939041557375624,791.8599999995464,806.201848220401
30094,35.939041557375624,791.8799999995464,806.208345087838
30095,35.939041557375624,791.8999999995464,806.2148418161936
30096,35.939041557375624,791.9199999995463,806.2213384054645
30097,35.939041557375624,791.9399999995463,806.2278348556475
30098,35.939041557375624,791.9599999995463,806.2343311667394
30099,35.939041557375624,791.9799999995463,806.2408273387368
30100,35.939041557375624,791.9999999995463,806.24732337165
30101,35.939041557375624,792.0199999995463,806.25381926567
30102,35.939041557375624,792.0399999995462,806.2603150208672
30103,35.939041557375624,792.0599999995462,806.2668106372383
30104,35.939041557375624,792.0799999995462,806.2733061147802
30105,35.939041557375624,792.0999999995462,806.2798014534895
30106,35.939041557375624,792.1199999995462,806.286296653363
30107,35.939041557375624,792.1399999995461,806.2927917143975
30108,35.939041557375624,792.1599999995461,806.2992866365896
30109,35.939041557375624,792.1799999995461,806.3057814199362
30110,35.939041557375624,792.1999999995461,806.3122760644341
30111,35.939041557375624,792.2199999995461,806.3187705700798
30112,35.939041557375624,792.2399999995461,806.3252649368702
30113,35.939041557375624,792.259999999546,806.3317591648021
30114,35.939041557375624,792.279999999546,806.3382532538722
30115,35.939041557375624,792.299999999546,806.3447472040772
30116,35.939041557375624,792.319999999546,806.3512410154138
30117,35.939041557375624,792.339999999546,806.357734687879
30118,35.939041557375624,792.359999999546,806.3642282214693
30119,35.939041557375624,792.3799999995459,806.3707216161815
30120,35.939041557375624,792.3999999995459,806.3772148720125
30121,35.939041557375624,792.4199999995459,806.3837079889589
30122,35.939041557375624,792.4399999995459,806.3902009670176
30123,35.939041557375624,792.4599999995459,806.3966938061851
30124,35.939041557375624,792.4799999995458,806.4031865064584
30125,35.939041557375624,792.4999999995458,806.4096790678341
30126,35.939041557375624,792.5199999995458,806.416171490309
30127,35.939041557375624,792.5399999995458,806.4226637738799
30128,35.939041557375624,792.5599999995458,806.4291559185434
30129,35.939041557375624,792.5799999995457,806.4356479242964
30130,35.939041557375624,792.5999999995457,806.4421397911356
30131,35.939041557375624,792.6199999995457,806.4486315190577
30132,35.939041557375624,792.6399999995457,806.4551231080595
30133,35.939041557375624,792.6599999995457,806.4616145581379
30134,35.939041557375624,792.6799999995457,806.4681058692894
30135,35.939041557375624,792.6999999995456,806.4745970415108
30136,35.939041557375624,792.7199999995456,806.481088074799
30137,35.939041557375624,792.7399999995456,806.4875789691506
30138,35.939041557375624,792.7599999995456,806.4940697245625
30139,35.939041557375624,792.7799999995456,806.5005603410312
30140,35.939041557375624,792.7999999995455,806.5070508185538
30141,35.939041557375624,792.8199999995455,806.5135411571268
30142,35.939041557375624,792.8399999995455,806.520031356747
30143,35.939041557375624,792.8599999995455,806.5265214174112
30144,35.939041557375624,792.8799999995455,806.5330113391161
30145,35.939041557375624,792.8999999995455,806.5395011218585
30146,35.939041557375624,792.9199999995454,806.5459907656351
30147,35.939041557375624,792.9399999995454,806.5524802704427
30148,35.939041557375624,792.9599999995454,806.5589696362781
30149,35.939041557375624,792.9799999995454,806.5654588631379
30150,35.939041557375624,792.9999999995454,806.571947951019
30151,35.939041557375624,793.0199999995453,806.5784368999355
30152,35.939041557375624,793.0399999995453,806.5849257101017
30153,35.939041557375624,793.0599999995453,806.5914143815743
30154,35.939041557375624,793.0799999995453,806.5979029143499
30155,35.939041557375624,793.0999999995453,806.6043913084252
30156,35.939041557375624,793.1199999995453,806.6108795637971
30157,35.939041557375624,793.1399999995452,806.6173676804623
30158,35.939041557375624,793.1599999995452,806.6238556584175
30159,35.939041557375624,793.1799999995452,806.6303434976595
30160,35.939041557375624,793.1999999995452,806.6368311981852
30161,35.939041557375624,793.2199999995452,806.6433187599911
30162,35.939041557375624,793.2399999995451,806.6498061830741
30163,35.939041557375624,793.2599999995451,806.656293467431
30164,35.939041557375624,793.2799999995451,806.6627806130585
30165,35.939041557375624,793.2999999995451,806.6692676199534
30166,35.939041557375624,793.3199999995451,806.6757544881124
30167,35.939041557375624,793.3399999995451,806.6822412175322
30168,35.939041557375624,793.359999999545,806.6887278082098
30169,35.939041557375624,793.379999999545,806.6952142601417
30170,35.939041557375624,793.399999999545,806.7017005733248
30171,35.939041557375624,793.419999999545,806.7081867477559
30172,35.939041557375624,793.439999999545,806.7146727834316
30173,35.939041557375624,793.459999999545,806.7211586803488
30174,35.939041557375624,793.4799999995449,806.7276444385042
30175,35.939041557375624,793.4999999995449,806.7341300578945
30176,35.939041557375624,793.5199999995449,806.7406155385166
30177,35.939041557375624,793.5399999995449,806.7471008803673
30178,35.939041557375624,793.5599999995449,806.7535860834431
30179,35.939041557375624,793.5799999995448,806.760071147741
30180,35.939041557375624,793.5999999995448,806.7665560732576
30181,35.939041557375624,793.6199999995448,806.7730408599897
30182,35.939041557375624,793.6399999995448,806.7795255079342
30183,35.939041557375624,793.6599999995448,806.7860100170876
30184,35.939041557375624,793.6799999995447,806.7924943874469
30185,35.939041557375624,793.6999999995447,806.7989786190088
30186,35.939041557375624,793.7199999995447,806.80546271177
30187,35.939041557375624,793.7399999995447,806.8119466657273
30188,35.939041557375624,793.7599999995447,806.8184304808775
30189,35.939041557375624,793.7799999995447,806.8249141572173
30190,35.939041557375624,793.7999999995446,806.8313976947435
30191,35.939041557375624,793.8199999995446,806.8378810934528
30192,35.939041557375624,793.8399999995446,806.844364353342
30193,35.939041557375624,793.8599999995446,806.8508474744079
30194,35.939041557375624,793.8799999995446,806.8573304566472
30195,35.939041557375624,793.8999999995445,806.8638133000567
30196,35.939041557375624,793.9199999995445,806.8702960046331
30197,35.939041557375624,793.9399999995445,806.8767785703733
30198,35.939041557375624,793.9599999995445,806.883260997274
30199,35.939041557375624,793.9799999995445,806.8897432853319
30200,35.939041557375624,793.9999999995445,806.8962254345437
30201,35.939041557375624,794.0199999995444,806.9027074449064
30202,35.939041557375624,794.0399999995444,806.9091893164382
30203,35.939041557375624,794.0599999995444,806.9156710493754
30204,35.939041557375624,794.0799999995444,806.9221526437586
30205,35.939041557375624,794.0999999995444,806.9286340995845
30206,35.939041557375624,794.1199999995443,806.93511541685
30207,35.939041557375624,794.1399999995443,806.9415965955517
30208,35.939041557375624,794.1599999995443,806.9480776356863
30209,35.939041557375624,794.1799999995443,806.9545585372508
30210,35.939041557375624,794.1999999995443,806.9610393002419
30211,35.939041557375624,794.2199999995443,806.9675199246561
30212,35.939041557375624,794.2399999995442,806.9740004104905
30213,35.939041557375624,794.2599999995442,806.9804807577416
30214,35.939041557375624,794.2799999995442,806.9869609664063
30215,35.939041557375624,794.2999999995442,806.9934410364813
30216,35.939041557375624,794.3199999995442,806.9999209679634
30217,35.939041557375624,794.3399999995441,807.0064007608493
30218,35.939041557375624,794.3599999995441,807.0128804151358
30219,35.939041557375624,794.3799999995441,807.0193599308196
30220,35.939041557375624,794.3999999995441,807.0258393078976
30221,35.939041557375624,794.4199999995441,807.0323185463665
30222,35.939041557375624,794.439999999544,807.038797646223
30223,35.939041557375624,794.459999999544,807.0452766074638
30224,35.939041557375624,794.479999999544,807.0517554300858
30225,35.939041557375624,794.499999999544,807.0582341140857
30226,35.939041557375624,794.519999999544,807.0647126594603
30227,35.939041557375624,794.539999999544,807.0711910662062
30228,35.939041557375624,794.559999999544,807.0776693343204
30229,35.939041557375624,794.5799999995439,807.0841474637995
30230,35.939041557375624,794.5999999995439,807.0906254546403
30231,35.939041557375624,794.6199999995439,807.0971033068396
30232,35.939041557375624,794.6399999995439,807.1035810203941
30233,35.939041557375624,794.6599999995439,807.1100585953006
30234,35.939041557375624,794.6799999995438,807.1165360315558
30235,35.939041557375624,794.6999999995438,807.1230133291566
30236,35.939041557375624,794.7199999995438,807.1294904880996
30237,35.939041557375624,794.7399999995438,807.1359675083816
30238,35.939041557375624,794.7599999995438,807.1424443899994
30239,35.939041557375624,794.7799999995437,807.1489211329497
30240,35.939041557375624,794.7999999995437,807.1553977372294
30241,35.939041557375624,794.8199999995437,807.1618742028351
30242,35.939041557375624,794.8399999995437,807.1683505297636
30243,35.939041557375624,794.8599999995437,807.1748267180118
30244,35.939041557375624,794.8799999995437,807.1813027675763
30245,35.939041557375624,794.8999999995436,807.1877786784539
30246,35.939041557375624,794.9199999995436,807.1942544506413
30247,35.939041557375624,794.9399999995436,807.2007300841354
30248,35.939041557375624,794.9599999995436,807.2072055789329
30249,35.88864775456068,794.9799999995436,807.2136809350305
30250,35.88864775456068,794.9999999995435,807.220156152425
30251,35.88864775456068,795.0199999995435,807.2266312311133
30252,35.88864775456068,795.0399999995435,807.2331061710919
30253,35.88864775456068,795.0599999995435,807.2395809723822
30254,35.88864775456068,795.0799999995435,807.2460556352261
30255,35.88864775456068,795.0999999995435,807.2525301596452
30256,35.88864775456068,795.1199999995434,807.2590045456365
30257,35.88864775456068,795.1399999995434,807.2654787931966
30258,35.88864775456068,795.1599999995434,807.2719529023225
30259,35.88864775456068,795.1799999995434,807.2784268730109
30260,35.88864775456068,795.1999999995434,807.2849007052585
30261,35.88864775456068,795.2199999995433,807.2913743990622
30262,35.88864775456068,795.2399999995433,807.2978479544188
30263,35.88864775456068,795.2599999995433,807.304321371325
30264,35.88864775456068,795.2799999995433,807.3107946497777
30265,35.88864775456068,795.2999999995433,807.3172677897736
30266,35.88864775456068,795.3199999995433,807.3237407913095
30267,35.88864775456068,795.3399999995432,807.3302136543823
30268,35.88864775456068,795.3599999995432,807.3366863789887
30269,35.88864775456068,795.3799999995432,807.3431589651254
30270,35.88864775456068,795.3999999995432,807.3496314127894
30271,35.88864775456068,795.4199999995432,807.3561037219774
30272,35.88864775456068,795.4399999995431,807.3625758926862
30273,35.88864775456068,795.4599999995431,807.3690479249126
30274,35.88864775456068,795.4799999995431,807.3755198186533
30275,35.88864775456068,795.4999999995431,807.3819915739051
30276,35.88864775456068,795.5199999995431,807.3884631906649
30277,35.88864775456068,795.539999999543,807.3949346689294
30278,35.88864775456068,795.559999999543,807.4014060086955
30279,35.88864775456068,795.579999999543,807.4078772099599
30280,35.88864775456068,795.599999999543,807.4143482727195
30281,35.88864775456068,795.619999999543,807.420819196971
30282,35.88864775456068,795.639999999543,807.4272899827113
30283,35.88864775456068,795.659999999543,807.433760629937
30284,35.88864775456068,795.6799999995429,807.440231138645
30285,35.88864775456068,795.6999999995429,807.4467015088321
30286,35.88864775456068,795.7199999995429,807.4531717404951
30287,35.88864775456068,795.7399999995429,807.4596418336308
30288,35.88864775456068,795.7599999995429,807.4661117882359
30289,35.88864775456068,795.7799999995428,807.4725816043074
30290,35.88864775456068,795.7999999995428,807.4790512818419
30291,35.88864775456068,795.8199999995428,807.4855208208362
30292,35.88864775456068,795.8399999995428,807.4919902212872
30293,35.88864775456068,795.8599999995428,807.4984594831916
30294,35.88864775456068,795.8799999995427,807.5049286065463
30295,35.88864775456068,795.8999999995427,807.511397591348
30296,35.88864775456068,795.9199999995427,807.5178664375935
30297,35.88864775456068,795.9399999995427,807.5243351452797
30298,35.88864775456068,795.9599999995427,807.5308037144032
30299,35.88864775456068,795.9799999995427,807.537272144961
30300,35.88864775456068,795.9999999995426,807.5437404369497
30301,35.88864775456068,796.0199999995426,807.5502085903663
30302,35.88864775456068,796.0399999995426,807.5566766052075
30303,35.88864775456068,796.0599999995426,807.56314448147
30304,35.88864775456068,796.0799999995426,807.5696122191904
30305,35.88864775456068,796.0999999995425,807.5760798185876
30306,35.88864775456068,796.1199999995425,807.5825472796787
30307,35.88864775456068,796.1399999995425,807.5890146024603
30308,35.88864775456068,796.1599999995425,807.5954817869294
30309,35.88864775456068,796.1799999995425,807.6019488330828
30310,35.88864775456068,796.1999999995425,807.6084157409172
30311,35.88864775456068,796.2199999995424,807.6148825104293
30312,35.88864775456068,796.2399999995424,807.6213491416161
30313,35.88864775456068,796.2599999995424,807.6278156344741
30314,35.88864775456068,796.2799999995424,807.6342819890004
30315,35.88864775456068,796.2999999995424,807.6407482051917
30316,35.88864775456068,796.3199999995423,807.6472142830446
30317,35.88864775456068,796.3399999995423,807.6536802225561
30318,35.88864775456068,796.3599999995423,807.6601460237229
30319,35.88864775456068,796.3799999995423,807.6666116865418
30320,35.88864775456068,796.3999999995423,807.6730772110096
30321,35.88864775456068,796.4199999995423,807.6795425971231
30322,35.88864775456068,796.4399999995422,807.6860078448792
30323,35.88864775456068,796.4599999995422,807.6924729542745
30324,35.88864775456068,796.4799999995422,807.6989379253059
30325,35.88864775456068,796.4999999995422,807.7054027579702
30326,35.88864775456068,796.5199999995422,807.7118674522641
30327,35.88864775456068,796.5399999995421,807.7183320081843
30328,35.88864775456068,796.5599999995421,807.724796425728
30329,35.88864775456068,796.5799999995421,807.7312607048915
30330,35.88864775456068,796.5999999995421,807.7377248456719
30331,35.88864775456068,796.6199999995421,807.744188848066
30332,35.88864775456068,796.639999999542,807.7506527120704
30333,35.88864775456068,796.659999999542,807.757116437682
30334,35.88864775456068,796.679999999542,807.7635800248976
30335,35.88864775456068,796.699999999542,807.7700434737139
30336,35.88864775456068,796.719999999542,807.7765067841278
30337,35.88864775456068,796.739999999542,807.7829699561361
30338,35.88864775456068,796.759999999542,807.7894329897355
30339,35.88864775456068,796.7799999995419,807.7958958849229
30340,35.88864775456068,796.7999999995419,807.8023586416949
30341,35.88864775456068,796.8199999995419,807.8088212600486
30342,35.88864775456068,796.8399999995419,807.8152837399806
30343,35.88864775456068,796.8599999995419,807.8217460814876
30344,35.88864775456068,796.8799999995418,807.8282082845666
30345,35.88864775456068,796.8999999995418,807.8346703492142
30346,35.88864775456068,796.9199999995418,807.8411322754274
30347,35.88864775456068,796.9399999995418,807.8475940632028
30348,35.88864775456068,796.9599999995418,807.8540557125373
30349,35.88864775456068,796.9799999995417,807.8605172234277
30350,35.88864775456068,796.9999999995417,807.8669785958707
30351,35.88864775456068,797.0199999995417,807.8734398298632
30352,35.88864775456068,797.0399999995417,807.8799009254019
30353,35.88864775456068,797.0599999995417,807.8863618824837
30354,35.88864775456068,797.0799999995417,807.8928227011053
30355,35.88864775456068,797.0999999995416,807.8992833813218
30356,35.88864775456068,797.1199999995416,807.9057439233457
30357,35.88864775456068,797.1399999995416,807.9122043271913
30358,35.88864775456068,797.1599999995416,807.9186645928554
30359,35.88864775456068,797.1799999995416,807.9251247203349
30360,35.88864775456068,797.1999999995415,807.9315847096265
30361,35.88864775456068,797.2199999995415,807.938044560727
30362,35.88864775456068,797.2399999995415,807.9445042736332
30363,35.88864775456068,797.2599999995415,807.950963848342
30364,35.88864775456068,797.2799999995415,807.95742328485
30365,35.88864775456068,797.2999999995415,807.9638825831543
30366,35.88864775456068,797.3199999995414,807.9703417432513
30367,35.88864775456068,797.3399999995414,807.9768007651381
30368,35.88864775456068,797.3599999995414,807.9832596488114
30369,35.88864775456068,797.3799999995414,807.9897183942682
30370,35.88864775456068,797.3999999995414,807.996177001505
30371,35.88864775456068,797.4199999995413,808.0026354705187
30372,35.88864775456068,797.4399999995413,808.0090938013061
30373,35.88864775456068,797.4599999995413,808.015551993864
30374,35.88864775456068,797.4799999995413,808.0220100481894
30375,35.88864775456068,797.4999999995413,808.0284679642788
30376,35.88864775456068,797.5199999995413,808.0349257421291
30377,35.88864775456068,797.5399999995412,808.0413833817371
30378,35.88864775456068,797.5599999995412,808.0478408830996
30379,35.88864775456068,797.5799999995412,808.0542982462135
30380,35.88864775456068,797.5999999995412,808.0607554710756
30381,35.88864775456068,797.6199999995412,808.0672125576825
30382,35.88864775456068,797.6399999995411,808.0736695060313
30383,35.88864775456068,797.6599999995411,808.0801263161185
30384,35.88864775456068,797.6799999995411,808.086582987941
30385,35.88864775456068,797.6999999995411,808.0930395214957
30386,35.88864775456068,797.7199999995411,808.0994959167793
30387,35.88864775456068,797.739999999541,808.1059521737888
30388,35.88864775456068,797.759999999541,808.1124082925206
30389,35.88864775456068,797.779999999541,808.1188642729719
30390,35.88864775456068,797.799999999541,808.1253201151393
30391,35.88864775456068,797.819999999541,808.1317758190196
30392,35.88864775456068,797.839999999541,808.1382313846096
30393,35.88864775456068,797.859999999541,808.1446868119062
30394,35.88864775456068,797.8799999995409,808.1511421009062
30395,35.88864775456068,797.8999999995409,808.1575972516063
30396,35.88864775456068,797.9199999995409,808.1640522640033
30397,35.88864775456068,797.9399999995409,808.1705071380941
30398,35.88864775456068,797.9599999995409,808.1769618738755
30399,35.88864775456068,797.9799999995408,808.1834164713442
30400,35.88864775456068,797.9999999995408,808.1898709304971
30401,35.88864775456068,798.0199999995408,808.196325251331
30402,35.88864775456068,798.0399999995408,808.2027794338426
30403,35.88864775456068,798.0599999995408,808.2092334780288
30404,35.88864775456068,798.0799999995407,808.2156873838862
30405,35.88864775456068,798.0999999995407,808.222141151412
30406,35.88864775456068,798.1199999995407,808.2285947806811
30407,35.88864775456068,798.1399999995407,808.2350482719006
30408,35.88864775456068,798.1599999995407,808.2415016250819
30409,35.88864775456068,798.1799999995407,808.2479548402218
30410,35.88864775456068,798.1999999995406,808.2544079173172
30411,35.88864775456068,798.2199999995406,808.2608608563646
30412,35.88864775456068,798.2399999995406,808.2673136573611
30413,35.88864775456068,798.2599999995406,808.2737663203034
30414,35.88864775456068,798.2799999995406,808.2802188451882
30415,35.88864775456068,798.2999999995405,808.2866712320124
30416,35.88864775456068,798.3199999995405,808.2931234807728
30417,35.88864775456068,798.3399999995405,808.2995755914662
30418,35.88864775456068,798.3599999995405,808.3060275640895
30419,35.88864775456068,798.3799999995405,808.3124793986393
30420,35.88864775456068,798.3999999995405,808.3189310951125
30421,35.88864775456068,798.4199999995404,808.3253826535059
30422,35.88864775456068,798.4399999995404,808.3318340738164
30423,35.88864775456068,798.4599999995404,808.3382853560405
30424,35.88864775456068,798.4799999995404,808.3447365001753
30425,35.88864775456068,798.4999999995404,808.3511875062175
30426,35.88864775456068,798.5199999995403,808.3576383741638
30427,35.88864775456068,798.5399999995403,808.3640891040111
30428,35.88864775456068,798.5599999995403,808.3705396957562
30429,35.88864775456068,798.5799999995403,808.3769901493959
30430,35.88864775456068,798.5999999995403,808.3834404649269
30431,35.88864775456068,798.6199999995403,808.3898906423462
30432,35.88864775456068,798.6399999995402,808.3963406816505
30433,35.88864775456068,798.6599999995402,808.4027905828366
30434,35.88864775456068,798.6799999995402,808.4092403459013
30435,35.88864775456068,798.6999999995402,808.4156899708413
30436,35.88864775456068,798.7199999995402,808.4221394576535
30437,35.88864775456068,798.7399999995401,808.4285888063348
30438,35.88864775456068,798.7599999995401,808.4350380168819
30439,35.88864775456068,798.7799999995401,808.4414870892915
30440,35.88864775456068,798.7999999995401,808.4479360235606
30441,35.88864775456068,798.8199999995401,808.4543848196859
30442,35.88864775456068,798.83999999954,808.4608334776641
30443,35.88864775456068,798.85999999954,808.4672819974921
30444,35.88864775456068,798.87999999954,808.4737303791668
30445,35.88864775456068,798.89999999954,808.4801786226848
30446,35.88864775456068,798.91999999954,808.486626728043
30447,35.88864775456068,798.93999999954,808.4930746952382
30448,35.88864775456068,798.95999999954,808.4995225242673
30449,35.88864775456068,798.9799999995399,808.5059702151269
30450,35.88864775456068,798.9999999995399,808.512417767814
30451,35.838371612253425,799.0199999995399,808.5188651823253
30452,35.838371612253425,799.0399999995399,808.5253124586576
30453,35.838371612253425,799.0599999995399,808.5317595968077
30454,35.838371612253425,799.0799999995398,808.5382065967724
30455,35.838371612253425,799.0999999995398,808.5446534585485
30456,35.838371612253425,799.1199999995398,808.5511001821329
30457,35.838371612253425,799.1399999995398,808.5575467676124
30458,35.838371612253425,799.1599999995398,808.5639932151671
30459,35.838371612253425,799.1799999995397,808.5704395248042
30460,35.838371612253425,799.1999999995397,808.5768856965204
30461,35.838371612253425,799.2199999995397,808.5833317303127
30462,35.838371612253425,799.2399999995397,808.5897776261778
30463,35.838371612253425,799.2599999995397,808.5962233841126
30464,35.838371612253425,799.2799999995397,808.6026690041139
30465,35.838371612253425,799.2999999995396,808.6091144861784
30466,35.838371612253425,799.3199999995396,808.6155598303031
30467,35.838371612253425,799.3399999995396,808.6220050364849
30468,35.838371612253425,799.3599999995396,808.6284501047204
30469,35.838371612253425,799.3799999995396,808.6348950350066
30470,35.838371612253425,799.3999999995395,808.6413398273403
30471,35.838371612253425,799.4199999995395,808.6477844817182
30472,35.838371612253425,799.4399999995395,808.6542289981372
30473,35.838371612253425,799.4599999995395,808.6606733765942
30474,35.838371612253425,799.4799999995395,808.6671176170861
30475,35.838371612253425,799.4999999995395,808.6735617196096
30476,35.838371612253425,799.5199999995394,808.6800056841614
30477,35.838371612253425,799.5399999995394,808.6864495107386
30478,35.838371612253425,799.5599999995394,808.6928931993378
30479,35.838371612253425,799.5799999995394,808.699336749956
30480,35.838371612253425,799.5999999995394,808.70578016259
30481,35.838371612253425,799.6199999995393,808.7122234372366
30482,35.838371612253425,799.6399999995393,808.7186665738926
30483,35.838371612253425,799.6599999995393,808.7251095725549
30484,35.838371612253425,799.6799999995393,808.7315524332203
30485,35.838371612253425,799.6999999995393,808.7379951558855
30486,35.838371612253425,799.7199999995393,808.7444377405475
30487,35.838371612253425,799.7399999995392,808.750880187203
30488,35.838371612253425,799.7599999995392,808.757322495849
30489,35.838371612253425,799.7799999995392,808.7637646664823
30490,35.838371612253425,799.7999999995392,808.7702066990996
30491,35.838371612253425,799.8199999995392,808.7766485936978
30492,35.838371612253425,799.8399999995391,808.7830903502737
30493,35.838371612253425,799.8599999995391,808.7895319688242
30494,35.838371612253425,799.8799999995391,808.7959734493461
30495,35.838371612253425,799.8999999995391,808.8024147918362
30496,35.838371612253425,799.9199999995391,808.8088559962913
30497,35.838371612253425,799.939999999539,808.8152970627083
30498,35.838371612253425,799.959999999539,808.821737991084
30499,35.838371612253425,799.979999999539,808.8281787814152
30500,35.838371612253425,799.999999999539,808.8346194336989
30501,35.838371612253425,800.019999999539,808.8410599479317
30502,35.838371612253425,800.039999999539,808.8475003241107
30503,35.838371612253425,800.059999999539,808.8539405622324
30504,35.838371612253425,800.0799999995389,808.8603806622939
30505,35.838371612253425,800.0999999995389,808.8668206242919
30506,35.838371612253425,800.1199999995389,808.8732604482233
30507,35.838371612253425,800.1399999995389,808.8797001340848
30508,35.838371612253425,800.1599999995389,808.886139681979
30509,35.838371612253425,800.1799999995388,808.8925790920703
30510,35.838371612253425,800.1999999995388,808.8990183643625
30511,35.838371612253425,800.2199999995388,808.9054574988525
30512,35.838371612253425,800.2399999995388,808.911896495537
30513,35.838371612253425,800.2599999995388,808.918335354413
30514,35.838371612253425,800.2799999995387,808.9247740754771
30515,35.838371612253425,800.2999999995387,808.9312126587263
30516,35.838371612253425,800.3199999995387,808.9376511041573
30517,35.838371612253425,800.3399999995387,808.9440894117672
30518,35.838371612253425,800.3599999995387,808.9505275815526
30519,35.838371612253425,800.3799999995387,808.9569656135103
30520,35.838371612253425,800.3999999995386,808.9634035076373
30521,35.838371612253425,800.4199999995386,808.9698412639302
30522,35.838371612253425,800.4399999995386,808.976278882386
30523,35.838371612253425,800.4599999995386,808.9827163630016
30524,35.838371612253425,800.4799999995386,808.9891537057736
30525,35.838371612253425,800.4999999995385,808.9955909106989
30526,35.838371612253425,800.5199999995385,809.0020279777743
30527,35.838371612253425,800.5399999995385,809.0084649069969
30528,35.838371612253425,800.5599999995385,809.0149016983632
30529,35.838371612253425,800.5799999995385,809.0213383518702
30530,35.838371612253425,800.5999999995385,809.0277748675147
30531,35.838371612253425,800.6199999995384,809.0342112452935
30532,35.838371612253425,800.6399999995384,809.0406474852034
30533,35.838371612253425,800.6599999995384,809.0470835872413
30534,35.838371612253425,800.6799999995384,809.0535195514041
30535,35.838371612253425,800.6999999995384,809.0599553776884
30536,35.838371612253425,800.7199999995383,809.0663910660912
30537,35.838371612253425,800.7399999995383,809.0728266166094
30538,35.838371612253425,800.7599999995383,809.0792620292397
30539,35.838371612253425,800.7799999995383,809.0856973039789
30540,35.838371612253425,800.7999999995383,809.0921324408239
30541,35.838371612253425,800.8199999995383,809.0985674397715
30542,35.838371612253425,800.8399999995382,809.1050023008186
30543,35.838371612253425,800.8599999995382,809.1114370239619
30544,35.838371612253425,800.8799999995382,809.1178716091983
30545,35.838371612253425,800.8999999995382,809.1243060565247
30546,35.838371612253425,800.9199999995382,809.1307403659379
30547,35.838371612253425,800.9399999995381,809.1371745374346
30548,35.838371612253425,800.9599999995381,809.1436085710118
30549,35.838371612253425,800.9799999995381,809.1500424666662
30550,35.838371612253425,800.9999999995381,809.1564762243946
30551,35.838371612253425,801.0199999995381,809.162909844194
30552,35.838371612253425,801.039999999538,809.1693433260612
30553,35.838371612253425,801.059999999538,809.1757766699928
30554,35.838371612253425,801.079999999538,809.182209875986
30555,35.838371612253425,801.099999999538,809.1886429440374
30556,35.838371612253425,801.119999999538,809.1950758741439
30557,35.838371612253425,801.139999999538,809.2015086663022
30558,35.838371612253425,801.159999999538,809.2079413205092
30559,35.838371612253425,801.1799999995379,809.2143738368875
30560,35.838371612253425,801.1999999995379,809.2208062155928
30561,35.838371612253425,801.2199999995379,809.2272384566256
30562,35.838371612253425,801.2399999995379,809.2336705599829
30563,35.838371612253425,801.2599999995379,809.2401025256614
30564,35.838371612253425,801.2799999995378,809.246534353658
30565,35.838371612253425,801.2999999995378,809.2529660439695
30566,35.838371612253425,801.3199999995378,809.2593975965929
30567,35.838371612253425,801.3399999995378,809.2658290115247
30568,35.838371612253425,801.3599999995378,809.272260288762
30569,35.838371612253425,801.3799999995377,809.2786914283016
30570,35.838371612253425,801.3999999995377,809.2851224301403
30571,35.838371612253425,801.4199999995377,809.291553294275
30572,35.838371612253425,801.4399999995377,809.2979840207024
30573,35.838371612253425,801.4599999995377,809.3044146094195
30574,35.838371612253425,801.4799999995377,809.310845060423
30575,35.838371612253425,801.4999999995376,809.3172753737099
30576,35.838371612253425,801.5199999995376,809.323705549277
30577,35.838371612253425,801.5399999995376,809.3301355871209
30578,35.838371612253425,801.5599999995376,809.3365654872388
30579,35.838371612253425,801.5799999995376,809.3429952496273
30580,35.838371612253425,801.5999999995375,809.3494248742833
30581,35.838371612253425,801.6199999995375,809.3558543612036
30582,35.838371612253425,801.6399999995375,809.3622837103851
30583,35.838371612253425,801.6599999995375,809.3687129218247
30584,35.838371612253425,801.6799999995375,809.3751419955191
30585,35.838371612253425,801.6999999995375,809.3815709314653
30586,35.838371612253425,801.7199999995374,809.3879997296599
30587,35.838371612253425,801.7399999995374,809.3944283901
30588,35.838371612253425,801.7599999995374,809.4008569127822
30589,35.838371612253425,801.7799999995374,809.4072852977034
30590,35.838371612253425,801.7999999995374,809.4137135448606
30591,35.838371612253425,801.8199999995373,809.4201416542505
30592,35.838371612253425,801.8399999995373,809.42656962587
30593,35.838371612253425,801.8599999995373,809.4329974597159
30594,35.838371612253425,801.8799999995373,809.4394251557851
30595,35.838371612253425,801.8999999995373,809.4458527140744
30596,35.838371612253425,801.9199999995373,809.4522801345806
30597,35.838371612253425,801.9399999995372,809.4587074173006
30598,35.838371612253425,801.9599999995372,809.4651345622312
30599,35.838371612253425,801.9799999995372,809.4715615693693
30600,35.838371612253425,801.9999999995372,809.4779884387117
30601,35.838371612253425,802.0199999995372,809.4844151702553
30602,35.838371612253425,802.0399999995371,809.4908417639967
30603,35.838371612253425,802.0599999995371,809.4972682199331
30604,35.838371612253425,802.0799999995371,809.503694538061
30605,35.838371612253425,802.0999999995371,809.5101207183775
30606,35.838371612253425,802.1199999995371,809.5165467608794
30607,35.838371612253425,802.139999999537,809.5229726655633
30608,35.838371612253425,802.159999999537,809.5293984324263
30609,35.838371612253425,802.179999999537,809.5358240614652
30610,35.838371612253425,802.199999999537,809.5422495528259
30611,35.838371612253425,802.219999999537,809.5486749066572
30612,35.838371612253425,802.239999999537,809.5551001229563
30613,35.838371612253425,802.259999999537,809.5615252017201
30614,35.838371612253425,802.2799999995369,809.5679501429454
30615,35.838371612253425,802.2999999995369,809.5743749466291
30616,35.838371612253425,802.3199999995369,809.5807996127678
30617,35.838371612253425,802.3399999995369,809.5872241413587
30618,35.838371612253425,802.3599999995369,809.5936485323983
30619,35.838371612253425,802.3799999995368,809.6000727858836
30620,35.838371612253425,802.3999999995368,809.6064969018115
30621,35.838371612253425,802.4199999995368,809.6129208801788
30622,35.838371612253425,802.4399999995368,809.6193447209822
30623,35.838371612253425,802.4599999995368,809.6257684242188
30624,35.838371612253425,802.4799999995367,809.6321919898853
30625,35.838371612253425,802.4999999995367,809.6386154179785
30626,35.838371612253425,802.5199999995367,809.6450387084953
30627,35.838371612253425,802.5399999995367,809.6514618614326
30628,35.838371612253425,802.5599999995367,809.6578848767872
30629,35.838371612253425,802.5799999995367,809.6643077545558
30630,35.838371612253425,802.5999999995366,809.6707304947354
30631,35.838371612253425,802.6199999995366,809.6771530973228
30632,35.838371612253425,802.6399999995366,809.6835755623149
30633,35.838371612253425,802.6599999995366,809.6899978897085
30634,35.838371612253425,802.6799999995366,809.6964200795004
30635,35.838371612253425,802.6999999995365,809.7028421316875
30636,35.838371612253425,802.7199999995365,809.7092640462665
30637,35.838371612253425,802.7399999995365,809.7156858232345
30638,35.838371612253425,802.7599999995365,809.7221074625882
30639,35.838371612253425,802.7799999995365,809.7285289643244
30640,35.838371612253425,802.7999999995365,809.7349503284399
30641,35.838371612253425,802.8199999995364,809.7413715549318
30642,35.838371612253425,802.8399999995364,809.7477926437967
30643,35.838371612253425,802.8599999995364,809.7542135950316
30644,35.838371612253425,802.8799999995364,809.7606344086332
30645,35.838371612253425,802.8999999995364,809.7670550845984
30646,35.838371612253425,802.9199999995363,809.773475622924
30647,35.838371612253425,802.9399999995363,809.779896023607
30648,35.838371612253425,802.9599999995363,809.786316286644
30649,35.838371612253425,802.9799999995363,809.7927364120321
30650,35.838371612253425,802.9999999995363,809.7991563997681
30651,35.838371612253425,803.0199999995363,809.8055762498487
30652,35.838371612253425,803.0399999995362,809.8119959622709
30653,35.838371612253425,803.0599999995362,809.8184155370313
30654,35.78821274621004,803.0799999995362,809.824834974127
30655,35.78821274621004,803.0999999995362,809.8312542735548
30656,35.78821274621004,803.1199999995362,809.8376734353114
30657,35.78821274621004,803.1399999995361,809.8440924593938
30658,35.78821274621004,803.1599999995361,809.8505113457987
30659,35.78821274621004,803.1799999995361,809.8569300945231
30660,35.78821274621004,803.1999999995361,809.8633487055669
30661,35.78821274621004,803.2199999995361,809.86976717908
30662,35.78821274621004,803.239999999536,809.8761855151856
30663,35.78821274621004,803.259999999536,809.8826037138806
30664,35.78821274621004,803.279999999536,809.8890217751618
30665,35.78821274621004,803.299999999536,809.8954396990262
30666,35.78821274621004,803.319999999536,809.9018574854704
30667,35.78821274621004,803.339999999536,809.9082751344914
30668,35.78821274621004,803.359999999536,809.9146926460861
30669,35.78821274621004,803.3799999995359,809.9211100202514
30670,35.78821274621004,803.3999999995359,809.927527256984
30671,35.78821274621004,803.4199999995359,809.933944356281
30672,35.78821274621004,803.4399999995359,809.9403613181391
30673,35.78821274621004,803.4599999995359,809.9467781425552
30674,35.78821274621004,803.4799999995358,809.9531948295262
30675,35.78821274621004,803.4999999995358,809.959611379049
30676,35.78821274621004,803.5199999995358,809.9660277911204
30677,35.78821274621004,803.5399999995358,809.9724440657372
30678,35.78821274621004,803.5599999995358,809.9788602028965
30679,35.78821274621004,803.5799999995357,809.985276202595
30680,35.78821274621004,803.5999999995357,809.9916920648295
30681,35.78821274621004,803.6199999995357,809.998107789597
30682,35.78821274621004,803.6399999995357,810.0045233769728
30683,35.78821274621004,803.6599999995357,810.0109388271679
30684,35.78821274621004,803.6799999995357,810.0173541401946
30685,35.78821274621004,803.6999999995356,810.0237693160497
30686,35.78821274621004,803.7199999995356,810.03018435473
30687,35.78821274621004,803.7399999995356,810.0365992562325
30688,35.78821274621004,803.7599999995356,810.0430140205543
30689,35.78821274621004,803.7799999995356,810.0494286476921
30690,35.78821274621004,803.7999999995355,810.055843137643
30691,35.78821274621004,803.8199999995355,810.0622574904038
30692,35.78821274621004,803.8399999995355,810.0686717059714
30693,35.78821274621004,803.8599999995355,810.0750857843427
30694,35.78821274621004,803.8799999995355,810.0814997255147
30695,35.78821274621004,803.8999999995355,810.0879135294844
30696,35.78821274621004,803.9199999995354,810.0943271962485
30697,35.78821274621004,803.9399999995354,810.1007407258041
30698,35.78821274621004,803.9599999995354,810.1071541181482
30699,35.78821274621004,803.9799999995354,810.1135673732774
30700,35.78821274621004,803.9999999995354,810.1199804911889
30701,35.78821274621004,804.0199999995353,810.1263934718795
30702,35.78821274621004,804.0399999995353,810.1328063153461
30703,35.78821274621004,804.0599999995353,810.1392190215856
30704,35.78821274621004,804.0799999995353,810.1456315905951
30705,35.78821274621004,804.0999999995353,810.1520440223715
30706,35.78821274621004,804.1199999995353,810.1584563169114
30707,35.78821274621004,804.1399999995352,810.164868474212
30708,35.78821274621004,804.1599999995352,810.1712804942701
30709,35.78821274621004,804.1799999995352,810.1776923770828
30710,35.78821274621004,804.1999999995352,810.1841041226469
30711,35.78821274621004,804.2199999995352,810.1905157309656
30712,35.78821274621004,804.2399999995351,810.1969272022005
30713,35.78821274621004,804.2599999995351,810.203338536457
30714,35.78821274621004,804.2799999995351,810.2097497337317
30715,35.78821274621004,804.2999999995351,810.2161607940216
30716,35.78821274621004,804.3199999995351,810.2225717173237
30717,35.78821274621004,804.339999999535,810.2289825036349
30718,35.78821274621004,804.359999999535,810.2353931529522
30719,35.78821274621004,804.379999999535,810.2418036652722
30720,35.78821274621004,804.399999999535,810.2482140405921
30721,35.78821274621004,804.419999999535,810.2546242789088
30722,35.78821274621004,804.439999999535,810.261034380219
30723,35.78821274621004,804.459999999535,810.2674443445198
30724,35.78821274621004,804.4799999995349,810.2738541718081
30725,35.78821274621004,804.4999999995349,810.2802638620808
30726,35.78821274621004,804.5199999995349,810.2866734153348
30727,35.78821274621004,804.5399999995349,810.2930828315671
30728,35.78821274621004,804.5599999995349,810.2994921107744
30729,35.78821274621004,804.5799999995348,810.3059012529538
30730,35.78821274621004,804.5999999995348,810.3123102581022
30731,35.78821274621004,804.6199999995348,810.3187191262165
30732,35.78821274621004,804.6399999995348,810.3251278572935
30733,35.78821274621004,804.6599999995348,810.3315364513303
30734,35.78821274621004,804.6799999995347,810.3379449083237
30735,35.78821274621004,804.6999999995347,810.3443532282706
30736,35.78821274621004,804.7199999995347,810.350761411168
30737,35.78821274621004,804.7399999995347,810.3571694570128
30738,35.78821274621004,804.7599999995347,810.3635773658019
30739,35.78821274621004,804.7799999995347,810.3699851375322
30740,35.78821274621004,804.7999999995346,810.3763927722007
30741,35.78821274621004,804.8199999995346,810.3828002698041
30742,35.78821274621004,804.8399999995346,810.3892076303395
30743,35.78821274621004,804.8599999995346,810.3956148538037
30744,35.78821274621004,804.8799999995346,810.4020219401938
30745,35.78821274621004,804.8999999995345,810.4084288895066
30746,35.78821274621004,804.9199999995345,810.414835701739
30747,35.78821274621004,804.9399999995345,810.4212423768879
30748,35.78821274621004,804.9599999995345,810.4276489149503
30749,35.78821274621004,804.9799999995345,810.434055315923
30750,35.78821274621004,804.9999999995345,810.4404615798031
30751,35.78821274621004,805.0199999995344,810.4468677065873
30752,35.78821274621004,805.0399999995344,810.4532736962727
30753,35.78821274621004,805.0599999995344,810.4596795488561
30754,35.78821274621004,805.0799999995344,810.4660852643344
30755,35.78821274621004,805.0999999995344,810.4724908427047
30756,35.78821274621004,805.1199999995343,810.4788962839638
30757,35.78821274621004,805.1399999995343,810.4853015881084
30758,35.78821274621004,805.1599999995343,810.4917067551357
30759,35.78821274621004,805.1799999995343,810.4981117850426
30760,35.78821274621004,805.1999999995343,810.504516677826
30761,35.78821274621004,805.2199999995343,810.5109214334827
30762,35.78821274621004,805.2399999995342,810.5173260520195
30763,35.78821274621004,805.2599999995342,810.523730533615
30764,35.78821274621004,805.2799999995342,810.53013487836
30765,35.78821274621004,805.2999999995342,810.5365390862512
30766,35.78821274621004,805.3199999995342,810.5429431572855
30767,35.78821274621004,805.3399999995341,810.54934709146
30768,35.78821274621004,805.3599999995341,810.5557508887716
30769,35.78821274621004,805.3799999995341,810.5621545492172
30770,35.78821274621004,805.3999999995341,810.5685580727937
30771,35.78821274621004,805.4199999995341,810.574961459498
30772,35.78821274621004,805.439999999534,810.5813647093271
30773,35.78821274621004,805.459999999534,810.5877678222778
30774,35.78821274621004,805.479999999534,810.5941707983471
30775,35.78821274621004,805.499999999534,810.600573637532
30776,35.78821274621004,805.519999999534,810.6069763398292
30777,35.78821274621004,805.539999999534,810.6133789052359
30778,35.78821274621004,805.5599999995339,810.6197813337488
30779,35.78821274621004,805.5799999995339,810.626183625365
30780,35.78821274621004,805.5999999995339,810.6325857800813
30781,35.78821274621004,805.6199999995339,810.6389877978946
30782,35.78821274621004,805.6399999995339,810.645389678802
30783,35.78821274621004,805.6599999995339,810.6517914228002
30784,35.78821274621004,805.6799999995338,810.6581930298863
30785,35.78821274621004,805.6999999995338,810.6645945000572
30786,35.78821274621004,805.7199999995338,810.6709958333097
30787,35.78821274621004,805.7399999995338,810.6773970296408
30788,35.78821274621004,805.7599999995338,810.6837980890475
30789,35.78821274621004,805.7799999995337,810.6901990115266
30790,35.78821274621004,805.7999999995337,810.6965997970751
30791,35.78821274621004,805.8199999995337,810.7030004456899
30792,35.78821274621004,805.8399999995337,810.709400957368
30793,35.78821274621004,805.8599999995337,810.7158013321061
30794,35.78821274621004,805.8799999995337,810.7222015699015
30795,35.78821274621004,805.8999999995336,810.7286016707508
30796,35.78821274621004,805.9199999995336,810.735001634651
30797,35.78821274621004,805.9399999995336,810.741401461599
30798,35.78821274621004,805.9599999995336,810.7478011515918
30799,35.78821274621004,805.9799999995336,810.7542007046264
30800,35.78821274621004,805.9999999995335,810.7606001206997
30801,35.78821274621004,806.0199999995335,810.7669993998085
30802,35.78821274621004,806.0399999995335,810.7733985419497
30803,35.78821274621004,806.0599999995335,810.7797975471204
30804,35.78821274621004,806.0799999995335,810.7861964153174
30805,35.78821274621004,806.0999999995335,810.7925951465376
30806,35.78821274621004,806.1199999995334,810.798993740778
30807,35.78821274621004,806.1399999995334,810.8053921980355
30808,35.78821274621004,806.1599999995334,810.8117905183071
30809,35.78821274621004,806.1799999995334,810.8181887015896
30810,35.78821274621004,806.1999999995334,810.8245867478801
30811,35.78821274621004,806.2199999995333,810.8309846571752
30812,35.78821274621004,806.2399999995333,810.8373824294722
30813,35.78821274621004,806.2599999995333,810.8437800647815
30814,35.78821274621004,806.2799999995333,810.8501775633038
30815,35.78821274621004,806.2999999995333,810.856574925116
30816,35.78821274621004,806.3199999995333,810.862972150215
30817,35.78821274621004,806.3399999995332,810.8693692385979
30818,35.78821274621004,806.3599999995332,810.8757661902614
30819,35.78821274621004,806.3799999995332,810.8821630052026
30820,35.78821274621004,806.3999999995332,810.8885596834184
30821,35.78821274621004,806.4199999995332,810.8949562249057
30822,35.78821274621004,806.4399999995331,810.9013526296615
30823,35.78821274621004,806.4599999995331,810.9077488976825
30824,35.78821274621004,806.4799999995331,810.9141450289658
30825,35.78821274621004,806.4999999995331,810.9205410235082
30826,35.78821274621004,806.5199999995331,810.9269368813068
30827,35.78821274621004,806.539999999533,810.9333326023584
30828,35.78821274621004,806.559999999533,810.9397281866599
30829,35.78821274621004,806.579999999533,810.9461236342082
30830,35.78821274621004,806.599999999533,810.9525189450004
30831,35.78821274621004,806.619999999533,810.9589141190332
30832,35.78821274621004,806.639999999533,810.9653091563038
30833,35.78821274621004,806.6599999995329,810.9717040568088
30834,35.78821274621004,806.6799999995329,810.9780988205453
30835,35.78821274621004,806.6999999995329,810.9844934475102
30836,35.78821274621004,806.7199999995329,810.9908879377004
30837,35.78821274621004,806.7399999995329,810.9972822911129
30838,35.78821274621004,806.7599999995329,811.0036765077446
30839,35.78821274621004,806.7799999995328,811.0100705875923
30840,35.78821274621004,806.7999999995328,811.016464530653
30841,35.78821274621004,806.8199999995328,811.0228583369237
30842,35.78821274621004,806.8399999995328,811.0292520064013
30843,35.78821274621004,806.8599999995328,811.0356455390826
30844,35.78821274621004,806.8799999995327,811.0420389349646
30845,35.78821274621004,806.8999999995327,811.0484321940443
30846,35.78821274621004,806.9199999995327,811.0548253163184
30847,35.78821274621004,806.9399999995327,811.0612183017842
30848,35.78821274621004,806.9599999995327,811.0676111504382
30849,35.78821274621004,806.9799999995327,811.0740038622776
30850,35.78821274621004,806.9999999995326,811.0803964372992
30851,35.78821274621004,807.0199999995326,811.0867888755
30852,35.78821274621004,807.0399999995326,811.0931811768769
30853,35.78821274621004,807.0599999995326,811.0995733414268
30854,35.78821274621004,807.0799999995326,811.1059653691466
30855,35.78821274621004,807.0999999995325,811.1123572600333
30856,35.78821274621004,807.1199999995325,811.1187490140837
30857,35.78821274621004,807.1399999995325,811.1251406312949
30858,35.78821274621004,807.1599999995325,811.1315321116638
30859,35.78821274621004,807.1799999995325,811.1379234551872
30860,35.78821274621004,807.1999999995325,811.144314661862
30861,35.78821274621004,807.2199999995324,811.1507057316853
30862,35.73817077379853,807.2399999995324,811.157096664654
30863,35.73817077379853,807.2599999995324,811.1634874607648
30864,35.73817077379853,807.2799999995324,811.1698781200308
30865,35.73817077379853,807.2999999995324,811.1762686426508
30866,35.73817077379853,807.3199999995323,811.1826590286798
30867,35.73817077379853,807.3399999995323,811.1890492781148
30868,35.73817077379853,807.3599999995323,811.1954393909527
30869,35.73817077379853,807.3799999995323,811.2018293671905
30870,35.73817077379853,807.3999999995323,811.2082192068251
30871,35.73817077379853,807.4199999995323,811.2146089098535
30872,35.73817077379853,807.4399999995322,811.2209984762726
30873,35.73817077379853,807.4599999995322,811.2273879060795
30874,35.73817077379853,807.4799999995322,811.2337771992709
30875,35.73817077379853,807.4999999995322,811.2401663558439
30876,35.73817077379853,807.5199999995322,811.2465553757955
30877,35.73817077379853,807.5399999995321,811.2529442591227
30878,35.73817077379853,807.5599999995321,811.2593330058223
30879,35.73817077379853,807.5799999995321,811.2657216158914
30880,35.73817077379853,807.5999999995321,811.2721100893268
30881,35.73817077379853,807.6199999995321,811.2784984261256
30882,35.73817077379853,807.639999999532,811.2848866262847
30883,35.73817077379853,807.659999999532,811.291274689801
30884,35.73817077379853,807.679999999532,811.2976626166715
30885,35.73817077379853,807.699999999532,811.3040504068931
30886,35.73817077379853,807.719999999532,811.3104380604628
30887,35.73817077379853,807.739999999532,811.3168255773777
30888,35.73817077379853,807.7599999995319,811.3232129576345
30889,35.73817077379853,807.7799999995319,811.3296002012303
30890,35.73817077379853,807.7999999995319,811.3359873081621
30891,35.73817077379853,807.8199999995319,811.3423742784267
30892,35.73817077379853,807.8399999995319,811.3487611120212
30893,35.73817077379853,807.8599999995319,811.3551478089424
30894,35.73817077379853,807.8799999995318,811.3615343691874
30895,35.73817077379853,807.8999999995318,811.3679207927532
30896,35.73817077379853,807.9199999995318,811.3743070796367
30897,35.73817077379853,807.9399999995318,811.3806932298347
30898,35.73817077379853,807.9599999995318,811.3870792433444
30899,35.73817077379853,807.9799999995317,811.3934651201625
30900,35.73817077379853,807.9999999995317,811.3998508602862
30901,35.73817077379853,808.0199999995317,811.4062364637123
30902,35.73817077379853,808.0399999995317,811.4126219304378
30903,35.73817077379853,808.0599999995317,811.4190072604597
30904,35.73817077379853,808.0799999995317,811.4253924537749
30905,35.73817077379853,808.0999999995316,811.4317775103804
30906,35.73817077379853,808.1199999995316,811.438162430273
30907,35.73817077379853,808.1399999995316,811.4445472134498
30908,35.73817077379853,808.1599999995316,811.4509318599079
30909,35.73817077379853,808.1799999995316,811.457316369644
30910,35.73817077379853,808.1999999995315,811.4637007426552
30911,35.73817077379853,808.2199999995315,811.4700849789384
30912,35.73817077379853,808.2399999995315,811.4764690784906
30913,35.73817077379853,808.2599999995315,811.4828530413087
30914,35.73817077379853,808.2799999995315,811.4892368673896
30915,35.73817077379853,808.2999999995315,811.4956205567496
30916,35.73817077379853,808.3199999995314,811.5020041095997
30917,35.73817077379853,808.3399999995314,811.5083875259787
30918,35.73817077379853,808.3599999995314,811.5147708058836
30919,35.73817077379853,808.3799999995314,811.5211539493112
30920,35.73817077379853,808.3999999995314,811.5275369562585
30921,35.73817077379853,808.4199999995313,811.5339198267224
30922,35.73817077379853,808.4399999995313,811.5403025606998
30923,35.73817077379853,808.4599999995313,811.546685158188
30924,35.73817077379853,808.4799999995313,811.5530676191836
30925,35.73817077379853,808.4999999995313,811.5594499436836
30926,35.73817077379853,808.5199999995313,811.565832131685
30927,35.73817077379853,808.5399999995312,811.5722141831849
30928,35.73817077379853,808.5599999995312,811.57859609818
30929,35.73817077379853,808.5799999995312,811.5849778766675
30930,35.73817077379853,808.5999999995312,811.5913595186441
30931,35.73817077379853,808.6199999995312,811.597741024107
30932,35.73817077379853,808.6399999995311,811.604122393053
30933,35.73817077379853,808.6599999995311,811.610503625479
30934,35.73817077379853,808.6799999995311,811.6168847213822
30935,35.73817077379853,808.6999999995311,811.6232656807593
30936,35.73817077379853,808.7199999995311,811.6296465036074
30937,35.73817077379853,808.739999999531,811.6360271899234
30938,35.73817077379853,808.759999999531,811.6424077397043
30939,35.73817077379853,808.779999999531,811.648788152947
30940,35.73817077379853,808.799999999531,811.6551684296484
30941,35.73817077379853,808.819999999531,811.6615485698055
30942,35.73817077379853,808.839999999531,811.6679285734153
30943,35.73817077379853,808.8599999995309,811.6743084404749
30944,35.73817077379853,808.8799999995309,811.6806881709809
30945,35.73817077379853,808.8999999995309,811.6870677649306
30946,35.73817077379853,808.9199999995309,811.6934472223207
30947,35.73817077379853,808.9399999995309,811.6998265431483
30948,35.73817077379853,808.9599999995309,811.7062057274103
30949,35.73817077379853,808.9799999995308,811.7125847751037
30950,35.73817077379853,808.9999999995308,811.7189636862253
30951,35.73817077379853,809.0199999995308,811.7253424607721
30952,35.73817077379853,809.0399999995308,811.7317210987413
30953,35.73817077379853,809.0599999995308,811.7380996001297
30954,35.73817077379853,809.0799999995307,811.7444779649342
30955,35.73817077379853,809.0999999995307,811.7508561931517
30956,35.73817077379853,809.1199999995307,811.7572342847792
30957,35.73817077379853,809.1399999995307,811.7636122398138
30958,35.73817077379853,809.1599999995307,811.7699900582523
30959,35.73817077379853,809.1799999995307,811.7763677400918
30960,35.73817077379853,809.1999999995306,811.7827452853292
30961,35.73817077379853,809.2199999995306,811.7891226939613
30962,35.73817077379853,809.2399999995306,811.7954999659852
30963,35.73817077379853,809.2599999995306,811.8018771013978
30964,35.73817077379853,809.2799999995306,811.8082541001962
30965,35.73817077379853,809.2999999995305,811.8146309623772
30966,35.73817077379853,809.3199999995305,811.8210076879608
30967,35.73817077379853,809.3399999995305,811.8273842771765
30968,35.73817077379853,809.3599999995305,811.8337607300474
30969,35.73817077379853,809.3799999995305,811.8401370465705
30970,35.73817077379853,809.3999999995305,811.8465132267427
30971,35.73817077379853,809.4199999995304,811.8528892705609
30972,35.73817077379853,809.4399999995304,811.8592651780222
30973,35.73817077379853,809.4599999995304,811.8656409491234
30974,35.73817077379853,809.4799999995304,811.8720165838616
30975,35.73817077379853,809.4999999995304,811.8783920822337
30976,35.73817077379853,809.5199999995303,811.8847674442368
30977,35.73817077379853,809.5399999995303,811.8911426698677
30978,35.73817077379853,809.5599999995303,811.8975177591234
30979,35.73817077379853,809.5799999995303,811.9038927120008
30980,35.73817077379853,809.5999999995303,811.910267528497
30981,35.73817077379853,809.6199999995303,811.9166422086089
30982,35.73817077379853,809.6399999995302,811.9230167523334
30983,35.73817077379853,809.6599999995302,811.9293911596676
30984,35.73817077379853,809.6799999995302,811.9357654306084
30985,35.73817077379853,809.6999999995302,811.9421395651527
30986,35.73817077379853,809.7199999995302,811.9485135632975
30987,35.73817077379853,809.7399999995301,811.9548874250398
30988,35.73817077379853,809.7599999995301,811.9612611503766
30989,35.73817077379853,809.7799999995301,811.9676347393047
30990,35.73817077379853,809.7999999995301,811.9740081918212
30991,35.73817077379853,809.8199999995301,811.9803815079231
30992,35.73817077379853,809.83999999953,811.9867546876072
30993,35.73817077379853,809.85999999953,811.9931277308706
30994,35.73817077379853,809.87999999953,811.9995006377102
30995,35.73817077379853,809.89999999953,812.005873408123
30996,35.73817077379853,809.91999999953,812.012246042106
30997,35.73817077379853,809.93999999953,812.018618539656
30998,35.73817077379853,809.9599999995299,812.0249909007701
30999,35.73817077379853,809.9799999995299,812.0313631254453
31000,35.73817077379853,809.9999999995299,812.0377352136785
31001,35.73817077379853,810.0199999995299,812.0441071654667
31002,35.73817077379853,810.0399999995299,812.0504789808068
31003,35.73817077379853,810.0599999995299,812.0568506596958
31004,35.73817077379853,810.0799999995298,812.0632222021306
31005,35.73817077379853,810.0999999995298,812.0695936081083
31006,35.73817077379853,810.1199999995298,812.0759648776258
31007,35.73817077379853,810.1399999995298,812.0823360106799
31008,35.73817077379853,810.1599999995298,812.0887070072678
31009,35.73817077379853,810.1799999995297,812.0950778673864
31010,35.73817077379853,810.1999999995297,812.1014485910326
31011,35.73817077379853,810.2199999995297,812.1078191782035
31012,35.73817077379853,810.2399999995297,812.1141896288959
31013,35.73817077379853,810.2599999995297,812.1205599431069
31014,35.73817077379853,810.2799999995297,812.1269301208333
31015,35.73817077379853,810.2999999995296,812.1333001620723
31016,35.73817077379853,810.3199999995296,812.1396700668206
31017,35.73817077379853,810.3399999995296,812.1460398351144
31018,35.73817077379853,810.3599999995296,812.1524094671832
31019,35.73817077379853,810.3799999995296,812.1587789630457
31020,35.73817077379853,810.3999999995295,812.1651483226987
31021,35.73817077379853,810.4199999995295,812.1715175461392
31022,35.73817077379853,810.4399999995295,812.1778866333641
31023,35.73817077379853,810.4599999995295,812.1842555843705
31024,35.73817077379853,810.4799999995295,812.1906243991552
31025,35.73817077379853,810.4999999995295,812.1969930777153
31026,35.73817077379853,810.5199999995294,812.2033616200476
31027,35.73817077379853,810.5399999995294,812.2097300261493
31028,35.73817077379853,810.5599999995294,812.2160982960171
31029,35.73817077379853,810.5799999995294,812.2224664296481
31030,35.73817077379853,810.5999999995294,812.2288344270393
31031,35.73817077379853,810.6199999995293,812.2352022881875
31032,35.73817077379853,810.6399999995293,812.2415700130898
31033,35.73817077379853,810.6599999995293,812.2479376017432
31034,35.73817077379853,810.6799999995293,812.2543050541444
31035,35.73817077379853,810.6999999995293,812.2606723702906
31036,35.73817077379853,810.7199999995293,812.2670395501788
31037,35.73817077379853,810.7399999995292,812.2734065938058
31038,35.73817077379853,810.7599999995292,812.2797735011686
31039,35.73817077379853,810.7799999995292,812.2861402722642
31040,35.73817077379853,810.7999999995292,812.2925069070897
31041,35.73817077379853,810.8199999995292,812.2988734056418
31042,35.73817077379853,810.8399999995291,812.3052397679176
31043,35.73817077379853,810.8599999995291,812.311605993914
31044,35.73817077379853,810.8799999995291,812.317972083628
31045,35.73817077379853,810.8999999995291,812.3243380370566
31046,35.73817077379853,810.9199999995291,812.3307038541967
31047,35.73817077379853,810.939999999529,812.3370695350453
31048,35.73817077379853,810.959999999529,812.3434350795993
31049,35.73817077379853,810.979999999529,812.3498004878558
31050,35.73817077379853,810.999999999529,812.3561657598116
31051,35.73817077379853,811.019999999529,812.3625308954637
31052,35.73817077379853,811.039999999529,812.3688958948092
31053,35.73817077379853,811.0599999995289,812.3752607578448
31054,35.73817077379853,811.0799999995289,812.3816254845676
31055,35.73817077379853,811.0999999995289,812.3879900749747
31056,35.73817077379853,811.1199999995289,812.3943545290629
31057,35.73817077379853,811.1399999995289,812.4007188468291
31058,35.73817077379853,811.1599999995288,812.4070830282706
31059,35.73817077379853,811.1799999995288,812.413447073384
31060,35.73817077379853,811.1999999995288,812.4198109821664
31061,35.73817077379853,811.2199999995288,812.4261747546147
31062,35.73817077379853,811.2399999995288,812.432538390726
31063,35.73817077379853,811.2599999995288,812.4389018904972
31064,35.73817077379853,811.2799999995287,812.4452652539252
31065,35.73817077379853,811.2999999995287,812.451628481007
31066,35.68824531399048,811.3199999995287,812.4579915717395
31067,35.68824531399048,811.3399999995287,812.4643545261198
31068,35.68824531399048,811.3599999995287,812.470717344198
31069,35.68824531399048,811.3799999995286,812.4770800261775
31070,35.68824531399048,811.3999999995286,812.4834425720726
31071,35.68824531399048,811.4199999995286,812.4898049818802
31072,35.68824531399048,811.4399999995286,812.4961672555972
31073,35.68824531399048,811.4599999995286,812.5025293932207
31074,35.68824531399048,811.4799999995286,812.5088913947476
31075,35.68824531399048,811.4999999995285,812.515253260175
31076,35.68824531399048,811.5199999995285,812.5216149894998
31077,35.68824531399048,811.5399999995285,812.527976582719
31078,35.68824531399048,811.5599999995285,812.5343380398297
31079,35.68824531399048,811.5799999995285,812.5406993608287
31080,35.68824531399048,811.5999999995284,812.5470605457132
31081,35.68824531399048,811.6199999995284,812.55342159448
31082,35.68824531399048,811.6399999995284,812.5597825071262
31083,35.68824531399048,811.6599999995284,812.5661432836488
31084,35.68824531399048,811.6799999995284,812.5725039240448
31085,35.68824531399048,811.6999999995284,812.5788644283111
31086,35.68824531399048,811.7199999995283,812.5852247964448
31087,35.68824531399048,811.7399999995283,812.5915850284428
31088,35.68824531399048,811.7599999995283,812.5979451243021
31089,35.68824531399048,811.7799999995283,812.6043050840198
31090,35.68824531399048,811.7999999995283,812.6106649075926
31091,35.68824531399048,811.8199999995282,812.6170245950178
31092,35.68824531399048,811.8399999995282,812.6233841462923
31093,35.68824531399048,811.8599999995282,812.6297435614131
31094,35.68824531399048,811.8799999995282,812.6361028403771
31095,35.68824531399048,811.8999999995282,812.6424619831814
31096,35.68824531399048,811.9199999995282,812.648820989823
31097,35.68824531399048,811.9399999995281,812.6551798602989
31098,35.68824531399048,811.9599999995281,812.661538594606
31099,35.68824531399048,811.9799999995281,812.6678971927413
31100,35.68824531399048,811.9999999995281,812.6742556547018
31101,35.68824531399048,812.0199999995281,812.6806139804846
31102,35.68824531399048,812.039999999528,812.6869721700866
31103,35.68824531399048,812.059999999528,812.6933302235047
31104,35.68824531399048,812.079999999528,812.6996881407362
31105,35.68824531399048,812.099999999528,812.7060459217777
31106,35.68824531399048,812.119999999528,812.7124035666264
31107,35.68824531399048,812.139999999528,812.7187610752793
31108,35.68824531399048,812.1599999995279,812.7251184477334
31109,35.68824531399048,812.1799999995279,812.7314756839856
31110,35.68824531399048,812.1999999995279,812.737832784033
31111,35.68824531399048,812.2199999995279,812.7441897478725
31112,35.68824531399048,812.2399999995279,812.7505465755012
31113,35.68824531399048,812.2599999995278,812.756903266916
31114,35.68824531399048,812.2799999995278,812.7632598221138
31115,35.68824531399048,812.2999999995278,812.7696162410919
31116,35.68824531399048,812.3199999995278,812.7759725238469
31117,35.68824531399048,812.3399999995278,812.7823286703762
31118,35.68824531399048,812.3599999995278,812.7886846806765
31119,35.68824531399048,812.3799999995277,812.7950405548128
31120,35.68824531399048,812.3999999995277,812.8013962929713
31121,35.68824531399048,812.4199999995277,812.8077518951624
31122,35.68824531399048,812.4399999995277,812.8141073613831
31123,35.68824531399048,812.4599999995277,812.8204626916304
31124,35.68824531399048,812.4799999995276,812.8268178859013
31125,35.68824531399048,812.4999999995276,812.8331729441928
31126,35.68824531399048,812.5199999995276,812.839527866502
31127,35.68824531399048,812.5399999995276,812.8458826528256
31128,35.68824531399048,812.5599999995276,812.8522373031608
31129,35.68824531399048,812.5799999995276,812.8585918175046
31130,35.68824531399048,812.5999999995275,812.8649461958539
31131,35.68824531399048,812.6199999995275,812.8713004382057
31132,35.68824531399048,812.6399999995275,812.877654544557
31133,35.68824531399048,812.6599999995275,812.8840085149048
31134,35.68824531399048,812.6799999995275,812.8903623492462
31135,35.68824531399048,812.6999999995274,812.8967160475779
31136,35.68824531399048,812.7199999995274,812.9030696098972
31137,35.68824531399048,812.7399999995274,812.9094230362009
31138,35.68824531399048,812.7599999995274,812.915776326486
31139,35.68824531399048,812.7799999995274,812.9221294807496
31140,35.68824531399048,812.7999999995274,812.9284824989886
31141,35.68824531399048,812.8199999995273,812.9348353812001
31142,35.68824531399048,812.8399999995273,812.9411881273809
31143,35.68824531399048,812.8599999995273,812.9475407375281
31144,35.68824531399048,812.8799999995273,812.9538932116387
31145,35.68824531399048,812.8999999995273,812.9602455497097
31146,35.68824531399048,812.9199999995272,812.966597751738
31147,35.68824531399048,812.9399999995272,812.9729498177207
31148,35.68824531399048,812.9599999995272,812.9793017476547
31149,35.68824531399048,812.9799999995272,812.9856535415371
31150,35.68824531399048,812.9999999995272,812.9920051993647
31151,35.68824531399048,813.0199999995272,812.9983567211347
31152,35.68824531399048,813.0399999995271,813.004708106844
31153,35.68824531399048,813.0599999995271,813.0110593564896
31154,35.68824531399048,813.0799999995271,813.0174104700684
31155,35.68824531399048,813.0999999995271,813.0237614475775
31156,35.68824531399048,813.1199999995271,813.0301122890139
31157,35.68824531399048,813.139999999527,813.0364629943746
31158,35.68824531399048,813.159999999527,813.0428135636564
31159,35.68824531399048,813.179999999527,813.0491639968565
31160,35.68824531399048,813.199999999527,813.0555142939718
31161,35.68824531399048,813.219999999527,813.0618644549993
31162,35.68824531399048,813.239999999527,813.068214479936
31163,35.68824531399048,813.2599999995269,813.074564368779
31164,35.68824531399048,813.2799999995269,813.0809141215251
31165,35.68824531399048,813.2999999995269,813.0872637381714
31166,35.68824531399048,813.3199999995269,813.0936132187148
31167,35.68824531399048,813.3399999995269,813.0999625631525
31168,35.68824531399048,813.3599999995268,813.1063117714814
31169,35.68824531399048,813.3799999995268,813.1126608436983
31170,35.68824531399048,813.3999999995268,813.1190097798867
31171,35.68824531399048,813.4199999995268,813.1253585802252
31172,35.68824531399048,813.4399999995268,813.1317072447214
31173,35.68824531399048,813.4599999995268,813.1380557733721
31174,35.68824531399048,813.4799999995267,813.1444041661746
31175,35.68824531399048,813.4999999995267,813.1507524231257
31176,35.68824531399048,813.5199999995267,813.1571005442224
31177,35.68824531399048,813.5399999995267,813.1634485294618
31178,35.68824531399048,813.5599999995267,813.1697963788408
31179,35.68824531399048,813.5799999995266,813.1761440923565
31180,35.68824531399048,813.5999999995266,813.1824916700058
31181,35.68824531399048,813.6199999995266,813.1888391117857
31182,35.68824531399048,813.6399999995266,813.1951864176932
31183,35.68824531399048,813.6599999995266,813.2015335877254
31184,35.68824531399048,813.6799999995266,813.2078806218792
31185,35.68824531399048,813.6999999995265,813.2142275201517
31186,35.68824531399048,813.7199999995265,813.2205742825397
31187,35.68824531399048,813.7399999995265,813.2269209090404
31188,35.68824531399048,813.7599999995265,813.2332673996507
31189,35.68824531399048,813.7799999995265,813.2396137543676
31190,35.68824531399048,813.7999999995264,813.2459599731882
31191,35.68824531399048,813.8199999995264,813.2523060561094
31192,35.68824531399048,813.8399999995264,813.2586520031283
31193,35.68824531399048,813.8599999995264,813.2649978142418
31194,35.68824531399048,813.8799999995264,813.271343489447
31195,35.68824531399048,813.8999999995264,813.2776890287407
31196,35.68824531399048,813.9199999995263,813.28403443212
31197,35.68824531399048,813.9399999995263,813.290379699582
31198,35.68824531399048,813.9599999995263,813.2967248311236
31199,35.68824531399048,813.9799999995263,813.3030698267418
31200,35.68824531399048,813.9999999995263,813.3094146864336
31201,35.68824531399048,814.0199999995262,813.315759410196
31202,35.68824531399048,814.0399999995262,813.3221039980261
31203,35.68824531399048,814.0599999995262,813.3284484499209
31204,35.68824531399048,814.0799999995262,813.3347927658772
31205,35.68824531399048,814.0999999995262,813.3411369458921
31206,35.68824531399048,814.1199999995262,813.3474809899627
31207,35.68824531399048,814.1399999995261,813.3538248980859
31208,35.68824531399048,814.1599999995261,813.3601686702588
31209,35.68824531399048,814.1799999995261,813.3665123064783
31210,35.68824531399048,814.1999999995261,813.3728558067414
31211,35.68824531399048,814.2199999995261,813.3791991710452
31212,35.68824531399048,814.239999999526,813.3855423993866
31213,35.68824531399048,814.259999999526,813.3918854917627
31214,35.68824531399048,814.279999999526,813.3982284481702
31215,35.68824531399048,814.299999999526,813.4045712686066
31216,35.68824531399048,814.319999999526,813.4109139530684
31217,35.68824531399048,814.339999999526,813.417256501553
31218,35.68824531399048,814.3599999995259,813.4235989140572
31219,35.68824531399048,814.3799999995259,813.429941190578
31220,35.68824531399048,814.3999999995259,813.4362833311125
31221,35.68824531399048,814.4199999995259,813.4426253357635
31222,35.68824531399048,814.4399999995259,813.448967204702
31223,35.68824531399048,814.4599999995258,813.4553089379323
31224,35.68824531399048,814.4799999995258,813.4616505354514
31225,35.68824531399048,814.4999999995258,813.4679919972565
31226,35.68824531399048,814.5199999995258,813.4743333233444
31227,35.68824531399048,814.5399999995258,813.4806745137122
31228,35.68824531399048,814.5599999995258,813.4870155683568
31229,35.68824531399048,814.5799999995257,813.4933564872754
31230,35.68824531399048,814.5999999995257,813.4996972704648
31231,35.68824531399048,814.6199999995257,813.5060379179221
31232,35.68824531399048,814.6399999995257,813.5123784296442
31233,35.68824531399048,814.6599999995257,813.5187188056282
31234,35.68824531399048,814.6799999995256,813.525059045871
31235,35.68824531399048,814.6999999995256,813.5313991503697
31236,35.68824531399048,814.7199999995256,813.5377391191213
31237,35.68824531399048,814.7399999995256,813.5440789521227
31238,35.68824531399048,814.7599999995256,813.5504186493711
31239,35.68824531399048,814.7799999995256,813.5567582108632
31240,35.68824531399048,814.7999999995255,813.5630976365962
31241,35.68824531399048,814.8199999995255,813.5694369265672
31242,35.68824531399048,814.8399999995255,813.5757760807729
31243,35.68824531399048,814.8599999995255,813.5821150992106
31244,35.68824531399048,814.8799999995255,813.588453981877
31245,35.68824531399048,814.8999999995254,813.5947927287693
31246,35.68824531399048,814.9199999995254,813.6011313398845
31247,35.68824531399048,814.9399999995254,813.6074698152196
31248,35.68824531399048,814.9599999995254,813.6138081547715
31249,35.68824531399048,814.9799999995254,813.6201463585372
31250,35.68824531399048,814.9999999995254,813.6264844265138
31251,35.68824531399048,815.0199999995253,813.6328223586983
31252,35.68824531399048,815.0399999995253,813.6391601550876
31253,35.68824531399048,815.0599999995253,813.6454978156787
31254,35.68824531399048,815.0799999995253,813.6518353404688
31255,35.68824531399048,815.0999999995253,813.6581727294547
31256,35.68824531399048,815.1199999995252,813.6645099826335
31257,35.68824531399048,815.1399999995252,813.6708471000021
31258,35.68824531399048,815.1599999995252,813.6771840815576
31259,35.68824531399048,815.1799999995252,813.683520927297
31260,35.68824531399048,815.1999999995252,813.6898576372172
31261,35.68824531399048,815.2199999995252,813.6961942113153
31262,35.68824531399048,815.2399999995251,813.7025306495882
31263,35.68824531399048,815.2599999995251,813.708866952033
31264,35.68824531399048,815.2799999995251,813.7152031186466
31265,35.68824531399048,815.2999999995251,813.7215391494261
31266,35.68824531399048,815.3199999995251,813.7278750443685
31267,35.68824531399048,815.339999999525,813.7342108034708
31268,35.68824531399048,815.359999999525,813.7405464267299
31269,35.68824531399048,815.379999999525,813.7468819141429
31270,35.63843598735286,815.399999999525,813.7532172657068
31271,35.63843598735286,815.419999999525,813.7595524814185
31272,35.63843598735286,815.439999999525,813.7658875613945
31273,35.63843598735286,815.4599999995249,813.7722225057873
31274,35.63843598735286,815.4799999995249,813.7785573145981
31275,35.63843598735286,815.4999999995249,813.7848919878237
31276,35.63843598735286,815.5199999995249,813.7912265254612
31277,35.63843598735286,815.5399999995249,813.7975609275077
31278,35.63843598735286,815.5599999995248,813.8038951939601
31279,35.63843598735286,815.5799999995248,813.8102293248156
31280,35.63843598735286,815.5999999995248,813.8165633200712
31281,35.63843598735286,815.6199999995248,813.8228971797239
31282,35.63843598735286,815.6399999995248,813.8292309037707
31283,35.63843598735286,815.6599999995248,813.8355644922087
31284,35.63843598735286,815.6799999995247,813.8418979450349
31285,35.63843598735286,815.6999999995247,813.8482312622464
31286,35.63843598735286,815.7199999995247,813.85456444384
31287,35.63843598735286,815.7399999995247,813.8608974898129
31288,35.63843598735286,815.7599999995247,813.8672304001623
31289,35.63843598735286,815.7799999995246,813.8735631748849
31290,35.63843598735286,815.7999999995246,813.8798958139779
31291,35.63843598735286,815.8199999995246,813.8862283174384
31292,35.63843598735286,815.8399999995246,813.8925606852633
31293,35.63843598735286,815.8599999995246,813.8988929174498
31294,35.63843598735286,815.8799999995246,813.9052250139947
31295,35.63843598735286,815.8999999995245,813.9115569748952
31296,35.63843598735286,815.9199999995245,813.9178888001484
31297,35.63843598735286,815.9399999995245,813.9242204897512
31298,35.63843598735286,815.9599999995245,813.9305520437006
31299,35.63843598735286,815.9799999995245,813.9368834619937
31300,35.63843598735286,815.9999999995244,813.9432147446275
31301,35.63843598735286,816.0199999995244,813.9495458915992
31302,35.63843598735286,816.0399999995244,813.9558769029056
31303,35.63843598735286,816.0599999995244,813.9622077785439
31304,35.63843598735286,816.0799999995244,813.9685385185111
31305,35.63843598735286,816.0999999995244,813.9748691228042
31306,35.63843598735286,816.1199999995243,813.9811995914202
31307,35.63843598735286,816.1399999995243,813.9875299243563
31308,35.63843598735286,816.1599999995243,813.9938601216093
31309,35.63843598735286,816.1799999995243,814.0001901831763
31310,35.63843598735286,816.1999999995243,814.0065201090545
31311,35.63843598735286,816.2199999995242,814.0128498992407
31312,35.63843598735286,816.2399999995242,814.0191795537321
31313,35.63843598735286,816.2599999995242,814.0255090725257
31314,35.63843598735286,816.2799999995242,814.0318384556185
31315,35.63843598735286,816.2999999995242,814.0381677030076
31316,35.63843598735286,816.3199999995242,814.04449681469
31317,35.63843598735286,816.3399999995241,814.0508257906627
31318,35.63843598735286,816.3599999995241,814.0571546309227
31319,35.63843598735286,816.3799999995241,814.0634833354671
31320,35.63843598735286,816.3999999995241,814.069811904293
31321,35.63843598735286,816.4199999995241,814.0761403373974
31322,35.63843598735286,816.439999999524,814.0824686347772
31323,35.63843598735286,816.459999999524,814.088796796559
31324,35.63843598735286,816.479999999524,814.0951248228752
31325,35.63843598735286,816.499999999524,814.1014527137236
31326,35.63843598735286,816.519999999524,814.1077804691013
31327,35.63843598735286,816.539999999524,814.1141080890053
31328,35.63843598735286,816.5599999995239,814.1204355734326
31329,35.63843598735286,816.5799999995239,814.1267629223803
31330,35.63843598735286,816.5999999995239,814.1330901358454
31331,35.63843598735286,816.6199999995239,814.1394172138248
31332,35.63843598735286,816.6399999995239,814.1457441563157
31333,35.63843598735286,816.6599999995238,814.152070963315
31334,35.63843598735286,816.6799999995238,814.15839763482
31335,35.63843598735286,816.6999999995238,814.1647241708274
31336,35.63843598735286,816.7199999995238,814.1710505713345
31337,35.63843598735286,816.7399999995238,814.1773768363382
31338,35.63843598735286,816.7599999995238,814.1837029658356
31339,35.63843598735286,816.7799999995237,814.1900289598236
31340,35.63843598735286,816.7999999995237,814.1963548182994
31341,35.63843598735286,816.8199999995237,814.20268054126
31342,35.63843598735286,816.8399999995237,814.2090061287023
31343,35.63843598735286,816.8599999995237,814.2153315806235
31344,35.63843598735286,816.8799999995236,814.2216568970205
31345,35.63843598735286,816.8999999995236,814.2279820778904
31346,35.63843598735286,816.9199999995236,814.2343071232302
31347,35.63843598735286,816.9399999995236,814.2406320330371
31348,35.63843598735286,816.9599999995236,814.2469568073079
31349,35.63843598735286,816.9799999995236,814.2532814460399
31350,35.63843598735286,816.9999999995235,814.2596059492298
31351,35.63843598735286,817.0199999995235,814.2659303168749
31352,35.63843598735286,817.0399999995235,814.2722545489721
31353,35.63843598735286,817.0599999995235,814.2785786455185
31354,35.63843598735286,817.0799999995235,814.2849026065111
31355,35.63843598735286,817.0999999995234,814.2912264319469
31356,35.63843598735286,817.1199999995234,814.2975501218231
31357,35.63843598735286,817.1399999995234,814.3038736761365
31358,35.63843598735286,817.1599999995234,814.3101970948843
31359,35.63843598735286,817.1799999995234,814.3165203780635
31360,35.63843598735286,817.1999999995234,814.3228435256711
31361,35.63843598735286,817.2199999995233,814.3291665377042
31362,35.63843598735286,817.2399999995233,814.3354894141597
31363,35.63843598735286,817.2599999995233,814.3418121550349
31364,35.63843598735286,817.2799999995233,814.3481347603265
31365,35.63843598735286,817.2999999995233,814.3544572300318
31366,35.63843598735286,817.3199999995232,814.3607795641477
31367,35.63843598735286,817.3399999995232,814.3671017626713
31368,35.63843598735286,817.3599999995232,814.3734238255995
31369,35.63843598735286,817.3799999995232,814.3797457529295
31370,35.63843598735286,817.3999999995232,814.3860675446583
31371,35.63843598735286,817.4199999995232,814.392389200783
31372,35.63843598735286,817.4399999995231,814.3987107213004
31373,35.63843598735286,817.4599999995231,814.4050321062102
31374,35.63843598735286,817.4799999995231,814.4113533556574
31375,35.63843598735286,817.4999999995231,814.417674469764
31376,35.63843598735286,817.5199999995231,814.4239954485271
31377,35.63843598735286,817.539999999523,814.4303162919437
31378,35.63843598735286,817.559999999523,814.4366370000108
31379,35.63843598735286,817.579999999523,814.4429575727256
31380,35.63843598735286,817.599999999523,814.449278010085
31381,35.63843598735286,817.619999999523,814.4555983120861
31382,35.63843598735286,817.639999999523,814.4619184787259
31383,35.63843598735286,817.6599999995229,814.4682385100016
31384,35.63843598735286,817.6799999995229,814.4745584059101
31385,35.63843598735286,817.6999999995229,814.4808781664484
31386,35.63843598735286,817.7199999995229,814.4871977916137
31387,35.63843598735286,817.7399999995229,814.4935172814029
31388,35.63843598735286,817.7599999995228,814.4998366358132
31389,35.63843598735286,817.7799999995228,814.5061558548415
31390,35.63843598735286,817.7999999995228,814.5124749384848
31391,35.63843598735286,817.8199999995228,814.5187938867404
31392,35.63843598735286,817.8399999995228,814.5251126996051
31393,35.63843598735286,817.8599999995228,814.531431377076
31394,35.63843598735286,817.8799999995227,814.5377499191503
31395,35.63843598735286,817.8999999995227,814.5440683258249
31396,35.63843598735286,817.9199999995227,814.5503865970969
31397,35.63843598735286,817.9399999995227,814.5567047329633
31398,35.63843598735286,817.9599999995227,814.5630227334212
31399,35.63843598735286,817.9799999995226,814.5693405984675
31400,35.63843598735286,817.9999999995226,814.5756583280994
31401,35.63843598735286,818.0199999995226,814.5819759223139
31402,35.63843598735286,818.0399999995226,814.588293381108
31403,35.63843598735286,818.0599999995226,814.5946107044788
31404,35.63843598735286,818.0799999995226,814.6009278924233
31405,35.63843598735286,818.0999999995225,814.6072449449387
31406,35.63843598735286,818.1199999995225,814.6135618620218
31407,35.63843598735286,818.1399999995225,814.6198786436698
31408,35.63843598735286,818.1599999995225,814.6261952898799
31409,35.63843598735286,818.1799999995225,814.6325118006489
31410,35.63843598735286,818.1999999995224,814.6388281759739
31411,35.63843598735286,818.2199999995224,814.645144415852
31412,35.63843598735286,818.2399999995224,814.6514605202801
31413,35.63843598735286,818.2599999995224,814.6577764892554
31414,35.63843598735286,818.2799999995224,814.664092322775
31415,35.63843598735286,818.2999999995224,814.6704080208358
31416,35.63843598735286,818.3199999995223,814.6767235834349
31417,35.63843598735286,818.3399999995223,814.6830390105692
31418,35.63843598735286,818.3599999995223,814.6893543022361
31419,35.63843598735286,818.3799999995223,814.6956694584323
31420,35.63843598735286,818.3999999995223,814.701984479155
31421,35.63843598735286,818.4199999995222,814.7082993644013
31422,35.63843598735286,818.4399999995222,814.7146141141682
31423,35.63843598735286,818.4599999995222,814.7209287284526
31424,35.63843598735286,818.4799999995222,814.7272432072576
31425,35.63843598735286,818.4999999995222,814.733557550744
31426,35.63843598735286,818.5199999995222,814.7398717590196
31427,35.63843598735286,818.5399999995221,814.7461858320814
31428,35.63843598735286,818.5599999995221,814.7524997699267
31429,35.63843598735286,818.5799999995221,814.7588135725522
31430,35.63843598735286,818.5999999995221,814.7651272399552
31431,35.63843598735286,818.6199999995221,814.7714407721327
31432,35.63843598735286,818.639999999522,814.7777541690816
31433,35.63843598735286,818.659999999522,814.7840674307992
31434,35.63843598735286,818.679999999522,814.7903805572822
31435,35.63843598735286,818.699999999522,814.796693548528
31436,35.63843598735286,818.719999999522,814.8030064045334
31437,35.63843598735286,818.739999999522,814.8093191252956
31438,35.63843598735286,818.7599999995219,814.8156317108115
31439,35.63843598735286,818.7799999995219,814.8219441610784
31440,35.63843598735286,818.7999999995219,814.828256476093
31441,35.63843598735286,818.8199999995219,814.8345686558525
31442,35.63843598735286,818.8399999995219,814.8408807003541
31443,35.63843598735286,818.8599999995218,814.8471926095947
31444,35.63843598735286,818.8799999995218,814.8535043835712
31445,35.63843598735286,818.8999999995218,814.8598160222809
31446,35.63843598735286,818.9199999995218,814.8661275257208
31447,35.63843598735286,818.9399999995218,814.8724388938879
31448,35.63843598735286,818.9599999995218,814.8787501267792
31449,35.63843598735286,818.9799999995217,814.8850612243917
31450,35.63843598735286,818.9999999995217,814.8913721867226
31451,35.63843598735286,819.0199999995217,814.8976830137689
31452,35.63843598735286,819.0399999995217,814.9039937055276
31453,35.63843598735286,819.0599999995217,814.9103042619957
31454,35.63843598735286,819.0799999995216,814.9166146831705
31455,35.63843598735286,819.0999999995216,814.9229249690487
31456,35.63843598735286,819.1199999995216,814.9292351196276
31457,35.63843598735286,819.1399999995216,814.9355451349041
31458,35.63843598735286,819.1599999995216,814.9418550148754
31459,35.63843598735286,819.1799999995216,814.9481647595384
31460,35.63843598735286,819.1999999995215,814.9544743688903
31461,35.63843598735286,819.2199999995215,814.960783842928
31462,35.63843598735286,819.2399999995215,814.9670931816486
31463,35.63843598735286,819.2599999995215,814.9734023850491
31464,35.63843598735286,819.2799999995215,814.9797114531266
31465,35.63843598735286,819.2999999995214,814.9860203858782
31466,35.63843598735286,819.3199999995214,814.9923291833009
31467,35.63843598735286,819.3399999995214,814.9986378453916
31468,35.63843598735286,819.3599999995214,815.0049463721476
31469,35.63843598735286,819.3799999995214,815.0112547635658
31470,35.63843598735286,819.3999999995214,815.0175630196434
31471,35.63843598735286,819.4199999995213,815.0238711403772
31472,35.63843598735286,819.4399999995213,815.0301791257644
31473,35.63843598735286,819.4599999995213,815.0364869758021
31474,35.63843598735286,819.4799999995213,815.0427946904872
31475,35.58874241603985,819.4999999995213,815.0491022698261
31476,35.58874241603985,819.5199999995212,815.0554097139936
31477,35.58874241603985,819.5399999995212,815.0617170230817
31478,35.58874241603985,819.5599999995212,815.0680241970872
31479,35.58874241603985,819.5799999995212,815.0743312360074
31480,35.58874241603985,819.5999999995212,815.0806381398394
31481,35.58874241603985,819.6199999995212,815.0869449085801
31482,35.58874241603985,819.6399999995211,815.0932515422267
31483,35.58874241603985,819.6599999995211,815.0995580407762
31484,35.58874241603985,819.6799999995211,815.1058644042257
31485,35.58874241603985,819.6999999995211,815.1121706325724
31486,35.58874241603985,819.7199999995211,815.1184767258133
31487,35.58874241603985,819.739999999521,815.1247826839455
31488,35.58874241603985,819.759999999521,815.131088506966
31489,35.58874241603985,819.779999999521,815.137394194872
31490,35.58874241603985,819.799999999521,815.1436997476604
31491,35.58874241603985,819.819999999521,815.1500051653285
31492,35.58874241603985,819.839999999521,815.1563104478732
31493,35.58874241603985,819.8599999995209,815.1626155952918
31494,35.58874241603985,819.8799999995209,815.1689206075811
31495,35.58874241603985,819.8999999995209,815.1752254847383
31496,35.58874241603985,819.9199999995209,815.1815302267606
31497,35.58874241603985,819.9399999995209,815.187834833645
31498,35.58874241603985,819.9599999995208,815.1941393053885
31499,35.58874241603985,819.9799999995208,815.2004436419883
31500,35.58874241603985,819.9999999995208,815.2067478434413
31501,35.58874241603985,820.0199999995208,815.2130519097448
31502,35.58874241603985,820.0399999995208,815.2193558408957
31503,35.58874241603985,820.0599999995208,815.2256596368911
31504,35.58874241603985,820.0799999995207,815.2319632977283
31505,35.58874241603985,820.0999999995207,815.2382668234042
31506,35.58874241603985,820.1199999995207,815.2445702139158
31507,35.58874241603985,820.1399999995207,815.2508734692605
31508,35.58874241603985,820.1599999995207,815.257176589435
31509,35.58874241603985,820.1799999995206,815.2634795744366
31510,35.58874241603985,820.1999999995206,815.2697824242623
31511,35.58874241603985,820.2199999995206,815.2760851389093
31512,35.58874241603985,820.2399999995206,815.2823877183745
31513,35.58874241603985,820.2599999995206,815.2886901626551
31514,35.58874241603985,820.2799999995206,815.2949924717483
31515,35.58874241603985,820.2999999995205,815.301294645651
31516,35.58874241603985,820.3199999995205,815.3075966843602
31517,35.58874241603985,820.3399999995205,815.3138985878732
31518,35.58874241603985,820.3599999995205,815.3202003561869
31519,35.58874241603985,820.3799999995205,815.3265019892985
31520,35.58874241603985,820.3999999995204,815.3328034872051
31521,35.58874241603985,820.4199999995204,815.3391048499037
31522,35.58874241603985,820.4399999995204,815.3454060773914
31523,35.58874241603985,820.4599999995204,815.3517071696654
31524,35.58874241603985,820.4799999995204,815.3580081267226
31525,35.58874241603985,820.4999999995204,815.3643089485602
31526,35.58874241603985,820.5199999995203,815.3706096351867
31527,35.58874241603985,820.5399999995203,815.3769101867751
31528,35.58874241603985,820.5599999995203,815.3832106033944
31529,35.58874241603985,820.5799999995203,815.3895108850415
31530,35.58874241603985,820.5999999995203,815.3958110317137
31531,35.58874241603985,820.6199999995202,815.4021110434079
31532,35.58874241603985,820.6399999995202,815.4084109201212
31533,35.58874241603985,820.6599999995202,815.4147106618508
31534,35.58874241603985,820.6799999995202,815.4210102685936
31535,35.58874241603985,820.6999999995202,815.4273097403468
31536,35.58874241603985,820.7199999995202,815.4336090771075
31537,35.58874241603985,820.7399999995201,815.4399082788726
31538,35.58874241603985,820.7599999995201,815.4462073456394
31539,35.58874241603985,820.7799999995201,815.452506277405
31540,35.58874241603985,820.7999999995201,815.4588050741662
31541,35.58874241603985,820.8199999995201,815.4651037359204
31542,35.58874241603985,820.83999999952,815.4714022626645
31543,35.58874241603985,820.85999999952,815.4777006543956
31544,35.58874241603985,820.87999999952,815.4839989111108
31545,35.58874241603985,820.89999999952,815.4902970328071
31546,35.58874241603985,820.91999999952,815.4965950194818
31547,35.58874241603985,820.93999999952,815.5028928711317
31548,35.58874241603985,820.9599999995199,815.5091905877541
31549,35.58874241603985,820.9799999995199,815.515488169346
31550,35.58874241603985,820.9999999995199,815.5217856159045
31551,35.58874241603985,821.0199999995199,815.5280829274267
31552,35.58874241603985,821.0399999995199,815.5343801039096
31553,35.58874241603985,821.0599999995198,815.5406771453503
31554,35.58874241603985,821.0799999995198,815.5469740517459
31555,35.58874241603985,821.0999999995198,815.5532708230935
31556,35.58874241603985,821.1199999995198,815.5595674593902
31557,35.58874241603985,821.1399999995198,815.565863960633
31558,35.58874241603985,821.1599999995198,815.5721603268191
31559,35.58874241603985,821.1799999995197,815.5784565579455
31560,35.58874241603985,821.1999999995197,815.5847526540093
31561,35.58874241603985,821.2199999995197,815.5910486150076
31562,35.58874241603985,821.2399999995197,815.5973444409374
31563,35.58874241603985,821.2599999995197,815.6036401317958
31564,35.58874241603985,821.2799999995196,815.60993568758
31565,35.58874241603985,821.2999999995196,815.616231108287
31566,35.58874241603985,821.3199999995196,815.6225263939139
31567,35.58874241603985,821.3399999995196,815.6288215444578
31568,35.58874241603985,821.3599999995196,815.6351165599157
31569,35.58874241603985,821.3799999995196,815.6414114402847
31570,35.58874241603985,821.3999999995195,815.647706185562
31571,35.58874241603985,821.4199999995195,815.6540007957445
31572,35.58874241603985,821.4399999995195,815.6602952708295
31573,35.58874241603985,821.4599999995195,815.6665896108138
31574,35.58874241603985,821.4799999995195,815.6728838156948
31575,35.58874241603985,821.4999999995194,815.6791778854694
31576,35.58874241603985,821.5199999995194,815.6854718201347
31577,35.58874241603985,821.5399999995194,815.6917656197031
31578,35.58874241603985,821.5599999995194,815.6980592843695
31579,35.58874241603985,821.5799999995194,815.7043528141904
31580,35.58874241603985,821.5999999995194,815.710646209163
31581,35.58874241603985,821.6199999995193,815.7169394692842
31582,35.58874241603985,821.6399999995193,815.7232325945512
31583,35.58874241603985,821.6599999995193,815.729525584961
31584,35.58874241603985,821.6799999995193,815.7358184405109
31585,35.58874241603985,821.6999999995193,815.7421111611978
31586,35.58874241603985,821.7199999995192,815.7484037470189
31587,35.58874241603985,821.7399999995192,815.7546961979712
31588,35.58874241603985,821.7599999995192,815.7609885140517
31589,35.58874241603985,821.7799999995192,815.7672806952577
31590,35.58874241603985,821.7999999995192,815.7735727415861
31591,35.58874241603985,821.8199999995192,815.7798646530342
31592,35.58874241603985,821.8399999995191,815.786156429599
31593,35.58874241603985,821.8599999995191,815.7924480712776
31594,35.58874241603985,821.8799999995191,815.7987395780669
31595,35.58874241603985,821.8999999995191,815.8050309499642
31596,35.58874241603985,821.9199999995191,815.8113221869667
31597,35.58874241603985,821.939999999519,815.8176132890711
31598,35.58874241603985,821.959999999519,815.8239042562749
31599,35.58874241603985,821.979999999519,815.8301950885749
31600,35.58874241603985,821.999999999519,815.8364857859683
31601,35.58874241603985,822.019999999519,815.8427763484523
31602,35.58874241603985,822.039999999519,815.8490667760237
31603,35.58874241603985,822.0599999995189,815.85535706868
31604,35.58874241603985,822.0799999995189,815.8616472264179
31605,35.58874241603985,822.0999999995189,815.8679372492346
31606,35.58874241603985,822.1199999995189,815.8742271371274
31607,35.58874241603985,822.1399999995189,815.8805168900932
31608,35.58874241603985,822.1599999995188,815.8868065081291
31609,35.58874241603985,822.1799999995188,815.8930959912323
31610,35.58874241603985,822.1999999995188,815.8993853393997
31611,35.58874241603985,822.2199999995188,815.9056745526285
31612,35.58874241603985,822.2399999995188,815.9119636309158
31613,35.58874241603985,822.2599999995188,815.9182525742586
31614,35.58874241603985,822.2799999995187,815.9245413826542
31615,35.58874241603985,822.2999999995187,815.9308300560995
31616,35.58874241603985,822.3199999995187,815.9371185945917
31617,35.58874241603985,822.3399999995187,815.9434069981278
31618,35.58874241603985,822.3599999995187,815.9496952667049
31619,35.58874241603985,822.3799999995186,815.9559834003202
31620,35.58874241603985,822.3999999995186,815.9622713989706
31621,35.58874241603985,822.4199999995186,815.9685592626535
31622,35.58874241603985,822.4399999995186,815.9748469913657
31623,35.58874241603985,822.4599999995186,815.9811345851044
31624,35.58874241603985,822.4799999995186,815.9874220438668
31625,35.58874241603985,822.4999999995185,815.9937093676498
31626,35.58874241603985,822.5199999995185,815.9999965564506
31627,35.58874241603985,822.5399999995185,816.0062836102662
31628,35.58874241603985,822.5599999995185,816.0125705291125
31629,35.58874241603985,822.5799999995185,816.0188573131993
31630,35.58874241603985,822.5999999995184,816.0251439625675
31631,35.58874241603985,822.6199999995184,816.0314304772144
31632,35.58874241603985,822.6399999995184,816.0377168571367
31633,35.58874241603985,822.6599999995184,816.0440031023318
31634,35.58874241603985,822.6799999995184,816.0502892127967
31635,35.58874241603985,822.6999999995184,816.0565751885284
31636,35.58874241603985,822.7199999995183,816.0628610295242
31637,35.58874241603985,822.7399999995183,816.069146735781
31638,35.58874241603985,822.7599999995183,816.0754323072961
31639,35.58874241603985,822.7799999995183,816.0817177440663
31640,35.58874241603985,822.7999999995183,816.0880030460889
31641,35.58874241603985,822.8199999995182,816.094288213361
31642,35.58874241603985,822.8399999995182,816.1005732458796
31643,35.58874241603985,822.8599999995182,816.1068581436417
31644,35.58874241603985,822.8799999995182,816.1131429066446
31645,35.58874241603985,822.8999999995182,816.1194275348853
31646,35.58874241603985,822.9199999995182,816.1257120283609
31647,35.58874241603985,822.9399999995181,816.1319963870685
31648,35.58874241603985,822.9599999995181,816.1382806110053
31649,35.58874241603985,822.9799999995181,816.1445647001682
31650,35.58874241603985,822.9999999995181,816.1508486545544
31651,35.58874241603985,823.0199999995181,816.1571324741609
31652,35.58874241603985,823.039999999518,816.1634161589849
31653,35.58874241603985,823.059999999518,816.1696997090235
31654,35.58874241603985,823.079999999518,816.1759831242737
31655,35.58874241603985,823.099999999518,816.1822664047326
31656,35.58874241603985,823.119999999518,816.1885495503973
31657,35.58874241603985,823.139999999518,816.1948325612649
31658,35.58874241603985,823.1599999995179,816.2011154373325
31659,35.58874241603985,823.1799999995179,816.2073981785973
31660,35.58874241603985,823.1999999995179,816.2136807850562
31661,35.58874241603985,823.2199999995179,816.2199632567065
31662,35.58874241603985,823.2399999995179,816.2262455935452
31663,35.58874241603985,823.2599999995178,816.2325277955694
31664,35.58874241603985,823.2799999995178,816.2388098627761
31665,35.58874241603985,823.2999999995178,816.2450917951625
31666,35.58874241603985,823.3199999995178,816.2513735927256
31667,35.58874241603985,823.3399999995178,816.2576552554626
31668,35.58874241603985,823.3599999995178,816.2639367833706
31669,35.58874241603985,823.3799999995177,816.2702181764465
31670,35.58874241603985,823.3999999995177,816.2764994346876
31671,35.58874241603985,823.4199999995177,816.282780558091
31672,35.58874241603985,823.4399999995177,816.2890615466537
31673,35.58874241603985,823.4599999995177,816.2953424003728
31674,35.58874241603985,823.4799999995176,816.3016231192454
31675,35.58874241603985,823.4999999995176,816.3079037032686
31676,35.58874241603985,823.5199999995176,816.3141841524396
31677,35.58874241603985,823.5399999995176,816.3204644667553
31678,35.58874241603985,823.5599999995176,816.3267446462129
31679,35.58874241603985,823.5799999995176,816.3330246908322
31680,35.58874241603985,823.5999999995175,816.3393046008441
31681,35.53916422378477,823.6199999995175,816.3455843762742
31682,35.53916422378477,823.6399999995175,816.3518640171197
31683,35.53916422378477,823.6599999995175,816.3581435233776
31684,35.53916422378477,823.6799999995175,816.3644228950451
31685,35.53916422378477,823.6999999995174,816.3707021321193
31686,35.53916422378477,823.7199999995174,816.3769812345972
31687,35.53916422378477,823.7399999995174,816.3832602024761
31688,35.53916422378477,823.7599999995174,816.3895390357529
31689,35.53916422378477,823.7799999995174,816.3958177344249
31690,35.53916422378477,823.7999999995174,816.402096298489
31691,35.53916422378477,823.8199999995173,816.4083747279425
31692,35.53916422378477,823.8399999995173,816.4146530227824
31693,35.53916422378477,823.8599999995173,816.4209311830059
31694,35.53916422378477,823.8799999995173,816.4272092086101
31695,35.53916422378477,823.8999999995173,816.433487099592
31696,35.53916422378477,823.9199999995172,816.4397648559487
31697,35.53916422378477,823.9399999995172,816.4460424776776
31698,35.53916422378477,823.9599999995172,816.4523199647755
31699,35.53916422378477,823.9799999995172,816.4585973172397
31700,35.53916422378477,823.9999999995172,816.4648745350671
31701,35.53916422378477,824.0199999995172,816.471151618255
31702,35.53916422378477,824.0399999995171,816.4774285668005
31703,35.53916422378477,824.0599999995171,816.4837053807007
31704,35.53916422378477,824.0799999995171,816.4899820599526
31705,35.53916422378477,824.0999999995171,816.4962586045534
31706,35.53916422378477,824.1199999995171,816.5025350145002
31707,35.53916422378477,824.139999999517,816.5088112897901
31708,35.53916422378477,824.159999999517,816.5150874304202
31709,35.53916422378477,824.179999999517,816.5213634363877
31710,35.53916422378477,824.199999999517,816.5276393076896
31711,35.53916422378477,824.219999999517,816.5339150443231
31712,35.53916422378477,824.239999999517,816.5401906462852
31713,35.53916422378477,824.2599999995169,816.546466113573
31714,35.53916422378477,824.2799999995169,816.5527414461839
31715,35.53916422378477,824.2999999995169,816.5590166441146
31716,35.53916422378477,824.3199999995169,816.5652917073625
31717,35.53916422378477,824.3399999995169,816.5715666359246
31718,35.53916422378477,824.3599999995168,816.577841429798
31719,35.53916422378477,824.3799999995168,816.5841160889798
31720,35.53916422378477,824.3999999995168,816.5903906134673
31721,35.53916422378477,824.4199999995168,816.5966650032574
31722,35.53916422378477,824.4399999995168,816.6029392583473
31723,35.53916422378477,824.4599999995168,816.6092133787341
31724,35.53916422378477,824.4799999995167,816.6154873644149
31725,35.53916422378477,824.4999999995167,816.6217612153868
31726,35.53916422378477,824.5199999995167,816.6280349316469
31727,35.53916422378477,824.5399999995167,816.6343085131923
31728,35.53916422378477,824.5599999995167,816.6405819600202
31729,35.53916422378477,824.5799999995166,816.6468552721277
31730,35.53916422378477,824.5999999995166,816.6531284495436
31731,35.53916422378477,824.6199999995166,816.6594014924675
31732,35.53916422378477,824.6399999995166,816.6656744009156
31733,35.53916422378477,824.6599999995166,816.6719471748848
31734,35.53916422378477,824.6799999995166,816.6782198143725
31735,35.53916422378477,824.6999999995165,816.6844923193756
31736,35.53916422378477,824.7199999995165,816.6907646898914
31737,35.53916422378477,824.7399999995165,816.6970369259167
31738,35.53916422378477,824.7599999995165,816.7033090274489
31739,35.53916422378477,824.7799999995165,816.7095809944849
31740,35.53916422378477,824.7999999995164,816.715852827022
31741,35.53916422378477,824.8199999995164,816.7221245250572
31742,35.53916422378477,824.8399999995164,816.7283960885876
31743,35.53916422378477,824.8599999995164,816.7346675176103
31744,35.53916422378477,824.8799999995164,816.7409388121225
31745,35.53916422378477,824.8999999995164,816.7472099721213
31746,35.53916422378477,824.9199999995163,816.7534809976037
31747,35.53916422378477,824.9399999995163,816.7597518885669
31748,35.53916422378477,824.9599999995163,816.7660226450081
31749,35.53916422378477,824.9799999995163,816.7722932669243
31750,35.53916422378477,824.9999999995163,816.7785637543126
31751,35.53916422378477,825.0199999995162,816.7848341071701
31752,35.53916422378477,825.0399999995162,816.791104325494
31753,35.53916422378477,825.0599999995162,816.7973744092812
31754,35.53916422378477,825.0799999995162,816.8036443585291
31755,35.53916422378477,825.0999999995162,816.8099141732347
31756,35.53916422378477,825.1199999995162,816.816183853395
31757,35.53916422378477,825.1399999995161,816.8224533990074
31758,35.53916422378477,825.1599999995161,816.8287228100687
31759,35.53916422378477,825.1799999995161,816.8349920865761
31760,35.53916422378477,825.1999999995161,816.8412612285268
31761,35.53916422378477,825.2199999995161,816.8475302359178
31762,35.53916422378477,825.239999999516,816.8537991087463
31763,35.53916422378477,825.259999999516,816.8600678470094
31764,35.53916422378477,825.279999999516,816.8663364507041
31765,35.53916422378477,825.299999999516,816.8726049198277
31766,35.53916422378477,825.319999999516,816.8788732543773
31767,35.53916422378477,825.339999999516,816.8851414543498
31768,35.53916422378477,825.3599999995159,816.8914095197424
31769,35.53916422378477,825.3799999995159,816.8976774505524
31770,35.53916422378477,825.3999999995159,816.9039452467766
31771,35.53916422378477,825.4199999995159,816.9102129084124
31772,35.53916422378477,825.4399999995159,816.9164804354567
31773,35.53916422378477,825.4599999995158,816.9227478279067
31774,35.53916422378477,825.4799999995158,816.9290150857596
31775,35.53916422378477,825.4999999995158,816.9352822090124
31776,35.53916422378477,825.5199999995158,816.9415491976622
31777,35.53916422378477,825.5399999995158,816.9478160517062
31778,35.53916422378477,825.5599999995158,816.9540827711415
31779,35.53916422378477,825.5799999995157,816.9603493559651
31780,35.53916422378477,825.5999999995157,816.9666158061743
31781,35.53916422378477,825.6199999995157,816.9728821218157
31782,35.53916422378477,825.6399999995157,816.9791483030891
31783,35.53916422378477,825.6599999995157,816.9854143500088
31784,35.53916422378477,825.6799999995156,816.9916802625717
31785,35.53916422378477,825.6999999995156,816.997946040775
31786,35.53916422378477,825.7199999995156,817.0042116846158
31787,35.53916422378477,825.7399999995156,817.0104771940913
31788,35.53916422378477,825.7599999995156,817.0167425691985
31789,35.53916422378477,825.7799999995156,817.0230078099347
31790,35.53916422378477,825.7999999995155,817.0292729162968
31791,35.53916422378477,825.8199999995155,817.0355378882821
31792,35.53916422378477,825.8399999995155,817.0418027258876
31793,35.53916422378477,825.8599999995155,817.0480674291105
31794,35.53916422378477,825.8799999995155,817.0543319979478
31795,35.53916422378477,825.8999999995154,817.0605964323967
31796,35.53916422378477,825.9199999995154,817.0668607324543
31797,35.53916422378477,825.9399999995154,817.0731248981178
31798,35.53916422378477,825.9599999995154,817.0793889293843
31799,35.53916422378477,825.9799999995154,817.0856528262508
31800,35.53916422378477,825.9999999995154,817.0919165887145
31801,35.53916422378477,826.0199999995153,817.0981802167726
31802,35.53916422378477,826.0399999995153,817.1044437104221
31803,35.53916422378477,826.0599999995153,817.1107070696601
31804,35.53916422378477,826.0799999995153,817.1169702944837
31805,35.53916422378477,826.0999999995153,817.1232333848902
31806,35.53916422378477,826.1199999995152,817.1294963408766
31807,35.53916422378477,826.1399999995152,817.13575916244
31808,35.53916422378477,826.1599999995152,817.1420218495775
31809,35.53916422378477,826.1799999995152,817.1482844022863
31810,35.53916422378477,826.1999999995152,817.1545468205635
31811,35.53916422378477,826.2199999995152,817.1608091044062
31812,35.53916422378477,826.2399999995151,817.1670712538115
31813,35.53916422378477,826.2599999995151,817.1733332687766
31814,35.53916422378477,826.2799999995151,817.1795951492985
31815,35.53916422378477,826.2999999995151,817.1858568953744
31816,35.53916422378477,826.3199999995151,817.1921185070014
31817,35.53916422378477,826.339999999515,817.1983799841767
31818,35.53916422378477,826.359999999515,817.2046413268973
31819,35.53916422378477,826.379999999515,817.2109025351605
31820,35.53916422378477,826.399999999515,817.2171636089631
31821,35.53916422378477,826.419999999515,817.2234245483025
31822,35.53916422378477,826.439999999515,817.2296853531758
31823,35.53916422378477,826.4599999995149,817.2359460235799
31824,35.53916422378477,826.4799999995149,817.2422065595122
31825,35.53916422378477,826.4999999995149,817.2484669609696
31826,35.53916422378477,826.5199999995149,817.2547272279494
31827,35.53916422378477,826.5399999995149,817.2609873604486
31828,35.53916422378477,826.5599999995148,817.2672473584643
31829,35.53916422378477,826.5799999995148,817.2735072219937
31830,35.53916422378477,826.5999999995148,817.2797669510339
31831,35.53916422378477,826.6199999995148,817.2860265455821
31832,35.53916422378477,826.6399999995148,817.292286005701
31833,35.53916422378477,826.6599999995148,817.2985453315783
31834,35.53916422378477,826.6799999995147,817.304804523225
31835,35.53916422378477,826.6999999995147,817.3110635806382
31836,35.53916422378477,826.7199999995147,817.317322503815
31837,35.53916422378477,826.7399999995147,817.3235812927527
31838,35.53916422378477,826.7599999995147,817.3298399474482
31839,35.53916422378477,826.7799999995146,817.3360984678988
31840,35.53916422378477,826.7999999995146,817.3423568541015
31841,35.53916422378477,826.8199999995146,817.3486151060534
31842,35.53916422378477,826.8399999995146,817.3548732237518
31843,35.53916422378477,826.8599999995146,817.3611312071938
31844,35.53916422378477,826.8799999995146,817.3673890563764
31845,35.53916422378477,826.8999999995145,817.3736467712968
31846,35.53916422378477,826.9199999995145,817.3799043519521
31847,35.53916422378477,826.9399999995145,817.3861617983395
31848,35.53916422378477,826.9599999995145,817.392419110456
31849,35.53916422378477,826.9799999995145,817.3986762882988
31850,35.53916422378477,826.9999999995144,817.4049333318651
31851,35.53916422378477,827.0199999995144,817.4111902411519
31852,35.53916422378477,827.0399999995144,817.4174470161563
31853,35.53916422378477,827.0599999995144,817.4237036568755
31854,35.53916422378477,827.0799999995144,817.4299601633068
31855,35.53916422378477,827.0999999995144,817.436216535447
31856,35.53916422378477,827.1199999995143,817.4424727732934
31857,35.53916422378477,827.1399999995143,817.4487288768431
31858,35.53916422378477,827.1599999995143,817.4549848460933
31859,35.53916422378477,827.1799999995143,817.4612406810411
31860,35.53916422378477,827.1999999995143,817.4674963816835
31861,35.53916422378477,827.2199999995142,817.4737519480178
31862,35.53916422378477,827.2399999995142,817.480007380041
31863,35.53916422378477,827.2599999995142,817.4862626777503
31864,35.53916422378477,827.2799999995142,817.4925178411429
31865,35.53916422378477,827.2999999995142,817.4987728702157
31866,35.53916422378477,827.3199999995142,817.505027764966
31867,35.53916422378477,827.3399999995141,817.5112825253909
31868,35.53916422378477,827.3599999995141,817.5175371514875
31869,35.53916422378477,827.3799999995141,817.523791643253
31870,35.53916422378477,827.3999999995141,817.5300460006845
31871,35.53916422378477,827.4199999995141,817.536300223779
31872,35.53916422378477,827.439999999514,817.5425543125338
31873,35.53916422378477,827.459999999514,817.5488082669459
31874,35.53916422378477,827.479999999514,817.5550620870125
31875,35.53916422378477,827.499999999514,817.5613157727308
31876,35.53916422378477,827.519999999514,817.5675693240978
31877,35.53916422378477,827.539999999514,817.5738227411107
31878,35.53916422378477,827.5599999995139,817.5800760237665
31879,35.53916422378477,827.5799999995139,817.5863291720626
31880,35.53916422378477,827.5999999995139,817.5925821859959
31881,35.53916422378477,827.6199999995139,817.5988350655635
31882,35.53916422378477,827.6399999995139,817.6050878107627
31883,35.53916422378477,827.6599999995138,817.6113404216768
31884,35.53916422378477,827.6799999995138,817.6175928984906
31885,35.53916422378477,827.6999999995138,817.6238452412124
31886,35.53916422378477,827.7199999995138,817.6300974498395
31887,35.53916422378477,827.7399999995138,817.6363495243689
31888,35.48970103589198,827.7599999995138,817.6426014647978
31889,35.48970103589198,827.7799999995137,817.6488532711234
31890,35.48970103589198,827.7999999995137,817.6551049433427
31891,35.48970103589198,827.8199999995137,817.6613564814529
31892,35.48970103589198,827.8399999995137,817.6676078854512
31893,35.48970103589198,827.8599999995137,817.6738591553346
31894,35.48970103589198,827.8799999995136,817.6801102911004
31895,35.48970103589198,827.8999999995136,817.6863612927456
31896,35.48970103589198,827.9199999995136,817.6926121602673
31897,35.48970103589198,827.9399999995136,817.6988628936629
31898,35.48970103589198,827.9599999995136,817.7051134929292
31899,35.48970103589198,827.9799999995136,817.7113639580635
31900,35.48970103589198,827.9999999995135,817.717614289063
31901,35.48970103589198,828.0199999995135,817.7238644859248
31902,35.48970103589198,828.0399999995135,817.7301145486458
31903,35.48970103589198,828.0599999995135,817.7363644772234
31904,35.48970103589198,828.0799999995135,817.7426142716547
31905,35.48970103589198,828.0999999995134,817.7488639319369
31906,35.48970103589198,828.1199999995134,817.755113458067
31907,35.48970103589198,828.1399999995134,817.761362850042
31908,35.48970103589198,828.1599999995134,817.7676121078593
31909,35.48970103589198,828.1799999995134,817.773861231516
31910,35.48970103589198,828.1999999995134,817.7801102210092
31911,35.48970103589198,828.2199999995133,817.786359076336
31912,35.48970103589198,828.2399999995133,817.7926077974935
31913,35.48970103589198,828.2599999995133,817.7988563844789
31914,35.48970103589198,828.2799999995133,817.8051048372893
31915,35.48970103589198,828.2999999995133,817.8113531559219
31916,35.48970103589198,828.3199999995132,817.8176013403738
31917,35.48970103589198,828.3399999995132,817.8238493906422
31918,35.48970103589198,828.3599999995132,817.830097306724
31919,35.48970103589198,828.3799999995132,817.8363450886167
31920,35.48970103589198,828.3999999995132,817.8425927363171
31921,35.48970103589198,828.4199999995132,817.8488402498225
31922,35.48970103589198,828.4399999995131,817.85508762913
31923,35.48970103589198,828.4599999995131,817.8613348742368
31924,35.48970103589198,828.4799999995131,817.8675819851401
31925,35.48970103589198,828.4999999995131,817.8738289618368
31926,35.48970103589198,828.5199999995131,817.8800758043242
31927,35.48970103589198,828.539999999513,817.8863225125993
31928,35.48970103589198,828.559999999513,817.8925690866595
31929,35.48970103589198,828.579999999513,817.8988155265017
31930,35.48970103589198,828.599999999513,817.9050618321231
31931,35.48970103589198,828.619999999513,817.911308003521
31932,35.48970103589198,828.639999999513,817.9175540406923
31933,35.48970103589198,828.6599999995129,817.9237999436342
31934,35.48970103589198,828.6799999995129,817.930045712434
31935,35.48970103589198,828.6999999995129,817.9362913472412
31936,35.48970103589198,828.7199999995129,817.94253684806
31937,35.48970103589198,828.7399999995129,817.9487822148874
31938,35.48970103589198,828.7599999995128,817.9550274477206
31939,35.48970103589198,828.7799999995128,817.9612725465568
31940,35.48970103589198,828.7999999995128,817.967517511393
31941,35.48970103589198,828.8199999995128,817.9737623422265
31942,35.48970103589198,828.8399999995128,817.9800070390543
31943,35.48970103589198,828.8599999995128,817.9862516018736
31944,35.48970103589198,828.8799999995127,817.9924960306817
31945,35.48970103589198,828.8999999995127,817.9987403254754
31946,35.48970103589198,828.9199999995127,818.0049844862522
31947,35.48970103589198,828.9399999995127,818.011228513009
31948,35.48970103589198,828.9599999995127,818.017472405743
31949,35.48970103589198,828.9799999995126,818.0237161644513
31950,35.48970103589198,828.9999999995126,818.0299597891312
31951,35.48970103589198,829.0199999995126,818.0362032797798
31952,35.48970103589198,829.0399999995126,818.0424466363942
31953,35.48970103589198,829.0599999995126,818.0486898589716
31954,35.48970103589198,829.0799999995126,818.054932947509
31955,35.48970103589198,829.0999999995125,818.0611759020037
31956,35.48970103589198,829.1199999995125,818.0674187224528
31957,35.48970103589198,829.1399999995125,818.0736614088534
31958,35.48970103589198,829.1599999995125,818.0799039612026
31959,35.48970103589198,829.1799999995125,818.0861463794977
31960,35.48970103589198,829.1999999995124,818.0923886637357
31961,35.48970103589198,829.2199999995124,818.0986308139138
31962,35.48970103589198,829.2399999995124,818.1048728300292
31963,35.48970103589198,829.2599999995124,818.1111147120789
31964,35.48970103589198,829.2799999995124,818.1173564600603
31965,35.48970103589198,829.2999999995124,818.1235980739702
31966,35.48970103589198,829.3199999995123,818.129839553806
31967,35.48970103589198,829.3399999995123,818.1360808995648
31968,35.48970103589198,829.3599999995123,818.1423221112437
31969,35.48970103589198,829.3799999995123,818.14856318884
31970,35.48970103589198,829.3999999995123,818.1548041323505
31971,35.48970103589198,829.4199999995122,818.1610449417726
31972,35.48970103589198,829.4399999995122,818.1672856171034
31973,35.48970103589198,829.4599999995122,818.17352615834
31974,35.48970103589198,829.4799999995122,818.1797665654797
31975,35.48970103589198,829.4999999995122,818.1860068385195
31976,35.48970103589198,829.5199999995122,818.1922469774565
31977,35.48970103589198,829.5399999995121,818.198486982288
31978,35.48970103589198,829.5599999995121,818.204726853011
31979,35.48970103589198,829.5799999995121,818.2109665896228
31980,35.48970103589198,829.5999999995121,818.2172061921204
31981,35.48970103589198,829.6199999995121,818.223445660501
31982,35.48970103589198,829.639999999512,818.2296849947618
31983,35.48970103589198,829.659999999512,818.2359241948999
31984,35.48970103589198,829.679999999512,818.2421632609124
31985,35.48970103589198,829.699999999512,818.2484021929084
31986,35.48970103589198,829.719999999512,818.2546409910354
31987,35.48970103589198,829.739999999512,818.2608796552947
31988,35.48970103589198,829.7599999995119,818.2671181856836
31989,35.48970103589198,829.7799999995119,818.273356582199
31990,35.48970103589198,829.7999999995119,818.2795948448382
31991,35.48970103589198,829.8199999995119,818.2858329735984
31992,35.48970103589198,829.8399999995119,818.2920709684767
31993,35.48970103589198,829.8599999995118,818.2983088294701
31994,35.48970103589198,829.8799999995118,818.304546556576
31995,35.48970103589198,829.8999999995118,818.3107841497915
31996,35.48970103589198,829.9199999995118,818.3170216091137
31997,35.48970103589198,829.9399999995118,818.3232589345397
31998,35.48970103589198,829.9599999995118,818.3294961260667
31999,35.48970103589198,829.9799999995117,818.3357331836919
32000,35.48970103589198,829.9999999995117,818.3419701074124
32001,35.48970103589198,830.0199999995117,818.3482068972254
32002,35.48970103589198,830.0399999995117,818.354443553128
32003,35.48970103589198,830.0599999995117,818.3606800751174
32004,35.48970103589198,830.0799999995116,818.3669164631908
32005,35.48970103589198,830.0999999995116,818.3731527173452
32006,35.48970103589198,830.1199999995116,818.3793888375778
32007,35.48970103589198,830.1399999995116,818.3856248238859
32008,35.48970103589198,830.1599999995116,818.3918606762664
32009,35.48970103589198,830.1799999995116,818.3980963947167
32010,35.48970103589198,830.1999999995115,818.4043319792339
32011,35.48970103589198,830.2199999995115,818.410567429815
32012,35.48970103589198,830.2399999995115,818.4168027464574
32013,35.48970103589198,830.2599999995115,818.423037929158
32014,35.48970103589198,830.2799999995115,818.429272977914
32015,35.48970103589198,830.2999999995114,818.4355078927227
32016,35.48970103589198,830.3199999995114,818.4417426735812
32017,35.48970103589198,830.3399999995114,818.4479773204866
32018,35.48970103589198,830.3599999995114,818.4542118334361
32019,35.48970103589198,830.3799999995114,818.4604462124269
32020,35.48970103589198,830.3999999995114,818.4666804574559
32021,35.48970103589198,830.4199999995113,818.4729145685205
32022,35.48970103589198,830.4399999995113,818.4791485456179
32023,35.48970103589198,830.4599999995113,818.4853823887452
32024,35.48970103589198,830.4799999995113,818.4916160978994
32025,35.48970103589198,830.4999999995113,818.4978496730778
32026,35.48970103589198,830.5199999995112,818.5040831142775
32027,35.48970103589198,830.5399999995112,818.5103164214956
32028,35.48970103589198,830.5599999995112,818.5165495947294
32029,35.48970103589198,830.5799999995112,818.522782633976
32030,35.48970103589198,830.5999999995112,818.5290155392325
32031,35.48970103589198,830.6199999995112,818.5352483104962
32032,35.48970103589198,830.6399999995111,818.5414809477641
32033,35.48970103589198,830.6599999995111,818.5477134510334
32034,35.48970103589198,830.6799999995111,818.5539458203011
32035,35.48970103589198,830.6999999995111,818.5601780555646
32036,35.48970103589198,830.7199999995111,818.566410156949
32037,35.48970103589198,830.739999999511,818.5726421245896
32038,35.48970103589198,830.759999999511,818.5788739584847
32039,35.48970103589198,830.779999999511,818.5851056586313
32040,35.48970103589198,830.799999999511,818.5913372250267
32041,35.48970103589198,830.819999999511,818.597568657668
32042,35.48970103589198,830.839999999511,818.6037999565525
32043,35.48970103589198,830.8599999995109,818.6100311216771
32044,35.48970103589198,830.8799999995109,818.6162621530392
32045,35.48970103589198,830.8999999995109,818.6224930506359
32046,35.48970103589198,830.9199999995109,818.6287238144643
32047,35.48970103589198,830.9399999995109,818.6349544445216
32048,35.48970103589198,830.9599999995108,818.6411849408049
32049,35.48970103589198,830.9799999995108,818.6474153033115
32050,35.48970103589198,830.9999999995108,818.6536455320385
32051,35.48970103589198,831.0199999995108,818.659875626983
32052,35.48970103589198,831.0399999995108,818.6661055881423
32053,35.48970103589198,831.0599999995108,818.6723354155134
32054,35.48970103589198,831.0799999995107,818.6785651090936
32055,35.48970103589198,831.0999999995107,818.6847946688799
32056,35.48970103589198,831.1199999995107,818.6910240948697
32057,35.48970103589198,831.1399999995107,818.69725338706
32058,35.48970103589198,831.1599999995107,818.703482545448
32059,35.48970103589198,831.1799999995106,818.7097115700308
32060,35.48970103589198,831.1999999995106,818.7159404608057
32061,35.48970103589198,831.2199999995106,818.7221692177696
32062,35.48970103589198,831.2399999995106,818.72839784092
32063,35.48970103589198,831.2599999995106,818.734626330254
32064,35.48970103589198,831.2799999995106,818.7408546857686
32065,35.48970103589198,831.2999999995105,818.7470829074609
32066,35.48970103589198,831.3199999995105,818.7533109953283
32067,35.48970103589198,831.3399999995105,818.7595389493679
32068,35.48970103589198,831.3599999995105,818.7657667695768
32069,35.48970103589198,831.3799999995105,818.7719944559522
32070,35.48970103589198,831.3999999995104,818.7782220084912
32071,35.48970103589198,831.4199999995104,818.784449427191
32072,35.48970103589198,831.4399999995104,818.7906767120489
32073,35.48970103589198,831.4599999995104,818.796903863062
32074,35.48970103589198,831.4799999995104,818.8031308802273
32075,35.48970103589198,831.4999999995104,818.8093577635422
32076,35.48970103589198,831.5199999995103,818.8155845130036
32077,35.48970103589198,831.5399999995103,818.8218111286088
32078,35.48970103589198,831.5599999995103,818.8280376103551
32079,35.48970103589198,831.5799999995103,818.8342639582395
32080,35.48970103589198,831.5999999995103,818.8404901722591
32081,35.48970103589198,831.6199999995102,818.8467162524113
32082,35.48970103589198,831.6399999995102,818.8529421986931
32083,35.48970103589198,831.6599999995102,818.8591680111017
32084,35.48970103589198,831.6799999995102,818.8653936896342
32085,35.48970103589198,831.6999999995102,818.8716192342878
32086,35.48970103589198,831.7199999995102,818.8778446450618
32087,35.48970103589198,831.7399999995101,818.8840699221033
32088,35.48970103589198,831.7599999995101,818.8902950655398
32089,35.48970103589198,831.7799999995101,818.8965200753684
32090,35.48970103589198,831.7999999995101,818.9027449515862
32091,35.48970103589198,831.8199999995101,818.9089696941907
32092,35.48970103589198,831.83999999951,818.9151943031787
32093,35.48970103589198,831.85999999951,818.9214187785476
32094,35.48970103589198,831.87999999951,818.9276431202945
32095,35.4403524792289,831.89999999951,818.9338673284167
32096,35.4403524792289,831.91999999951,818.9400914029112
32097,35.4403524792289,831.93999999951,818.9463153437753
32098,35.4403524792289,831.9599999995099,818.952539151006
32099,35.4403524792289,831.9799999995099,818.9587628246006
32100,35.4403524792289,831.9999999995099,818.9649863645564
32101,35.4403524792289,832.0199999995099,818.9712097708702
32102,35.4403524792289,832.0399999995099,818.9774330435396
32103,35.4403524792289,832.0599999995098,818.9836561825615
32104,35.4403524792289,832.0799999995098,818.9898791879332
32105,35.4403524792289,832.0999999995098,818.9961020596518
32106,35.4403524792289,832.1199999995098,819.0023247977146
32107,35.4403524792289,832.1399999995098,819.0085474021186
32108,35.4403524792289,832.1599999995098,819.014769872861
32109,35.4403524792289,832.1799999995097,819.0209922099392
32110,35.4403524792289,832.1999999995097,819.0272144133502
32111,35.4403524792289,832.2199999995097,819.0334364830911
32112,35.4403524792289,832.2399999995097,819.0396584191592
32113,35.4403524792289,832.2599999995097,819.0458802215517
32114,35.4403524792289,832.2799999995096,819.0521018902657
32115,35.4403524792289,832.2999999995096,819.0583234252983
32116,35.4403524792289,832.3199999995096,819.0645448266469
32117,35.4403524792289,832.3399999995096,819.0707660943084
32118,35.4403524792289,832.3599999995096,819.0769872282802
32119,35.4403524792289,832.3799999995096,819.0832082285594
32120,35.4403524792289,832.3999999995095,819.0894290951433
32121,35.4403524792289,832.4199999995095,819.0956498280289
32122,35.4403524792289,832.4399999995095,819.1018704272133
32123,35.4403524792289,832.4599999995095,819.1080908926939
32124,35.4403524792289,832.4799999995095,819.1143112244678
32125,35.4403524792289,832.4999999995094,819.120531422532
32126,35.4403524792289,832.5199999995094,819.126751486884
32127,35.4403524792289,832.5399999995094,819.1329714175208
32128,35.4403524792289,832.5599999995094,819.1391912144395
32129,35.4403524792289,832.5799999995094,819.1454108776375
32130,35.4403524792289,832.5999999995094,819.1516304071117
32131,35.4403524792289,832.6199999995093,819.1578498028595
32132,35.4403524792289,832.6399999995093,819.1640690648779
32133,35.4403524792289,832.6599999995093,819.1702881931643
32134,35.4403524792289,832.6799999995093,819.1765071877156
32135,35.4403524792289,832.6999999995093,819.1827260485293
32136,35.4403524792289,832.7199999995092,819.1889447756023
32137,35.4403524792289,832.7399999995092,819.1951633689367
32138,35.4403524792289,832.7599999995092,819.2013818286728
32139,35.4403524792289,832.7799999995092,819.2076001549076
32140,35.4403524792289,832.7999999995092,819.2138183476383
32141,35.4403524792289,832.8199999995092,819.220036406862
32142,35.4403524792289,832.8399999995091,819.2262543325761
32143,35.4403524792289,832.8599999995091,819.2324721247776
32144,35.4403524792289,832.8799999995091,819.2386897834638
32145,35.4403524792289,832.8999999995091,819.2449073086318
32146,35.4403524792289,832.9199999995091,819.2511247002789
32147,35.4403524792289,832.939999999509,819.2573419584021
32148,35.4403524792289,832.959999999509,819.2635590829987
32149,35.4403524792289,832.979999999509,819.2697760740658
32150,35.4403524792289,832.999999999509,819.2759929316007
32151,35.4403524792289,833.019999999509,819.2822096556006
32152,35.4403524792289,833.039999999509,819.2884262460626
32153,35.4403524792289,833.0599999995089,819.294642702984
32154,35.4403524792289,833.0799999995089,819.3008590263619
32155,35.4403524792289,833.0999999995089,819.3070752161934
32156,35.4403524792289,833.1199999995089,819.3132912724758
32157,35.4403524792289,833.1399999995089,819.3195071952063
32158,35.4403524792289,833.1599999995088,819.325722984382
32159,35.4403524792289,833.1799999995088,819.3319386400001
32160,35.4403524792289,833.1999999995088,819.3381541620579
32161,35.4403524792289,833.2199999995088,819.3443695505524
32162,35.4403524792289,833.2399999995088,819.3505848054809
32163,35.4403524792289,833.2599999995088,819.3567999268407
32164,35.4403524792289,833.2799999995087,819.3630149146288
32165,35.4403524792289,833.2999999995087,819.3692297688425
32166,35.4403524792289,833.3199999995087,819.3754444894789
32167,35.4403524792289,833.3399999995087,819.3816590765352
32168,35.4403524792289,833.3599999995087,819.3878735300087
32169,35.4403524792289,833.3799999995086,819.3940878498966
32170,35.4403524792289,833.3999999995086,819.4003020361959
32171,35.4403524792289,833.4199999995086,819.4065160889038
32172,35.4403524792289,833.4399999995086,819.4127300080177
32173,35.4403524792289,833.4599999995086,819.4189437935345
32174,35.4403524792289,833.4799999995085,819.4251574454516
32175,35.4403524792289,833.4999999995085,819.4313709637662
32176,35.4403524792289,833.5199999995085,819.4375843484754
32177,35.4403524792289,833.5399999995085,819.4437975995763
32178,35.4403524792289,833.5599999995085,819.4500107170663
32179,35.4403524792289,833.5799999995085,819.4562237009425
32180,35.4403524792289,833.5999999995084,819.462436551202
32181,35.4403524792289,833.6199999995084,819.4686492678421
32182,35.4403524792289,833.6399999995084,819.47486185086
32183,35.4403524792289,833.6599999995084,819.4810743002527
32184,35.4403524792289,833.6799999995084,819.4872866160175
32185,35.4403524792289,833.6999999995083,819.4934987981517
32186,35.4403524792289,833.7199999995083,819.4997108466523
32187,35.4403524792289,833.7399999995083,819.5059227615167
32188,35.4403524792289,833.7599999995083,819.5121345427501
32189,35.4403524792289,833.7799999995083,819.5183461905149
32190,35.4403524792289,833.7999999995083,819.5245577048989
32191,35.4403524792289,833.8199999995082,819.5307690858995
32192,35.4403524792289,833.8399999995082,819.5369803335136
32193,35.4403524792289,833.8599999995082,819.5431914477386
32194,35.4403524792289,833.8799999995082,819.5494024285717
32195,35.4403524792289,833.8999999995082,819.5556132760101
32196,35.4403524792289,833.9199999995081,819.5618239900509
32197,35.4403524792289,833.9399999995081,819.5680345706913
32198,35.4403524792289,833.9599999995081,819.5742450179287
32199,35.4403524792289,833.9799999995081,819.58045533176
32200,35.4403524792289,833.9999999995081,819.5866655121827
32201,35.4403524792289,834.0199999995081,819.5928755591937
32202,35.4403524792289,834.039999999508,819.5990854727903
32203,35.4403524792289,834.059999999508,819.6052952529698
32204,35.4403524792289,834.079999999508,819.6115048997293
32205,35.4403524792289,834.099999999508,819.6177144130661
32206,35.4403524792289,834.119999999508,819.6239237929773
32207,35.4403524792289,834.139999999508,819.63013303946
32208,35.4403524792289,834.1599999995079,819.6363421525116
32209,35.4403524792289,834.1799999995079,819.6425511321291
32210,35.4403524792289,834.1999999995079,819.64875997831
32211,35.4403524792289,834.2199999995079,819.6549686910512
32212,35.4403524792289,834.2399999995079,819.66117727035
32213,35.4403524792289,834.2599999995078,819.6673857162036
32214,35.4403524792289,834.2799999995078,819.6735940286093
32215,35.4403524792289,834.2999999995078,819.6798022075641
32216,35.4403524792289,834.3199999995078,819.6860102530653
32217,35.4403524792289,834.3399999995078,819.6922181651101
32218,35.4403524792289,834.3599999995077,819.6984259436957
32219,35.4403524792289,834.3799999995077,819.7046335888193
32220,35.4403524792289,834.3999999995077,819.7108411004781
32221,35.4403524792289,834.4199999995077,819.7170484786692
32222,35.4403524792289,834.4399999995077,819.7232557233899
32223,35.4403524792289,834.4599999995077,819.7294628346374
32224,35.4403524792289,834.4799999995076,819.7356698124088
32225,35.4403524792289,834.4999999995076,819.7418766567014
32226,35.4403524792289,834.5199999995076,819.7480833675123
32227,35.4403524792289,834.5399999995076,819.7542899448389
32228,35.4403524792289,834.5599999995076,819.7604963886782
32229,35.4403524792289,834.5799999995075,819.7667026990275
32230,35.4403524792289,834.5999999995075,819.7729088758839
32231,35.4403524792289,834.6199999995075,819.7791149192446
32232,35.4403524792289,834.6399999995075,819.785320829107
32233,35.4403524792289,834.6599999995075,819.7915266054681
32234,35.4403524792289,834.6799999995075,819.7977322483251
32235,35.4403524792289,834.6999999995074,819.8039377576753
32236,35.4403524792289,834.7199999995074,819.8101431335158
32237,35.4403524792289,834.7399999995074,819.8163483758439
32238,35.4403524792289,834.7599999995074,819.8225534846567
32239,35.4403524792289,834.7799999995074,819.828758459963
32240,35.4403524792289,834.7999999995073,819.8349633019376
32241,35.4403524792289,834.8199999995073,819.8411680106534
32242,35.4403524792289,834.8399999995073,819.8473725861076
32243,35.4403524792289,834.8599999995073,819.8535770282973
32244,35.4403524792289,834.8799999995073,819.8597813372198
32245,35.4403524792289,834.8999999995073,819.8659855128724
32246,35.4403524792289,834.9199999995072,819.8721895552521
32247,35.4403524792289,834.9399999995072,819.8783934643562
32248,35.4403524792289,834.9599999995072,819.884597240182
32249,35.4403524792289,834.9799999995072,819.8908008827266
32250,35.4403524792289,834.9999999995072,819.8970043919871
32251,35.4403524792289,835.0199999995071,819.9032077679609
32252,35.4403524792289,835.0399999995071,819.9094110106452
32253,35.4403524792289,835.0599999995071,819.915614120037
32254,35.4403524792289,835.0799999995071,819.9218170961337
32255,35.4403524792289,835.0999999995071,819.9280199389325
32256,35.4403524792289,835.1199999995071,819.9342226484306
32257,35.4403524792289,835.139999999507,819.9404252246251
32258,35.4403524792289,835.159999999507,819.9466276675133
32259,35.4403524792289,835.179999999507,819.9528299770924
32260,35.4403524792289,835.199999999507,819.9590321533595
32261,35.4403524792289,835.219999999507,819.965234196312
32262,35.4403524792289,835.239999999507,819.9714361059471
32263,35.4403524792289,835.2599999995069,819.9776378822618
32264,35.4403524792289,835.2799999995069,819.9838395252534
32265,35.4403524792289,835.2999999995069,819.9900410349192
32266,35.4403524792289,835.3199999995069,819.9962424112563
32267,35.4403524792289,835.3399999995069,820.002443654287
32268,35.4403524792289,835.3599999995068,820.0086447643007
32269,35.4403524792289,835.3799999995068,820.0148457413602
32270,35.4403524792289,835.3999999995068,820.0210465854628
32271,35.4403524792289,835.4199999995068,820.0272472966059
32272,35.4403524792289,835.4399999995068,820.0334478747866
32273,35.4403524792289,835.4599999995067,820.0396483200021
32274,35.4403524792289,835.4799999995067,820.0458486322499
32275,35.4403524792289,835.4999999995067,820.052048811527
32276,35.4403524792289,835.5199999995067,820.0582488578308
32277,35.4403524792289,835.5399999995067,820.0644487711585
32278,35.4403524792289,835.5599999995067,820.0706485515074
32279,35.4403524792289,835.5799999995066,820.0768481988746
32280,35.4403524792289,835.5999999995066,820.0830477132575
32281,35.4403524792289,835.6199999995066,820.0892470946534
32282,35.4403524792289,835.6399999995066,820.0954463430594
32283,35.4403524792289,835.6599999995066,820.101645458473
32284,35.4403524792289,835.6799999995065,820.1078444408911
32285,35.4403524792289,835.6999999995065,820.1140432903112
32286,35.4403524792289,835.7199999995065,820.1202420067306
32287,35.4403524792289,835.7399999995065,820.1264405901464
32288,35.4403524792289,835.7599999995065,820.132639040556
32289,35.4403524792289,835.7799999995065,820.1388373579565
32290,35.4403524792289,835.7999999995064,820.1450355423607
32291,35.4403524792289,835.8199999995064,820.1512335939684
32292,35.4403524792289,835.8399999995064,820.1574315128406
32293,35.4403524792289,835.8599999995064,820.1636292989745
32294,35.4403524792289,835.8799999995064,820.1698269523673
32295,35.4403524792289,835.8999999995063,820.1760244730164
32296,35.4403524792289,835.9199999995063,820.1822218609188
32297,35.4403524792289,835.9399999995063,820.1884191160722
32298,35.4403524792289,835.9599999995063,820.1946162384735
32299,35.4403524792289,835.9799999995063,820.2008132281201
32300,35.4403524792289,835.9999999995063,820.2070100850091
32301,35.4403524792289,836.0199999995062,820.2132068091379
32302,35.4403524792289,836.0399999995062,820.2194034005038
32303,35.4403524792289,836.0599999995062,820.2255998591039
32304,35.4403524792289,836.0799999995062,820.2317961849357
32305,35.4403524792289,836.0999999995062,820.2379923779962
32306,35.4403524792289,836.1199999995061,820.2441884382829
32307,35.4403524792289,836.1399999995061,820.2503843657929
32308,35.391118182218,836.1599999995061,820.2565801605235
32309,35.391118182218,836.1799999995061,820.262775822472
32310,35.391118182218,836.1999999995061,820.2689713516356
32311,35.391118182218,836.2199999995061,820.2751667480117
32312,35.391118182218,836.239999999506,820.2813620115973
32313,35.391118182218,836.259999999506,820.2875571423898
32314,35.391118182218,836.279999999506,820.2937521403865
32315,35.391118182218,836.299999999506,820.2999470055846
32316,35.391118182218,836.319999999506,820.3061417379814
32317,35.391118182218,836.339999999506,820.3123363375742
32318,35.391118182218,836.3599999995059,820.3185308043601
32319,35.391118182218,836.3799999995059,820.3247251383366
32320,35.391118182218,836.3999999995059,820.3309193395007
32321,35.391118182218,836.4199999995059,820.3371134078499
32322,35.391118182218,836.4399999995059,820.3433073433813
32323,35.391118182218,836.4599999995058,820.3495011460923
32324,35.391118182218,836.4799999995058,820.35569481598
32325,35.391118182218,836.4999999995058,820.3618883530418
32326,35.391118182218,836.5199999995058,820.3680817572748
32327,35.391118182218,836.5399999995058,820.3742750286765
32328,35.391118182218,836.5599999995057,820.380468167244
32329,35.391118182218,836.5799999995057,820.3866611729745
32330,35.391118182218,836.5999999995057,820.3928540458654
32331,35.391118182218,836.6199999995057,820.3990467859139
32332,35.391118182218,836.6399999995057,820.4052393931173
32333,35.391118182218,836.6599999995057,820.4114318674729
32334,35.391118182218,836.6799999995056,820.4176242089778
32335,35.391118182218,836.6999999995056,820.4238164176294
32336,35.391118182218,836.7199999995056,820.4300084934249
32337,35.391118182218,836.7399999995056,820.4362004363617
32338,35.391118182218,836.7599999995056,820.4423922464368
32339,35.391118182218,836.7799999995055,820.4485839236477
32340,35.391118182218,836.7999999995055,820.4547754679916
32341,35.391118182218,836.8199999995055,820.4609668794819
32342,35.391118182218,836.8399999995055,820.4671581583034
32343,35.391118182218,836.8599999995055,820.473349304494
32344,35.391118182218,836.8799999995055,820.4795403180511
32345,35.391118182218,836.8999999995054,820.485731198972
32346,35.391118182218,836.9199999995054,820.4919219472537
32347,35.391118182218,836.9399999995054,820.4981125628937
32348,35.391118182218,836.9599999995054,820.5043030458892
32349,35.391118182218,836.9799999995054,820.5104933962375
32350,35.391118182218,836.9999999995053,820.5166836139358
32351,35.391118182218,837.0199999995053,820.5228736989815
32352,35.391118182218,837.0399999995053,820.5290636513716
32353,35.391118182218,837.0599999995053,820.5352534711037
32354,35.391118182218,837.0799999995053,820.5414431581748
32355,35.391118182218,837.0999999995053,820.5476327125824
32356,35.391118182218,837.1199999995052,820.5538221343236
32357,35.391118182218,837.1399999995052,820.5600114233957
32358,35.391118182218,837.1599999995052,820.566200579796
32359,35.391118182218,837.1799999995052,820.5723896035217
32360,35.391118182218,837.1999999995052,820.5785784945703
32361,35.391118182218,837.2199999995051,820.5847672529387
32362,35.391118182218,837.2399999995051,820.5909558786244
32363,35.391118182218,837.2599999995051,820.5971443716247
32364,35.391118182218,837.2799999995051,820.6033327319368
32365,35.391118182218,837.2999999995051,820.6095209595579
32366,35.391118182218,837.3199999995051,820.6157090544854
32367,35.391118182218,837.339999999505,820.6218970167164
32368,35.391118182218,837.359999999505,820.6280848462483
32369,35.391118182218,837.379999999505,820.6342725430783
32370,35.391118182218,837.399999999505,820.6404601072037
32371,35.391118182218,837.419999999505,820.6466475386218
32372,35.391118182218,837.439999999505,820.6528348373298
32373,35.391118182218,837.4599999995049,820.659022003325
32374,35.391118182218,837.4799999995049,820.6652090366048
32375,35.391118182218,837.4999999995049,820.6713959371663
32376,35.391118182218,837.5199999995049,820.6775827050068
32377,35.391118182218,837.5399999995049,820.6837693401236
32378,35.391118182218,837.5599999995048,820.6899558425139
32379,35.391118182218,837.5799999995048,820.696142212175
32380,35.391118182218,837.5999999995048,820.7023284491042
32381,35.391118182218,837.6199999995048,820.7085145532989
32382,35.391118182218,837.6399999995048,820.714700524756
32383,35.391118182218,837.6599999995047,820.7208863634731
32384,35.391118182218,837.6799999995047,820.7270720694474
32385,35.391118182218,837.6999999995047,820.7332576426762
32386,35.391118182218,837.7199999995047,820.7394430831566
32387,35.391118182218,837.7399999995047,820.745628390886
32388,35.391118182218,837.7599999995047,820.7518135658617
32389,35.391118182218,837.7799999995046,820.7579986080808
32390,35.391118182218,837.7999999995046,820.7641835175408
32391,35.391118182218,837.8199999995046,820.7703682942388
32392,35.391118182218,837.8399999995046,820.7765529381925
32393,35.391118182218,837.8599999995046,820.782737449611
32394,35.391118182218,837.8799999995045,820.7889218285196
32395,35.391118182218,837.8999999995045,820.7951060749158
32396,35.391118182218,837.9199999995045,820.8012901887967
32397,35.391118182218,837.9399999995045,820.8074741701596
32398,35.391118182218,837.9599999995045,820.8136580190018
32399,35.391118182218,837.9799999995045,820.8198417353206
32400,35.391118182218,837.9999999995044,820.8260253191132
32401,35.391118182218,838.0199999995044,820.832208770377
32402,35.391118182218,838.0399999995044,820.8383920891091
32403,35.391118182218,838.0599999995044,820.844575275307
32404,35.391118182218,838.0799999995044,820.8507583289678
32405,35.391118182218,838.0999999995043,820.8569412500889
32406,35.391118182218,838.1199999995043,820.8631240386675
32407,35.391118182218,838.1399999995043,820.8693066947008
32408,35.391118182218,838.1599999995043,820.8754892181861
32409,35.391118182218,838.1799999995043,820.8816716091209
32410,35.391118182218,838.1999999995043,820.8878538675023
32411,35.391118182218,838.2199999995042,820.8940359933275
32412,35.391118182218,838.2399999995042,820.9002179865939
32413,35.391118182218,838.2599999995042,820.9063998472988
32414,35.391118182218,838.2799999995042,820.9125815754393
32415,35.391118182218,838.2999999995042,820.9187631710129
32416,35.391118182218,838.3199999995041,820.9249446340167
32417,35.391118182218,838.3399999995041,820.9311259644481
32418,35.391118182218,838.3599999995041,820.9373071623044
32419,35.391118182218,838.3799999995041,820.9434882275827
32420,35.391118182218,838.3999999995041,820.9496691602805
32421,35.391118182218,838.4199999995041,820.9558499603949
32422,35.391118182218,838.439999999504,820.9620306279232
32423,35.391118182218,838.459999999504,820.9682111628628
32424,35.391118182218,838.479999999504,820.9743915652108
32425,35.391118182218,838.499999999504,820.9805718349646
32426,35.391118182218,838.519999999504,820.9867519721215
32427,35.391118182218,838.539999999504,820.9929319766787
32428,35.391118182218,838.5599999995039,820.9991118486336
32429,35.391118182218,838.5799999995039,821.0052915879833
32430,35.391118182218,838.5999999995039,821.0114711947251
32431,35.391118182218,838.6199999995039,821.0176506688564
32432,35.391118182218,838.6399999995039,821.0238300103745
32433,35.391118182218,838.6599999995038,821.0300092192765
32434,35.391118182218,838.6799999995038,821.0361882955598
32435,35.391118182218,838.6999999995038,821.0423672392217
32436,35.391118182218,838.7199999995038,821.0485460502593
32437,35.391118182218,838.7399999995038,821.0547247286702
32438,35.391118182218,838.7599999995037,821.0609032744513
32439,35.391118182218,838.7799999995037,821.0670816876002
32440,35.391118182218,838.7999999995037,821.073259968114
32441,35.391118182218,838.8199999995037,821.0794381159901
32442,35.391118182218,838.8399999995037,821.0856161312257
32443,35.391118182218,838.8599999995037,821.0917940138487
32444,35.391118182218,838.8799999995036,821.0979717640664
32445,35.391118182218,838.8999999995036,821.1041493818961
32446,35.391118182218,838.9199999995036,821.1103268673352
32447,35.391118182218,838.9399999995036,821.1165042203808
32448,35.391118182218,838.9599999995036,821.1226814410302
32449,35.391118182218,838.9799999995035,821.1288585292807
32450,35.391118182218,838.9999999995035,821.1350354851297
32451,35.391118182218,839.0199999995035,821.1412123085744
32452,35.391118182218,839.0399999995035,821.1473889996121
32453,35.391118182218,839.0599999995035,821.15356555824
32454,35.391118182218,839.0799999995035,821.1597419844554
32455,35.391118182218,839.0999999995034,821.1659182782557
32456,35.391118182218,839.1199999995034,821.1720944396382
32457,35.391118182218,839.1399999995034,821.1782704686001
32458,35.391118182218,839.1599999995034,821.1844463651387
32459,35.391118182218,839.1799999995034,821.1906221292513
32460,35.391118182218,839.1999999995033,821.1967977609352
32461,35.391118182218,839.2199999995033,821.2029732601876
32462,35.391118182218,839.2399999995033,821.2091486270059
32463,35.391118182218,839.2599999995033,821.2153238613873
32464,35.391118182218,839.2799999995033,821.2214989633293
32465,35.391118182218,839.2999999995033,821.2276739328289
32466,35.391118182218,839.3199999995032,821.2338487698835
32467,35.391118182218,839.3399999995032,821.2400234744904
32468,35.391118182218,839.3599999995032,821.2461980466469
32469,35.391118182218,839.3799999995032,821.2523724863503
32470,35.391118182218,839.3999999995032,821.2585467935978
32471,35.391118182218,839.4199999995031,821.2647209683868
32472,35.391118182218,839.4399999995031,821.2708950107144
32473,35.391118182218,839.4599999995031,821.2770689205781
32474,35.391118182218,839.4799999995031,821.2832426979751
32475,35.391118182218,839.4999999995031,821.2894163429027
32476,35.391118182218,839.519999999503,821.2955898553581
32477,35.391118182218,839.539999999503,821.3017632353387
32478,35.391118182218,839.559999999503,821.3079364828418
32479,35.391118182218,839.579999999503,821.3141095978647
32480,35.391118182218,839.599999999503,821.3202825804045
32481,35.391118182218,839.619999999503,821.3264554304587
32482,35.391118182218,839.639999999503,821.3326281480246
32483,35.391118182218,839.6599999995029,821.3388007330993
32484,35.391118182218,839.6799999995029,821.3449731856803
32485,35.391118182218,839.6999999995029,821.3511455057646
32486,35.391118182218,839.7199999995029,821.3573176933497
32487,35.391118182218,839.7399999995029,821.3634897484329
32488,35.391118182218,839.7599999995028,821.3696616710114
32489,35.391118182218,839.7799999995028,821.3758334610825
32490,35.391118182218,839.7999999995028,821.3820051186435
32491,35.391118182218,839.8199999995028,821.3881766436917
32492,35.391118182218,839.8399999995028,821.3943480362244
32493,35.391118182218,839.8599999995027,821.4005192962389
32494,35.391118182218,839.8799999995027,821.406690423781
32495,35.391118182218,839.8999999995027,821.4128614190565
32496,35.391118182218,839.9199999995027,821.4190322820805
32497,35.391118182218,839.9399999995027,821.4252030128501
32498,35.391118182218,839.9599999995027,821.4313736113629
32499,35.391118182218,839.9799999995026,821.437544077616
32500,35.391118182218,839.9999999995026,821.4437144116068
32501,35.391118182218,840.0199999995026,821.4498846133325
32502,35.391118182218,840.0399999995026,821.4560546827905
32503,35.391118182218,840.0599999995026,821.4622246199781
32504,35.391118182218,840.0799999995025,821.4683944248925
32505,35.391118182218,840.0999999995025,821.474564097531
32506,35.391118182218,840.1199999995025,821.480733637891
32507,35.391118182218,840.1399999995025,821.4869030459698
32508,35.391118182218,840.1599999995025,821.4930723217647
32509,35.391118182218,840.1799999995025,821.4992414652728
32510,35.391118182218,840.1999999995024,821.5054104764916
32511,35.391118182218,840.2199999995024,821.5115793554185
32512,35.391118182218,840.2399999995024,821.5177481020505
32513,35.391118182218,840.2599999995024,821.5239167163851
32514,35.391118182218,840.2799999995024,821.5300851984196
32515,35.391118182218,840.2999999995023,821.5362535481512
32516,35.341997774828975,840.3199999995023,821.5424217655773
32517,35.341997774828975,840.3399999995023,821.5485898506951
32518,35.341997774828975,840.3599999995023,821.554757803502
32519,35.341997774828975,840.3799999995023,821.5609256239952
32520,35.341997774828975,840.3999999995023,821.5670933121721
32521,35.341997774828975,840.4199999995022,821.57326086803
32522,35.341997774828975,840.4399999995022,821.5794282915662
32523,35.341997774828975,840.4599999995022,821.5855955827778
32524,35.341997774828975,840.4799999995022,821.5917627416625
32525,35.341997774828975,840.4999999995022,821.5979297682172
32526,35.341997774828975,840.5199999995021,821.6040966624395
32527,35.341997774828975,840.5399999995021,821.6102634243265
32528,35.341997774828975,840.5599999995021,821.6164300538755
32529,35.341997774828975,840.5799999995021,821.622596551084
32530,35.341997774828975,840.5999999995021,821.6287629159491
32531,35.341997774828975,840.619999999502,821.6349291484682
32532,35.341997774828975,840.639999999502,821.6410952486386
32533,35.341997774828975,840.659999999502,821.6472612164575
32534,35.341997774828975,840.679999999502,821.6534270519223
32535,35.341997774828975,840.699999999502,821.6595927550303
32536,35.341997774828975,840.719999999502,821.6657583257788
32537,35.341997774828975,840.739999999502,821.6719237641652
32538,35.341997774828975,840.7599999995019,821.6780890701865
32539,35.341997774828975,840.7799999995019,821.6842542438403
32540,35.341997774828975,840.7999999995019,821.6904192851238
32541,35.341997774828975,840.8199999995019,821.6965841940342
32542,35.341997774828975,840.8399999995019,821.702748970569
32543,35.341997774828975,840.8599999995018,821.7089136147254
32544,35.341997774828975,840.8799999995018,821.7150781265007
32545,35.341997774828975,840.8999999995018,821.7212425059486
32546,35.341997774828975,840.9199999995018,821.7274067532371
32547,35.341997774828975,840.9399999995018,821.7335708683763
32548,35.341997774828975,840.9599999995017,821.7397348513634
32549,35.341997774828975,840.9799999995017,821.7458987021959
32550,35.341997774828975,840.9999999995017,821.7520624208709
32551,35.341997774828975,841.0199999995017,821.7582260073857
32552,35.341997774828975,841.0399999995017,821.7643894617378
32553,35.341997774828975,841.0599999995017,821.7705527839244
32554,35.341997774828975,841.0799999995016,821.7767159739427
32555,35.341997774828975,841.0999999995016,821.7828790317902
32556,35.341997774828975,841.1199999995016,821.7890419574642
32557,35.341997774828975,841.1399999995016,821.7952047509618
32558,35.341997774828975,841.1599999995016,821.8013674122806
32559,35.341997774828975,841.1799999995015,821.8075299414177
32560,35.341997774828975,841.1999999995015,821.8136923383705
32561,35.341997774828975,841.2199999995015,821.8198546031364
32562,35.341997774828975,841.2399999995015,821.8260167357125
32563,35.341997774828975,841.2599999995015,821.8321787360964
32564,35.341997774828975,841.2799999995015,821.8383406042851
32565,35.341997774828975,841.2999999995014,821.8445023402761
32566,35.341997774828975,841.3199999995014,821.8506639440667
32567,35.341997774828975,841.3399999995014,821.8568254156542
32568,35.341997774828975,841.3599999995014,821.8629867550359
32569,35.341997774828975,841.3799999995014,821.869147962209
32570,35.341997774828975,841.3999999995013,821.8753090371711
32571,35.341997774828975,841.4199999995013,821.8814699799192
32572,35.341997774828975,841.4399999995013,821.8876307904508
32573,35.341997774828975,841.4599999995013,821.8937914687632
32574,35.341997774828975,841.4799999995013,821.8999520148536
32575,35.341997774828975,841.4999999995013,821.9061124287194
32576,35.341997774828975,841.5199999995012,821.912272710358
32577,35.341997774828975,841.5399999995012,821.9184328597667
32578,35.341997774828975,841.5599999995012,821.9245928769426
32579,35.341997774828975,841.5799999995012,821.9307527618832
32580,35.341997774828975,841.5999999995012,821.9369125145859
32581,35.341997774828975,841.6199999995011,821.9430721350477
32582,35.341997774828975,841.6399999995011,821.9492316232662
32583,35.341997774828975,841.6599999995011,821.9553909792386
32584,35.341997774828975,841.6799999995011,821.9615502029621
32585,35.341997774828975,841.6999999995011,821.9677092944343
32586,35.341997774828975,841.719999999501,821.9738682536522
32587,35.341997774828975,841.739999999501,821.9800270806134
32588,35.341997774828975,841.759999999501,821.986185775315
32589,35.341997774828975,841.779999999501,821.9923443377544
32590,35.341997774828975,841.799999999501,821.9985027679289
32591,35.341997774828975,841.819999999501,822.0046610658359
32592,35.341997774828975,841.839999999501,822.0108192314726
32593,35.341997774828975,841.8599999995009,822.0169772648364
32594,35.341997774828975,841.8799999995009,822.0231351659246
32595,35.341997774828975,841.8999999995009,822.0292929347345
32596,35.341997774828975,841.9199999995009,822.0354505713391
32597,35.341997774828975,841.9399999995009,822.0416080759069
32598,35.341997774828975,841.9599999995008,822.0477654484456
32599,35.341997774828975,841.9799999995008,822.0539226889528
32600,35.341997774828975,841.9999999995008,822.0600797974255
32601,35.341997774828975,842.0199999995008,822.0662367738612
32602,35.341997774828975,842.0399999995008,822.0723936182573
32603,35.341997774828975,842.0599999995007,822.0785503306109
32604,35.341997774828975,842.0799999995007,822.0847069109196
32605,35.341997774828975,842.0999999995007,822.0908633591806
32606,35.341997774828975,842.1199999995007,822.0970196753912
32607,35.341997774828975,842.1399999995007,822.1031758595486
32608,35.341997774828975,842.1599999995007,822.1093319116503
32609,35.341997774828975,842.1799999995006,822.1154878316936
32610,35.341997774828975,842.1999999995006,822.1216436196758
32611,35.341997774828975,842.2199999995006,822.1277992755942
32612,35.341997774828975,842.2399999995006,822.1339547994461
32613,35.341997774828975,842.2599999995006,822.1401101912289
32614,35.341997774828975,842.2799999995005,822.14626545094
32615,35.341997774828975,842.2999999995005,822.1524205785764
32616,35.341997774828975,842.3199999995005,822.1585755741357
32617,35.341997774828975,842.3399999995005,822.1647304376153
32618,35.341997774828975,842.3599999995005,822.1708851690123
32619,35.341997774828975,842.3799999995005,822.1770397683241
32620,35.341997774828975,842.3999999995004,822.1831942355481
32621,35.341997774828975,842.4199999995004,822.1893485706814
32622,35.341997774828975,842.4399999995004,822.1955027737216
32623,35.341997774828975,842.4599999995004,822.2016568446659
32624,35.341997774828975,842.4799999995004,822.2078107835116
32625,35.341997774828975,842.4999999995003,822.2139645902561
32626,35.341997774828975,842.5199999995003,822.2201182648965
32627,35.341997774828975,842.5399999995003,822.2262718074304
32628,35.341997774828975,842.5599999995003,822.232425217855
32629,35.341997774828975,842.5799999995003,822.2385784961677
32630,35.341997774828975,842.5999999995003,822.2447316423659
32631,35.341997774828975,842.6199999995002,822.2508846564466
32632,35.341997774828975,842.6399999995002,822.2570375384074
32633,35.341997774828975,842.6599999995002,822.2631902882456
32634,35.341997774828975,842.6799999995002,822.2693429059584
32635,35.341997774828975,842.6999999995002,822.2754953915432
32636,35.341997774828975,842.7199999995001,822.2816477449974
32637,35.341997774828975,842.7399999995001,822.2877999663182
32638,35.341997774828975,842.7599999995001,822.2939520555029
32639,35.341997774828975,842.7799999995001,822.300104012549
32640,35.341997774828975,842.7999999995001,822.3062558374537
32641,35.341997774828975,842.8199999995,822.3124075302144
32642,35.341997774828975,842.8399999995,822.3185590908283
32643,35.341997774828975,842.8599999995,822.3247105192928
32644,35.341997774828975,842.8799999995,822.3308618156052
32645,35.341997774828975,842.8999999995,822.3370129797629
32646,35.341997774828975,842.9199999995,822.3431640117632
32647,35.341997774828975,842.9399999995,822.3493149116947
32648,35.341997774828975,842.9599999994999,822.3554656797145
32649,35.341997774828975,842.9799999994999,822.3616163158274
32650,35.341997774828975,842.9999999994999,822.3677668200307
32651,35.341997774828975,843.0199999994999,822.3739171923219
32652,35.341997774828975,843.0399999994999,822.3800674326981
32653,35.341997774828975,843.0599999994998,822.3862175411567
32654,35.341997774828975,843.0799999994998,822.3923675176952
32655,35.341997774828975,843.0999999994998,822.3985173623108
32656,35.341997774828975,843.1199999994998,822.4046670750009
32657,35.341997774828975,843.1399999994998,822.4108166557628
32658,35.341997774828975,843.1599999994997,822.4169661045937
32659,35.341997774828975,843.1799999994997,822.4231154214912
32660,35.341997774828975,843.1999999994997,822.4292646064523
32661,35.341997774828975,843.2199999994997,822.4354136594746
32662,35.341997774828975,843.2399999994997,822.4415625805555
32663,35.341997774828975,843.2599999994997,822.447711369692
32664,35.341997774828975,843.2799999994996,822.4538600268817
32665,35.341997774828975,843.2999999994996,822.4600085521218
32666,35.341997774828975,843.3199999994996,822.4661569454098
32667,35.341997774828975,843.3399999994996,822.4723052067428
32668,35.341997774828975,843.3599999994996,822.4784533361183
32669,35.341997774828975,843.3799999994995,822.4846013335335
32670,35.341997774828975,843.3999999994995,822.4907491989859
32671,35.341997774828975,843.4199999994995,822.4968969324727
32672,35.341997774828975,843.4399999994995,822.5030445339913
32673,35.341997774828975,843.4599999994995,822.509192003539
32674,35.341997774828975,843.4799999994995,822.5153393411133
32675,35.341997774828975,843.4999999994994,822.5214865467113
32676,35.341997774828975,843.5199999994994,822.5276336203304
32677,35.341997774828975,843.5399999994994,822.533780561968
32678,35.341997774828975,843.5599999994994,822.5399273716214
32679,35.341997774828975,843.5799999994994,822.5460740492879
32680,35.341997774828975,843.5999999994993,822.5522205949649
32681,35.341997774828975,843.6199999994993,822.5583670086496
32682,35.341997774828975,843.6399999994993,822.5645132903395
32683,35.341997774828975,843.6599999994993,822.5706594400318
32684,35.341997774828975,843.6799999994993,822.5768054577239
32685,35.341997774828975,843.6999999994993,822.5829513434132
32686,35.341997774828975,843.7199999994992,822.589097097097
32687,35.341997774828975,843.7399999994992,822.5952427187725
32688,35.341997774828975,843.7599999994992,822.6013882084372
32689,35.341997774828975,843.7799999994992,822.6075335660884
32690,35.341997774828975,843.7999999994992,822.6136787917234
32691,35.341997774828975,843.8199999994991,822.6198238853395
32692,35.341997774828975,843.8399999994991,822.6259688469341
32693,35.341997774828975,843.8599999994991,822.6321136765046
32694,35.341997774828975,843.8799999994991,822.6382583740481
32695,35.341997774828975,843.8999999994991,822.6444029395622
32696,35.341997774828975,843.919999999499,822.650547373044
32697,35.341997774828975,843.939999999499,822.656691674491
32698,35.341997774828975,843.959999999499,822.6628358440142
32699,35.341997774828975,843.979999999499,822.6689798817683
32700,35.341997774828975,843.999999999499,822.6751237877555
32701,35.341997774828975,844.019999999499,822.6812675619731
32702,35.341997774828975,844.039999999499,822.6874112044184
32703,35.341997774828975,844.0599999994989,822.6935547150887
32704,35.341997774828975,844.0799999994989,822.6996980939814
32705,35.341997774828975,844.0999999994989,822.7058413410939
32706,35.341997774828975,844.1199999994989,822.7119844564235
32707,35.341997774828975,844.1399999994989,822.7181274399675
32708,35.341997774828975,844.1599999994988,822.7242702917233
32709,35.341997774828975,844.1799999994988,822.7304130116883
32710,35.341997774828975,844.1999999994988,822.7365555998597
32711,35.341997774828975,844.2199999994988,822.7426980562349
32712,35.341997774828975,844.2399999994988,822.7488403808112
32713,35.341997774828975,844.2599999994987,822.7549825735861
32714,35.341997774828975,844.2799999994987,822.7611246345567
32715,35.341997774828975,844.2999999994987,822.7672665637206
32716,35.341997774828975,844.3199999994987,822.7734083610749
32717,35.341997774828975,844.3399999994987,822.779550026617
32718,35.341997774828975,844.3599999994987,822.7856915603444
32719,35.341997774828975,844.3799999994986,822.7918329622543
32720,35.341997774828975,844.3999999994986,822.797974232344
32721,35.341997774828975,844.4199999994986,822.804115370611
32722,35.341997774828975,844.4399999994986,822.8102563770526
32723,35.341997774828975,844.4599999994986,822.8163972516661
32724,35.341997774828975,844.4799999994985,822.8225379944488
32725,35.29299088857077,844.4999999994985,822.8286786053982
32726,35.29299088857077,844.5199999994985,822.8348190845114
32727,35.29299088857077,844.5399999994985,822.840959431786
32728,35.29299088857077,844.5599999994985,822.8470996472192
32729,35.29299088857077,844.5799999994985,822.8532397308084
32730,35.29299088857077,844.5999999994984,822.8593796825508
32731,35.29299088857077,844.6199999994984,822.8655195024438
32732,35.29299088857077,844.6399999994984,822.8716591904849
32733,35.29299088857077,844.6599999994984,822.8777987466714
32734,35.29299088857077,844.6799999994984,822.8839381710005
32735,35.29299088857077,844.6999999994983,822.8900774634697
32736,35.29299088857077,844.7199999994983,822.8962166240761
32737,35.29299088857077,844.7399999994983,822.9023556528174
32738,35.29299088857077,844.7599999994983,822.9084945496907
32739,35.29299088857077,844.7799999994983,822.9146333146933
32740,35.29299088857077,844.7999999994983,822.9207719478227
32741,35.29299088857077,844.8199999994982,822.9269104490762
32742,35.29299088857077,844.8399999994982,822.9330488184511
32743,35.29299088857077,844.8599999994982,822.9391870559448
32744,35.29299088857077,844.8799999994982,822.9453251615546
32745,35.29299088857077,844.8999999994982,822.9514631352779
32746,35.29299088857077,844.9199999994981,822.957600977112
32747,35.29299088857077,844.9399999994981,822.9637386870542
32748,35.29299088857077,844.9599999994981,822.9698762651019
32749,35.29299088857077,844.9799999994981,822.9760137113661
32750,35.29299088857077,844.9999999994981,822.9821510259703
32751,35.29299088857077,845.019999999498,822.9882882089133
32752,35.29299088857077,845.039999999498,822.9944252601923
32753,35.29299088857077,845.059999999498,823.0005621798048
32754,35.29299088857077,845.079999999498,823.006698967748
32755,35.29299088857077,845.099999999498,823.0128356240193
32756,35.29299088857077,845.119999999498,823.0189721486162
32757,35.29299088857077,845.139999999498,823.0251085415358
32758,35.29299088857077,845.1599999994979,823.0312448027756
32759,35.29299088857077,845.1799999994979,823.037380932333
32760,35.29299088857077,845.1999999994979,823.0435169302052
32761,35.29299088857077,845.2199999994979,823.0496527963896
32762,35.29299088857077,845.2399999994979,823.0557885308837
32763,35.29299088857077,845.2599999994978,823.0619241336846
32764,35.29299088857077,845.2799999994978,823.0680596047897
32765,35.29299088857077,845.2999999994978,823.0741949441965
32766,35.29299088857077,845.3199999994978,823.0803301519023
32767,35.29299088857077,845.3399999994978,823.0864652279045
32768,35.29299088857077,845.3599999994977,823.0926001722003
32769,35.29299088857077,845.3799999994977,823.0987349847871
32770,35.29299088857077,845.3999999994977,823.1048696656624
32771,35.29299088857077,845.4199999994977,823.1110042148233
32772,35.29299088857077,845.4399999994977,823.1171386322674
32773,35.29299088857077,845.4599999994977,823.1232729179918
32774,35.29299088857077,845.4799999994976,823.129407071994
32775,35.29299088857077,845.4999999994976,823.1355410942714
32776,35.29299088857077,845.5199999994976,823.1416749848213
32777,35.29299088857077,845.5399999994976,823.147808743641
32778,35.29299088857077,845.5599999994976,823.1539423707279
32779,35.29299088857077,845.5799999994975,823.1600758660793
32780,35.29299088857077,845.5999999994975,823.1662092296926
32781,35.29299088857077,845.6199999994975,823.1723424615652
32782,35.29299088857077,845.6399999994975,823.1784755616944
32783,35.29299088857077,845.6599999994975,823.1846085300775
32784,35.29299088857077,845.6799999994975,823.1907413667119
32785,35.29299088857077,845.6999999994974,823.196874071595
32786,35.29299088857077,845.7199999994974,823.203006644724
32787,35.29299088857077,845.7399999994974,823.2091390860965
32788,35.29299088857077,845.7599999994974,823.2152713957096
32789,35.29299088857077,845.7799999994974,823.2214035735608
32790,35.29299088857077,845.7999999994973,823.2275356196474
32791,35.29299088857077,845.8199999994973,823.2336675339667
32792,35.29299088857077,845.8399999994973,823.2397993165162
32793,35.29299088857077,845.8599999994973,823.2459309672931
32794,35.29299088857077,845.8799999994973,823.2520624862949
32795,35.29299088857077,845.8999999994973,823.2581938735188
32796,35.29299088857077,845.9199999994972,823.2643251289622
32797,35.29299088857077,845.9399999994972,823.2704562526226
32798,35.29299088857077,845.9599999994972,823.2765872444971
32799,35.29299088857077,845.9799999994972,823.2827181045848
32800,35.29299088857077,845.9999999994972,823.2888488330168
32801,35.29299088857077,846.0199999994971,823.2949794299105
32802,35.29299088857077,846.0399999994971,823.3011098952634
32803,35.29299088857077,846.0599999994971,823.3072402290726
32804,35.29299088857077,846.0799999994971,823.3133704313356
32805,35.29299088857077,846.0999999994971,823.3195005020497
32806,35.29299088857077,846.119999999497,823.3256304412122
32807,35.29299088857077,846.139999999497,823.3317602488205
32808,35.29299088857077,846.159999999497,823.3378899248721
32809,35.29299088857077,846.179999999497,823.3440194693642
32810,35.29299088857077,846.199999999497,823.3501488822942
32811,35.29299088857077,846.219999999497,823.3562781636596
32812,35.29299088857077,846.239999999497,823.3624073134575
32813,35.29299088857077,846.2599999994969,823.3685363316855
32814,35.29299088857077,846.2799999994969,823.3746652183407
32815,35.29299088857077,846.2999999994969,823.3807939734207
32816,35.29299088857077,846.3199999994969,823.3869225969228
32817,35.29299088857077,846.3399999994969,823.3930510888442
32818,35.29299088857077,846.3599999994968,823.3991794491825
32819,35.29299088857077,846.3799999994968,823.405307677935
32820,35.29299088857077,846.3999999994968,823.4114357750989
32821,35.29299088857077,846.4199999994968,823.4175637406718
32822,35.29299088857077,846.4399999994968,823.4236915746509
32823,35.29299088857077,846.4599999994967,823.4298192770335
32824,35.29299088857077,846.4799999994967,823.4359468478171
32825,35.29299088857077,846.4999999994967,823.4420742869991
32826,35.29299088857077,846.5199999994967,823.4482015945766
32827,35.29299088857077,846.5399999994967,823.4543287705472
32828,35.29299088857077,846.5599999994967,823.4604558149083
32829,35.29299088857077,846.5799999994966,823.466582727657
32830,35.29299088857077,846.5999999994966,823.472709508791
32831,35.29299088857077,846.6199999994966,823.4788361583074
32832,35.29299088857077,846.6399999994966,823.4849626762036
32833,35.29299088857077,846.6599999994966,823.491089062477
32834,35.29299088857077,846.6799999994965,823.497215317125
32835,35.29299088857077,846.6999999994965,823.5033414401449
32836,35.29299088857077,846.7199999994965,823.5094674315342
32837,35.29299088857077,846.7399999994965,823.51559329129
32838,35.29299088857077,846.7599999994965,823.5217190194098
32839,35.29299088857077,846.7799999994965,823.527844615891
32840,35.29299088857077,846.7999999994964,823.5339700807309
32841,35.29299088857077,846.8199999994964,823.5400954139269
32842,35.29299088857077,846.8399999994964,823.5462206154764
32843,35.29299088857077,846.8599999994964,823.5523456853766
32844,35.29299088857077,846.8799999994964,823.5584706236251
32845,35.29299088857077,846.8999999994963,823.5645954302191
32846,35.29299088857077,846.9199999994963,823.570720105156
32847,35.29299088857077,846.9399999994963,823.5768446484332
32848,35.29299088857077,846.9599999994963,823.582969060048
32849,35.29299088857077,846.9799999994963,823.5890933399977
32850,35.29299088857077,846.9999999994963,823.5952174882843
32851,35.29299088857077,847.0199999994962,823.6013415050514
32852,35.29299088857077,847.0399999994962,823.6074653904014
32853,35.29299088857077,847.0599999994962,823.6135891443317
32854,35.29299088857077,847.0799999994962,823.6197127668397
32855,35.29299088857077,847.0999999994962,823.6258362579226
32856,35.29299088857077,847.1199999994961,823.631959617578
32857,35.29299088857077,847.1399999994961,823.6380828458031
32858,35.29299088857077,847.1599999994961,823.6442059425952
32859,35.29299088857077,847.1799999994961,823.6503289079519
32860,35.29299088857077,847.1999999994961,823.6564517418705
32861,35.29299088857077,847.219999999496,823.6625744443483
32862,35.29299088857077,847.239999999496,823.6686970153826
32863,35.29299088857077,847.259999999496,823.6748194549709
32864,35.29299088857077,847.279999999496,823.6809417631106
32865,35.29299088857077,847.299999999496,823.6870639397989
32866,35.29299088857077,847.319999999496,823.6931859850333
32867,35.29299088857077,847.339999999496,823.6993078988112
32868,35.29299088857077,847.3599999994959,823.7054296811299
32869,35.29299088857077,847.3799999994959,823.7115513319867
32870,35.29299088857077,847.3999999994959,823.717672851379
32871,35.29299088857077,847.4199999994959,823.7237942393043
32872,35.29299088857077,847.4399999994959,823.7299154957599
32873,35.29299088857077,847.4599999994958,823.7360366207431
32874,35.29299088857077,847.4799999994958,823.7421576142514
32875,35.29299088857077,847.4999999994958,823.748278476282
32876,35.29299088857077,847.5199999994958,823.7543992068324
32877,35.29299088857077,847.5399999994958,823.7605198059
32878,35.29299088857077,847.5599999994957,823.766640273482
32879,35.29299088857077,847.5799999994957,823.7727606095759
32880,35.29299088857077,847.5999999994957,823.778880814179
32881,35.29299088857077,847.6199999994957,823.7850008872888
32882,35.29299088857077,847.6399999994957,823.7911208289025
32883,35.29299088857077,847.6599999994957,823.7972406390177
32884,35.29299088857077,847.6799999994956,823.8033603176315
32885,35.29299088857077,847.6999999994956,823.8094798647413
32886,35.29299088857077,847.7199999994956,823.8155992803447
32887,35.29299088857077,847.7399999994956,823.8217185644389
32888,35.29299088857077,847.7599999994956,823.8278377170213
32889,35.29299088857077,847.7799999994955,823.8339567380893
32890,35.29299088857077,847.7999999994955,823.8400756276403
32891,35.29299088857077,847.8199999994955,823.8461943856715
32892,35.29299088857077,847.8399999994955,823.8523130121805
32893,35.29299088857077,847.8599999994955,823.8584315071645
32894,35.29299088857077,847.8799999994955,823.8645498706209
32895,35.29299088857077,847.8999999994954,823.870668102547
32896,35.29299088857077,847.9199999994954,823.8767862029404
32897,35.29299088857077,847.9399999994954,823.8829041717983
32898,35.29299088857077,847.9599999994954,823.8890220091181
32899,35.29299088857077,847.9799999994954,823.8951397148973
32900,35.29299088857077,847.9999999994953,823.901257289133
32901,35.29299088857077,848.0199999994953,823.9073747318308
32902,35.29299088857077,848.0399999994953,823.913492043156
32903,35.29299088857077,848.0599999994953,823.9196092232014
32904,35.29299088857077,848.0799999994953,823.9257262719643
32905,35.29299088857077,848.0999999994953,823.9318431894421
32906,35.29299088857077,848.1199999994952,823.9379599756323
32907,35.29299088857077,848.1399999994952,823.9440766305322
32908,35.29299088857077,848.1599999994952,823.9501931541391
32909,35.29299088857077,848.1799999994952,823.9563095464505
32910,35.29299088857077,848.1999999994952,823.9624258074637
32911,35.29299088857077,848.2199999994951,823.968541937176
32912,35.29299088857077,848.2399999994951,823.974657935585
32913,35.29299088857077,848.2599999994951,823.980773802688
32914,35.29299088857077,848.2799999994951,823.9868895384823
32915,35.29299088857077,848.2999999994951,823.9930051429653
32916,35.29299088857077,848.319999999495,823.9991206161345
32917,35.29299088857077,848.339999999495,824.0052359579871
32918,35.29299088857077,848.359999999495,824.0113511685206
32919,35.29299088857077,848.379999999495,824.0174662477324
32920,35.29299088857077,848.399999999495,824.0235811956197
32921,35.29299088857077,848.419999999495,824.0296960121801
32922,35.29299088857077,848.439999999495,824.0358106974109
32923,35.29299088857077,848.4599999994949,824.0419252513094
32924,35.29299088857077,848.4799999994949,824.0480396738731
32925,35.29299088857077,848.4999999994949,824.0541539650993
32926,35.29299088857077,848.5199999994949,824.0602681249854
32927,35.29299088857077,848.5399999994949,824.0663821535288
32928,35.29299088857077,848.5599999994948,824.072496050727
32929,35.29299088857077,848.5799999994948,824.0786098165771
32930,35.29299088857077,848.5999999994948,824.0847234510767
32931,35.29299088857077,848.6199999994948,824.090836954223
32932,35.29299088857077,848.6399999994948,824.0969503260136
32933,35.29299088857077,848.6599999994947,824.1030635664457
32934,35.29299088857077,848.6799999994947,824.1091766755168
32935,35.24409715648387,848.6999999994947,824.1152896532242
32936,35.24409715648387,848.7199999994947,824.1214024995653
32937,35.24409715648387,848.7399999994947,824.1275152145375
32938,35.24409715648387,848.7599999994947,824.1336277981383
32939,35.24409715648387,848.7799999994946,824.1397402503649
32940,35.24409715648387,848.7999999994946,824.1458525712147
32941,35.24409715648387,848.8199999994946,824.1519647606851
32942,35.24409715648387,848.8399999994946,824.1580768187736
32943,35.24409715648387,848.8599999994946,824.1641887454774
32944,35.24409715648387,848.8799999994945,824.170300540794
32945,35.24409715648387,848.8999999994945,824.1764122047207
32946,35.24409715648387,848.9199999994945,824.182523737255
32947,35.24409715648387,848.9399999994945,824.1886351383941
32948,35.24409715648387,848.9599999994945,824.1947464081356
32949,35.24409715648387,848.9799999994945,824.2008575464768
32950,35.24409715648387,848.9999999994944,824.206968553415
32951,35.24409715648387,849.0199999994944,824.2130794289476
32952,35.24409715648387,849.0399999994944,824.2191901730819
32953,35.24409715648387,849.0599999994944,824.2253007859724
32954,35.24409715648387,849.0799999994944,824.2314112676859
32955,35.24409715648387,849.0999999994943,824.2375216182196
32956,35.24409715648387,849.1199999994943,824.243631837571
32957,35.24409715648387,849.1399999994943,824.2497419257373
32958,35.24409715648387,849.1599999994943,824.2558518827161
32959,35.24409715648387,849.1799999994943,824.2619617085047
32960,35.24409715648387,849.1999999994943,824.2680714031005
32961,35.24409715648387,849.2199999994942,824.274180966501
32962,35.24409715648387,849.2399999994942,824.2802903987035
32963,35.24409715648387,849.2599999994942,824.2863996997054
32964,35.24409715648387,849.2799999994942,824.292508869504
32965,35.24409715648387,849.2999999994942,824.2986179080967
32966,35.24409715648387,849.3199999994941,824.304726815481
32967,35.24409715648387,849.3399999994941,824.3108355916543
32968,35.24409715648387,849.3599999994941,824.3169442366138
32969,35.24409715648387,849.3799999994941,824.3230527503571
32970,35.24409715648387,849.3999999994941,824.3291611328815
32971,35.24409715648387,849.419999999494,824.3352693841844
32972,35.24409715648387,849.439999999494,824.3413775042632
32973,35.24409715648387,849.459999999494,824.3474854931152
32974,35.24409715648387,849.479999999494,824.3535933507379
32975,35.24409715648387,849.499999999494,824.3597010771288
32976,35.24409715648387,849.519999999494,824.365808672285
32977,35.24409715648387,849.539999999494,824.371916136204
32978,35.24409715648387,849.5599999994939,824.3780234688834
32979,35.24409715648387,849.5799999994939,824.3841306703204
32980,35.24409715648387,849.5999999994939,824.3902377405122
32981,35.24409715648387,849.6199999994939,824.3963446794565
32982,35.24409715648387,849.6399999994939,824.4024514871506
32983,35.24409715648387,849.6599999994938,824.4085581635919
32984,35.24409715648387,849.6799999994938,824.4146647087778
32985,35.24409715648387,849.6999999994938,824.4207711227056
32986,35.24409715648387,849.7199999994938,824.4268774053728
32987,35.24409715648387,849.7399999994938,824.4329835567768
32988,35.24409715648387,849.7599999994937,824.4390895769149
32989,35.24409715648387,849.7799999994937,824.4451954657844
32990,35.24409715648387,849.7999999994937,824.451301223383
32991,35.24409715648387,849.8199999994937,824.4574068497078
32992,35.24409715648387,849.8399999994937,824.4635123447564
32993,35.24409715648387,849.8599999994937,824.469617708526
32994,35.24409715648387,849.8799999994936,824.4757229410142
32995,35.24409715648387,849.8999999994936,824.4818280422181
32996,35.24409715648387,849.9199999994936,824.4879330121354
32997,35.24409715648387,849.9399999994936,824.4940378507633
32998,35.24409715648387,849.9599999994936,824.5001425580992
32999,35.24409715648387,849.9799999994935,824.5062471341406
33000,35.24409715648387,849.9999999994935,824.5123515788848
33001,35.24409715648387,850.0199999994935,824.5184558923293
33002,35.24409715648387,850.0399999994935,824.5245600744713
33003,35.24409715648387,850.0599999994935,824.5306641253218
33004,35.24409715648387,850.0799999994935,824.5367680450579
33005,35.24409715648387,850.0999999994934,824.542871833736
33006,35.24409715648387,850.1199999994934,824.5489754913533
33007,35.24409715648387,850.1399999994934,824.5550790179075
33008,35.24409715648387,850.1599999994934,824.5611824133957
33009,35.24409715648387,850.1799999994934,824.5672856778156
33010,35.24409715648387,850.1999999994933,824.5733888111644
33011,35.24409715648387,850.2199999994933,824.5794918134395
33012,35.24409715648387,850.2399999994933,824.5855946846384
33013,35.24409715648387,850.2599999994933,824.5916974247584
33014,35.24409715648387,850.2799999994933,824.597800033797
33015,35.24409715648387,850.2999999994933,824.6039025117515
33016,35.24409715648387,850.3199999994932,824.6100048586193
33017,35.24409715648387,850.3399999994932,824.6161070743979
33018,35.24409715648387,850.3599999994932,824.6222091590845
33019,35.24409715648387,850.3799999994932,824.6283111126767
33020,35.24409715648387,850.3999999994932,824.6344129351718
33021,35.24409715648387,850.4199999994931,824.6405146265672
33022,35.24409715648387,850.4399999994931,824.6466161868605
33023,35.24409715648387,850.4599999994931,824.6527176160488
33024,35.24409715648387,850.4799999994931,824.6588189141296
33025,35.24409715648387,850.4999999994931,824.6649200811004
33026,35.24409715648387,850.519999999493,824.6710211169585
33027,35.24409715648387,850.539999999493,824.6771220217013
33028,35.24409715648387,850.559999999493,824.6832227953262
33029,35.24409715648387,850.579999999493,824.6893234378306
33030,35.24409715648387,850.599999999493,824.695423949212
33031,35.24409715648387,850.619999999493,824.7015243294677
33032,35.24409715648387,850.6399999994929,824.7076245785951
33033,35.24409715648387,850.6599999994929,824.7137246965916
33034,35.24409715648387,850.6799999994929,824.7198246834547
33035,35.24409715648387,850.6999999994929,824.7259245391816
33036,35.24409715648387,850.7199999994929,824.7320242637699
33037,35.24409715648387,850.7399999994929,824.7381238572169
33038,35.24409715648387,850.7599999994928,824.7442233195201
33039,35.24409715648387,850.7799999994928,824.7503226506767
33040,35.24409715648387,850.7999999994928,824.7564218506843
33041,35.24409715648387,850.8199999994928,824.7625209195402
33042,35.24409715648387,850.8399999994928,824.7686198572418
33043,35.24409715648387,850.8599999994927,824.7747186637865
33044,35.24409715648387,850.8799999994927,824.7808173391718
33045,35.24409715648387,850.8999999994927,824.786915883395
33046,35.24409715648387,850.9199999994927,824.7930142964534
33047,35.24409715648387,850.9399999994927,824.7991125783445
33048,35.24409715648387,850.9599999994927,824.8052107290658
33049,35.24409715648387,850.9799999994926,824.8113087486147
33050,35.24409715648387,850.9999999994926,824.8174066369884
33051,35.24409715648387,851.0199999994926,824.8235043941844
33052,35.24409715648387,851.0399999994926,824.8296020202001
33053,35.24409715648387,851.0599999994926,824.8356995150331
33054,35.24409715648387,851.0799999994925,824.841796878697
33055,35.24409715648387,851.0999999994925,824.8478941113815
33056,35.24409715648387,851.1199999994925,824.8539912131283
33057,35.24409715648387,851.1399999994925,824.8600881839349
33058,35.24409715648387,851.1599999994925,824.8661850237985
33059,35.24409715648387,851.1799999994925,824.8722817327167
33060,35.24409715648387,851.1999999994924,824.8783783106868
33061,35.24409715648387,851.2199999994924,824.8844747577062
33062,35.24409715648387,851.2399999994924,824.8905710737724
33063,35.24409715648387,851.2599999994924,824.8966672588828
33064,35.24409715648387,851.2799999994924,824.9027633130347
33065,35.24409715648387,851.2999999994923,824.9088592362256
33066,35.24409715648387,851.3199999994923,824.9149550284528
33067,35.24409715648387,851.3399999994923,824.9210506897139
33068,35.24409715648387,851.3599999994923,824.9271462200061
33069,35.24409715648387,851.3799999994923,824.933241619327
33070,35.24409715648387,851.3999999994923,824.9393368876738
33071,35.24409715648387,851.4199999994922,824.945432025044
33072,35.24409715648387,851.4399999994922,824.9515270314351
33073,35.24409715648387,851.4599999994922,824.9576219068445
33074,35.24409715648387,851.4799999994922,824.9637166512694
33075,35.24409715648387,851.4999999994922,824.9698112647073
33076,35.24409715648387,851.5199999994921,824.9759057471557
33077,35.24409715648387,851.5399999994921,824.9820000986119
33078,35.24409715648387,851.5599999994921,824.9880943190735
33079,35.24409715648387,851.5799999994921,824.9941884085378
33080,35.24409715648387,851.5999999994921,825.000282367002
33081,35.24409715648387,851.619999999492,825.0063761944638
33082,35.24409715648387,851.639999999492,825.0124698909204
33083,35.24409715648387,851.659999999492,825.0185634563694
33084,35.24409715648387,851.679999999492,825.024656890808
33085,35.24409715648387,851.699999999492,825.0307501942339
33086,35.24409715648387,851.719999999492,825.0368433666442
33087,35.24409715648387,851.7399999994919,825.0429364080366
33088,35.24409715648387,851.7599999994919,825.0490293184082
33089,35.24409715648387,851.7799999994919,825.0551220977566
33090,35.24409715648387,851.7999999994919,825.0612147460791
33091,35.24409715648387,851.8199999994919,825.0673072633732
33092,35.24409715648387,851.8399999994919,825.0733996496363
33093,35.24409715648387,851.8599999994918,825.0794919048658
33094,35.24409715648387,851.8799999994918,825.0855840290591
33095,35.24409715648387,851.8999999994918,825.0916760222136
33096,35.24409715648387,851.9199999994918,825.0977678843267
33097,35.24409715648387,851.9399999994918,825.1038596153958
33098,35.24409715648387,851.9599999994917,825.1099512154184
33099,35.24409715648387,851.9799999994917,825.1160426843918
33100,35.24409715648387,851.9999999994917,825.1221340223135
33101,35.24409715648387,852.0199999994917,825.1282252291809
33102,35.24409715648387,852.0399999994917,825.1343163049913
33103,35.24409715648387,852.0599999994917,825.1404072497422
33104,35.24409715648387,852.0799999994916,825.146498063431
33105,35.24409715648387,852.0999999994916,825.1525887460757
33106,35.24409715648387,852.1199999994916,825.1586792978915
33107,35.24409715648387,852.1399999994916,825.1647697189069
33108,35.24409715648387,852.1599999994916,825.1708600091193
33109,35.24409715648387,852.1799999994915,825.1769501685263
33110,35.24409715648387,852.1999999994915,825.1830401971251
33111,35.24409715648387,852.2199999994915,825.1891300949133
33112,35.24409715648387,852.2399999994915,825.1952198618882
33113,35.24409715648387,852.2599999994915,825.2013094980472
33114,35.24409715648387,852.2799999994915,825.2073990033878
33115,35.24409715648387,852.2999999994914,825.2134883779073
33116,35.24409715648387,852.3199999994914,825.2195776216032
33117,35.24409715648387,852.3399999994914,825.225666734473
33118,35.24409715648387,852.3599999994914,825.2317557165138
33119,35.24409715648387,852.3799999994914,825.2378445677233
33120,35.24409715648387,852.3999999994913,825.2439332880989
33121,35.24409715648387,852.4199999994913,825.2500218776379
33122,35.24409715648387,852.4399999994913,825.2561103363378
33123,35.24409715648387,852.4599999994913,825.2621986641959
33124,35.24409715648387,852.4799999994913,825.2682868612098
33125,35.24409715648387,852.4999999994913,825.2743749273768
33126,35.24409715648387,852.5199999994912,825.2804628626943
33127,35.24409715648387,852.5399999994912,825.2865506671599
33128,35.24409715648387,852.5599999994912,825.2926383407707
33129,35.24409715648387,852.5799999994912,825.2987258835244
33130,35.24409715648387,852.5999999994912,825.3048132954183
33131,35.24409715648387,852.6199999994911,825.3109005764497
33132,35.24409715648387,852.6399999994911,825.3169877266163
33133,35.24409715648387,852.6599999994911,825.3230747459153
33134,35.24409715648387,852.6799999994911,825.3291616343441
33135,35.24409715648387,852.6999999994911,825.3352483919002
33136,35.24409715648387,852.719999999491,825.341335018581
33137,35.24409715648387,852.739999999491,825.347421514384
33138,35.24409715648387,852.759999999491,825.3535078793064
33139,35.24409715648387,852.779999999491,825.3595941133459
33140,35.24409715648387,852.799999999491,825.3656802164996
33141,35.24409715648387,852.819999999491,825.3717661887652
33142,35.24409715648387,852.8399999994909,825.3778520301399
33143,35.24409715648387,852.8599999994909,825.3839377406213
33144,35.24409715648387,852.8799999994909,825.3900233202066
33145,35.24409715648387,852.8999999994909,825.3961087688936
33146,35.1953162131324,852.9199999994909,825.4021940866793
33147,35.1953162131324,852.9399999994909,825.4082792735613
33148,35.1953162131324,852.9599999994908,825.4143643295371
33149,35.1953162131324,852.9799999994908,825.4204492546039
33150,35.1953162131324,852.9999999994908,825.4265340487593
33151,35.1953162131324,853.0199999994908,825.4326187120007
33152,35.1953162131324,853.0399999994908,825.4387032443254
33153,35.1953162131324,853.0599999994907,825.4447876457309
33154,35.1953162131324,853.0799999994907,825.4508719162146
33155,35.1953162131324,853.0999999994907,825.456956055774
33156,35.1953162131324,853.1199999994907,825.4630400644322
33157,35.1953162131324,853.1399999994907,825.4691239423789
33158,35.1953162131324,853.1599999994907,825.4752076896298
33159,35.1953162131324,853.1799999994906,825.4812913061822
33160,35.1953162131324,853.1999999994906,825.4873747920337
33161,35.1953162131324,853.2199999994906,825.4934581471817
33162,35.1953162131324,853.2399999994906,825.4995413716236
33163,35.1953162131324,853.2599999994906,825.5056244653568
33164,35.1953162131324,853.2799999994905,825.5117074283788
33165,35.1953162131324,853.2999999994905,825.517790260687
33166,35.1953162131324,853.3199999994905,825.5238729622787
33167,35.1953162131324,853.3399999994905,825.5299555331513
33168,35.1953162131324,853.3599999994905,825.5360379733024
33169,35.1953162131324,853.3799999994905,825.5421202827295
33170,35.1953162131324,853.3999999994904,825.5482024614297
33171,35.1953162131324,853.4199999994904,825.5542845094006
33172,35.1953162131324,853.4399999994904,825.5603664266398
33173,35.1953162131324,853.4599999994904,825.5664482131446
33174,35.1953162131324,853.4799999994904,825.5725298689123
33175,35.1953162131324,853.4999999994903,825.5786113939404
33176,35.1953162131324,853.5199999994903,825.5846927882263
33177,35.1953162131324,853.5399999994903,825.5907740517675
33178,35.1953162131324,853.5599999994903,825.5968551845614
33179,35.1953162131324,853.5799999994903,825.6029361866053
33180,35.1953162131324,853.5999999994903,825.6090170578968
33181,35.1953162131324,853.6199999994902,825.6150977984333
33182,35.1953162131324,853.6399999994902,825.6211784082121
33183,35.1953162131324,853.6599999994902,825.6272588872308
33184,35.1953162131324,853.6799999994902,825.6333392354867
33185,35.1953162131324,853.6999999994902,825.6394194529772
33186,35.1953162131324,853.7199999994901,825.6454995396998
33187,35.1953162131324,853.7399999994901,825.651579495652
33188,35.1953162131324,853.7599999994901,825.657659320831
33189,35.1953162131324,853.7799999994901,825.6637390152345
33190,35.1953162131324,853.7999999994901,825.6698185788597
33191,35.1953162131324,853.81999999949,825.6758980117041
33192,35.1953162131324,853.83999999949,825.6819773137652
33193,35.1953162131324,853.85999999949,825.6880564850403
33194,35.1953162131324,853.87999999949,825.6941355255269
33195,35.1953162131324,853.89999999949,825.7002144352224
33196,35.1953162131324,853.91999999949,825.7062932141242
33197,35.1953162131324,853.9399999994899,825.7123718622298
33198,35.1953162131324,853.9599999994899,825.7184503795366
33199,35.1953162131324,853.9799999994899,825.7245287660421
33200,35.1953162131324,853.9999999994899,825.7306070217436
33201,35.1953162131324,854.0199999994899,825.7366851466385
33202,35.1953162131324,854.0399999994899,825.7427631407243
33203,35.1953162131324,854.0599999994898,825.7488410039983
33204,35.1953162131324,854.0799999994898,825.7549187364582
33205,35.1953162131324,854.0999999994898,825.7609963381012
33206,35.1953162131324,854.1199999994898,825.7670738089248
33207,35.1953162131324,854.1399999994898,825.7731511489686
33208,35.1953162131324,854.1599999994897,825.7792283584207
33209,35.1953162131324,854.1799999994897,825.7853054372952
33210,35.1953162131324,854.1999999994897,825.7913823855894
33211,35.1953162131324,854.2199999994897,825.7974592033008
33212,35.1953162131324,854.2399999994897,825.8035358904268
33213,35.1953162131324,854.2599999994897,825.8096124469649
33214,35.1953162131324,854.2799999994896,825.8156888729125
33215,35.1953162131324,854.2999999994896,825.8217651682669
33216,35.1953162131324,854.3199999994896,825.8278413330257
33217,35.1953162131324,854.3399999994896,825.8339173671864
33218,35.1953162131324,854.3599999994896,825.8399932707462
33219,35.1953162131324,854.3799999994895,825.8460690437026
33220,35.1953162131324,854.3999999994895,825.8521446860532
33221,35.1953162131324,854.4199999994895,825.8582201977953
33222,35.1953162131324,854.4399999994895,825.8642955789262
33223,35.1953162131324,854.4599999994895,825.8703708294436
33224,35.1953162131324,854.4799999994895,825.8764459493448
33225,35.1953162131324,854.4999999994894,825.8825209386272
33226,35.1953162131324,854.5199999994894,825.8885957972883
33227,35.1953162131324,854.5399999994894,825.8946705253255
33228,35.1953162131324,854.5599999994894,825.9007451227362
33229,35.1953162131324,854.5799999994894,825.9068195895179
33230,35.1953162131324,854.5999999994893,825.912893925668
33231,35.1953162131324,854.6199999994893,825.9189681311839
33232,35.1953162131324,854.6399999994893,825.925042206063
33233,35.1953162131324,854.6599999994893,825.931116150303
33234,35.1953162131324,854.6799999994893,825.937189963901
33235,35.1953162131324,854.6999999994893,825.9432636468546
33236,35.1953162131324,854.7199999994892,825.9493371991612
33237,35.1953162131324,854.7399999994892,825.9554106208182
33238,35.1953162131324,854.7599999994892,825.961483911823
33239,35.1953162131324,854.7799999994892,825.9675570721732
33240,35.1953162131324,854.7999999994892,825.9736301018662
33241,35.1953162131324,854.8199999994891,825.9797030008992
33242,35.1953162131324,854.8399999994891,825.9857757692699
33243,35.1953162131324,854.8599999994891,825.9918484069757
33244,35.1953162131324,854.8799999994891,825.9979209140139
33245,35.1953162131324,854.8999999994891,826.003993290382
33246,35.1953162131324,854.919999999489,826.0100655360775
33247,35.1953162131324,854.939999999489,826.0161376510977
33248,35.1953162131324,854.959999999489,826.02220963544
33249,35.1953162131324,854.979999999489,826.028281489102
33250,35.1953162131324,854.999999999489,826.0343532120811
33251,35.1953162131324,855.019999999489,826.0404248043747
33252,35.1953162131324,855.0399999994889,826.0464962659802
33253,35.1953162131324,855.0599999994889,826.0525675968951
33254,35.1953162131324,855.0799999994889,826.0586387971168
33255,35.1953162131324,855.0999999994889,826.0647098666428
33256,35.1953162131324,855.1199999994889,826.0707808054705
33257,35.1953162131324,855.1399999994889,826.0768516135972
33258,35.1953162131324,855.1599999994888,826.0829222910775
33259,35.1953162131324,855.1799999994888,826.0889928380878
33260,35.1953162131324,855.1999999994888,826.0950632546395
33261,35.1953162131324,855.2199999994888,826.1011335407298
33262,35.1953162131324,855.2399999994888,826.1072036963564
33263,35.1953162131324,855.2599999994887,826.1132737215164
33264,35.1953162131324,855.2799999994887,826.1193436162075
33265,35.1953162131324,855.2999999994887,826.1254133804271
33266,35.1953162131324,855.3199999994887,826.1314830141724
33267,35.1953162131324,855.3399999994887,826.1375525174411
33268,35.1953162131324,855.3599999994887,826.1436218902306
33269,35.1953162131324,855.3799999994886,826.1496911325384
33270,35.1953162131324,855.3999999994886,826.1557602443618
33271,35.1953162131324,855.4199999994886,826.1618292256983
33272,35.1953162131324,855.4399999994886,826.1678980765453
33273,35.1953162131324,855.4599999994886,826.1739667969002
33274,35.1953162131324,855.4799999994885,826.1800353867606
33275,35.1953162131324,855.4999999994885,826.1861038461237
33276,35.1953162131324,855.5199999994885,826.1921721749873
33277,35.1953162131324,855.5399999994885,826.1982403733485
33278,35.1953162131324,855.5599999994885,826.204308441205
33279,35.1953162131324,855.5799999994885,826.210376378554
33280,35.1953162131324,855.5999999994884,826.216444185393
33281,35.1953162131324,855.6199999994884,826.2225118617196
33282,35.1953162131324,855.6399999994884,826.2285794075311
33283,35.1953162131324,855.6599999994884,826.2346468228251
33284,35.1953162131324,855.6799999994884,826.2407141075988
33285,35.1953162131324,855.6999999994883,826.2467812618498
33286,35.1953162131324,855.7199999994883,826.2528482855755
33287,35.1953162131324,855.7399999994883,826.2589151787733
33288,35.1953162131324,855.7599999994883,826.2649819414407
33289,35.1953162131324,855.7799999994883,826.2710485735752
33290,35.1953162131324,855.7999999994883,826.277115075174
33291,35.1953162131324,855.8199999994882,826.2831814462348
33292,35.1953162131324,855.8399999994882,826.289247686755
33293,35.1953162131324,855.8599999994882,826.2953137967319
33294,35.1953162131324,855.8799999994882,826.301379776163
33295,35.1953162131324,855.8999999994882,826.3074456250458
33296,35.1953162131324,855.9199999994881,826.3135113433777
33297,35.1953162131324,855.9399999994881,826.3195769311562
33298,35.1953162131324,855.9599999994881,826.3256423883787
33299,35.1953162131324,855.9799999994881,826.3317077150426
33300,35.1953162131324,855.9999999994881,826.3377729111454
33301,35.1953162131324,856.019999999488,826.3438379766845
33302,35.1953162131324,856.039999999488,826.3499029116574
33303,35.1953162131324,856.059999999488,826.3559677160615
33304,35.1953162131324,856.079999999488,826.3620323898942
33305,35.1953162131324,856.099999999488,826.3680969331531
33306,35.1953162131324,856.119999999488,826.3741613458354
33307,35.1953162131324,856.1399999994879,826.3802256279388
33308,35.1953162131324,856.1599999994879,826.3862897794605
33309,35.1953162131324,856.1799999994879,826.3923538004718
33310,35.1953162131324,856.1999999994879,826.3984176911424
33311,35.1953162131324,856.2199999994879,826.4044814514806
33312,35.1953162131324,856.2399999994878,826.4105450814839
33313,35.1953162131324,856.2599999994878,826.4166085811496
33314,35.1953162131324,856.2799999994878,826.4226719504753
33315,35.1953162131324,856.2999999994878,826.4287351894585
33316,35.1953162131324,856.3199999994878,826.4347982980966
33317,35.1953162131324,856.3399999994878,826.4408612763868
33318,35.1953162131324,856.3599999994877,826.4469241243269
33319,35.1953162131324,856.3799999994877,826.452986841914
33320,35.1953162131324,856.3999999994877,826.4590494291458
33321,35.1953162131324,856.4199999994877,826.4651118860196
33322,35.1953162131324,856.4399999994877,826.4711742125328
33323,35.1953162131324,856.4599999994876,826.477236408683
33324,35.1953162131324,856.4799999994876,826.4832984744675
33325,35.1953162131324,856.4999999994876,826.4893604098837
33326,35.1953162131324,856.5199999994876,826.4954222149292
33327,35.1953162131324,856.5399999994876,826.5014838896014
33328,35.1953162131324,856.5599999994876,826.5075454338977
33329,35.1953162131324,856.5799999994875,826.5136068478155
33330,35.1953162131324,856.5999999994875,826.5196681313523
33331,35.1953162131324,856.6199999994875,826.5257292845056
33332,35.1953162131324,856.6399999994875,826.5317903072727
33333,35.1953162131324,856.6599999994875,826.5378511996511
33334,35.1953162131324,856.6799999994874,826.5439119616382
33335,35.1953162131324,856.6999999994874,826.5499725932315
33336,35.1953162131324,856.7199999994874,826.5560330944285
33337,35.1953162131324,856.7399999994874,826.5620934652264
33338,35.1953162131324,856.7599999994874,826.568153705623
33339,35.1953162131324,856.7799999994874,826.5742138156154
33340,35.1953162131324,856.7999999994873,826.5802737952013
33341,35.1953162131324,856.8199999994873,826.5863336443779
33342,35.1953162131324,856.8399999994873,826.5923933631427
33343,35.1953162131324,856.8599999994873,826.5984529514933
33344,35.1953162131324,856.8799999994873,826.604512409427
33345,35.1953162131324,856.8999999994872,826.6105717369413
33346,35.1953162131324,856.9199999994872,826.6166309340337
33347,35.1953162131324,856.9399999994872,826.6226900007015
33348,35.1953162131324,856.9599999994872,826.6287489369422
33349,35.1953162131324,856.9799999994872,826.6348077427532
33350,35.1953162131324,856.9999999994872,826.640866418132
33351,35.1953162131324,857.0199999994871,826.646924963076
33352,35.1953162131324,857.0399999994871,826.6529833775827
33353,35.1953162131324,857.0599999994871,826.6590416616494
33354,35.1953162131324,857.0799999994871,826.6650998152737
33355,35.1953162131324,857.0999999994871,826.671157838453
33356,35.1953162131324,857.119999999487,826.6772157311848
33357,35.146647694596574,857.139999999487,826.6832734934663
33358,35.146647694596574,857.159999999487,826.6893311252952
33359,35.146647694596574,857.179999999487,826.6953886266689
33360,35.146647694596574,857.199999999487,826.7014459976707
33361,35.146647694596574,857.219999999487,826.7075032384531
33362,35.146647694596574,857.2399999994869,826.7135603490212
33363,35.146647694596574,857.2599999994869,826.7196173293726
33364,35.146647694596574,857.2799999994869,826.7256741795046
33365,35.146647694596574,857.2999999994869,826.7317308994147
33366,35.146647694596574,857.3199999994869,826.7377874891005
33367,35.146647694596574,857.3399999994868,826.7438439485592
33368,35.146647694596574,857.3599999994868,826.7499002777885
33369,35.146647694596574,857.3799999994868,826.7559564767857
33370,35.146647694596574,857.3999999994868,826.7620125455485
33371,35.146647694596574,857.4199999994868,826.7680684840741
33372,35.146647694596574,857.4399999994868,826.77412429236
33373,35.146647694596574,857.4599999994867,826.7801799704039
33374,35.146647694596574,857.4799999994867,826.786235518203
33375,35.146647694596574,857.4999999994867,826.7922909357547
33376,35.146647694596574,857.5199999994867,826.7983462230568
33377,35.146647694596574,857.5399999994867,826.8044013801066
33378,35.146647694596574,857.5599999994866,826.8104564069015
33379,35.146647694596574,857.5799999994866,826.816511303439
33380,35.146647694596574,857.5999999994866,826.8225660697166
33381,35.146647694596574,857.6199999994866,826.8286207057317
33382,35.146647694596574,857.6399999994866,826.8346752114818
33383,35.146647694596574,857.6599999994866,826.8407295869644
33384,35.146647694596574,857.6799999994865,826.8467838321768
33385,35.146647694596574,857.6999999994865,826.8528379471167
33386,35.146647694596574,857.7199999994865,826.8588919317814
33387,35.146647694596574,857.7399999994865,826.8649457861685
33388,35.146647694596574,857.7599999994865,826.8709995102754
33389,35.146647694596574,857.7799999994864,826.8770531040994
33390,35.146647694596574,857.7999999994864,826.8831065676383
33391,35.146647694596574,857.8199999994864,826.8891599008892
33392,35.146647694596574,857.8399999994864,826.8952131038499
33393,35.146647694596574,857.8599999994864,826.9012661765175
33394,35.146647694596574,857.8799999994864,826.9073191188899
33395,35.146647694596574,857.8999999994863,826.9133719309642
33396,35.146647694596574,857.9199999994863,826.919424612738
33397,35.146647694596574,857.9399999994863,826.9254771642088
33398,35.146647694596574,857.9599999994863,826.931529585374
33399,35.146647694596574,857.9799999994863,826.9375818762311
33400,35.146647694596574,857.9999999994862,826.9436340367776
33401,35.146647694596574,858.0199999994862,826.9496860670108
33402,35.146647694596574,858.0399999994862,826.9557379669284
33403,35.146647694596574,858.0599999994862,826.9617897365276
33404,35.146647694596574,858.0799999994862,826.9678413758061
33405,35.146647694596574,858.0999999994862,826.9738928847612
33406,35.146647694596574,858.1199999994861,826.9799442633905
33407,35.146647694596574,858.1399999994861,826.9859955116914
33408,35.146647694596574,858.1599999994861,826.9920466296613
33409,35.146647694596574,858.1799999994861,826.9980976172978
33410,35.146647694596574,858.1999999994861,827.0041484745983
33411,35.146647694596574,858.219999999486,827.0101992016563
33412,35.146647694596574,858.239999999486,827.016249798606
33413,35.146647694596574,858.259999999486,827.0223002654495
33414,35.146647694596574,858.279999999486,827.0283506021841
33415,35.146647694596574,858.299999999486,827.0344008088074
33416,35.146647694596574,858.319999999486,827.0404508853168
33417,35.146647694596574,858.3399999994859,827.0465008317096
33418,35.146647694596574,858.3599999994859,827.0525506479836
33419,35.146647694596574,858.3799999994859,827.058600334136
33420,35.146647694596574,858.3999999994859,827.0646498901643
33421,35.146647694596574,858.4199999994859,827.0706993160661
33422,35.146647694596574,858.4399999994858,827.0767486118386
33423,35.146647694596574,858.4599999994858,827.0827977774795
33424,35.146647694596574,858.4799999994858,827.0888468129862
33425,35.146647694596574,858.4999999994858,827.094895718356
33426,35.146647694596574,858.5199999994858,827.1009444935867
33427,35.146647694596574,858.5399999994858,827.1069931386754
33428,35.146647694596574,858.5599999994857,827.1130416536198
33429,35.146647694596574,858.5799999994857,827.1190900384173
33430,35.146647694596574,858.5999999994857,827.1251382930654
33431,35.146647694596574,858.6199999994857,827.1311864175616
33432,35.146647694596574,858.6399999994857,827.1372344119031
33433,35.146647694596574,858.6599999994856,827.1432822760877
33434,35.146647694596574,858.6799999994856,827.1493300101126
33435,35.146647694596574,858.6999999994856,827.1553776139754
33436,35.146647694596574,858.7199999994856,827.1614250876735
33437,35.146647694596574,858.7399999994856,827.1674724312044
33438,35.146647694596574,858.7599999994856,827.1735196445655
33439,35.146647694596574,858.7799999994855,827.1795667277544
33440,35.146647694596574,858.7999999994855,827.1856136807684
33441,35.146647694596574,858.8199999994855,827.191660503605
33442,35.146647694596574,858.8399999994855,827.1977071962618
33443,35.146647694596574,858.8599999994855,827.2037537587362
33444,35.146647694596574,858.8799999994854,827.2098001910256
33445,35.146647694596574,858.8999999994854,827.2158464931274
33446,35.146647694596574,858.9199999994854,827.2218926650393
33447,35.146647694596574,858.9399999994854,827.2279387067584
33448,35.146647694596574,858.9599999994854,827.2339846182825
33449,35.146647694596574,858.9799999994854,827.2400303996089
33450,35.146647694596574,858.9999999994853,827.2460760507352
33451,35.146647694596574,859.0199999994853,827.2521215716587
33452,35.146647694596574,859.0399999994853,827.2581669623769
33453,35.146647694596574,859.0599999994853,827.2642122228873
33454,35.146647694596574,859.0799999994853,827.2702573531874
33455,35.146647694596574,859.0999999994852,827.2763023532746
33456,35.146647694596574,859.1199999994852,827.2823472231464
33457,35.146647694596574,859.1399999994852,827.2883919628002
33458,35.146647694596574,859.1599999994852,827.2944365722336
33459,35.146647694596574,859.1799999994852,827.300481051444
33460,35.146647694596574,859.1999999994852,827.3065254004288
33461,35.146647694596574,859.2199999994851,827.3125696191854
33462,35.146647694596574,859.2399999994851,827.3186137078261
33463,35.146647694596574,859.2599999994851,827.3246576664792
33464,35.146647694596574,859.2799999994851,827.330701495144
33465,35.146647694596574,859.2999999994851,827.3367451938179
33466,35.146647694596574,859.319999999485,827.3427887624986
33467,35.146647694596574,859.339999999485,827.3488322011832
33468,35.146647694596574,859.359999999485,827.3548755098694
33469,35.146647694596574,859.379999999485,827.3609186885546
33470,35.146647694596574,859.399999999485,827.3669617372364
33471,35.146647694596574,859.419999999485,827.373004655912
33472,35.146647694596574,859.4399999994849,827.3790474445792
33473,35.146647694596574,859.4599999994849,827.3850901032353
33474,35.146647694596574,859.4799999994849,827.3911326318777
33475,35.146647694596574,859.4999999994849,827.397175030504
33476,35.146647694596574,859.5199999994849,827.4032172991116
33477,35.146647694596574,859.5399999994848,827.409259437698
33478,35.146647694596574,859.5599999994848,827.4153014462606
33479,35.146647694596574,859.5799999994848,827.421343324797
33480,35.146647694596574,859.5999999994848,827.4273850733047
33481,35.146647694596574,859.6199999994848,827.4334266917809
33482,35.146647694596574,859.6399999994848,827.4394681802233
33483,35.146647694596574,859.6599999994847,827.4455095386294
33484,35.146647694596574,859.6799999994847,827.4515507669964
33485,35.146647694596574,859.6999999994847,827.4575918653221
33486,35.146647694596574,859.7199999994847,827.4636328336038
33487,35.146647694596574,859.7399999994847,827.469673671839
33488,35.146647694596574,859.7599999994846,827.4757143800251
33489,35.146647694596574,859.7799999994846,827.4817549581597
33490,35.146647694596574,859.7999999994846,827.4877954062403
33491,35.146647694596574,859.8199999994846,827.4938357242642
33492,35.146647694596574,859.8399999994846,827.4998759122288
33493,35.146647694596574,859.8599999994846,827.5059159701319
33494,35.146647694596574,859.8799999994845,827.5119558979708
33495,35.146647694596574,859.8999999994845,827.5179956957429
33496,35.146647694596574,859.9199999994845,827.5240353634458
33497,35.146647694596574,859.9399999994845,827.5300749010769
33498,35.146647694596574,859.9599999994845,827.5361143086336
33499,35.146647694596574,859.9799999994844,827.5421535861135
33500,35.146647694596574,859.9999999994844,827.548192733514
33501,35.146647694596574,860.0199999994844,827.5542317508326
33502,35.146647694596574,860.0399999994844,827.5602706380669
33503,35.146647694596574,860.0599999994844,827.5663093952141
33504,35.146647694596574,860.0799999994844,827.5723480222719
33505,35.146647694596574,860.0999999994843,827.5783865192376
33506,35.146647694596574,860.1199999994843,827.5844248861088
33507,35.146647694596574,860.1399999994843,827.5904631228829
33508,35.146647694596574,860.1599999994843,827.5965012295574
33509,35.146647694596574,860.1799999994843,827.6025392061298
33510,35.146647694596574,860.1999999994842,827.6085770525975
33511,35.146647694596574,860.2199999994842,827.6146147689581
33512,35.146647694596574,860.2399999994842,827.62065235521
33513,35.146647694596574,860.2599999994842,827.6266898114797
33514,35.146647694596574,860.2799999994842,827.632727137883
33515,35.146647694596574,860.2999999994842,827.6387643344175
33516,35.146647694596574,860.3199999994841,827.6448014010806
33517,35.146647694596574,860.3399999994841,827.6508383378699
33518,35.146647694596574,860.3599999994841,827.6568751447828
33519,35.146647694596574,860.3799999994841,827.6629118218168
33520,35.146647694596574,860.3999999994841,827.6689483689694
33521,35.146647694596574,860.419999999484,827.674984786238
33522,35.146647694596574,860.439999999484,827.6810210736203
33523,35.146647694596574,860.459999999484,827.6870572311135
33524,35.146647694596574,860.479999999484,827.6930932587153
33525,35.146647694596574,860.499999999484,827.699129156423
33526,35.146647694596574,860.519999999484,827.7051649242343
33527,35.146647694596574,860.5399999994839,827.7112005621464
33528,35.146647694596574,860.5599999994839,827.7172360701569
33529,35.146647694596574,860.5799999994839,827.7232714482634
33530,35.146647694596574,860.5999999994839,827.7293066964633
33531,35.146647694596574,860.6199999994839,827.735341814754
33532,35.146647694596574,860.6399999994838,827.741376803133
33533,35.146647694596574,860.6599999994838,827.7474116615979
33534,35.146647694596574,860.6799999994838,827.753446390146
33535,35.146647694596574,860.6999999994838,827.759480988775
33536,35.146647694596574,860.7199999994838,827.7655154574821
33537,35.146647694596574,860.7399999994838,827.771549796265
33538,35.146647694596574,860.7599999994837,827.7775840051212
33539,35.146647694596574,860.7799999994837,827.783618084048
33540,35.146647694596574,860.7999999994837,827.7896520330431
33541,35.146647694596574,860.8199999994837,827.7956858521038
33542,35.146647694596574,860.8399999994837,827.8017195412277
33543,35.146647694596574,860.8599999994836,827.8077531004122
33544,35.146647694596574,860.8799999994836,827.8137865296549
33545,35.146647694596574,860.8999999994836,827.8198198289531
33546,35.146647694596574,860.9199999994836,827.8258529983043
33547,35.146647694596574,860.9399999994836,827.8318860377061
33548,35.146647694596574,860.9599999994836,827.8379189471559
33549,35.146647694596574,860.9799999994835,827.8439517266513
33550,35.146647694596574,860.9999999994835,827.8499843761897
33551,35.146647694596574,861.0199999994835,827.8560168957686
33552,35.146647694596574,861.0399999994835,827.8620492853853
33553,35.146647694596574,861.0599999994835,827.8680815450375
33554,35.146647694596574,861.0799999994834,827.8741136747226
33555,35.146647694596574,861.0999999994834,827.8801456744382
33556,35.146647694596574,861.1199999994834,827.8861775441816
33557,35.146647694596574,861.1399999994834,827.8922092839504
33558,35.146647694596574,861.1599999994834,827.898240893742
33559,35.146647694596574,861.1799999994834,827.9042723735539
33560,35.146647694596574,861.1999999994833,827.9103037233837
33561,35.146647694596574,861.2199999994833,827.9163349432287
33562,35.146647694596574,861.2399999994833,827.9223660330865
33563,35.146647694596574,861.2599999994833,827.9283969929589
33564,35.146647694596574,861.2799999994833,827.9344278229928
33565,35.146647694596574,861.2999999994832,827.9404585232963
33566,35.146647694596574,861.3199999994832,827.946489093867
33567,35.146647694596574,861.3399999994832,827.9525195347022
33568,35.146647694596574,861.3599999994832,827.9585498457996
33569,35.09809123846481,861.3799999994832,827.9645800271564
33570,35.09809123846481,861.3999999994832,827.9706100787705
33571,35.09809123846481,861.4199999994831,827.9766400006391
33572,35.09809123846481,861.4399999994831,827.9826697927598
33573,35.09809123846481,861.4599999994831,827.98869945513
33574,35.09809123846481,861.4799999994831,827.9947289877473
33575,35.09809123846481,861.4999999994831,828.0007583906091
33576,35.09809123846481,861.519999999483,828.006787663713
33577,35.09809123846481,861.539999999483,828.0128168070564
33578,35.09809123846481,861.559999999483,828.0188458206369
33579,35.09809123846481,861.579999999483,828.0248747044519
33580,35.09809123846481,861.599999999483,828.0309034584989
33581,35.09809123846481,861.619999999483,828.0369320827754
33582,35.09809123846481,861.6399999994829,828.0429605772789
33583,35.09809123846481,861.6599999994829,828.0489889420069
33584,35.09809123846481,861.6799999994829,828.0550171769569
33585,35.09809123846481,861.6999999994829,828.0610452821263
33586,35.09809123846481,861.7199999994829,828.0670732575128
33587,35.09809123846481,861.7399999994828,828.0731011031137
33588,35.09809123846481,861.7599999994828,828.0791288189266
33589,35.09809123846481,861.7799999994828,828.085156404949
33590,35.09809123846481,861.7999999994828,828.0911838611783
33591,35.09809123846481,861.8199999994828,828.097211187612
33592,35.09809123846481,861.8399999994828,828.1032383842477
33593,35.09809123846481,861.8599999994827,828.1092654510828
33594,35.09809123846481,861.8799999994827,828.1152923881149
33595,35.09809123846481,861.8999999994827,828.1213191953414
33596,35.09809123846481,861.9199999994827,828.1273458727597
33597,35.09809123846481,861.9399999994827,828.1333724203676
33598,35.09809123846481,861.9599999994826,828.1393988381623
33599,35.09809123846481,861.9799999994826,828.1454251261414
33600,35.09809123846481,861.9999999994826,828.1514512843024
33601,35.09809123846481,862.0199999994826,828.1574773126428
33602,35.09809123846481,862.0399999994826,828.16350321116
33603,35.09809123846481,862.0599999994826,828.1695289798516
33604,35.09809123846481,862.0799999994825,828.1755546187152
33605,35.09809123846481,862.0999999994825,828.181580127748
33606,35.09809123846481,862.1199999994825,828.1876055069478
33607,35.09809123846481,862.1399999994825,828.1936307563119
33608,35.09809123846481,862.1599999994825,828.1996558758378
33609,35.09809123846481,862.1799999994824,828.2056808655232
33610,35.09809123846481,862.1999999994824,828.2117057253653
33611,35.09809123846481,862.2199999994824,828.2177304553618
33612,35.09809123846481,862.2399999994824,828.2237550555101
33613,35.09809123846481,862.2599999994824,828.2297795258077
33614,35.09809123846481,862.2799999994824,828.2358038662586
33615,35.09809123846481,862.2999999994823,828.2418280770011
33616,35.09809123846481,862.3199999994823,828.247852158115
33617,35.09809123846481,862.3399999994823,828.2538761095982
33618,35.09809123846481,862.3599999994823,828.2598999314479
33619,35.09809123846481,862.3799999994823,828.2659236236617
33620,35.09809123846481,862.3999999994822,828.2719471862372
33621,35.09809123846481,862.4199999994822,828.2779706191717
33622,35.09809123846481,862.4399999994822,828.2839939224629
33623,35.09809123846481,862.4599999994822,828.2900170961082
33624,35.09809123846481,862.4799999994822,828.2960401401051
33625,35.09809123846481,862.4999999994822,828.3020630544511
33626,35.09809123846481,862.5199999994821,828.3080858391437
33627,35.09809123846481,862.5399999994821,828.3141084941805
33628,35.09809123846481,862.5599999994821,828.3201310195589
33629,35.09809123846481,862.5799999994821,828.3261534152764
33630,35.09809123846481,862.5999999994821,828.3321756813306
33631,35.09809123846481,862.619999999482,828.3381978177189
33632,35.09809123846481,862.639999999482,828.3442198244388
33633,35.09809123846481,862.659999999482,828.3502417014879
33634,35.09809123846481,862.679999999482,828.3562634488637
33635,35.09809123846481,862.699999999482,828.3622850665637
33636,35.09809123846481,862.719999999482,828.3683065545853
33637,35.09809123846481,862.7399999994819,828.3743279129261
33638,35.09809123846481,862.7599999994819,828.3803491415836
33639,35.09809123846481,862.7799999994819,828.3863702405552
33640,35.09809123846481,862.7999999994819,828.3923912098385
33641,35.09809123846481,862.8199999994819,828.3984120494309
33642,35.09809123846481,862.8399999994818,828.4044327593301
33643,35.09809123846481,862.8599999994818,828.4104533395335
33644,35.09809123846481,862.8799999994818,828.4164737900386
33645,35.09809123846481,862.8999999994818,828.4224941108429
33646,35.09809123846481,862.9199999994818,828.4285143019439
33647,35.09809123846481,862.9399999994818,828.434534363339
33648,35.09809123846481,862.9599999994817,828.4405542950259
33649,35.09809123846481,862.9799999994817,828.446574097002
33650,35.09809123846481,862.9999999994817,828.4525937692648
33651,35.09809123846481,863.0199999994817,828.4586133118119
33652,35.09809123846481,863.0399999994817,828.4646327246406
33653,35.09809123846481,863.0599999994816,828.4706520077486
33654,35.09809123846481,863.0799999994816,828.4766711611335
33655,35.09809123846481,863.0999999994816,828.4826901847925
33656,35.09809123846481,863.1199999994816,828.4887090787233
33657,35.09809123846481,863.1399999994816,828.4947278429233
33658,35.09809123846481,863.1599999994816,828.5007464773902
33659,35.09809123846481,863.1799999994815,828.5067649821212
33660,35.09809123846481,863.1999999994815,828.5127833571141
33661,35.09809123846481,863.2199999994815,828.5188016023662
33662,35.09809123846481,863.2399999994815,828.5248197178752
33663,35.09809123846481,863.2599999994815,828.5308377036383
33664,35.09809123846481,863.2799999994814,828.5368555596533
33665,35.09809123846481,863.2999999994814,828.5428732859274
33666,35.09809123846481,863.3199999994814,828.5488908826202
33667,35.09809123846481,863.3399999994814,828.5549083498029
33668,35.09809123846481,863.3599999994814,828.5609256874732
33669,35.09809123846481,863.3799999994814,828.5669428956285
33670,35.09809123846481,863.3999999994813,828.5729599742663
33671,35.09809123846481,863.4199999994813,828.5789769233841
33672,35.09809123846481,863.4399999994813,828.5849937429795
33673,35.09809123846481,863.4599999994813,828.5910104330499
33674,35.09809123846481,863.4799999994813,828.5970269935929
33675,35.09809123846481,863.4999999994812,828.603043424606
33676,35.09809123846481,863.5199999994812,828.6090597260867
33677,35.09809123846481,863.5399999994812,828.6150758980325
33678,35.09809123846481,863.5599999994812,828.6210919404409
33679,35.09809123846481,863.5799999994812,828.6271078533096
33680,35.09809123846481,863.5999999994812,828.6331236366358
33681,35.09809123846481,863.6199999994811,828.6391392904172
33682,35.09809123846481,863.6399999994811,828.6451548146513
33683,35.09809123846481,863.6599999994811,828.6511702093355
33684,35.09809123846481,863.6799999994811,828.6571854744675
33685,35.09809123846481,863.6999999994811,828.6632006100447
33686,35.09809123846481,863.719999999481,828.6692156160647
33687,35.09809123846481,863.739999999481,828.6752304925249
33688,35.09809123846481,863.759999999481,828.6812452394228
33689,35.09809123846481,863.779999999481,828.687259856756
33690,35.09809123846481,863.799999999481,828.693274344522
33691,35.09809123846481,863.819999999481,828.6992887027184
33692,35.09809123846481,863.8399999994809,828.7053029313425
33693,35.09809123846481,863.8599999994809,828.711317030392
33694,35.09809123846481,863.8799999994809,828.7173309998643
33695,35.09809123846481,863.8999999994809,828.7233448397569
33696,35.09809123846481,863.9199999994809,828.7293585500674
33697,35.09809123846481,863.9399999994808,828.7353721307934
33698,35.09809123846481,863.9599999994808,828.7413855819321
33699,35.09809123846481,863.9799999994808,828.7473989034813
33700,35.09809123846481,863.9999999994808,828.7534120954384
33701,35.09809123846481,864.0199999994808,828.7594251578009
33702,35.09809123846481,864.0399999994808,828.7654380905665
33703,35.09809123846481,864.0599999994807,828.7714508937324
33704,35.09809123846481,864.0799999994807,828.7774635672964
33705,35.09809123846481,864.0999999994807,828.7834761112559
33706,35.09809123846481,864.1199999994807,828.7894885256084
33707,35.09809123846481,864.1399999994807,828.7955008103513
33708,35.09809123846481,864.1599999994806,828.8015129654823
33709,35.09809123846481,864.1799999994806,828.8075249909989
33710,35.09809123846481,864.1999999994806,828.8135368868985
33711,35.09809123846481,864.2199999994806,828.8195486531788
33712,35.09809123846481,864.2399999994806,828.8255602898371
33713,35.09809123846481,864.2599999994806,828.831571796871
33714,35.09809123846481,864.2799999994805,828.837583174278
33715,35.09809123846481,864.2999999994805,828.8435944220557
33716,35.09809123846481,864.3199999994805,828.8496055402143
33717,35.09809123846481,864.3399999994805,828.8556165289253
33718,35.09809123846481,864.3599999994805,828.861627388246
33719,35.09809123846481,864.3799999994804,828.8676381181737
33720,35.09809123846481,864.3999999994804,828.8736487187059
33721,35.09809123846481,864.4199999994804,828.8796591898403
33722,35.09809123846481,864.4399999994804,828.8856695315742
33723,35.09809123846481,864.4599999994804,828.8916797439053
33724,35.09809123846481,864.4799999994804,828.8976898268311
33725,35.09809123846481,864.4999999994803,828.903699780349
33726,35.09809123846481,864.5199999994803,828.9097096044567
33727,35.09809123846481,864.5399999994803,828.9157192991515
33728,35.09809123846481,864.5599999994803,828.9217288644311
33729,35.09809123846481,864.5799999994803,828.927738300293
33730,35.09809123846481,864.5999999994802,828.9337476067346
33731,35.09809123846481,864.6199999994802,828.9397567837536
33732,35.09809123846481,864.6399999994802,828.9457658313474
33733,35.09809123846481,864.6599999994802,828.9517747495136
33734,35.09809123846481,864.6799999994802,828.9577835382496
33735,35.09809123846481,864.6999999994802,828.963792197553
33736,35.09809123846481,864.7199999994801,828.9698007274212
33737,35.09809123846481,864.7399999994801,828.975809127852
33738,35.09809123846481,864.7599999994801,828.9818173988427
33739,35.09809123846481,864.7799999994801,828.987825540391
33740,35.09809123846481,864.7999999994801,828.9938335524942
33741,35.09809123846481,864.81999999948,828.9998414351498
33742,35.09809123846481,864.83999999948,829.0058491883557
33743,35.09809123846481,864.85999999948,829.011856812109
33744,35.09809123846481,864.87999999948,829.0178643064075
33745,35.09809123846481,864.89999999948,829.0238716712487
33746,35.09809123846481,864.91999999948,829.02987890663
33747,35.09809123846481,864.9399999994799,829.0358860125489
33748,35.09809123846481,864.9599999994799,829.0418929890029
33749,35.09809123846481,864.9799999994799,829.0478998359897
33750,35.09809123846481,864.9999999994799,829.0539065535067
33751,35.09809123846481,865.0199999994799,829.0599131415515
33752,35.09809123846481,865.0399999994798,829.0659196001217
33753,35.09809123846481,865.0599999994798,829.0719259292146
33754,35.09809123846481,865.0799999994798,829.0779321288278
33755,35.09809123846481,865.0999999994798,829.0839381989589
33756,35.09809123846481,865.1199999994798,829.0899441396053
33757,35.09809123846481,865.1399999994798,829.0959499507646
33758,35.09809123846481,865.1599999994797,829.1019556324344
33759,35.09809123846481,865.1799999994797,829.1079611846121
33760,35.09809123846481,865.1999999994797,829.1139666072953
33761,35.09809123846481,865.2199999994797,829.1199719004815
33762,35.09809123846481,865.2399999994797,829.1259770641682
33763,35.09809123846481,865.2599999994796,829.131982098353
33764,35.09809123846481,865.2799999994796,829.1379870030332
33765,35.09809123846481,865.2999999994796,829.1439917782067
33766,35.09809123846481,865.3199999994796,829.1499964238707
33767,35.09809123846481,865.3399999994796,829.1560009400395
33768,35.09809123846481,865.3599999994796,829.1620053269085
33769,35.09809123846481,865.3799999994795,829.1680095845229
33770,35.09809123846481,865.3999999994795,829.1740137128805
33771,35.09809123846481,865.4199999994795,829.1800177119787
33772,35.09809123846481,865.4399999994795,829.1860215818151
33773,35.09809123846481,865.4599999994795,829.1920253223872
33774,35.09809123846481,865.4799999994794,829.1980289336924
33775,35.09809123846481,865.4999999994794,829.2040324157284
33776,35.09809123846481,865.5199999994794,829.2100357684926
33777,35.09809123846481,865.5399999994794,829.2160389919827
33778,35.09809123846481,865.5599999994794,829.2220420861961
33779,35.09809123846481,865.5799999994794,829.2280450511304
33780,35.09809123846481,865.5999999994793,829.2340478867831
33781,35.09809123846481,865.6199999994793,829.2400505931516
33782,35.049646483826265,865.6399999994793,829.2460531702336
33783,35.049646483826265,865.6599999994793,829.2520556180266
33784,35.049646483826265,865.6799999994793,829.2580579365281
33785,35.049646483826265,865.6999999994792,829.2640601257357
33786,35.049646483826265,865.7199999994792,829.2700621856468
33787,35.049646483826265,865.7399999994792,829.276064116259
33788,35.049646483826265,865.7599999994792,829.28206591757
33789,35.049646483826265,865.7799999994792,829.288067589577
33790,35.049646483826265,865.7999999994792,829.2940691322779
33791,35.049646483826265,865.8199999994791,829.3000705456699
33792,35.049646483826265,865.8399999994791,829.3060718297506
33793,35.049646483826265,865.8599999994791,829.3120729845177
33794,35.049646483826265,865.8799999994791,829.3180740099687
33795,35.049646483826265,865.8999999994791,829.3240749061009
33796,35.049646483826265,865.919999999479,829.3300756729121
33797,35.049646483826265,865.939999999479,829.3360763103998
33798,35.049646483826265,865.959999999479,829.3420768185614
33799,35.049646483826265,865.979999999479,829.3480771973944
33800,35.049646483826265,865.999999999479,829.3540774468966
33801,35.049646483826265,866.019999999479,829.3600775670652
33802,35.049646483826265,866.0399999994789,829.3660775578979
33803,35.049646483826265,866.0599999994789,829.3720774193923
33804,35.049646483826265,866.0799999994789,829.3780771515459
33805,35.049646483826265,866.0999999994789,829.3840767543561
33806,35.049646483826265,866.1199999994789,829.3900762278205
33807,35.049646483826265,866.1399999994788,829.3960755719366
33808,35.049646483826265,866.1599999994788,829.4020747867021
33809,35.049646483826265,866.1799999994788,829.4080738721143
33810,35.049646483826265,866.1999999994788,829.4140728281709
33811,35.049646483826265,866.2199999994788,829.4200716548694
33812,35.049646483826265,866.2399999994788,829.4260703522073
33813,35.049646483826265,866.2599999994787,829.4320689201821
33814,35.049646483826265,866.2799999994787,829.4380673587914
33815,35.049646483826265,866.2999999994787,829.4440656680326
33816,35.049646483826265,866.3199999994787,829.4500638479035
33817,35.049646483826265,866.3399999994787,829.4560618984015
33818,35.049646483826265,866.3599999994786,829.4620598195411
33819,35.049646483826265,866.3799999994786,829.4680576115026
33820,35.049646483826265,866.3999999994786,829.4740552743115
33821,35.049646483826265,866.4199999994786,829.4800528079653
33822,35.049646483826265,866.4399999994786,829.4860502124617
33823,35.049646483826265,866.4599999994786,829.4920474877981
33824,35.049646483826265,866.4799999994785,829.4980446339721
33825,35.049646483826265,866.4999999994785,829.5040416509812
33826,35.049646483826265,866.5199999994785,829.510038538823
33827,35.049646483826265,866.5399999994785,829.516035297495
33828,35.049646483826265,866.5599999994785,829.5220319269948
33829,35.049646483826265,866.5799999994784,829.5280284273199
33830,35.049646483826265,866.5999999994784,829.5340247984677
33831,35.049646483826265,866.6199999994784,829.5400210404359
33832,35.049646483826265,866.6399999994784,829.5460171532221
33833,35.049646483826265,866.6599999994784,829.5520131368237
33834,35.049646483826265,866.6799999994784,829.5580089912382
33835,35.049646483826265,866.6999999994783,829.5640047164634
33836,35.049646483826265,866.7199999994783,829.5700003124965
33837,35.049646483826265,866.7399999994783,829.5759957793354
33838,35.049646483826265,866.7599999994783,829.5819911169773
33839,35.049646483826265,866.7799999994783,829.5879863254199
33840,35.049646483826265,866.7999999994782,829.5939814046608
33841,35.049646483826265,866.8199999994782,829.5999763546973
33842,35.049646483826265,866.8399999994782,829.6059711755272
33843,35.049646483826265,866.8599999994782,829.611965867148
33844,35.049646483826265,866.8799999994782,829.6179604295571
33845,35.049646483826265,866.8999999994782,829.6239548627522
33846,35.049646483826265,866.9199999994781,829.6299491667307
33847,35.049646483826265,866.9399999994781,829.6359433414902
33848,35.049646483826265,866.9599999994781,829.6419373870283
33849,35.049646483826265,866.9799999994781,829.6479313033425
33850,35.049646483826265,866.9999999994781,829.6539250904303
33851,35.049646483826265,867.019999999478,829.6599187482893
33852,35.049646483826265,867.039999999478,829.665912276917
33853,35.049646483826265,867.059999999478,829.6719056763109
33854,35.049646483826265,867.079999999478,829.6778989464686
33855,35.049646483826265,867.099999999478,829.6838920873877
33856,35.049646483826265,867.119999999478,829.6898850990656
33857,35.049646483826265,867.1399999994779,829.6958779815
33858,35.049646483826265,867.1599999994779,829.7018707346882
33859,35.049646483826265,867.1799999994779,829.7078633586281
33860,35.049646483826265,867.1999999994779,829.7138558533169
33861,35.049646483826265,867.2199999994779,829.7198482187523
33862,35.049646483826265,867.2399999994778,829.7258404549318
33863,35.049646483826265,867.2599999994778,829.731832561853
33864,35.049646483826265,867.2799999994778,829.7378245395134
33865,35.049646483826265,867.2999999994778,829.7438163879106
33866,35.049646483826265,867.3199999994778,829.749808107042
33867,35.049646483826265,867.3399999994778,829.7557996969052
33868,35.049646483826265,867.3599999994777,829.7617911574978
33869,35.049646483826265,867.3799999994777,829.767782488842
33870,35.049646483826265,867.3999999994777,829.7737736911333
33871,35.049646483826265,867.4199999994777,829.7797647643886
33872,35.049646483826265,867.4399999994777,829.7857557086053
33873,35.049646483826265,867.4599999994776,829.7917465237811
33874,35.049646483826265,867.4799999994776,829.7977372099134
33875,35.049646483826265,867.4999999994776,829.8037277669998
33876,35.049646483826265,867.5199999994776,829.8097181950379
33877,35.049646483826265,867.5399999994776,829.8157084940252
33878,35.049646483826265,867.5599999994776,829.8216986639593
33879,35.049646483826265,867.5799999994775,829.8276887048377
33880,35.049646483826265,867.5999999994775,829.833678616658
33881,35.049646483826265,867.6199999994775,829.8396683994176
33882,35.049646483826265,867.6399999994775,829.8456580531142
33883,35.049646483826265,867.6599999994775,829.8516475777453
33884,35.049646483826265,867.6799999994774,829.8576369733084
33885,35.049646483826265,867.6999999994774,829.8636262398012
33886,35.049646483826265,867.7199999994774,829.8696153772211
33887,35.049646483826265,867.7399999994774,829.8756043855657
33888,35.049646483826265,867.7599999994774,829.8815932648325
33889,35.049646483826265,867.7799999994774,829.8875820150191
33890,35.049646483826265,867.7999999994773,829.8935706361231
33891,35.049646483826265,867.8199999994773,829.8995591281418
33892,35.049646483826265,867.8399999994773,829.9055474910731
33893,35.049646483826265,867.8599999994773,829.9115357249143
33894,35.049646483826265,867.8799999994773,829.9175238296631
33895,35.049646483826265,867.8999999994772,829.9235118053169
33896,35.049646483826265,867.9199999994772,829.9294996518734
33897,35.049646483826265,867.9399999994772,829.93548736933
33898,35.049646483826265,867.9599999994772,829.9414749576842
33899,35.049646483826265,867.9799999994772,829.9474624169338
33900,35.049646483826265,867.9999999994772,829.9534497470762
33901,35.049646483826265,868.0199999994771,829.959436948109
33902,35.049646483826265,868.0399999994771,829.9654240200297
33903,35.049646483826265,868.0599999994771,829.9714109628358
33904,35.049646483826265,868.0799999994771,829.9773977765249
33905,35.049646483826265,868.0999999994771,829.9833844610946
33906,35.049646483826265,868.119999999477,829.9893710165423
33907,35.049646483826265,868.139999999477,829.9953574428658
33908,35.049646483826265,868.159999999477,830.0013437400796
33909,35.049646483826265,868.179999999477,830.007329908479
33910,35.049646483826265,868.199999999477,830.013315948205
33911,35.049646483826265,868.219999999477,830.0193018592552
33912,35.049646483826265,868.2399999994769,830.0252876416271
33913,35.049646483826265,868.2599999994769,830.0312732953183
33914,35.049646483826265,868.2799999994769,830.0372588203265
33915,35.049646483826265,868.2999999994769,830.0432442166493
33916,35.049646483826265,868.3199999994769,830.0492294842843
33917,35.049646483826265,868.3399999994768,830.0552146232291
33918,35.049646483826265,868.3599999994768,830.0611996334811
33919,35.049646483826265,868.3799999994768,830.0671845150381
33920,35.049646483826265,868.3999999994768,830.0731692679366
33921,35.049646483826265,868.4199999994768,830.0791538923608
33922,35.049646483826265,868.4399999994768,830.0851383883246
33923,35.049646483826265,868.4599999994767,830.0911227558256
33924,35.049646483826265,868.4799999994767,830.0971069948615
33925,35.049646483826265,868.4999999994767,830.1030911054298
33926,35.049646483826265,868.5199999994767,830.1090750875283
33927,35.049646483826265,868.5399999994767,830.1150589411543
33928,35.049646483826265,868.5599999994766,830.1210426663056
33929,35.049646483826265,868.5799999994766,830.1270262629797
33930,35.049646483826265,868.5999999994766,830.1330097311743
33931,35.049646483826265,868.6199999994766,830.138993070887
33932,35.049646483826265,868.6399999994766,830.1449762821153
33933,35.049646483826265,868.6599999994766,830.1509593648569
33934,35.049646483826265,868.6799999994765,830.1569423191095
33935,35.049646483826265,868.6999999994765,830.1629251448705
33936,35.049646483826265,868.7199999994765,830.1689078421376
33937,35.049646483826265,868.7399999994765,830.1748904109085
33938,35.049646483826265,868.7599999994765,830.1808728511805
33939,35.049646483826265,868.7799999994764,830.1868551629515
33940,35.049646483826265,868.7999999994764,830.192837346219
33941,35.049646483826265,868.8199999994764,830.1988194009806
33942,35.049646483826265,868.8399999994764,830.2048013272339
33943,35.049646483826265,868.8599999994764,830.2107831249765
33944,35.049646483826265,868.8799999994764,830.216764794206
33945,35.049646483826265,868.8999999994763,830.2227463349201
33946,35.049646483826265,868.9199999994763,830.2287277471163
33947,35.049646483826265,868.9399999994763,830.2347090307923
33948,35.049646483826265,868.9599999994763,830.2406901859455
33949,35.049646483826265,868.9799999994763,830.2466712125737
33950,35.049646483826265,868.9999999994762,830.2526521106744
33951,35.049646483826265,869.0199999994762,830.2586328802453
33952,35.049646483826265,869.0399999994762,830.2646135212839
33953,35.049646483826265,869.0599999994762,830.2705940337879
33954,35.049646483826265,869.0799999994762,830.2765744177549
33955,35.049646483826265,869.0999999994762,830.2825546731824
33956,35.049646483826265,869.1199999994761,830.2885348000681
33957,35.049646483826265,869.1399999994761,830.2945147984095
33958,35.049646483826265,869.1599999994761,830.3004946682044
33959,35.049646483826265,869.1799999994761,830.3064744094502
33960,35.049646483826265,869.1999999994761,830.3124540221446
33961,35.049646483826265,869.219999999476,830.3184335062853
33962,35.049646483826265,869.239999999476,830.3244128618697
33963,35.049646483826265,869.259999999476,830.3303920888956
33964,35.049646483826265,869.279999999476,830.3363711873604
33965,35.049646483826265,869.299999999476,830.3423501572619
33966,35.049646483826265,869.319999999476,830.3483289985976
33967,35.049646483826265,869.3399999994759,830.3543077113651
33968,35.049646483826265,869.3599999994759,830.360286295562
33969,35.049646483826265,869.3799999994759,830.366264751186
33970,35.049646483826265,869.3999999994759,830.3722430782346
33971,35.049646483826265,869.4199999994759,830.3782212767616
33972,35.049646483826265,869.4399999994758,830.3841993469485
33973,35.049646483826265,869.4599999994758,830.3901772888076
33974,35.049646483826265,869.4799999994758,830.3961551023364
33975,35.049646483826265,869.4999999994758,830.4021327875323
33976,35.049646483826265,869.5199999994758,830.4081103443931
33977,35.049646483826265,869.5399999994758,830.4140877729164
33978,35.049646483826265,869.5599999994757,830.4200650730999
33979,35.049646483826265,869.5799999994757,830.4260422449411
33980,35.049646483826265,869.5999999994757,830.4320192884376
33981,35.049646483826265,869.6199999994757,830.4379962035871
33982,35.049646483826265,869.6399999994757,830.4439729903871
33983,35.049646483826265,869.6599999994756,830.4499496488354
33984,35.049646483826265,869.6799999994756,830.4559261789294
33985,35.049646483826265,869.6999999994756,830.4619025806669
33986,35.049646483826265,869.7199999994756,830.4678788540455
33987,35.049646483826265,869.7399999994756,830.4738549990627
33988,35.049646483826265,869.7599999994756,830.4798310157162
33989,35.049646483826265,869.7799999994755,830.4858069040035
33990,35.049646483826265,869.7999999994755,830.4917826639224
33991,35.049646483826265,869.8199999994755,830.4977582954705
33992,35.049646483826265,869.8399999994755,830.5037337986453
33993,35.049646483826265,869.8599999994755,830.5097091734444
33994,35.049646483826265,869.8799999994754,830.5156844198656
33995,35.049646483826265,869.8999999994754,830.5216595379063
33996,35.049646483826265,869.9199999994754,830.5276345275644
33997,35.049646483826265,869.9399999994754,830.5336093888372
33998,35.049646483826265,869.9599999994754,830.5395841217226
33999,35.049646483826265,869.9799999994754,830.5455587262179
34000,35.00131307126316,869.9999999994753,830.551533202321
34001,35.00131307126316,870.0199999994753,830.5575075500294
34002,35.00131307126316,870.0399999994753,830.5634817693408
34003,35.00131307126316,870.0599999994753,830.5694558602527
34004,35.00131307126316,870.0799999994753,830.5754298227628
34005,35.00131307126316,870.0999999994752,830.5814036568686
34006,35.00131307126316,870.1199999994752,830.5873773625678
34007,35.00131307126316,870.1399999994752,830.5933509398582
34008,35.00131307126316,870.1599999994752,830.5993243887372
34009,35.00131307126316,870.1799999994752,830.6052977092024
34010,35.00131307126316,870.1999999994752,830.6112709012515
34011,35.00131307126316,870.2199999994751,830.617243964882
34012,35.00131307126316,870.2399999994751,830.6232169000917
34013,35.00131307126316,870.2599999994751,830.6291897068782
34014,35.00131307126316,870.2799999994751,830.635162385239
34015,35.00131307126316,870.2999999994751,830.6411349351719
34016,35.00131307126316,870.319999999475,830.6471073566743
34017,35.00131307126316,870.339999999475,830.6530796497439
34018,35.00131307126316,870.359999999475,830.6590518143784
34019,35.00131307126316,870.379999999475,830.6650238505753
34020,35.00131307126316,870.399999999475,830.6709957583323
34021,35.00131307126316,870.419999999475,830.676967537647
34022,35.00131307126316,870.4399999994749,830.6829391885789
34023,35.00131307126316,870.4599999994749,830.6889107112755
34024,35.00131307126316,870.4799999994749,830.6948821057445
34025,35.00131307126316,870.4999999994749,830.7008533719833
34026,35.00131307126316,870.5199999994749,830.7068245099897
34027,35.00131307126316,870.5399999994748,830.7127955197612
34028,35.00131307126316,870.5599999994748,830.7187664012956
34029,35.00131307126316,870.5799999994748,830.7247371545905
34030,35.00131307126316,870.5999999994748,830.7307077796434
34031,35.00131307126316,870.6199999994748,830.7366782764519
34032,35.00131307126316,870.6399999994748,830.7426486450138
34033,35.00131307126316,870.6599999994747,830.7486188853267
34034,35.00131307126316,870.6799999994747,830.754588997388
34035,35.00131307126316,870.6999999994747,830.7605589811957
34036,35.00131307126316,870.7199999994747,830.7665288367472
34037,35.00131307126316,870.7399999994747,830.7724985640401
34038,35.00131307126316,870.7599999994746,830.7784681630723
34039,35.00131307126316,870.7799999994746,830.7844376338411
34040,35.00131307126316,870.7999999994746,830.7904069763443
34041,35.00131307126316,870.8199999994746,830.7963761905796
34042,35.00131307126316,870.8399999994746,830.8023452765445
34043,35.00131307126316,870.8599999994746,830.8083142342367
34044,35.00131307126316,870.8799999994745,830.8142830636539
34045,35.00131307126316,870.8999999994745,830.8202517647935
34046,35.00131307126316,870.9199999994745,830.8262203376534
34047,35.00131307126316,870.9399999994745,830.832188782231
34048,35.00131307126316,870.9599999994745,830.8381570985241
34049,35.00131307126316,870.9799999994744,830.8441252865304
34050,35.00131307126316,870.9999999994744,830.8500933462473
34051,35.00131307126316,871.0199999994744,830.8560612776726
34052,35.00131307126316,871.0399999994744,830.8620290808038
34053,35.00131307126316,871.0599999994744,830.8679967556387
34054,35.00131307126316,871.0799999994744,830.8739643021748
34055,35.00131307126316,871.0999999994743,830.8799317204098
34056,35.00131307126316,871.1199999994743,830.8858990103413
34057,35.00131307126316,871.1399999994743,830.891866171967
34058,35.00131307126316,871.1599999994743,830.8978332052844
34059,35.00131307126316,871.1799999994743,830.9038001102913
34060,35.00131307126316,871.1999999994742,830.9097668869852
34061,35.00131307126316,871.2199999994742,830.9157335353638
34062,35.00131307126316,871.2399999994742,830.9217000554247
34063,35.00131307126316,871.2599999994742,830.9276664471655
34064,35.00131307126316,871.2799999994742,830.933632710584
34065,35.00131307126316,871.2999999994742,830.9395988456777
34066,35.00131307126316,871.3199999994741,830.9455648524441
34067,35.00131307126316,871.3399999994741,830.9515307308811
34068,35.00131307126316,871.3599999994741,830.9574964809863
34069,35.00131307126316,871.3799999994741,830.9634621027571
34070,35.00131307126316,871.3999999994741,830.9694275961914
34071,35.00131307126316,871.419999999474,830.9753929612866
34072,35.00131307126316,871.439999999474,830.9813581980405
34073,35.00131307126316,871.459999999474,830.9873233065315
34074,35.00131307126316,871.479999999474,830.9932882869075
34075,35.00131307126316,871.499999999474,830.9992531391739
34076,35.00131307126316,871.519999999474,831.0052178633284
34077,35.00131307126316,871.5399999994739,831.0111824593687
34078,35.00131307126316,871.5599999994739,831.0171469272923
34079,35.00131307126316,871.5799999994739,831.0231112670969
34080,35.00131307126316,871.5999999994739,831.0290754787801
34081,35.00131307126316,871.6199999994739,831.0350395623396
34082,35.00131307126316,871.6399999994738,831.0410035177731
34083,35.00131307126316,871.6599999994738,831.0469673450782
34084,35.00131307126316,871.6799999994738,831.0529310442524
34085,35.00131307126316,871.6999999994738,831.0588946152935
34086,35.00131307126316,871.7199999994738,831.0648580581991
34087,35.00131307126316,871.7399999994738,831.0708213729669
34088,35.00131307126316,871.7599999994737,831.0767845595944
34089,35.00131307126316,871.7799999994737,831.0827476180795
34090,35.00131307126316,871.7999999994737,831.0887105484195
34091,35.00131307126316,871.8199999994737,831.0946733506122
34092,35.00131307126316,871.8399999994737,831.1006360246553
34093,35.00131307126316,871.8599999994736,831.1065985705463
34094,35.00131307126316,871.8799999994736,831.1125609882831
34095,35.00131307126316,871.8999999994736,831.1185232778631
34096,35.00131307126316,871.9199999994736,831.1244854392841
34097,35.00131307126316,871.9399999994736,831.1304474725436
34098,35.00131307126316,871.9599999994736,831.1364093776392
34099,35.00131307126316,871.9799999994735,831.1423711545688
34100,35.00131307126316,871.9999999994735,831.1483328033298
34101,35.00131307126316,872.0199999994735,831.15429432392
34102,35.00131307126316,872.0399999994735,831.160255716337
34103,35.00131307126316,872.0599999994735,831.1662169805784
34104,35.00131307126316,872.0799999994734,831.1721781166418
34105,35.00131307126316,872.0999999994734,831.178139124525
34106,35.00131307126316,872.1199999994734,831.1841000042256
34107,35.00131307126316,872.1399999994734,831.1900607557411
34108,35.00131307126316,872.1599999994734,831.1960213790693
34109,35.00131307126316,872.1799999994734,831.2019818742077
34110,35.00131307126316,872.1999999994733,831.2079422411541
34111,35.00131307126316,872.2199999994733,831.2139024799061
34112,35.00131307126316,872.2399999994733,831.2198625904613
34113,35.00131307126316,872.2599999994733,831.2258225728173
34114,35.00131307126316,872.2799999994733,831.2317824269718
34115,35.00131307126316,872.2999999994732,831.2377421529225
34116,35.00131307126316,872.3199999994732,831.2437017506669
34117,35.00131307126316,872.3399999994732,831.2496612202028
34118,35.00131307126316,872.3599999994732,831.2556205615277
34119,35.00131307126316,872.3799999994732,831.2615797746395
34120,35.00131307126316,872.3999999994732,831.2675388595355
34121,35.00131307126316,872.4199999994731,831.2734978162135
34122,35.00131307126316,872.4399999994731,831.2794566446712
34123,35.00131307126316,872.4599999994731,831.2854153449063
34124,35.00131307126316,872.4799999994731,831.2913739170115
34125,35.00131307126316,872.4999999994731,831.2973323611245
34126,35.00131307126316,872.519999999473,831.3032906772479
34127,35.00131307126316,872.539999999473,831.3092488653792
34128,35.00131307126316,872.559999999473,831.3152069255162
34129,35.00131307126316,872.579999999473,831.3211648576565
34130,35.00131307126316,872.599999999473,831.3271226617978
34131,35.00131307126316,872.619999999473,831.3330803379378
34132,35.00131307126316,872.6399999994729,831.3390378860739
34133,35.00131307126316,872.6599999994729,831.3449953062039
34134,35.00131307126316,872.6799999994729,831.3509525983255
34135,35.00131307126316,872.6999999994729,831.3569097624363
34136,35.00131307126316,872.7199999994729,831.362866798534
34137,35.00131307126316,872.7399999994728,831.3688237066162
34138,35.00131307126316,872.7599999994728,831.3747804866806
34139,35.00131307126316,872.7799999994728,831.3807371387247
34140,35.00131307126316,872.7999999994728,831.3866936627463
34141,35.00131307126316,872.8199999994728,831.392650058743
34142,35.00131307126316,872.8399999994728,831.3986063267125
34143,35.00131307126316,872.8599999994727,831.4045624666525
34144,35.00131307126316,872.8799999994727,831.4105184785604
34145,35.00131307126316,872.8999999994727,831.4164743624341
34146,35.00131307126316,872.9199999994727,831.4224301182711
34147,35.00131307126316,872.9399999994727,831.4283857460692
34148,35.00131307126316,872.9599999994726,831.434341245826
34149,35.00131307126316,872.9799999994726,831.440296617539
34150,35.00131307126316,872.9999999994726,831.4462518612061
34151,35.00131307126316,873.0199999994726,831.4522069768248
34152,35.00131307126316,873.0399999994726,831.4581619643927
34153,35.00131307126316,873.0599999994726,831.4641168239076
34154,35.00131307126316,873.0799999994725,831.4700715553671
34155,35.00131307126316,873.0999999994725,831.4760261587688
34156,35.00131307126316,873.1199999994725,831.4819806341104
34157,35.00131307126316,873.1399999994725,831.4879349813896
34158,35.00131307126316,873.1599999994725,831.4938892006039
34159,35.00131307126316,873.1799999994724,831.4998432917511
34160,35.00131307126316,873.1999999994724,831.5057972548287
34161,35.00131307126316,873.2199999994724,831.5117510898345
34162,35.00131307126316,873.2399999994724,831.5177047967661
34163,35.00131307126316,873.2599999994724,831.5236583756212
34164,35.00131307126316,873.2799999994724,831.5296118263973
34165,35.00131307126316,873.2999999994723,831.5355651490922
34166,35.00131307126316,873.3199999994723,831.5415183437035
34167,35.00131307126316,873.3399999994723,831.5474714102289
34168,35.00131307126316,873.3599999994723,831.553424348666
34169,35.00131307126316,873.3799999994723,831.5593771590125
34170,35.00131307126316,873.3999999994722,831.5653298412659
34171,35.00131307126316,873.4199999994722,831.5712823954241
34172,35.00131307126316,873.4399999994722,831.5772348214846
34173,35.00131307126316,873.4599999994722,831.583187119445
34174,35.00131307126316,873.4799999994722,831.589139289303
34175,35.00131307126316,873.4999999994722,831.5950913311735
34176,35.00131307126316,873.5199999994721,831.6010432451918
34177,35.00131307126316,873.5399999994721,831.6069950313578
34178,35.00131307126316,873.5599999994721,831.612946689669
34179,35.00131307126316,873.5799999994721,831.6188982201231
34180,35.00131307126316,873.5999999994721,831.6248496227179
34181,35.00131307126316,873.619999999472,831.630800897451
34182,35.00131307126316,873.639999999472,831.63675204432
34183,35.00131307126316,873.659999999472,831.6427030633226
34184,35.00131307126316,873.679999999472,831.6486539544566
34185,35.00131307126316,873.699999999472,831.6546047177194
34186,35.00131307126316,873.719999999472,831.6605553531087
34187,35.00131307126316,873.7399999994719,831.6665058606224
34188,35.00131307126316,873.7599999994719,831.6724562402578
34189,35.00131307126316,873.7799999994719,831.6784064920129
34190,35.00131307126316,873.7999999994719,831.6843566158851
34191,35.00131307126316,873.8199999994719,831.6903066118722
34192,35.00131307126316,873.8399999994718,831.6962564799718
34193,35.00131307126316,873.8599999994718,831.7022062201816
34194,35.00131307126316,873.8799999994718,831.7081558324992
34195,35.00131307126316,873.8999999994718,831.7141053169223
34196,35.00131307126316,873.9199999994718,831.7200546734485
34197,35.00131307126316,873.9399999994718,831.7260039020756
34198,35.00131307126316,873.9599999994717,831.7319530028011
34199,35.00131307126316,873.9799999994717,831.7379019756228
34200,35.00131307126316,873.9999999994717,831.7438508205382
34201,35.00131307126316,874.0199999994717,831.7497995375451
34202,35.00131307126316,874.0399999994717,831.755748126641
34203,35.00131307126316,874.0599999994716,831.7616965878237
34204,35.00131307126316,874.0799999994716,831.7676449210909
34205,35.00131307126316,874.0999999994716,831.7735931264401
34206,35.00131307126316,874.1199999994716,831.779541203869
34207,35.00131307126316,874.1399999994716,831.7854891533754
34208,35.00131307126316,874.1599999994716,831.7914369749567
34209,35.00131307126316,874.1799999994715,831.7973846686108
34210,35.00131307126316,874.1999999994715,831.8033322343352
34211,35.00131307126316,874.2199999994715,831.8092796721278
34212,35.00131307126316,874.2399999994715,831.815226981986
34213,35.00131307126316,874.2599999994715,831.8211741639076
34214,34.953090642843264,874.2799999994714,831.8271212178902
34215,34.953090642843264,874.2999999994714,831.8330681439314
34216,34.953090642843264,874.3199999994714,831.8390149420289
34217,34.953090642843264,874.3399999994714,831.8449616121804
34218,34.953090642843264,874.3599999994714,831.8509081543837
34219,34.953090642843264,874.3799999994714,831.8568545686362
34220,34.953090642843264,874.3999999994713,831.8628008549357
34221,34.953090642843264,874.4199999994713,831.8687470132797
34222,34.953090642843264,874.4399999994713,831.8746930436661
34223,34.953090642843264,874.4599999994713,831.8806389460924
34224,34.953090642843264,874.4799999994713,831.8865847205564
34225,34.953090642843264,874.4999999994712,831.8925303670562
34226,34.953090642843264,874.5199999994712,831.8984758857047
34227,34.953090642843264,874.5399999994712,831.9044212766084
34228,34.953090642843264,874.5599999994712,831.9103665397652
34229,34.953090642843264,874.5799999994712,831.9163116751724
34230,34.953090642843264,874.5999999994712,831.922256682828
34231,34.953090642843264,874.6199999994711,831.9282015627294
34232,34.953090642843264,874.6399999994711,831.9341463148744
34233,34.953090642843264,874.6599999994711,831.9400909392607
34234,34.953090642843264,874.6799999994711,831.9460354358858
34235,34.953090642843264,874.6999999994711,831.9519798047476
34236,34.953090642843264,874.719999999471,831.9579240458435
34237,34.953090642843264,874.739999999471,831.9638681591713
34238,34.953090642843264,874.759999999471,831.9698121447286
34239,34.953090642843264,874.779999999471,831.9757560025132
34240,34.953090642843264,874.799999999471,831.9816997325227
34241,34.953090642843264,874.819999999471,831.9876433347546
34242,34.953090642843264,874.8399999994709,831.9935868092067
34243,34.953090642843264,874.8599999994709,831.9995301558768
34244,34.953090642843264,874.8799999994709,832.0054733747623
34245,34.953090642843264,874.8999999994709,832.0114164658611
34246,34.953090642843264,874.9199999994709,832.0173594291707
34247,34.953090642843264,874.9399999994708,832.0233022646888
34248,34.953090642843264,874.9599999994708,832.029244972413
34249,34.953090642843264,874.9799999994708,832.0351875523411
34250,34.953090642843264,874.9999999994708,832.0411300044707
34251,34.953090642843264,875.0199999994708,832.0470723287993
34252,34.953090642843264,875.0399999994708,832.0530145253249
34253,34.953090642843264,875.0599999994707,832.0589565940448
34254,34.953090642843264,875.0799999994707,832.064898534957
34255,34.953090642843264,875.0999999994707,832.0708403480589
34256,34.953090642843264,875.1199999994707,832.0767820333483
34257,34.953090642843264,875.1399999994707,832.0827235908229
34258,34.953090642843264,875.1599999994706,832.0886650204802
34259,34.953090642843264,875.1799999994706,832.094606322318
34260,34.953090642843264,875.1999999994706,832.1005474963339
34261,34.953090642843264,875.2199999994706,832.1064885425255
34262,34.953090642843264,875.2399999994706,832.1124294608907
34263,34.953090642843264,875.2599999994706,832.1183702514269
34264,34.953090642843264,875.2799999994705,832.1243109141319
34265,34.953090642843264,875.2999999994705,832.1302514490034
34266,34.953090642843264,875.3199999994705,832.1361918560389
34267,34.953090642843264,875.3399999994705,832.1421321352361
34268,34.953090642843264,875.3599999994705,832.1480722865928
34269,34.953090642843264,875.3799999994704,832.1540123101065
34270,34.953090642843264,875.3999999994704,832.159952205775
34271,34.953090642843264,875.4199999994704,832.1658919735959
34272,34.953090642843264,875.4399999994704,832.1718316135668
34273,34.953090642843264,875.4599999994704,832.1777711256856
34274,34.953090642843264,875.4799999994704,832.1837105099497
34275,34.953090642843264,875.4999999994703,832.1896497663569
34276,34.953090642843264,875.5199999994703,832.1955888949083
34277,34.953090642843264,875.5399999994703,832.2015278957343
34278,34.953090642843264,875.5599999994703,832.2074667689341
34279,34.953090642843264,875.5799999994703,832.213405514505
34280,34.953090642843264,875.5999999994702,832.2193441324448
34281,34.953090642843264,875.6199999994702,832.2252826227513
34282,34.953090642843264,875.6399999994702,832.2312209854219
34283,34.953090642843264,875.6599999994702,832.2371592204546
34284,34.953090642843264,875.6799999994702,832.2430973278468
34285,34.953090642843264,875.6999999994702,832.2490353075964
34286,34.953090642843264,875.7199999994701,832.2549731597009
34287,34.953090642843264,875.7399999994701,832.260910884158
34288,34.953090642843264,875.7599999994701,832.2668484809653
34289,34.953090642843264,875.7799999994701,832.2727859501206
34290,34.953090642843264,875.7999999994701,832.2787232916214
34291,34.953090642843264,875.81999999947,832.2846605054656
34292,34.953090642843264,875.83999999947,832.2905975916507
34293,34.953090642843264,875.85999999947,832.2965345501744
34294,34.953090642843264,875.87999999947,832.3024713810345
34295,34.953090642843264,875.89999999947,832.3084080842284
34296,34.953090642843264,875.91999999947,832.3143446597539
34297,34.953090642843264,875.9399999994699,832.3202811076088
34298,34.953090642843264,875.9599999994699,832.3262174277907
34299,34.953090642843264,875.9799999994699,832.332153620297
34300,34.953090642843264,875.9999999994699,832.3380896851257
34301,34.953090642843264,876.0199999994699,832.3440256222744
34302,34.953090642843264,876.0399999994698,832.3499614317408
34303,34.953090642843264,876.0599999994698,832.3558971135224
34304,34.953090642843264,876.0799999994698,832.3618326676169
34305,34.953090642843264,876.0999999994698,832.3677680940222
34306,34.953090642843264,876.1199999994698,832.3737033927357
34307,34.953090642843264,876.1399999994698,832.3796385637552
34308,34.953090642843264,876.1599999994697,832.3855736070783
34309,34.953090642843264,876.1799999994697,832.3915085227028
34310,34.953090642843264,876.1999999994697,832.3974433106263
34311,34.953090642843264,876.2199999994697,832.4033779708463
34312,34.953090642843264,876.2399999994697,832.4093125033608
34313,34.953090642843264,876.2599999994696,832.4152469081672
34314,34.953090642843264,876.2799999994696,832.4211811852633
34315,34.953090642843264,876.2999999994696,832.4271153346467
34316,34.953090642843264,876.3199999994696,832.4330493563151
34317,34.953090642843264,876.3399999994696,832.4389832502662
34318,34.953090642843264,876.3599999994696,832.4449170164977
34319,34.953090642843264,876.3799999994695,832.4508506550071
34320,34.953090642843264,876.3999999994695,832.4567841657922
34321,34.953090642843264,876.4199999994695,832.4627175488507
34322,34.953090642843264,876.4399999994695,832.4686508041802
34323,34.953090642843264,876.4599999994695,832.4745839317784
34324,34.953090642843264,876.4799999994694,832.4805169316429
34325,34.953090642843264,876.4999999994694,832.4864498037715
34326,34.953090642843264,876.5199999994694,832.4923825481618
34327,34.953090642843264,876.5399999994694,832.4983151648178
34328,34.953090642843264,876.5599999994694,832.5042476538814
34329,34.953090642843264,876.5799999994694,832.5101800154378
34330,34.953090642843264,876.5999999994693,832.5161122494845
34331,34.953090642843264,876.6199999994693,832.5220443560194
34332,34.953090642843264,876.6399999994693,832.52797633504
34333,34.953090642843264,876.6599999994693,832.5339081865441
34334,34.953090642843264,876.6799999994693,832.5398399105292
34335,34.953090642843264,876.6999999994692,832.5457715069931
34336,34.953090642843264,876.7199999994692,832.5517029759335
34337,34.953090642843264,876.7399999994692,832.5576343173481
34338,34.953090642843264,876.7599999994692,832.5635655312344
34339,34.953090642843264,876.7799999994692,832.5694966175902
34340,34.953090642843264,876.7999999994692,832.5754275764132
34341,34.953090642843264,876.8199999994691,832.581358407701
34342,34.953090642843264,876.8399999994691,832.5872891114514
34343,34.953090642843264,876.8599999994691,832.5932196876619
34344,34.953090642843264,876.8799999994691,832.5991501363302
34345,34.953090642843264,876.8999999994691,832.605080457454
34346,34.953090642843264,876.919999999469,832.6110106510312
34347,34.953090642843264,876.939999999469,832.6169407170592
34348,34.953090642843264,876.959999999469,832.6228706555357
34349,34.953090642843264,876.979999999469,832.6288004664585
34350,34.953090642843264,876.999999999469,832.6347301498253
34351,34.953090642843264,877.019999999469,832.6406597056335
34352,34.953090642843264,877.0399999994689,832.6465891338811
34353,34.953090642843264,877.0599999994689,832.6525184345655
34354,34.953090642843264,877.0799999994689,832.6584476076846
34355,34.953090642843264,877.0999999994689,832.664376653236
34356,34.953090642843264,877.1199999994689,832.6703055712173
34357,34.953090642843264,877.1399999994688,832.6762343616263
34358,34.953090642843264,877.1599999994688,832.6821630244606
34359,34.953090642843264,877.1799999994688,832.6880915597178
34360,34.953090642843264,877.1999999994688,832.6940199673958
34361,34.953090642843264,877.2199999994688,832.6999482474921
34362,34.953090642843264,877.2399999994688,832.7058764000044
34363,34.953090642843264,877.2599999994687,832.7118044249304
34364,34.953090642843264,877.2799999994687,832.7177323222678
34365,34.953090642843264,877.2999999994687,832.7236600920143
34366,34.953090642843264,877.3199999994687,832.7295877341674
34367,34.953090642843264,877.3399999994687,832.7355152487249
34368,34.953090642843264,877.3599999994686,832.7414426356846
34369,34.953090642843264,877.3799999994686,832.747369895044
34370,34.953090642843264,877.3999999994686,832.7532970268009
34371,34.953090642843264,877.4199999994686,832.7592240309527
34372,34.953090642843264,877.4399999994686,832.7651509074974
34373,34.953090642843264,877.4599999994686,832.7710776564326
34374,34.953090642843264,877.4799999994685,832.7770042777559
34375,34.953090642843264,877.4999999994685,832.782930771465
34376,34.953090642843264,877.5199999994685,832.7888571375576
34377,34.953090642843264,877.5399999994685,832.7947833760313
34378,34.953090642843264,877.5599999994685,832.8007094868933
34379,34.953090642843264,877.5799999994684,832.8066354703012
34380,34.953090642843264,877.5999999994684,832.8125613263281
34381,34.953090642843264,877.6199999994684,832.8184870549717
34382,34.953090642843264,877.6399999994684,832.8244126562296
34383,34.953090642843264,877.6599999994684,832.8303381300994
34384,34.953090642843264,877.6799999994684,832.836263476579
34385,34.953090642843264,877.6999999994683,832.842188695666
34386,34.953090642843264,877.7199999994683,832.848113787358
34387,34.953090642843264,877.7399999994683,832.8540387516526
34388,34.953090642843264,877.7599999994683,832.8599635885477
34389,34.953090642843264,877.7799999994683,832.8658882980408
34390,34.953090642843264,877.7999999994682,832.8718128801296
34391,34.953090642843264,877.8199999994682,832.8777373348117
34392,34.953090642843264,877.8399999994682,832.883661662085
34393,34.953090642843264,877.8599999994682,832.889585861947
34394,34.953090642843264,877.8799999994682,832.8955099343955
34395,34.953090642843264,877.8999999994682,832.9014338794279
34396,34.953090642843264,877.9199999994681,832.9073576970422
34397,34.953090642843264,877.9399999994681,832.913281387236
34398,34.953090642843264,877.9599999994681,832.9192049500068
34399,34.953090642843264,877.9799999994681,832.9251283853524
34400,34.953090642843264,877.9999999994681,832.9310516932704
34401,34.953090642843264,878.019999999468,832.9369748737586
34402,34.953090642843264,878.039999999468,832.9428979268146
34403,34.953090642843264,878.059999999468,832.948820852436
34404,34.953090642843264,878.079999999468,832.9547436506207
34405,34.953090642843264,878.099999999468,832.9606663213661
34406,34.953090642843264,878.119999999468,832.9665888646701
34407,34.953090642843264,878.1399999994679,832.9725112805303
34408,34.953090642843264,878.1599999994679,832.9784335689443
34409,34.953090642843264,878.1799999994679,832.9843557299098
34410,34.953090642843264,878.1999999994679,832.9902777634245
34411,34.953090642843264,878.2199999994679,832.996199669486
34412,34.953090642843264,878.2399999994678,833.0021214480921
34413,34.953090642843264,878.2599999994678,833.0080430992405
34414,34.953090642843264,878.2799999994678,833.0139646229287
34415,34.953090642843264,878.2999999994678,833.0198860191546
34416,34.953090642843264,878.3199999994678,833.0258072879157
34417,34.953090642843264,878.3399999994678,833.0317284292096
34418,34.953090642843264,878.3599999994677,833.0376494430342
34419,34.953090642843264,878.3799999994677,833.0435703293871
34420,34.953090642843264,878.3999999994677,833.0494910882659
34421,34.953090642843264,878.4199999994677,833.0554117196683
34422,34.953090642843264,878.4399999994677,833.061332223592
34423,34.953090642843264,878.4599999994676,833.0672526000346
34424,34.953090642843264,878.4799999994676,833.073172848994
34425,34.953090642843264,878.4999999994676,833.0790929704676
34426,34.953090642843264,878.5199999994676,833.0850129644533
34427,34.953090642843264,878.5399999994676,833.0909328309486
34428,34.953090642843264,878.5599999994675,833.0968525699512
34429,34.9049788421124,878.5799999994675,833.1027721814709
34430,34.9049788421124,878.5999999994675,833.108691665673
34431,34.9049788421124,878.6199999994675,833.1146110226149
34432,34.9049788421124,878.6399999994675,833.1205302522943
34433,34.9049788421124,878.6599999994675,833.1264493547089
34434,34.9049788421124,878.6799999994674,833.1323683298565
34435,34.9049788421124,878.6999999994674,833.1382871777346
34436,34.9049788421124,878.7199999994674,833.1442058983409
34437,34.9049788421124,878.7399999994674,833.1501244916733
34438,34.9049788421124,878.7599999994674,833.1560429577294
34439,34.9049788421124,878.7799999994673,833.1619612965068
34440,34.9049788421124,878.7999999994673,833.1678795080032
34441,34.9049788421124,878.8199999994673,833.1737975922165
34442,34.9049788421124,878.8399999994673,833.1797155491441
34443,34.9049788421124,878.8599999994673,833.1856333787839
34444,34.9049788421124,878.8799999994673,833.1915510811335
34445,34.9049788421124,878.8999999994672,833.1974686561907
34446,34.9049788421124,878.9199999994672,833.2033861039532
34447,34.9049788421124,878.9399999994672,833.2093034244186
34448,34.9049788421124,878.9599999994672,833.2152206175847
34449,34.9049788421124,878.9799999994672,833.221137683449
34450,34.9049788421124,878.9999999994671,833.2270546220094
34451,34.9049788421124,879.0199999994671,833.2329714332635
34452,34.9049788421124,879.0399999994671,833.2388881172091
34453,34.9049788421124,879.0599999994671,833.2448046738436
34454,34.9049788421124,879.0799999994671,833.2507211031651
34455,34.9049788421124,879.0999999994671,833.2566374051711
34456,34.9049788421124,879.119999999467,833.2625535798593
34457,34.9049788421124,879.139999999467,833.2684696272273
34458,34.9049788421124,879.159999999467,833.2743855472729
34459,34.9049788421124,879.179999999467,833.2803013399938
34460,34.9049788421124,879.199999999467,833.2862170053877
34461,34.9049788421124,879.219999999467,833.2921325434523
34462,34.9049788421124,879.2399999994669,833.2980479541853
34463,34.9049788421124,879.2599999994669,833.3039632375844
34464,34.9049788421124,879.2799999994669,833.3098783936473
34465,34.9049788421124,879.2999999994669,833.3157934223716
34466,34.9049788421124,879.3199999994669,833.321708323755
34467,34.9049788421124,879.3399999994668,833.3276230977954
34468,34.9049788421124,879.3599999994668,833.3335377444903
34469,34.9049788421124,879.3799999994668,833.3394522638375
34470,34.9049788421124,879.3999999994668,833.3453666558347
34471,34.9049788421124,879.4199999994668,833.3512809204796
34472,34.9049788421124,879.4399999994667,833.3571950577697
34473,34.9049788421124,879.4599999994667,833.3631090677029
34474,34.9049788421124,879.4799999994667,833.3690229502769
34475,34.9049788421124,879.4999999994667,833.3749367054893
34476,34.9049788421124,879.5199999994667,833.3808503333379
34477,34.9049788421124,879.5399999994667,833.3867638338203
34478,34.9049788421124,879.5599999994666,833.3926772069342
34479,34.9049788421124,879.5799999994666,833.3985904526774
34480,34.9049788421124,879.5999999994666,833.4045035710615
34481,34.9049788421124,879.6199999994666,833.410416562253
34482,34.9049788421124,879.6399999994666,833.4163294262926
34483,34.9049788421124,879.6599999994665,833.422242163178
34484,34.9049788421124,879.6799999994665,833.4281547729069
34485,34.9049788421124,879.6999999994665,833.4340672554769
34486,34.9049788421124,879.7199999994665,833.4399796108858
34487,34.9049788421124,879.7399999994665,833.4458918391311
34488,34.9049788421124,879.7599999994665,833.4518039402108
34489,34.9049788421124,879.7799999994664,833.4577159141223
34490,34.9049788421124,879.7999999994664,833.4636277608636
34491,34.9049788421124,879.8199999994664,833.4695394804321
34492,34.9049788421124,879.8399999994664,833.4754510728256
34493,34.9049788421124,879.8599999994664,833.4813625380419
34494,34.9049788421124,879.8799999994663,833.4872738760787
34495,34.9049788421124,879.8999999994663,833.4931850869335
34496,34.9049788421124,879.9199999994663,833.4990961706042
34497,34.9049788421124,879.9399999994663,833.5050071270883
34498,34.9049788421124,879.9599999994663,833.5109179563837
34499,34.9049788421124,879.9799999994663,833.516828658488
34500,34.9049788421124,879.9999999994662,833.5227392333987
34501,34.9049788421124,880.0199999994662,833.5286496811138
34502,34.9049788421124,880.0399999994662,833.5345600016309
34503,34.9049788421124,880.0599999994662,833.5404701949477
34504,34.9049788421124,880.0799999994662,833.5463802610618
34505,34.9049788421124,880.0999999994661,833.552290199971
34506,34.9049788421124,880.1199999994661,833.558200011673
34507,34.9049788421124,880.1399999994661,833.5641096961654
34508,34.9049788421124,880.1599999994661,833.5700192534459
34509,34.9049788421124,880.1799999994661,833.5759286835124
34510,34.9049788421124,880.1999999994661,833.5818379863624
34511,34.9049788421124,880.219999999466,833.5877471619937
34512,34.9049788421124,880.239999999466,833.5936562104038
34513,34.9049788421124,880.259999999466,833.5995651315906
34514,34.9049788421124,880.279999999466,833.6054739255517
34515,34.9049788421124,880.299999999466,833.6113825922848
34516,34.9049788421124,880.319999999466,833.6172911317877
34517,34.9049788421124,880.3399999994659,833.623199544058
34518,34.9049788421124,880.3599999994659,833.6291078290934
34519,34.9049788421124,880.3799999994659,833.6350159868916
34520,34.9049788421124,880.3999999994659,833.6409240174503
34521,34.9049788421124,880.4199999994659,833.6468319207672
34522,34.9049788421124,880.4399999994658,833.6527396968401
34523,34.9049788421124,880.4599999994658,833.6586473456665
34524,34.9049788421124,880.4799999994658,833.6645548672442
34525,34.9049788421124,880.4999999994658,833.6704622615708
34526,34.9049788421124,880.5199999994658,833.6763695286442
34527,34.9049788421124,880.5399999994657,833.6822766684619
34528,34.9049788421124,880.5599999994657,833.6881836810218
34529,34.9049788421124,880.5799999994657,833.6940905663214
34530,34.9049788421124,880.5999999994657,833.6999973243585
34531,34.9049788421124,880.6199999994657,833.7059039551481
34532,34.9049788421124,880.6399999994657,833.7118104588747
34533,34.9049788421124,880.6599999994656,833.7177168355669
34534,34.9049788421124,880.6799999994656,833.7236230852225
34535,34.9049788421124,880.6999999994656,833.729529207839
34536,34.9049788421124,880.7199999994656,833.7354352034143
34537,34.9049788421124,880.7399999994656,833.7413410719461
34538,34.9049788421124,880.7599999994655,833.747246813432
34539,34.9049788421124,880.7799999994655,833.7531524278696
34540,34.9049788421124,880.7999999994655,833.7590579152568
34541,34.9049788421124,880.8199999994655,833.7649632755913
34542,34.9049788421124,880.8399999994655,833.7708685088706
34543,34.9049788421124,880.8599999994655,833.7767736150927
34544,34.9049788421124,880.8799999994654,833.7826785942551
34545,34.9049788421124,880.8999999994654,833.7885834463556
34546,34.9049788421124,880.9199999994654,833.7944881713918
34547,34.9049788421124,880.9399999994654,833.8003927693615
34548,34.9049788421124,880.9599999994654,833.8062972402623
34549,34.9049788421124,880.9799999994653,833.8122015840921
34550,34.9049788421124,880.9999999994653,833.8181058008485
34551,34.9049788421124,881.0199999994653,833.824009890529
34552,34.9049788421124,881.0399999994653,833.8299138531316
34553,34.9049788421124,881.0599999994653,833.835817688654
34554,34.9049788421124,881.0799999994653,833.8417213970937
34555,34.9049788421124,881.0999999994652,833.8476249784485
34556,34.9049788421124,881.1199999994652,833.8535284327162
34557,34.9049788421124,881.1399999994652,833.8594317598944
34558,34.9049788421124,881.1599999994652,833.8653349599808
34559,34.9049788421124,881.1799999994652,833.8712380329731
34560,34.9049788421124,881.1999999994651,833.8771409788691
34561,34.9049788421124,881.2199999994651,833.8830437976663
34562,34.9049788421124,881.2399999994651,833.8889464893626
34563,34.9049788421124,881.2599999994651,833.8948490539557
34564,34.9049788421124,881.2799999994651,833.9007514914432
34565,34.9049788421124,881.2999999994651,833.9066538018229
34566,34.9049788421124,881.319999999465,833.9125559850925
34567,34.9049788421124,881.339999999465,833.9184580412496
34568,34.9049788421124,881.359999999465,833.924359970292
34569,34.9049788421124,881.379999999465,833.9302617722174
34570,34.9049788421124,881.399999999465,833.9361634470234
34571,34.9049788421124,881.419999999465,833.942064994708
34572,34.9049788421124,881.4399999994649,833.9479664152685
34573,34.9049788421124,881.4599999994649,833.9538677087029
34574,34.9049788421124,881.4799999994649,833.9597688750088
34575,34.9049788421124,881.4999999994649,833.9656699141839
34576,34.9049788421124,881.5199999994649,833.971570826226
34577,34.9049788421124,881.5399999994648,833.9774716111326
34578,34.9049788421124,881.5599999994648,833.9833722689016
34579,34.9049788421124,881.5799999994648,833.9892727995306
34580,34.9049788421124,881.5999999994648,833.9951732030173
34581,34.9049788421124,881.6199999994648,834.0010734793595
34582,34.9049788421124,881.6399999994647,834.0069736285772
34583,34.9049788421124,881.6599999994647,834.0128736508622
34584,34.9049788421124,881.6799999994647,834.0187735462314
34585,34.9049788421124,881.6999999994647,834.0246733146824
34586,34.9049788421124,881.7199999994647,834.0305729562132
34587,34.9049788421124,881.7399999994647,834.0364724708212
34588,34.9049788421124,881.7599999994646,834.0423718585042
34589,34.9049788421124,881.7799999994646,834.0482711192601
34590,34.9049788421124,881.7999999994646,834.0541702530865
34591,34.9049788421124,881.8199999994646,834.060069259981
34592,34.9049788421124,881.8399999994646,834.0659681399414
34593,34.9049788421124,881.8599999994645,834.0718668929654
34594,34.9049788421124,881.8799999994645,834.0777655190508
34595,34.9049788421124,881.8999999994645,834.0836640181952
34596,34.9049788421124,881.9199999994645,834.0895623903964
34597,34.9049788421124,881.9399999994645,834.0954606356521
34598,34.9049788421124,881.9599999994645,834.10135875396
34599,34.9049788421124,881.9799999994644,834.1072567453177
34600,34.9049788421124,881.9999999994644,834.1131546097231
34601,34.9049788421124,882.0199999994644,834.1190523471738
34602,34.9049788421124,882.0399999994644,834.1249499576676
34603,34.9049788421124,882.0599999994644,834.1308474412021
34604,34.9049788421124,882.0799999994643,834.1367447977752
34605,34.9049788421124,882.0999999994643,834.1426420273846
34606,34.9049788421124,882.1199999994643,834.1485391300278
34607,34.9049788421124,882.1399999994643,834.1544361057026
34608,34.9049788421124,882.1599999994643,834.1603329544068
34609,34.9049788421124,882.1799999994643,834.1662296761381
34610,34.9049788421124,882.1999999994642,834.1721262708941
34611,34.9049788421124,882.2199999994642,834.1780227386727
34612,34.9049788421124,882.2399999994642,834.1839190794715
34613,34.9049788421124,882.2599999994642,834.1898152932881
34614,34.9049788421124,882.2799999994642,834.1957113801204
34615,34.9049788421124,882.2999999994641,834.2016073399661
34616,34.9049788421124,882.3199999994641,834.207503172823
34617,34.9049788421124,882.3399999994641,834.2133988786885
34618,34.9049788421124,882.3599999994641,834.2192944575606
34619,34.9049788421124,882.3799999994641,834.225189909437
34620,34.9049788421124,882.3999999994641,834.2310852343152
34621,34.9049788421124,882.419999999464,834.236980432193
34622,34.9049788421124,882.439999999464,834.2428755030684
34623,34.9049788421124,882.459999999464,834.2487704469388
34624,34.9049788421124,882.479999999464,834.254665263802
34625,34.9049788421124,882.499999999464,834.2605599536557
34626,34.9049788421124,882.519999999464,834.2664545164977
34627,34.9049788421124,882.5399999994639,834.2723489523256
34628,34.9049788421124,882.5599999994639,834.2782432611372
34629,34.9049788421124,882.5799999994639,834.2841374429302
34630,34.9049788421124,882.5999999994639,834.2900314977022
34631,34.9049788421124,882.6199999994639,834.2959254254512
34632,34.9049788421124,882.6399999994638,834.3018192261746
34633,34.9049788421124,882.6599999994638,834.3077128999086
34634,34.9049788421124,882.6799999994638,834.3136064468441
34635,34.9049788421124,882.6999999994638,834.3194998669964
34636,34.9049788421124,882.7199999994638,834.3253931603631
34637,34.9049788421124,882.7399999994637,834.331286326942
34638,34.9049788421124,882.7599999994637,834.3371793667307
34639,34.9049788421124,882.7799999994637,834.343072279727
34640,34.9049788421124,882.7999999994637,834.3489650659287
34641,34.9049788421124,882.8199999994637,834.3548577253335
34642,34.9049788421124,882.8399999994637,834.3607502579391
34643,34.9049788421124,882.8599999994636,834.3666426637433
34644,34.85697731408698,882.8799999994636,834.3725349427436
34645,34.85697731408698,882.8999999994636,834.378427094938
34646,34.85697731408698,882.9199999994636,834.3843191203242
34647,34.85697731408698,882.9399999994636,834.3902110188999
34648,34.85697731408698,882.9599999994635,834.3961027906628
34649,34.85697731408698,882.9799999994635,834.4019944356105
34650,34.85697731408698,882.9999999994635,834.4078859537409
34651,34.85697731408698,883.0199999994635,834.4137773450517
34652,34.85697731408698,883.0399999994635,834.4196686095407
34653,34.85697731408698,883.0599999994635,834.4255597472056
34654,34.85697731408698,883.0799999994634,834.4314507580441
34655,34.85697731408698,883.0999999994634,834.4373416420539
34656,34.85697731408698,883.1199999994634,834.4432323992327
34657,34.85697731408698,883.1399999994634,834.4491230295783
34658,34.85697731408698,883.1599999994634,834.4550135330885
34659,34.85697731408698,883.1799999994633,834.460903909761
34660,34.85697731408698,883.1999999994633,834.4667941595934
34661,34.85697731408698,883.2199999994633,834.4726842825836
34662,34.85697731408698,883.2399999994633,834.4785742787293
34663,34.85697731408698,883.2599999994633,834.4844641480281
34664,34.85697731408698,883.2799999994633,834.4903538904779
34665,34.85697731408698,883.2999999994632,834.4962435060763
34666,34.85697731408698,883.3199999994632,834.5021329948212
34667,34.85697731408698,883.3399999994632,834.5080223567102
34668,34.85697731408698,883.3599999994632,834.513911591741
34669,34.85697731408698,883.3799999994632,834.5198006999115
34670,34.85697731408698,883.3999999994631,834.5256896812192
34671,34.85697731408698,883.4199999994631,834.531578535662
34672,34.85697731408698,883.4399999994631,834.5374672632377
34673,34.85697731408698,883.4599999994631,834.5433558639438
34674,34.85697731408698,883.4799999994631,834.5492443377782
34675,34.85697731408698,883.4999999994631,834.5551326847386
34676,34.85697731408698,883.519999999463,834.5610209048228
34677,34.85697731408698,883.539999999463,834.5669089980285
34678,34.85697731408698,883.559999999463,834.5727969643533
34679,34.85697731408698,883.579999999463,834.5786848037951
34680,34.85697731408698,883.599999999463,834.5845725163515
34681,34.85697731408698,883.619999999463,834.5904601020203
34682,34.85697731408698,883.6399999994629,834.5963475607992
34683,34.85697731408698,883.6599999994629,834.602234892686
34684,34.85697731408698,883.6799999994629,834.6081220977247
34685,34.85697731408698,883.6999999994629,834.6140091760723
34686,34.85697731408698,883.7199999994629,834.6198961277389
34687,34.85697731408698,883.7399999994628,834.6257829527224
34688,34.85697731408698,883.7599999994628,834.6316696510204
34689,34.85697731408698,883.7799999994628,834.6375562226307
34690,34.85697731408698,883.7999999994628,834.6434426675511
34691,34.85697731408698,883.8199999994628,834.6493289857793
34692,34.85697731408698,883.8399999994627,834.6552151773132
34693,34.85697731408698,883.8599999994627,834.6611012421503
34694,34.85697731408698,883.8799999994627,834.6669871802884
34695,34.85697731408698,883.8999999994627,834.6728729917254
34696,34.85697731408698,883.9199999994627,834.6787586764589
34697,34.85697731408698,883.9399999994627,834.6846442344867
34698,34.85697731408698,883.9599999994626,834.6905296658065
34699,34.85697731408698,883.9799999994626,834.6964149704161
34700,34.85697731408698,883.9999999994626,834.7023001483132
34701,34.85697731408698,884.0199999994626,834.7081851994956
34702,34.85697731408698,884.0399999994626,834.7140701239609
34703,34.85697731408698,884.0599999994625,834.7199549217071
34704,34.85697731408698,884.0799999994625,834.7258395927317
34705,34.85697731408698,884.0999999994625,834.7317241370326
34706,34.85697731408698,884.1199999994625,834.7376085546076
34707,34.85697731408698,884.1399999994625,834.7434928454543
34708,34.85697731408698,884.1599999994625,834.7493770095705
34709,34.85697731408698,884.1799999994624,834.7552610469539
34710,34.85697731408698,884.1999999994624,834.7611449576024
34711,34.85697731408698,884.2199999994624,834.7670287415135
34712,34.85697731408698,884.2399999994624,834.7729123986852
34713,34.85697731408698,884.2599999994624,834.7787959291151
34714,34.85697731408698,884.2799999994623,834.7846793328009
34715,34.85697731408698,884.2999999994623,834.7905626097405
34716,34.85697731408698,884.3199999994623,834.7964457599315
34717,34.85697731408698,884.3399999994623,834.8023287833718
34718,34.85697731408698,884.3599999994623,834.808211680059
34719,34.85697731408698,884.3799999994623,834.8140944499909
34720,34.85697731408698,884.3999999994622,834.8199770931652
34721,34.85697731408698,884.4199999994622,834.8258596095798
34722,34.85697731408698,884.4399999994622,834.8317419992323
34723,34.85697731408698,884.4599999994622,834.8376242621206
34724,34.85697731408698,884.4799999994622,834.8435063982423
34725,34.85697731408698,884.4999999994621,834.8493884075951
34726,34.85697731408698,884.5199999994621,834.8552702901769
34727,34.85697731408698,884.5399999994621,834.8611520459854
34728,34.85697731408698,884.5599999994621,834.8670336750183
34729,34.85697731408698,884.5799999994621,834.8729151772734
34730,34.85697731408698,884.599999999462,834.8787965527484
34731,34.85697731408698,884.619999999462,834.8846778014412
34732,34.85697731408698,884.639999999462,834.8905589233493
34733,34.85697731408698,884.659999999462,834.8964399184706
34734,34.85697731408698,884.679999999462,834.9023207868029
34735,34.85697731408698,884.699999999462,834.908201528407
34736,34.85697731408698,884.719999999462,834.9140821434396
34737,34.85697731408698,884.7399999994619,834.9199626319094
34738,34.85697731408698,884.7599999994619,834.925842993814
34739,34.85697731408698,884.7799999994619,834.9317232291511
34740,34.85697731408698,884.7999999994619,834.9376033379185
34741,34.85697731408698,884.8199999994619,834.9434833201141
34742,34.85697731408698,884.8399999994618,834.9493631757355
34743,34.85697731408698,884.8599999994618,834.9552429047804
34744,34.85697731408698,884.8799999994618,834.9611225072467
34745,34.85697731408698,884.8999999994618,834.9670019831321
34746,34.85697731408698,884.9199999994618,834.9728813324344
34747,34.85697731408698,884.9399999994617,834.9787605551513
34748,34.85697731408698,884.9599999994617,834.9846396512805
34749,34.85697731408698,884.9799999994617,834.9905186208199
34750,34.85697731408698,884.9999999994617,834.9963974637672
34751,34.85697731408698,885.0199999994617,835.00227618012
34752,34.85697731408698,885.0399999994617,835.0081547698762
34753,34.85697731408698,885.0599999994616,835.0140332330336
34754,34.85697731408698,885.0799999994616,835.0199115695899
34755,34.85697731408698,885.0999999994616,835.0257897795428
34756,34.85697731408698,885.1199999994616,835.0316678628902
34757,34.85697731408698,885.1399999994616,835.0375458196297
34758,34.85697731408698,885.1599999994615,835.0434236497591
34759,34.85697731408698,885.1799999994615,835.0493013532763
34760,34.85697731408698,885.1999999994615,835.0551789301788
34761,34.85697731408698,885.2199999994615,835.0610563804646
34762,34.85697731408698,885.2399999994615,835.0669337041313
34763,34.85697731408698,885.2599999994615,835.0728109011768
34764,34.85697731408698,885.2799999994614,835.0786879715987
34765,34.85697731408698,885.2999999994614,835.0845649153948
34766,34.85697731408698,885.3199999994614,835.0904417325629
34767,34.85697731408698,885.3399999994614,835.0963184231008
34768,34.85697731408698,885.3599999994614,835.1021949870061
34769,34.85697731408698,885.3799999994613,835.1080714242767
34770,34.85697731408698,885.3999999994613,835.1139477349102
34771,34.85697731408698,885.4199999994613,835.1198239189046
34772,34.85697731408698,885.4399999994613,835.1256999762575
34773,34.85697731408698,885.4599999994613,835.1315759069666
34774,34.85697731408698,885.4799999994613,835.1374517110298
34775,34.85697731408698,885.4999999994612,835.1433273884448
34776,34.85697731408698,885.5199999994612,835.1492029392093
34777,34.85697731408698,885.5399999994612,835.1550783633212
34778,34.85697731408698,885.5599999994612,835.1609536607781
34779,34.85697731408698,885.5799999994612,835.1668288315778
34780,34.85697731408698,885.5999999994611,835.1727038757182
34781,34.85697731408698,885.6199999994611,835.1785787931968
34782,34.85697731408698,885.6399999994611,835.1844535840115
34783,34.85697731408698,885.6599999994611,835.1903282481601
34784,34.85697731408698,885.6799999994611,835.1962027856403
34785,34.85697731408698,885.699999999461,835.2020771964497
34786,34.85697731408698,885.719999999461,835.2079514806635
34787,34.85697731408698,885.739999999461,835.2138256384278
34788,34.85697731408698,885.759999999461,835.2196996697483
34789,34.85697731408698,885.779999999461,835.2255735746226
34790,34.85697731408698,885.799999999461,835.2314473530486
34791,34.85697731408698,885.819999999461,835.2373210050241
34792,34.85697731408698,885.8399999994609,835.2431945305468
34793,34.85697731408698,885.8599999994609,835.2490679296145
34794,34.85697731408698,885.8799999994609,835.254941202225
34795,34.85697731408698,885.8999999994609,835.260814348376
34796,34.85697731408698,885.9199999994609,835.2666873680653
34797,34.85697731408698,885.9399999994608,835.2725602612907
34798,34.85697731408698,885.9599999994608,835.2784330280498
34799,34.85697731408698,885.9799999994608,835.2843056683405
34800,34.85697731408698,885.9999999994608,835.2901781821606
34801,34.85697731408698,886.0199999994608,835.2960505695078
34802,34.85697731408698,886.0399999994607,835.3019228303798
34803,34.85697731408698,886.0599999994607,835.3077949647745
34804,34.85697731408698,886.0799999994607,835.3136669726896
34805,34.85697731408698,886.0999999994607,835.3195388541228
34806,34.85697731408698,886.1199999994607,835.325410609072
34807,34.85697731408698,886.1399999994607,835.3312822375349
34808,34.85697731408698,886.1599999994606,835.3371537395092
34809,34.85697731408698,886.1799999994606,835.3430251149928
34810,34.85697731408698,886.1999999994606,835.3488963639834
34811,34.85697731408698,886.2199999994606,835.3547674864787
34812,34.85697731408698,886.2399999994606,835.3606384824766
34813,34.85697731408698,886.2599999994605,835.3665093519747
34814,34.85697731408698,886.2799999994605,835.3723800949709
34815,34.85697731408698,886.2999999994605,835.3782507114629
34816,34.85697731408698,886.3199999994605,835.3841212014485
34817,34.85697731408698,886.3399999994605,835.3899915649254
34818,34.85697731408698,886.3599999994605,835.3958618018914
34819,34.85697731408698,886.3799999994604,835.4017319123444
34820,34.85697731408698,886.3999999994604,835.407601896282
34821,34.85697731408698,886.4199999994604,835.413471753702
34822,34.85697731408698,886.4399999994604,835.4193414846021
34823,34.85697731408698,886.4599999994604,835.4252110889802
34824,34.85697731408698,886.4799999994603,835.431080566834
34825,34.85697731408698,886.4999999994603,835.4369499181613
34826,34.85697731408698,886.5199999994603,835.4428191429598
34827,34.85697731408698,886.5399999994603,835.4486882412273
34828,34.85697731408698,886.5599999994603,835.4545572129615
34829,34.85697731408698,886.5799999994603,835.4604260581604
34830,34.85697731408698,886.5999999994602,835.4662947768214
34831,34.85697731408698,886.6199999994602,835.4721633689426
34832,34.85697731408698,886.6399999994602,835.4780318345216
34833,34.85697731408698,886.6599999994602,835.4839001735562
34834,34.85697731408698,886.6799999994602,835.4897683860441
34835,34.85697731408698,886.6999999994601,835.4956364719833
34836,34.85697731408698,886.7199999994601,835.5015044313712
34837,34.85697731408698,886.7399999994601,835.5073722643027
34838,34.85697731408698,886.7599999994601,835.513239970922
34839,34.85697731408698,886.7799999994601,835.5191075512322
34840,34.85697731408698,886.79999999946,835.5249750052312
34841,34.85697731408698,886.81999999946,835.5308423329169
34842,34.85697731408698,886.83999999946,835.5367095342868
34843,34.85697731408698,886.85999999946,835.5425766093389
34844,34.85697731408698,886.87999999946,835.5484435580709
34845,34.85697731408698,886.89999999946,835.5543103804805
34846,34.85697731408698,886.91999999946,835.5601770765655
34847,34.85697731408698,886.9399999994599,835.5660436463237
34848,34.85697731408698,886.9599999994599,835.5719100897528
34849,34.85697731408698,886.9799999994599,835.5777764068507
34850,34.85697731408698,886.9999999994599,835.5836425976152
34851,34.85697731408698,887.0199999994599,835.5895086620438
34852,34.85697731408698,887.0399999994598,835.5953746001345
34853,34.85697731408698,887.0599999994598,835.601240411885
34854,34.85697731408698,887.0799999994598,835.6071060972931
34855,34.85697731408698,887.0999999994598,835.6129716563566
34856,34.85697731408698,887.1199999994598,835.6188370890733
34857,34.85697731408698,887.1399999994597,835.6247023954407
34858,34.85697731408698,887.1599999994597,835.6305675754569
34859,34.85697731408698,887.1799999994597,835.6364326291196
34860,34.809085705246574,887.1999999994597,835.6422975564263
34861,34.809085705246574,887.2199999994597,835.6481623573751
34862,34.809085705246574,887.2399999994597,835.6540270319637
34863,34.809085705246574,887.2599999994596,835.6598915801898
34864,34.809085705246574,887.2799999994596,835.6657560020511
34865,34.809085705246574,887.2999999994596,835.6716202975456
34866,34.809085705246574,887.3199999994596,835.6774844666709
34867,34.809085705246574,887.3399999994596,835.6833485094248
34868,34.809085705246574,887.3599999994595,835.6892124258052
34869,34.809085705246574,887.3799999994595,835.6950762158096
34870,34.809085705246574,887.3999999994595,835.7009398794361
34871,34.809085705246574,887.4199999994595,835.7068034166822
34872,34.809085705246574,887.4399999994595,835.7126668275457
34873,34.809085705246574,887.4599999994595,835.7185301120245
34874,34.809085705246574,887.4799999994594,835.7243932701164
34875,34.809085705246574,887.4999999994594,835.7302563018189
34876,34.809085705246574,887.5199999994594,835.7361192071302
34877,34.809085705246574,887.5399999994594,835.7419819860477
34878,34.809085705246574,887.5599999994594,835.7478446385693
34879,34.809085705246574,887.5799999994593,835.7537071646927
34880,34.809085705246574,887.5999999994593,835.7595695644159
34881,34.809085705246574,887.6199999994593,835.7654318377364
34882,34.809085705246574,887.6399999994593,835.7712939846522
34883,34.809085705246574,887.6599999994593,835.7771560051609
34884,34.809085705246574,887.6799999994593,835.7830178992604
34885,34.809085705246574,887.6999999994592,835.7888796669483
34886,34.809085705246574,887.7199999994592,835.7947413082226
34887,34.809085705246574,887.7399999994592,835.8006028230809
34888,34.809085705246574,887.7599999994592,835.8064642116175
34889,34.809085705246574,887.7799999994592,835.8123254739464
34890,34.809085705246574,887.7999999994591,835.8181866100678
34891,34.809085705246574,887.8199999994591,835.8240476199792
34892,34.809085705246574,887.8399999994591,835.8299085036786
34893,34.809085705246574,887.8599999994591,835.8357692611636
34894,34.809085705246574,887.8799999994591,835.8416298924321
34895,34.809085705246574,887.899999999459,835.847490397482
34896,34.809085705246574,887.919999999459,835.8533507763109
34897,34.809085705246574,887.939999999459,835.8592110289165
34898,34.809085705246574,887.959999999459,835.8650711552968
34899,34.809085705246574,887.979999999459,835.8709311554495
34900,34.809085705246574,887.999999999459,835.8767910293723
34901,34.809085705246574,888.019999999459,835.882650777063
34902,34.809085705246574,888.0399999994589,835.8885103985193
34903,34.809085705246574,888.0599999994589,835.8943698937392
34904,34.809085705246574,888.0799999994589,835.9002292627202
34905,34.809085705246574,888.0999999994589,835.9060885054604
34906,34.809085705246574,888.1199999994589,835.9119476219573
34907,34.809085705246574,888.1399999994588,835.9178066122088
34908,34.809085705246574,888.1599999994588,835.9236654762126
34909,34.809085705246574,888.1799999994588,835.9295242139666
34910,34.809085705246574,888.1999999994588,835.9353828254684
34911,34.809085705246574,888.2199999994588,835.941241310716
34912,34.809085705246574,888.2399999994587,835.947099669707
34913,34.809085705246574,888.2599999994587,835.9529579024392
34914,34.809085705246574,888.2799999994587,835.9588160089104
34915,34.809085705246574,888.2999999994587,835.9646739891184
34916,34.809085705246574,888.3199999994587,835.9705318430609
34917,34.809085705246574,888.3399999994587,835.9763895707358
34918,34.809085705246574,888.3599999994586,835.9822471721408
34919,34.809085705246574,888.3799999994586,835.9881046472736
34920,34.809085705246574,888.3999999994586,835.9939619961322
34921,34.809085705246574,888.4199999994586,835.9998192187142
34922,34.809085705246574,888.4399999994586,836.0056763150174
34923,34.809085705246574,888.4599999994585,836.0115332850396
34924,34.809085705246574,888.4799999994585,836.0173901287786
34925,34.809085705246574,888.4999999994585,836.0232468462322
34926,34.809085705246574,888.5199999994585,836.029103437398
34927,34.809085705246574,888.5399999994585,836.034959902274
34928,34.809085705246574,888.5599999994585,836.0408162408578
34929,34.809085705246574,888.5799999994584,836.0466724531473
34930,34.809085705246574,888.5999999994584,836.0525285391402
34931,34.809085705246574,888.6199999994584,836.0583844988344
34932,34.809085705246574,888.6399999994584,836.0642403322274
34933,34.809085705246574,888.6599999994584,836.0700960393173
34934,34.809085705246574,888.6799999994583,836.0759516201017
34935,34.809085705246574,888.6999999994583,836.0818070745785
34936,34.809085705246574,888.7199999994583,836.0876624027453
34937,34.809085705246574,888.7399999994583,836.0935176046
34938,34.809085705246574,888.7599999994583,836.0993726801407
34939,34.809085705246574,888.7799999994583,836.1052276294815
34940,34.809085705246574,888.7999999994582,836.1110824527335
34941,34.809085705246574,888.8199999994582,836.1169371498945
34942,34.809085705246574,888.8399999994582,836.1227917209623
34943,34.809085705246574,888.8599999994582,836.1286461659346
34944,34.809085705246574,888.8799999994582,836.1345004848092
34945,34.809085705246574,888.8999999994581,836.140354677584
34946,34.809085705246574,888.9199999994581,836.1462087442567
34947,34.809085705246574,888.9399999994581,836.1520626848251
34948,34.809085705246574,888.9599999994581,836.1579164992869
34949,34.809085705246574,888.9799999994581,836.1637701876399
34950,34.809085705246574,888.999999999458,836.169623749882
34951,34.809085705246574,889.019999999458,836.1754771860109
34952,34.809085705246574,889.039999999458,836.1813304960243
34953,34.809085705246574,889.059999999458,836.1871836799202
34954,34.809085705246574,889.079999999458,836.1930367376962
34955,34.809085705246574,889.099999999458,836.1988896693501
34956,34.809085705246574,889.119999999458,836.2047424748798
34957,34.809085705246574,889.1399999994579,836.210595154283
34958,34.809085705246574,889.1599999994579,836.2164477075576
34959,34.809085705246574,889.1799999994579,836.2223001347011
34960,34.809085705246574,889.1999999994579,836.2281524357115
34961,34.809085705246574,889.2199999994579,836.2340046105866
34962,34.809085705246574,889.2399999994578,836.239856659324
34963,34.809085705246574,889.2599999994578,836.2457085819217
34964,34.809085705246574,889.2799999994578,836.2515603783773
34965,34.809085705246574,889.2999999994578,836.2574120486888
34966,34.809085705246574,889.3199999994578,836.2632635928538
34967,34.809085705246574,889.3399999994577,836.2691150108701
34968,34.809085705246574,889.3599999994577,836.2749663027355
34969,34.809085705246574,889.3799999994577,836.2808174684478
34970,34.809085705246574,889.3999999994577,836.2866685080048
34971,34.809085705246574,889.4199999994577,836.2925194214043
34972,34.809085705246574,889.4399999994577,836.2983702086441
34973,34.809085705246574,889.4599999994576,836.3042208697218
34974,34.809085705246574,889.4799999994576,836.3100714046353
34975,34.809085705246574,889.4999999994576,836.3159218133825
34976,34.809085705246574,889.5199999994576,836.321772095961
34977,34.809085705246574,889.5399999994576,836.3276222523688
34978,34.809085705246574,889.5599999994575,836.3334722826035
34979,34.809085705246574,889.5799999994575,836.3393221866628
34980,34.809085705246574,889.5999999994575,836.3451719645448
34981,34.809085705246574,889.6199999994575,836.351021616247
34982,34.809085705246574,889.6399999994575,836.3568711417672
34983,34.809085705246574,889.6599999994575,836.3627205411034
34984,34.809085705246574,889.6799999994574,836.3685698142532
34985,34.809085705246574,889.6999999994574,836.3744189612145
34986,34.809085705246574,889.7199999994574,836.380267981985
34987,34.809085705246574,889.7399999994574,836.3861168765625
34988,34.809085705246574,889.7599999994574,836.3919656449448
34989,34.809085705246574,889.7799999994573,836.3978142871326
34990,34.809085705246574,889.7999999994573,836.4036628032513
34991,34.809085705246574,889.8199999994573,836.4095111933987
34992,34.809085705246574,889.8399999994573,836.4153594575723
34993,34.809085705246574,889.8599999994573,836.4212075957702
34994,34.809085705246574,889.8799999994573,836.42705560799
34995,34.809085705246574,889.8999999994572,836.4329034942297
34996,34.809085705246574,889.9199999994572,836.4387512544869
34997,34.809085705246574,889.9399999994572,836.4445988887594
34998,34.809085705246574,889.9599999994572,836.450446397045
34999,34.809085705246574,889.9799999994572,836.4562937793415
35000,34.809085705246574,889.9999999994571,836.4621410356468
35001,34.809085705246574,890.0199999994571,836.4679881659586
35002,34.809085705246574,890.0399999994571,836.4738351702746
35003,34.809085705246574,890.0599999994571,836.4796820485926
35004,34.809085705246574,890.0799999994571,836.4855288009105
35005,34.809085705246574,890.099999999457,836.4913754272261
35006,34.809085705246574,890.119999999457,836.4972219275371
35007,34.809085705246574,890.139999999457,836.5030683018414
35008,34.809085705246574,890.159999999457,836.5089145501366
35009,34.809085705246574,890.179999999457,836.5147606724206
35010,34.809085705246574,890.199999999457,836.5206066686912
35011,34.809085705246574,890.219999999457,836.5264525389463
35012,34.809085705246574,890.2399999994569,836.5322982831834
35013,34.809085705246574,890.2599999994569,836.5381439014005
35014,34.809085705246574,890.2799999994569,836.5439893935954
35015,34.809085705246574,890.2999999994569,836.5498347597659
35016,34.809085705246574,890.3199999994569,836.5556799999096
35017,34.809085705246574,890.3399999994568,836.5615251140243
35018,34.809085705246574,890.3599999994568,836.567370102108
35019,34.809085705246574,890.3799999994568,836.5732149641584
35020,34.809085705246574,890.3999999994568,836.5790597001733
35021,34.809085705246574,890.4199999994568,836.5849043101505
35022,34.809085705246574,890.4399999994567,836.5907487940877
35023,34.809085705246574,890.4599999994567,836.5965931519828
35024,34.809085705246574,890.4799999994567,836.6024373838335
35025,34.809085705246574,890.4999999994567,836.6082814896376
35026,34.809085705246574,890.5199999994567,836.614125469393
35027,34.809085705246574,890.5399999994567,836.6199693230974
35028,34.809085705246574,890.5599999994566,836.6258130507485
35029,34.809085705246574,890.5799999994566,836.6316566523443
35030,34.809085705246574,890.5999999994566,836.6375001278824
35031,34.809085705246574,890.6199999994566,836.6433434773606
35032,34.809085705246574,890.6399999994566,836.6491867007769
35033,34.809085705246574,890.6599999994565,836.6550297981289
35034,34.809085705246574,890.6799999994565,836.6608727694145
35035,34.809085705246574,890.6999999994565,836.6667156146314
35036,34.809085705246574,890.7199999994565,836.6725583337774
35037,34.809085705246574,890.7399999994565,836.6784009268503
35038,34.809085705246574,890.7599999994565,836.6842433938479
35039,34.809085705246574,890.7799999994564,836.690085734768
35040,34.809085705246574,890.7999999994564,836.6959279496144
35041,34.809085705246574,890.8199999994564,836.701770038532
35042,34.809085705246574,890.8399999994564,836.7076120016103
35043,34.809085705246574,890.8599999994564,836.713453838847
35044,34.809085705246574,890.8799999994563,836.71929555024
35045,34.809085705246574,890.8999999994563,836.725137135787
35046,34.809085705246574,890.9199999994563,836.7309785954859
35047,34.809085705246574,890.9399999994563,836.7368199293344
35048,34.809085705246574,890.9599999994563,836.7426611373303
35049,34.809085705246574,890.9799999994563,836.7485022194714
35050,34.809085705246574,890.9999999994562,836.7543431757556
35051,34.809085705246574,891.0199999994562,836.7601840061806
35052,34.809085705246574,891.0399999994562,836.7660247107441
35053,34.809085705246574,891.0599999994562,836.7718652894441
35054,34.809085705246574,891.0799999994562,836.7777057422783
35055,34.809085705246574,891.0999999994561,836.7835460692445
35056,34.809085705246574,891.1199999994561,836.7893862703404
35057,34.809085705246574,891.1399999994561,836.795226345564
35058,34.809085705246574,891.1599999994561,836.8010662949129
35059,34.809085705246574,891.1799999994561,836.806906118385
35060,34.809085705246574,891.199999999456,836.812745815978
35061,34.809085705246574,891.219999999456,836.8185853876898
35062,34.809085705246574,891.239999999456,836.8244248335182
35063,34.809085705246574,891.259999999456,836.8302641534609
35064,34.809085705246574,891.279999999456,836.8361033475157
35065,34.809085705246574,891.299999999456,836.8419424156806
35066,34.809085705246574,891.319999999456,836.8477813579532
35067,34.809085705246574,891.3399999994559,836.8536201743312
35068,34.809085705246574,891.3599999994559,836.8594588648126
35069,34.809085705246574,891.3799999994559,836.8652974293951
35070,34.809085705246574,891.3999999994559,836.8711358680765
35071,34.809085705246574,891.4199999994559,836.8769741808546
35072,34.809085705246574,891.4399999994558,836.8828123677273
35073,34.809085705246574,891.4599999994558,836.8886504286922
35074,34.809085705246574,891.4799999994558,836.8944883637473
35075,34.809085705246574,891.4999999994558,836.9003261728902
35076,34.809085705246574,891.5199999994558,836.9061638561188
35077,34.761303663526625,891.5399999994557,836.912001413431
35078,34.761303663526625,891.5599999994557,836.9178388448244
35079,34.761303663526625,891.5799999994557,836.9236761502968
35080,34.761303663526625,891.5999999994557,836.9295133298463
35081,34.761303663526625,891.6199999994557,836.9353503834703
35082,34.761303663526625,891.6399999994557,836.9411873111668
35083,34.761303663526625,891.6599999994556,836.9470241129336
35084,34.761303663526625,891.6799999994556,836.9528607887685
35085,34.761303663526625,891.6999999994556,836.9586973386691
35086,34.761303663526625,891.7199999994556,836.9645337626334
35087,34.761303663526625,891.7399999994556,836.9703700606592
35088,34.761303663526625,891.7599999994555,836.9762062327442
35089,34.761303663526625,891.7799999994555,836.9820422788862
35090,34.761303663526625,891.7999999994555,836.9878781990831
35091,34.761303663526625,891.8199999994555,836.9937139933404
35092,34.761303663526625,891.8399999994555,836.9995496617942
35093,34.761303663526625,891.8599999994555,837.0053852045096
35094,34.761303663526625,891.8799999994554,837.0112206214844
35095,34.761303663526625,891.8999999994554,837.0170559127165
35096,34.761303663526625,891.9199999994554,837.0228910782035
35097,34.761303663526625,891.9399999994554,837.0287261179434
35098,34.761303663526625,891.9599999994554,837.0345610319339
35099,34.761303663526625,891.9799999994553,837.0403958201728
35100,34.761303663526625,891.9999999994553,837.0462304826578
35101,34.761303663526625,892.0199999994553,837.0520650193869
35102,34.761303663526625,892.0399999994553,837.0578994303578
35103,34.761303663526625,892.0599999994553,837.0637337155682
35104,34.761303663526625,892.0799999994553,837.0695678750161
35105,34.761303663526625,892.0999999994552,837.0754019086992
35106,34.761303663526625,892.1199999994552,837.0812358166153
35107,34.761303663526625,892.1399999994552,837.0870695987621
35108,34.761303663526625,892.1599999994552,837.0929032551376
35109,34.761303663526625,892.1799999994552,837.0987367857394
35110,34.761303663526625,892.1999999994551,837.1045701905655
35111,34.761303663526625,892.2199999994551,837.1104034696135
35112,34.761303663526625,892.2399999994551,837.1162366228814
35113,34.761303663526625,892.2599999994551,837.1220696503668
35114,34.761303663526625,892.2799999994551,837.1279025520677
35115,34.761303663526625,892.299999999455,837.1337353279816
35116,34.761303663526625,892.319999999455,837.1395679781067
35117,34.761303663526625,892.339999999455,837.1454005024405
35118,34.761303663526625,892.359999999455,837.1512329009809
35119,34.761303663526625,892.379999999455,837.1570651737256
35120,34.761303663526625,892.399999999455,837.1628973206726
35121,34.761303663526625,892.419999999455,837.1687293418196
35122,34.761303663526625,892.4399999994549,837.1745612371643
35123,34.761303663526625,892.4599999994549,837.1803930067047
35124,34.761303663526625,892.4799999994549,837.1862246504384
35125,34.761303663526625,892.4999999994549,837.1920561683633
35126,34.761303663526625,892.5199999994549,837.1978875604772
35127,34.761303663526625,892.5399999994548,837.2037188267778
35128,34.761303663526625,892.5599999994548,837.2095499672631
35129,34.761303663526625,892.5799999994548,837.2153809819307
35130,34.761303663526625,892.5999999994548,837.2212118707786
35131,34.761303663526625,892.6199999994548,837.2270426338043
35132,34.761303663526625,892.6399999994547,837.2328732710059
35133,34.761303663526625,892.6599999994547,837.2387037823811
35134,34.761303663526625,892.6799999994547,837.2445341679277
35135,34.761303663526625,892.6999999994547,837.2503644276434
35136,34.761303663526625,892.7199999994547,837.2561945615261
35137,34.761303663526625,892.7399999994547,837.2620245695736
35138,34.761303663526625,892.7599999994546,837.2678544517837
35139,34.761303663526625,892.7799999994546,837.2736842081542
35140,34.761303663526625,892.7999999994546,837.2795138386829
35141,34.761303663526625,892.8199999994546,837.2853433433676
35142,34.761303663526625,892.8399999994546,837.2911727222171
35143,34.761303663526625,892.8599999994545,837.2970019753873
35144,34.761303663526625,892.8799999994545,837.3028311029343
35145,34.761303663526625,892.8999999994545,837.308660104856
35146,34.761303663526625,892.9199999994545,837.3144889811502
35147,34.761303663526625,892.9399999994545,837.3203177318148
35148,34.761303663526625,892.9599999994545,837.3261463568475
35149,34.761303663526625,892.9799999994544,837.3319748562461
35150,34.761303663526625,892.9999999994544,837.3378032300085
35151,34.761303663526625,893.0199999994544,837.3436314781325
35152,34.761303663526625,893.0399999994544,837.3494596006158
35153,34.761303663526625,893.0599999994544,837.3552875974563
35154,34.761303663526625,893.0799999994543,837.3611154686516
35155,34.761303663526625,893.0999999994543,837.3669432141998
35156,34.761303663526625,893.1199999994543,837.3727708340984
35157,34.761303663526625,893.1399999994543,837.3785983283456
35158,34.761303663526625,893.1599999994543,837.3844256969388
35159,34.761303663526625,893.1799999994543,837.3902529398762
35160,34.761303663526625,893.1999999994542,837.3960800571552
35161,34.761303663526625,893.2199999994542,837.401907048774
35162,34.761303663526625,893.2399999994542,837.4077339147301
35163,34.761303663526625,893.2599999994542,837.4135606550215
35164,34.761303663526625,893.2799999994542,837.4193872696458
35165,34.761303663526625,893.2999999994541,837.425213758601
35166,34.761303663526625,893.3199999994541,837.4310401218848
35167,34.761303663526625,893.3399999994541,837.4368663594951
35168,34.761303663526625,893.3599999994541,837.4426924714296
35169,34.761303663526625,893.3799999994541,837.4485184576862
35170,34.761303663526625,893.399999999454,837.4543443182627
35171,34.761303663526625,893.419999999454,837.4601700531567
35172,34.761303663526625,893.439999999454,837.4659956623663
35173,34.761303663526625,893.459999999454,837.4718211458891
35174,34.761303663526625,893.479999999454,837.477646503723
35175,34.761303663526625,893.499999999454,837.4834717358658
35176,34.761303663526625,893.519999999454,837.4892968423153
35177,34.761303663526625,893.5399999994539,837.4951218230693
35178,34.761303663526625,893.5599999994539,837.5009466781257
35179,34.761303663526625,893.5799999994539,837.5067714074822
35180,34.761303663526625,893.5999999994539,837.5125960111367
35181,34.761303663526625,893.6199999994539,837.5184204890868
35182,34.761303663526625,893.6399999994538,837.5242448413305
35183,34.761303663526625,893.6599999994538,837.5300690678656
35184,34.761303663526625,893.6799999994538,837.5358931686899
35185,34.761303663526625,893.6999999994538,837.5417171438011
35186,34.761303663526625,893.7199999994538,837.547540993197
35187,34.761303663526625,893.7399999994537,837.5533647168755
35188,34.761303663526625,893.7599999994537,837.5591883148345
35189,34.761303663526625,893.7799999994537,837.5650117870716
35190,34.761303663526625,893.7999999994537,837.5708351335848
35191,34.761303663526625,893.8199999994537,837.5766583543717
35192,34.761303663526625,893.8399999994537,837.5824814494302
35193,34.761303663526625,893.8599999994536,837.588304418772
35194,34.761303663526625,893.8799999994536,837.5941272625641
35195,34.761303663526625,893.8999999994536,837.5999499808496
35196,34.761303663526625,893.9199999994536,837.6057725736263
35197,34.761303663526625,893.9399999994536,837.611595040892
35198,34.761303663526625,893.9599999994535,837.6174173826445
35199,34.761303663526625,893.9799999994535,837.6232395988816
35200,34.761303663526625,893.9999999994535,837.6290616896011
35201,34.761303663526625,894.0199999994535,837.6348836548009
35202,34.761303663526625,894.0399999994535,837.6407054944787
35203,34.761303663526625,894.0599999994535,837.6465272086324
35204,34.761303663526625,894.0799999994534,837.6523487972597
35205,34.761303663526625,894.0999999994534,837.6581702603586
35206,34.761303663526625,894.1199999994534,837.6639915979267
35207,34.761303663526625,894.1399999994534,837.6698128099621
35208,34.761303663526625,894.1599999994534,837.6756338964624
35209,34.761303663526625,894.1799999994533,837.6814548574254
35210,34.761303663526625,894.1999999994533,837.687275692849
35211,34.761303663526625,894.2199999994533,837.6930964027309
35212,34.761303663526625,894.2399999994533,837.6989169870691
35213,34.761303663526625,894.2599999994533,837.7047374458613
35214,34.761303663526625,894.2799999994533,837.7105577791053
35215,34.761303663526625,894.2999999994532,837.716377986799
35216,34.761303663526625,894.3199999994532,837.7221980689401
35217,34.761303663526625,894.3399999994532,837.7280180255265
35218,34.761303663526625,894.3599999994532,837.733837856556
35219,34.761303663526625,894.3799999994532,837.7396575620263
35220,34.761303663526625,894.3999999994531,837.7454771419353
35221,34.761303663526625,894.4199999994531,837.751296596281
35222,34.761303663526625,894.4399999994531,837.7571159250609
35223,34.761303663526625,894.4599999994531,837.762935128273
35224,34.761303663526625,894.4799999994531,837.7687542059151
35225,34.761303663526625,894.499999999453,837.774573157985
35226,34.761303663526625,894.519999999453,837.7803919844804
35227,34.761303663526625,894.539999999453,837.7862106853993
35228,34.761303663526625,894.559999999453,837.7920292607395
35229,34.761303663526625,894.579999999453,837.7978477104987
35230,34.761303663526625,894.599999999453,837.8036660346747
35231,34.761303663526625,894.619999999453,837.8094842332655
35232,34.761303663526625,894.6399999994529,837.8153023062687
35233,34.761303663526625,894.6599999994529,837.8211202536822
35234,34.761303663526625,894.6799999994529,837.8269380755039
35235,34.761303663526625,894.6999999994529,837.8327557717315
35236,34.761303663526625,894.7199999994529,837.8385733423629
35237,34.761303663526625,894.7399999994528,837.8443907873958
35238,34.761303663526625,894.7599999994528,837.8502081068282
35239,34.761303663526625,894.7799999994528,837.8560253006577
35240,34.761303663526625,894.7999999994528,837.8618423688823
35241,34.761303663526625,894.8199999994528,837.8676593114997
35242,34.761303663526625,894.8399999994527,837.8734761285077
35243,34.761303663526625,894.8599999994527,837.8792928199042
35244,34.761303663526625,894.8799999994527,837.8851093857037
35245,34.761303663526625,894.8999999994527,837.890925826087
35246,34.761303663526625,894.9199999994527,837.8967421410841
35247,34.761303663526625,894.9399999994527,837.902558330693
35248,34.761303663526625,894.9599999994526,837.9083743949112
35249,34.761303663526625,894.9799999994526,837.9141903337368
35250,34.761303663526625,894.9999999994526,837.9200061471674
35251,34.761303663526625,895.0199999994526,837.9258218352011
35252,34.761303663526625,895.0399999994526,837.9316373978354
35253,34.761303663526625,895.0599999994525,837.9374528350684
35254,34.761303663526625,895.0799999994525,837.9432681468977
35255,34.761303663526625,895.0999999994525,837.9490833333211
35256,34.761303663526625,895.1199999994525,837.9548983943366
35257,34.761303663526625,895.1399999994525,837.9607133299419
35258,34.761303663526625,895.1599999994525,837.9665281401348
35259,34.761303663526625,895.1799999994524,837.9723428249131
35260,34.761303663526625,895.1999999994524,837.9781573842747
35261,34.761303663526625,895.2199999994524,837.9839718182174
35262,34.761303663526625,895.2399999994524,837.989786126739
35263,34.761303663526625,895.2599999994524,837.9956003098373
35264,34.761303663526625,895.2799999994523,838.00141436751
35265,34.761303663526625,895.2999999994523,838.0072282997552
35266,34.761303663526625,895.3199999994523,838.0130421065704
35267,34.761303663526625,895.3399999994523,838.0188557879536
35268,34.761303663526625,895.3599999994523,838.0246693439026
35269,34.761303663526625,895.3799999994523,838.0304827744152
35270,34.761303663526625,895.3999999994522,838.0362960794893
35271,34.761303663526625,895.4199999994522,838.0421092591225
35272,34.761303663526625,895.4399999994522,838.0479223133128
35273,34.761303663526625,895.4599999994522,838.053735242058
35274,34.761303663526625,895.4799999994522,838.0595480453558
35275,34.761303663526625,895.4999999994521,838.0653607232041
35276,34.761303663526625,895.5199999994521,838.0711732756007
35277,34.761303663526625,895.5399999994521,838.0769857025434
35278,34.761303663526625,895.5599999994521,838.0827980040301
35279,34.761303663526625,895.5799999994521,838.0886101800585
35280,34.761303663526625,895.599999999452,838.0944222306265
35281,34.761303663526625,895.619999999452,838.1002341557319
35282,34.761303663526625,895.639999999452,838.1060459553725
35283,34.761303663526625,895.659999999452,838.111857629546
35284,34.761303663526625,895.679999999452,838.1176691782504
35285,34.761303663526625,895.699999999452,838.1234806014834
35286,34.761303663526625,895.7199999994519,838.1292918992428
35287,34.761303663526625,895.7399999994519,838.1351030715266
35288,34.761303663526625,895.7599999994519,838.1409141183325
35289,34.761303663526625,895.7799999994519,838.1467250396582
35290,34.761303663526625,895.7999999994519,838.1525358355018
35291,34.761303663526625,895.8199999994519,838.1583465058609
35292,34.761303663526625,895.8399999994518,838.1641570507334
35293,34.761303663526625,895.8599999994518,838.169967470117
35294,34.71363083831104,895.8799999994518,838.1757777640096
35295,34.71363083831104,895.8999999994518,838.1815879324296
35296,34.71363083831104,895.9199999994518,838.1873979755728
35297,34.71363083831104,895.9399999994517,838.1932078934567
35298,34.71363083831104,895.9599999994517,838.1990176860792
35299,34.71363083831104,895.9799999994517,838.204827353438
35300,34.71363083831104,895.9999999994517,838.210636895531
35301,34.71363083831104,896.0199999994517,838.2164463123562
35302,34.71363083831104,896.0399999994517,838.2222556039112
35303,34.71363083831104,896.0599999994516,838.228064770194
35304,34.71363083831104,896.0799999994516,838.2338738112024
35305,34.71363083831104,896.0999999994516,838.2396827269343
35306,34.71363083831104,896.1199999994516,838.2454915173876
35307,34.71363083831104,896.1399999994516,838.2513001825599
35308,34.71363083831104,896.1599999994515,838.2571087224493
35309,34.71363083831104,896.1799999994515,838.2629171370535
35310,34.71363083831104,896.1999999994515,838.2687254263703
35311,34.71363083831104,896.2199999994515,838.2745335903977
35312,34.71363083831104,896.2399999994515,838.2803416291335
35313,34.71363083831104,896.2599999994515,838.2861495425756
35314,34.71363083831104,896.2799999994514,838.2919573307216
35315,34.71363083831104,896.2999999994514,838.2977649935697
35316,34.71363083831104,896.3199999994514,838.3035725311174
35317,34.71363083831104,896.3399999994514,838.3093799433628
35318,34.71363083831104,896.3599999994514,838.3151872303036
35319,34.71363083831104,896.3799999994513,838.3209943919378
35320,34.71363083831104,896.3999999994513,838.3268014282631
35321,34.71363083831104,896.4199999994513,838.3326083392774
35322,34.71363083831104,896.4399999994513,838.3384151249785
35323,34.71363083831104,896.4599999994513,838.3442217853643
35324,34.71363083831104,896.4799999994513,838.3500283204327
35325,34.71363083831104,896.4999999994512,838.3558347301814
35326,34.71363083831104,896.5199999994512,838.3616410146084
35327,34.71363083831104,896.5399999994512,838.3674471737114
35328,34.71363083831104,896.5599999994512,838.3732532074883
35329,34.71363083831104,896.5799999994512,838.3790591159371
35330,34.71363083831104,896.5999999994511,838.3848648990555
35331,34.71363083831104,896.6199999994511,838.3906705568413
35332,34.71363083831104,896.6399999994511,838.3964760892925
35333,34.71363083831104,896.6599999994511,838.4022814964068
35334,34.71363083831104,896.6799999994511,838.4080867781821
35335,34.71363083831104,896.699999999451,838.4138919346162
35336,34.71363083831104,896.719999999451,838.4196969657071
35337,34.71363083831104,896.739999999451,838.4255018714525
35338,34.71363083831104,896.759999999451,838.4313066518504
35339,34.71363083831104,896.779999999451,838.4371113068984
35340,34.71363083831104,896.799999999451,838.4429158365945
35341,34.71363083831104,896.8199999994509,838.4487202409365
35342,34.71363083831104,896.8399999994509,838.4545245199223
35343,34.71363083831104,896.8599999994509,838.4603286735498
35344,34.71363083831104,896.8799999994509,838.4661327018168
35345,34.71363083831104,896.8999999994509,838.4719366047211
35346,34.71363083831104,896.9199999994509,838.4777403822918
35347,34.71363083831104,896.9399999994508,838.4835440346945
35348,34.71363083831104,896.9599999994508,838.4893475619425
35349,34.71363083831104,896.9799999994508,838.4951509640334
35350,34.71363083831104,896.9999999994508,838.5009542409651
35351,34.71363083831104,897.0199999994508,838.5067573927356
35352,34.71363083831104,897.0399999994507,838.5125604193425
35353,34.71363083831104,897.0599999994507,838.5183633207839
35354,34.71363083831104,897.0799999994507,838.5241660970576
35355,34.71363083831104,897.0999999994507,838.5299687481612
35356,34.71363083831104,897.1199999994507,838.5357712740928
35357,34.71363083831104,897.1399999994507,838.5415736748502
35358,34.71363083831104,897.1599999994506,838.5473759504312
35359,34.71363083831104,897.1799999994506,838.5531781008336
35360,34.71363083831104,897.1999999994506,838.5589801260554
35361,34.71363083831104,897.2199999994506,838.5647820260943
35362,34.71363083831104,897.2399999994506,838.5705838009483
35363,34.71363083831104,897.2599999994505,838.576385450615
35364,34.71363083831104,897.2799999994505,838.5821869750926
35365,34.71363083831104,897.2999999994505,838.5879883743786
35366,34.71363083831104,897.3199999994505,838.5937896484711
35367,34.71363083831104,897.3399999994505,838.5995907973678
35368,34.71363083831104,897.3599999994505,838.6053918210666
35369,34.71363083831104,897.3799999994504,838.6111927195653
35370,34.71363083831104,897.3999999994504,838.6169934928619
35371,34.71363083831104,897.4199999994504,838.622794140954
35372,34.71363083831104,897.4399999994504,838.6285946638396
35373,34.71363083831104,897.4599999994504,838.6343950615166
35374,34.71363083831104,897.4799999994503,838.6401953339827
35375,34.71363083831104,897.4999999994503,838.6459954812358
35376,34.71363083831104,897.5199999994503,838.6517955032739
35377,34.71363083831104,897.5399999994503,838.6575954000947
35378,34.71363083831104,897.5599999994503,838.663395171696
35379,34.71363083831104,897.5799999994503,838.6691948180758
35380,34.71363083831104,897.5999999994502,838.6749943392318
35381,34.71363083831104,897.6199999994502,838.680793735162
35382,34.71363083831104,897.6399999994502,838.6865930058641
35383,34.71363083831104,897.6599999994502,838.692392151336
35384,34.71363083831104,897.6799999994502,838.6981911715756
35385,34.71363083831104,897.6999999994501,838.7039900665807
35386,34.71363083831104,897.7199999994501,838.7097888363492
35387,34.71363083831104,897.7399999994501,838.7155874808788
35388,34.71363083831104,897.7599999994501,838.7213860001674
35389,34.71363083831104,897.7799999994501,838.7271843942129
35390,34.71363083831104,897.79999999945,838.7329826630133
35391,34.71363083831104,897.81999999945,838.7387808065663
35392,34.71363083831104,897.83999999945,838.7445788248697
35393,34.71363083831104,897.85999999945,838.7503767179213
35394,34.71363083831104,897.87999999945,838.7561744857192
35395,34.71363083831104,897.89999999945,838.7619721282609
35396,34.71363083831104,897.9199999994499,838.7677696455446
35397,34.71363083831104,897.9399999994499,838.7735670376143
35398,34.71363083831104,897.9599999994499,838.7793643046344
35399,34.71363083831104,897.9799999994499,838.7851614466163
35400,34.71363083831104,897.9999999994499,838.7909584635577
35401,34.71363083831104,898.0199999994499,838.7967553554565
35402,34.71363083831104,898.0399999994498,838.8025521223107
35403,34.71363083831104,898.0599999994498,838.8083487641179
35404,34.71363083831104,898.0799999994498,838.8141452808761
35405,34.71363083831104,898.0999999994498,838.8199416725832
35406,34.71363083831104,898.1199999994498,838.825737939237
35407,34.71363083831104,898.1399999994497,838.8315340808354
35408,34.71363083831104,898.1599999994497,838.8373300973761
35409,34.71363083831104,898.1799999994497,838.8431259888572
35410,34.71363083831104,898.1999999994497,838.8489217552764
35411,34.71363083831104,898.2199999994497,838.8547173966315
35412,34.71363083831104,898.2399999994497,838.8605129129205
35413,34.71363083831104,898.2599999994496,838.8663083041412
35414,34.71363083831104,898.2799999994496,838.8721035702914
35415,34.71363083831104,898.2999999994496,838.8778987113691
35416,34.71363083831104,898.3199999994496,838.883693727372
35417,34.71363083831104,898.3399999994496,838.8894886182981
35418,34.71363083831104,898.3599999994495,838.895283384145
35419,34.71363083831104,898.3799999994495,838.9010780249108
35420,34.71363083831104,898.3999999994495,838.9068725405933
35421,34.71363083831104,898.4199999994495,838.9126669311903
35422,34.71363083831104,898.4399999994495,838.9184611966997
35423,34.71363083831104,898.4599999994495,838.9242553371193
35424,34.71363083831104,898.4799999994494,838.9300493524471
35425,34.71363083831104,898.4999999994494,838.9358432426808
35426,34.71363083831104,898.5199999994494,838.9416370078184
35427,34.71363083831104,898.5399999994494,838.9474306478576
35428,34.71363083831104,898.5599999994494,838.9532241627963
35429,34.71363083831104,898.5799999994493,838.9590175526325
35430,34.71363083831104,898.5999999994493,838.964810817364
35431,34.71363083831104,898.6199999994493,838.9706039569885
35432,34.71363083831104,898.6399999994493,838.976396971504
35433,34.71363083831104,898.6599999994493,838.9821898609082
35434,34.71363083831104,898.6799999994493,838.9879826251992
35435,34.71363083831104,898.6999999994492,838.9937752643746
35436,34.71363083831104,898.7199999994492,838.9995677784324
35437,34.71363083831104,898.7399999994492,839.0053601673704
35438,34.71363083831104,898.7599999994492,839.0111524311866
35439,34.71363083831104,898.7799999994492,839.0169445698788
35440,34.71363083831104,898.7999999994491,839.0227365834447
35441,34.71363083831104,898.8199999994491,839.0285284718824
35442,34.71363083831104,898.8399999994491,839.0343202351895
35443,34.71363083831104,898.8599999994491,839.040111873364
35444,34.71363083831104,898.8799999994491,839.0459033864038
35445,34.71363083831104,898.899999999449,839.0516947743066
35446,34.71363083831104,898.919999999449,839.0574860370705
35447,34.71363083831104,898.939999999449,839.0632771746931
35448,34.71363083831104,898.959999999449,839.0690681872321
35449,34.71363083831104,898.979999999449,839.0748590748417
35450,34.71363083831104,898.999999999449,839.0806498375304
35451,34.71363083831104,899.0199999994489,839.086440475296
35452,34.71363083831104,899.0399999994489,839.0922309881363
35453,34.71363083831104,899.0599999994489,839.0980213760494
35454,34.71363083831104,899.0799999994489,839.103811639033
35455,34.71363083831104,899.0999999994489,839.109601777085
35456,34.71363083831104,899.1199999994489,839.1153917902033
35457,34.71363083831104,899.1399999994488,839.1211816783856
35458,34.71363083831104,899.1599999994488,839.12697144163
35459,34.71363083831104,899.1799999994488,839.1327610799342
35460,34.71363083831104,899.1999999994488,839.1385505932961
35461,34.71363083831104,899.2199999994488,839.1443399817136
35462,34.71363083831104,899.2399999994487,839.1501292451845
35463,34.71363083831104,899.2599999994487,839.1559183837068
35464,34.71363083831104,899.2799999994487,839.1617073972782
35465,34.71363083831104,899.2999999994487,839.1674962858966
35466,34.71363083831104,899.3199999994487,839.1732850495599
35467,34.71363083831104,899.3399999994487,839.179073688266
35468,34.71363083831104,899.3599999994486,839.1848622020127
35469,34.71363083831104,899.3799999994486,839.1906505907979
35470,34.71363083831104,899.3999999994486,839.1964388546194
35471,34.71363083831104,899.4199999994486,839.2022269934752
35472,34.71363083831104,899.4399999994486,839.208015007363
35473,34.71363083831104,899.4599999994485,839.2138028962808
35474,34.71363083831104,899.4799999994485,839.2195906602263
35475,34.71363083831104,899.4999999994485,839.2253782991976
35476,34.71363083831104,899.5199999994485,839.2311658131923
35477,34.71363083831104,899.5399999994485,839.2369532022085
35478,34.71363083831104,899.5599999994485,839.242740466244
35479,34.71363083831104,899.5799999994484,839.2485276052965
35480,34.71363083831104,899.5999999994484,839.2543146193641
35481,34.71363083831104,899.6199999994484,839.2601015084444
35482,34.71363083831104,899.6399999994484,839.2658882725356
35483,34.71363083831104,899.6599999994484,839.2716749116353
35484,34.71363083831104,899.6799999994483,839.2774614257414
35485,34.71363083831104,899.6999999994483,839.2832478148518
35486,34.71363083831104,899.7199999994483,839.2890340789645
35487,34.71363083831104,899.7399999994483,839.2948202180771
35488,34.71363083831104,899.7599999994483,839.3006062321876
35489,34.71363083831104,899.7799999994483,839.3063921212939
35490,34.71363083831104,899.7999999994482,839.3121778853939
35491,34.71363083831104,899.8199999994482,839.3179635244853
35492,34.71363083831104,899.8399999994482,839.3237490385661
35493,34.71363083831104,899.8599999994482,839.3295344276341
35494,34.71363083831104,899.8799999994482,839.3353196916872
35495,34.71363083831104,899.8999999994481,839.3411048307233
35496,34.71363083831104,899.9199999994481,839.3468898447402
35497,34.71363083831104,899.9399999994481,839.3526747337357
35498,34.71363083831104,899.9599999994481,839.3584594977078
35499,34.71363083831104,899.9799999994481,839.3642441367319
35500,34.71363083831104,899.999999999448,839.3700286509603
35501,34.71363083831104,900.019999999448,839.3758130403993
35502,34.71363083831104,900.039999999448,839.3815973050469
35503,34.71363083831104,900.059999999448,839.3873814449008
35504,34.71363083831104,900.079999999448,839.393165459959
35505,34.71363083831104,900.099999999448,839.3989493502195
35506,34.71363083831104,900.1199999994479,839.40473311568
35507,34.71363083831104,900.1399999994479,839.4105167563383
35508,34.71363083831104,900.1599999994479,839.4163002721924
35509,34.71363083831104,900.1799999994479,839.4220836632401
35510,34.71363083831104,900.1999999994479,839.4278669294793
35511,34.71363083831104,900.2199999994479,839.4336500709078
35512,34.66606688042493,900.2399999994478,839.4394330875235
35513,34.66606688042493,900.2599999994478,839.4452159793244
35514,34.66606688042493,900.2799999994478,839.4509987463083
35515,34.66606688042493,900.2999999994478,839.456781388473
35516,34.66606688042493,900.3199999994478,839.4625639058164
35517,34.66606688042493,900.3399999994477,839.4683462983364
35518,34.66606688042493,900.3599999994477,839.4741285660309
35519,34.66606688042493,900.3799999994477,839.4799107088977
35520,34.66606688042493,900.3999999994477,839.4856927269346
35521,34.66606688042493,900.4199999994477,839.4914746201397
35522,34.66606688042493,900.4399999994477,839.4972563885106
35523,34.66606688042493,900.4599999994476,839.5030380320453
35524,34.66606688042493,900.4799999994476,839.5088195507417
35525,34.66606688042493,900.4999999994476,839.5146009445976
35526,34.66606688042493,900.5199999994476,839.5203822136109
35527,34.66606688042493,900.5399999994476,839.5261633577795
35528,34.66606688042493,900.5599999994475,839.5319443771012
35529,34.66606688042493,900.5799999994475,839.537725271574
35530,34.66606688042493,900.5999999994475,839.5435060411957
35531,34.66606688042493,900.6199999994475,839.549286685964
35532,34.66606688042493,900.6399999994475,839.555067205877
35533,34.66606688042493,900.6599999994475,839.5608476009324
35534,34.66606688042493,900.6799999994474,839.5666278711283
35535,34.66606688042493,900.6999999994474,839.5724080164623
35536,34.66606688042493,900.7199999994474,839.5781880369325
35537,34.66606688042493,900.7399999994474,839.5839679325367
35538,34.66606688042493,900.7599999994474,839.5897477032727
35539,34.66606688042493,900.7799999994473,839.5955273491384
35540,34.66606688042493,900.7999999994473,839.6013068701317
35541,34.66606688042493,900.8199999994473,839.6070862662505
35542,34.66606688042493,900.8399999994473,839.6128655374926
35543,34.66606688042493,900.8599999994473,839.6186446838558
35544,34.66606688042493,900.8799999994473,839.6244237053381
35545,34.66606688042493,900.8999999994472,839.6302026019374
35546,34.66606688042493,900.9199999994472,839.6359813736515
35547,34.66606688042493,900.9399999994472,839.6417600204782
35548,34.66606688042493,900.9599999994472,839.6475385424154
35549,34.66606688042493,900.9799999994472,839.6533169394611
35550,34.66606688042493,900.9999999994471,839.6590952116925
35551,34.66606688042493,901.0199999994471,839.6648733592313
35552,34.66606688042493,901.0399999994471,839.6706513820802
35553,34.66606688042493,901.0599999994471,839.6764292802372
35554,34.66606688042493,901.0799999994471,839.6822070537002
35555,34.66606688042493,901.099999999447,839.6879847024669
35556,34.66606688042493,901.119999999447,839.6937622265353
35557,34.66606688042493,901.139999999447,839.6995396259033
35558,34.66606688042493,901.159999999447,839.7053169005687
35559,34.66606688042493,901.179999999447,839.7110940505295
35560,34.66606688042493,901.199999999447,839.7168710757834
35561,34.66606688042493,901.2199999994469,839.7226479763283
35562,34.66606688042493,901.2399999994469,839.7284247521621
35563,34.66606688042493,901.2599999994469,839.7342014032828
35564,34.66606688042493,901.2799999994469,839.7399779296882
35565,34.66606688042493,901.2999999994469,839.745754331376
35566,34.66606688042493,901.3199999994468,839.7515306083443
35567,34.66606688042493,901.3399999994468,839.757306760591
35568,34.66606688042493,901.3599999994468,839.7630827881137
35569,34.66606688042493,901.3799999994468,839.7688586909105
35570,34.66606688042493,901.3999999994468,839.7746344689792
35571,34.66606688042493,901.4199999994468,839.7804101223178
35572,34.66606688042493,901.4399999994467,839.786185650924
35573,34.66606688042493,901.4599999994467,839.7919610547958
35574,34.66606688042493,901.4799999994467,839.7977363339311
35575,34.66606688042493,901.4999999994467,839.8035114883276
35576,34.66606688042493,901.5199999994467,839.8092865179832
35577,34.66606688042493,901.5399999994466,839.815061422896
35578,34.66606688042493,901.5599999994466,839.8208362030637
35579,34.66606688042493,901.5799999994466,839.8266108584842
35580,34.66606688042493,901.5999999994466,839.8323853891553
35581,34.66606688042493,901.6199999994466,839.8381597950751
35582,34.66606688042493,901.6399999994466,839.8439340762412
35583,34.66606688042493,901.6599999994465,839.8497082326517
35584,34.66606688042493,901.6799999994465,839.8554822643043
35585,34.66606688042493,901.6999999994465,839.861256171197
35586,34.66606688042493,901.7199999994465,839.8670299533277
35587,34.66606688042493,901.7399999994465,839.8728036106941
35588,34.66606688042493,901.7599999994464,839.8785771432941
35589,34.66606688042493,901.7799999994464,839.8843505511257
35590,34.66606688042493,901.7999999994464,839.8901238341869
35591,34.66606688042493,901.8199999994464,839.8958969924753
35592,34.66606688042493,901.8399999994464,839.9016700259889
35593,34.66606688042493,901.8599999994464,839.9074429347255
35594,34.66606688042493,901.8799999994463,839.9132157186831
35595,34.66606688042493,901.8999999994463,839.9189883778595
35596,34.66606688042493,901.9199999994463,839.9247609122525
35597,34.66606688042493,901.9399999994463,839.9305333218601
35598,34.66606688042493,901.9599999994463,839.9363056066802
35599,34.66606688042493,901.9799999994462,839.9420777667107
35600,34.66606688042493,901.9999999994462,839.9478498019492
35601,34.66606688042493,902.0199999994462,839.9536217124921
35602,34.66606688042493,902.0399999994462,839.9593934984593
35603,34.66606688042493,902.0599999994462,839.9651651598515
35604,34.66606688042493,902.0799999994462,839.9709366966664
35605,34.66606688042493,902.0999999994461,839.9767081089019
35606,34.66606688042493,902.1199999994461,839.982479396556
35607,34.66606688042493,902.1399999994461,839.9882505596264
35608,34.66606688042493,902.1599999994461,839.9940215981111
35609,34.66606688042493,902.1799999994461,839.999792512008
35610,34.66606688042493,902.199999999446,840.0055633015668
35611,34.66606688042493,902.219999999446,840.0113339670662
35612,34.66606688042493,902.239999999446,840.0171045085073
35613,34.66606688042493,902.259999999446,840.022874925888
35614,34.66606688042493,902.279999999446,840.0286452192064
35615,34.66606688042493,902.299999999446,840.0344153884603
35616,34.66606688042493,902.3199999994459,840.0401854336476
35617,34.66606688042493,902.3399999994459,840.0459553547664
35618,34.66606688042493,902.3599999994459,840.0517251518146
35619,34.66606688042493,902.3799999994459,840.05749482479
35620,34.66606688042493,902.3999999994459,840.0632643736906
35621,34.66606688042493,902.4199999994458,840.0690337985144
35622,34.66606688042493,902.4399999994458,840.0748030992593
35623,34.66606688042493,902.4599999994458,840.0805722759231
35624,34.66606688042493,902.4799999994458,840.086341328504
35625,34.66606688042493,902.4999999994458,840.0921102569997
35626,34.66606688042493,902.5199999994458,840.0978790614083
35627,34.66606688042493,902.5399999994457,840.1036477417277
35628,34.66606688042493,902.5599999994457,840.1094162979559
35629,34.66606688042493,902.5799999994457,840.1151847300907
35630,34.66606688042493,902.5999999994457,840.1209530381301
35631,34.66606688042493,902.6199999994457,840.126721222072
35632,34.66606688042493,902.6399999994456,840.1324892819143
35633,34.66606688042493,902.6599999994456,840.1382572176551
35634,34.66606688042493,902.6799999994456,840.1440250292923
35635,34.66606688042493,902.6999999994456,840.1497927168238
35636,34.66606688042493,902.7199999994456,840.1555602802474
35637,34.66606688042493,902.7399999994456,840.1613277195612
35638,34.66606688042493,902.7599999994455,840.1670950347632
35639,34.66606688042493,902.7799999994455,840.1728622258512
35640,34.66606688042493,902.7999999994455,840.1786292928232
35641,34.66606688042493,902.8199999994455,840.184396235677
35642,34.66606688042493,902.8399999994455,840.1901630544107
35643,34.66606688042493,902.8599999994454,840.1959297490222
35644,34.66606688042493,902.8799999994454,840.2016963195094
35645,34.66606688042493,902.8999999994454,840.2074627658703
35646,34.66606688042493,902.9199999994454,840.2132290881028
35647,34.66606688042493,902.9399999994454,840.2189952862049
35648,34.66606688042493,902.9599999994454,840.2247613601744
35649,34.66606688042493,902.9799999994453,840.2305273100094
35650,34.66606688042493,902.9999999994453,840.2362931357077
35651,34.66606688042493,903.0199999994453,840.2420588372673
35652,34.66606688042493,903.0399999994453,840.2478244147978
35653,34.66606688042493,903.0599999994453,840.253589868409
35654,34.66606688042493,903.0799999994452,840.2593551980988
35655,34.66606688042493,903.0999999994452,840.2651204038651
35656,34.66606688042493,903.1199999994452,840.270885485706
35657,34.66606688042493,903.1399999994452,840.2766504436194
35658,34.66606688042493,903.1599999994452,840.2824152776031
35659,34.66606688042493,903.1799999994452,840.2881799876552
35660,34.66606688042493,903.1999999994451,840.2939445737736
35661,34.66606688042493,903.2199999994451,840.2997090359563
35662,34.66606688042493,903.2399999994451,840.3054733742011
35663,34.66606688042493,903.2599999994451,840.3112375885062
35664,34.66606688042493,903.2799999994451,840.3170016788692
35665,34.66606688042493,903.299999999445,840.3227656452883
35666,34.66606688042493,903.319999999445,840.3285294877614
35667,34.66606688042493,903.339999999445,840.3342932062865
35668,34.66606688042493,903.359999999445,840.3400568008614
35669,34.66606688042493,903.379999999445,840.3458202714841
35670,34.66606688042493,903.399999999445,840.3515836181525
35671,34.66606688042493,903.4199999994449,840.3573468408647
35672,34.66606688042493,903.4399999994449,840.3631099396184
35673,34.66606688042493,903.4599999994449,840.3688729144118
35674,34.66606688042493,903.4799999994449,840.3746357652427
35675,34.66606688042493,903.4999999994449,840.3803984921091
35676,34.66606688042493,903.5199999994448,840.3861610950089
35677,34.66606688042493,903.5399999994448,840.3919235739402
35678,34.66606688042493,903.5599999994448,840.3976859289007
35679,34.66606688042493,903.5799999994448,840.4034481598885
35680,34.66606688042493,903.5999999994448,840.4092102669016
35681,34.66606688042493,903.6199999994448,840.4149722499378
35682,34.66606688042493,903.6399999994447,840.4207341089951
35683,34.66606688042493,903.6599999994447,840.4264958440715
35684,34.66606688042493,903.6799999994447,840.4322574551649
35685,34.66606688042493,903.6999999994447,840.4380189422732
35686,34.66606688042493,903.7199999994447,840.4437803053944
35687,34.66606688042493,903.7399999994446,840.4495415445265
35688,34.66606688042493,903.7599999994446,840.4553026596673
35689,34.66606688042493,903.7799999994446,840.4610636508148
35690,34.66606688042493,903.7999999994446,840.4668245179671
35691,34.66606688042493,903.8199999994446,840.4725852611219
35692,34.66606688042493,903.8399999994446,840.4783458802774
35693,34.66606688042493,903.8599999994445,840.4841063754313
35694,34.66606688042493,903.8799999994445,840.4898667465817
35695,34.66606688042493,903.8999999994445,840.4956269937265
35696,34.66606688042493,903.9199999994445,840.5013871168637
35697,34.66606688042493,903.9399999994445,840.5071471159912
35698,34.66606688042493,903.9599999994444,840.5129069911069
35699,34.66606688042493,903.9799999994444,840.5186667422088
35700,34.66606688042493,903.9999999994444,840.5244263692948
35701,34.66606688042493,904.0199999994444,840.530185872363
35702,34.66606688042493,904.0399999994444,840.535945251414
35703,34.66606688042493,904.0599999994444,840.5417045065753
35704,34.66606688042493,904.0799999994443,840.5474636379496
35705,34.66606688042493,904.0999999994443,840.5532226455348
35706,34.66606688042493,904.1199999994443,840.5589815293289
35707,34.66606688042493,904.1399999994443,840.5647402893298
35708,34.66606688042493,904.1599999994443,840.5704989255356
35709,34.66606688042493,904.1799999994442,840.5762574379442
35710,34.66606688042493,904.1999999994442,840.5820158265534
35711,34.66606688042493,904.2199999994442,840.5877740913612
35712,34.66606688042493,904.2399999994442,840.5935322323656
35713,34.66606688042493,904.2599999994442,840.5992902495647
35714,34.66606688042493,904.2799999994442,840.6050481429562
35715,34.66606688042493,904.2999999994441,840.6108059125382
35716,34.66606688042493,904.3199999994441,840.6165635583087
35717,34.66606688042493,904.3399999994441,840.6223210802656
35718,34.66606688042493,904.3599999994441,840.6280784784068
35719,34.66606688042493,904.3799999994441,840.6338357527303
35720,34.66606688042493,904.399999999444,840.6395929032341
35721,34.66606688042493,904.419999999444,840.645349929916
35722,34.66606688042493,904.439999999444,840.6511068327743
35723,34.66606688042493,904.459999999444,840.6568636118067
35724,34.66606688042493,904.479999999444,840.6626202670111
35725,34.66606688042493,904.499999999444,840.6683767983856
35726,34.66606688042493,904.5199999994439,840.674133205928
35727,34.66606688042493,904.5399999994439,840.6798894896365
35728,34.66606688042493,904.5599999994439,840.6856456495088
35729,34.66606688042493,904.5799999994439,840.691401685543
35730,34.66606688042493,904.5999999994439,840.697157597737
35731,34.66606688042493,904.6199999994438,840.7029133860889
35732,34.66606688042493,904.6399999994438,840.7086690505964
35733,34.66606688042493,904.6599999994438,840.7144245912576
35734,34.66606688042493,904.6799999994438,840.7201800080705
35735,34.66606688042493,904.6999999994438,840.725935301033
35736,34.61861144212746,904.7199999994438,840.7316904701431
35737,34.61861144212746,904.7399999994437,840.7374455153987
35738,34.61861144212746,904.7599999994437,840.7432004367978
35739,34.61861144212746,904.7799999994437,840.7489552343383
35740,34.61861144212746,904.7999999994437,840.7547099080182
35741,34.61861144212746,904.8199999994437,840.7604644578354
35742,34.61861144212746,904.8399999994436,840.7662188837879
35743,34.61861144212746,904.8599999994436,840.7719731858738
35744,34.61861144212746,904.8799999994436,840.7777273640908
35745,34.61861144212746,904.8999999994436,840.783481418437
35746,34.61861144212746,904.9199999994436,840.7892353489103
35747,34.61861144212746,904.9399999994436,840.7949891555087
35748,34.61861144212746,904.9599999994435,840.8007428382301
35749,34.61861144212746,904.9799999994435,840.8064963970726
35750,34.61861144212746,904.9999999994435,840.812249832034
35751,34.61861144212746,905.0199999994435,840.8180031431124
35752,34.61861144212746,905.0399999994435,840.8237563303056
35753,34.61861144212746,905.0599999994434,840.8295093936165
35754,34.61861144212746,905.0799999994434,840.8352623331657
35755,34.61861144212746,905.0999999994434,840.8410151490302
35756,34.61861144212746,905.1199999994434,840.8467678412079
35757,34.61861144212746,905.1399999994434,840.8525204096968
35758,34.61861144212746,905.1599999994434,840.858272854495
35759,34.61861144212746,905.1799999994433,840.8640251756003
35760,34.61861144212746,905.1999999994433,840.8697773730107
35761,34.61861144212746,905.2199999994433,840.8755294467243
35762,34.61861144212746,905.2399999994433,840.8812813967388
35763,34.61861144212746,905.2599999994433,840.8870332230524
35764,34.61861144212746,905.2799999994432,840.892784925663
35765,34.61861144212746,905.2999999994432,840.8985365045686
35766,34.61861144212746,905.3199999994432,840.9042879597671
35767,34.61861144212746,905.3399999994432,840.9100392912565
35768,34.61861144212746,905.3599999994432,840.9157904990348
35769,34.61861144212746,905.3799999994432,840.9215415830998
35770,34.61861144212746,905.3999999994431,840.9272925434498
35771,34.61861144212746,905.4199999994431,840.9330433800824
35772,34.61861144212746,905.4399999994431,840.9387940929957
35773,34.61861144212746,905.4599999994431,840.9445446821878
35774,34.61861144212746,905.4799999994431,840.9502951476566
35775,34.61861144212746,905.499999999443,840.9560454893999
35776,34.61861144212746,905.519999999443,840.961795707416
35777,34.61861144212746,905.539999999443,840.9675458017025
35778,34.61861144212746,905.559999999443,840.9732957722576
35779,34.61861144212746,905.579999999443,840.9790456190793
35780,34.61861144212746,905.599999999443,840.9847953421654
35781,34.61861144212746,905.6199999994429,840.9905449415139
35782,34.61861144212746,905.6399999994429,840.9962944171228
35783,34.61861144212746,905.6599999994429,841.0020437689902
35784,34.61861144212746,905.6799999994429,841.0077929971139
35785,34.61861144212746,905.6999999994429,841.0135421014919
35786,34.61861144212746,905.7199999994428,841.0192910821222
35787,34.61861144212746,905.7399999994428,841.0250399390028
35788,34.61861144212746,905.7599999994428,841.0307886721316
35789,34.61861144212746,905.7799999994428,841.0365372815066
35790,34.61861144212746,905.7999999994428,841.0422857671258
35791,34.61861144212746,905.8199999994428,841.0480341289871
35792,34.61861144212746,905.8399999994427,841.0537823670884
35793,34.61861144212746,905.8599999994427,841.0595304814278
35794,34.61861144212746,905.8799999994427,841.0652784720033
35795,34.61861144212746,905.8999999994427,841.0710263388128
35796,34.61861144212746,905.9199999994427,841.0767740818542
35797,34.61861144212746,905.9399999994426,841.0825217011255
35798,34.61861144212746,905.9599999994426,841.0882691966248
35799,34.61861144212746,905.9799999994426,841.09401656835
35800,34.61861144212746,905.9999999994426,841.099763816299
35801,34.61861144212746,906.0199999994426,841.1055109404698
35802,34.61861144212746,906.0399999994426,841.1112579408604
35803,34.61861144212746,906.0599999994425,841.1170048174687
35804,34.61861144212746,906.0799999994425,841.1227515703006
35805,34.61861144212746,906.0999999994425,841.1284981994958
35806,34.61861144212746,906.1199999994425,841.1342447051238
35807,34.61861144212746,906.1399999994425,841.1399910871827
35808,34.61861144212746,906.1599999994424,841.1457373456705
35809,34.61861144212746,906.1799999994424,841.1514834805851
35810,34.61861144212746,906.1999999994424,841.1572294919245
35811,34.61861144212746,906.2199999994424,841.1629753796866
35812,34.61861144212746,906.2399999994424,841.1687211438694
35813,34.61861144212746,906.2599999994424,841.1744667844711
35814,34.61861144212746,906.2799999994423,841.1802123014893
35815,34.61861144212746,906.2999999994423,841.1859576949222
35816,34.61861144212746,906.3199999994423,841.1917029647677
35817,34.61861144212746,906.3399999994423,841.197448111024
35818,34.61861144212746,906.3599999994423,841.2031931336887
35819,34.61861144212746,906.3799999994422,841.2089380327601
35820,34.61861144212746,906.3999999994422,841.214682808236
35821,34.61861144212746,906.4199999994422,841.2204274601145
35822,34.61861144212746,906.4399999994422,841.2261719883934
35823,34.61861144212746,906.4599999994422,841.2319163930708
35824,34.61861144212746,906.4799999994422,841.2376606741446
35825,34.61861144212746,906.4999999994421,841.2434048316129
35826,34.61861144212746,906.5199999994421,841.2491488654736
35827,34.61861144212746,906.5399999994421,841.2548927757247
35828,34.61861144212746,906.5599999994421,841.2606365623641
35829,34.61861144212746,906.5799999994421,841.2663802253899
35830,34.61861144212746,906.599999999442,841.2721237648
35831,34.61861144212746,906.619999999442,841.2778671805924
35832,34.61861144212746,906.639999999442,841.283610472765
35833,34.61861144212746,906.659999999442,841.2893536413159
35834,34.61861144212746,906.679999999442,841.2950966862429
35835,34.61861144212746,906.699999999442,841.3008396075442
35836,34.61861144212746,906.7199999994419,841.3065824052177
35837,34.61861144212746,906.7399999994419,841.3123250792613
35838,34.61861144212746,906.7599999994419,841.318067629673
35839,34.61861144212746,906.7799999994419,841.3238100564508
35840,34.61861144212746,906.7999999994419,841.3295523595928
35841,34.61861144212746,906.8199999994418,841.3352945390967
35842,34.61861144212746,906.8399999994418,841.3410365949608
35843,34.61861144212746,906.8599999994418,841.3467785271828
35844,34.61861144212746,906.8799999994418,841.3525203357608
35845,34.61861144212746,906.8999999994418,841.3582620206928
35846,34.61861144212746,906.9199999994418,841.3640035819767
35847,34.61861144212746,906.9399999994417,841.3697450196106
35848,34.61861144212746,906.9599999994417,841.3754863335923
35849,34.61861144212746,906.9799999994417,841.38122752392
35850,34.61861144212746,906.9999999994417,841.3869685905914
35851,34.61861144212746,907.0199999994417,841.3927095336048
35852,34.61861144212746,907.0399999994416,841.398450352958
35853,34.61861144212746,907.0599999994416,841.404191048649
35854,34.61861144212746,907.0799999994416,841.4099316206757
35855,34.61861144212746,907.0999999994416,841.4156720690466
35856,34.61861144212746,907.1199999994416,841.4214123939126
35857,34.61861144212746,907.1399999994416,841.4271525953305
35858,34.61861144212746,907.1599999994415,841.4328926732983
35859,34.61861144212746,907.1799999994415,841.438632627814
35860,34.61861144212746,907.1999999994415,841.4443724588755
35861,34.61861144212746,907.2199999994415,841.4501121664808
35862,34.61861144212746,907.2399999994415,841.455851750628
35863,34.61861144212746,907.2599999994414,841.4615912113148
35864,34.61861144212746,907.2799999994414,841.4673305485395
35865,34.61861144212746,907.2999999994414,841.4730697622999
35866,34.61861144212746,907.3199999994414,841.4788088525942
35867,34.61861144212746,907.3399999994414,841.4845478194202
35868,34.61861144212746,907.3599999994414,841.4902866627758
35869,34.61861144212746,907.3799999994413,841.4960253826592
35870,34.61861144212746,907.3999999994413,841.5017639790683
35871,34.61861144212746,907.4199999994413,841.5075024520011
35872,34.61861144212746,907.4399999994413,841.5132408014555
35873,34.61861144212746,907.4599999994413,841.5189790274295
35874,34.61861144212746,907.4799999994412,841.5247171299212
35875,34.61861144212746,907.4999999994412,841.5304551089285
35876,34.61861144212746,907.5199999994412,841.5361929644495
35877,34.61861144212746,907.5399999994412,841.5419306964819
35878,34.61861144212746,907.5599999994412,841.547668305024
35879,34.61861144212746,907.5799999994412,841.5534057900736
35880,34.61861144212746,907.5999999994411,841.5591431516287
35881,34.61861144212746,907.6199999994411,841.5648803896875
35882,34.61861144212746,907.6399999994411,841.5706175042476
35883,34.61861144212746,907.6599999994411,841.5763544953073
35884,34.61861144212746,907.6799999994411,841.5820913628645
35885,34.61861144212746,907.699999999441,841.5878281069171
35886,34.61861144212746,907.719999999441,841.5935647274631
35887,34.61861144212746,907.739999999441,841.5993012245007
35888,34.61861144212746,907.759999999441,841.6050375980276
35889,34.61861144212746,907.779999999441,841.610773848042
35890,34.61861144212746,907.799999999441,841.6165099745417
35891,34.61861144212746,907.8199999994409,841.6222459775248
35892,34.61861144212746,907.8399999994409,841.6279818569893
35893,34.61861144212746,907.8599999994409,841.6337176129331
35894,34.61861144212746,907.8799999994409,841.6394532453543
35895,34.61861144212746,907.8999999994409,841.6451887542507
35896,34.61861144212746,907.9199999994408,841.6509241396205
35897,34.61861144212746,907.9399999994408,841.6566594014616
35898,34.61861144212746,907.9599999994408,841.662394539772
35899,34.61861144212746,907.9799999994408,841.6681295545496
35900,34.61861144212746,907.9999999994408,841.6738644457924
35901,34.61861144212746,908.0199999994408,841.6795992134985
35902,34.61861144212746,908.0399999994407,841.6853338576658
35903,34.61861144212746,908.0599999994407,841.6910683782924
35904,34.61861144212746,908.0799999994407,841.6968027753761
35905,34.61861144212746,908.0999999994407,841.702537048915
35906,34.61861144212746,908.1199999994407,841.7082711989207
35907,34.61861144212746,908.1399999994406,841.7140052255612
35908,34.61861144212746,908.1599999994406,841.7197391288822
35909,34.61861144212746,908.1799999994406,841.7254729088817
35910,34.61861144212746,908.1999999994406,841.7312065655575
35911,34.61861144212746,908.2199999994406,841.7369400989077
35912,34.61861144212746,908.2399999994406,841.7426735089302
35913,34.61861144212746,908.2599999994405,841.7484067956232
35914,34.61861144212746,908.2799999994405,841.7541399589844
35915,34.61861144212746,908.2999999994405,841.759872999012
35916,34.61861144212746,908.3199999994405,841.765605915704
35917,34.61861144212746,908.3399999994405,841.7713387090582
35918,34.61861144212746,908.3599999994404,841.7770713790727
35919,34.61861144212746,908.3799999994404,841.7828039257455
35920,34.61861144212746,908.3999999994404,841.7885363490745
35921,34.61861144212746,908.4199999994404,841.7942686490578
35922,34.61861144212746,908.4399999994404,841.8000008256932
35923,34.61861144212746,908.4599999994404,841.8057328789789
35924,34.61861144212746,908.4799999994403,841.8114648089128
35925,34.61861144212746,908.4999999994403,841.8171966154928
35926,34.61861144212746,908.5199999994403,841.822928298717
35927,34.61861144212746,908.5399999994403,841.8286598585833
35928,34.61861144212746,908.5599999994403,841.8343912950896
35929,34.61861144212746,908.5799999994402,841.8401226082342
35930,34.61861144212746,908.5999999994402,841.8458537980148
35931,34.61861144212746,908.6199999994402,841.8515848644295
35932,34.61861144212746,908.6399999994402,841.8573158074762
35933,34.61861144212746,908.6599999994402,841.863046627153
35934,34.61861144212746,908.6799999994402,841.868777323458
35935,34.61861144212746,908.6999999994401,841.8745078963889
35936,34.61861144212746,908.7199999994401,841.8802383459438
35937,34.61861144212746,908.7399999994401,841.8859686721206
35938,34.61861144212746,908.7599999994401,841.8916988749174
35939,34.61861144212746,908.7799999994401,841.8974289543322
35940,34.61861144212746,908.79999999944,841.903158910363
35941,34.61861144212746,908.81999999944,841.9088887430077
35942,34.61861144212746,908.83999999944,841.9146184522642
35943,34.61861144212746,908.85999999944,841.9203480381307
35944,34.61861144212746,908.87999999944,841.9260775006051
35945,34.61861144212746,908.89999999944,841.9318068396854
35946,34.61861144212746,908.9199999994399,841.9375360553695
35947,34.61861144212746,908.9399999994399,841.9432651476554
35948,34.61861144212746,908.9599999994399,841.9489941165413
35949,34.61861144212746,908.9799999994399,841.9547229620248
35950,34.61861144212746,908.9999999994399,841.9604516841042
35951,34.61861144212746,909.0199999994398,841.9661802827774
35952,34.61861144212746,909.0399999994398,841.9719087580423
35953,34.61861144212746,909.0599999994398,841.977637109897
35954,34.61861144212746,909.0799999994398,841.9833653383395
35955,34.61861144212746,909.0999999994398,841.9890934433677
35956,34.5712641771045,909.1199999994398,841.9948214249795
35957,34.5712641771045,909.1399999994397,842.0005492831887
35958,34.5712641771045,909.1599999994397,842.006277018167
35959,34.5712641771045,909.1799999994397,842.012004629945
35960,34.5712641771045,909.1999999994397,842.0177321185206
35961,34.5712641771045,909.2199999994397,842.0234594838919
35962,34.5712641771045,909.2399999994396,842.0291867260569
35963,34.5712641771045,909.2599999994396,842.0349138450135
35964,34.5712641771045,909.2799999994396,842.0406408407599
35965,34.5712641771045,909.2999999994396,842.046367713294
35966,34.5712641771045,909.3199999994396,842.0520944626138
35967,34.5712641771045,909.3399999994396,842.0578210887173
35968,34.5712641771045,909.3599999994395,842.0635475916025
35969,34.5712641771045,909.3799999994395,842.0692739712674
35970,34.5712641771045,909.3999999994395,842.0750002277101
35971,34.5712641771045,909.4199999994395,842.0807263609286
35972,34.5712641771045,909.4399999994395,842.0864523709207
35973,34.5712641771045,909.4599999994394,842.0921782576846
35974,34.5712641771045,909.4799999994394,842.0979040212184
35975,34.5712641771045,909.4999999994394,842.1036296615199
35976,34.5712641771045,909.5199999994394,842.1093551785872
35977,34.5712641771045,909.5399999994394,842.1150805724183
35978,34.5712641771045,909.5599999994394,842.1208058430111
35979,34.5712641771045,909.5799999994393,842.1265309903638
35980,34.5712641771045,909.5999999994393,842.1322560144743
35981,34.5712641771045,909.6199999994393,842.1379809153406
35982,34.5712641771045,909.6399999994393,842.1437056929607
35983,34.5712641771045,909.6599999994393,842.1494303473327
35984,34.5712641771045,909.6799999994392,842.1551548784545
35985,34.5712641771045,909.6999999994392,842.1608792863242
35986,34.5712641771045,909.7199999994392,842.1666035709397
35987,34.5712641771045,909.7399999994392,842.1723277322992
35988,34.5712641771045,909.7599999994392,842.1780517704005
35989,34.5712641771045,909.7799999994392,842.1837756852418
35990,34.5712641771045,909.7999999994391,842.189499476821
35991,34.5712641771045,909.8199999994391,842.195223145136
35992,34.5712641771045,909.8399999994391,842.2009466901849
35993,34.5712641771045,909.8599999994391,842.2066701119658
35994,34.5712641771045,909.8799999994391,842.2123934104766
35995,34.5712641771045,909.899999999439,842.2181165857153
35996,34.5712641771045,909.919999999439,842.2238396376799
35997,34.5712641771045,909.939999999439,842.2295625663686
35998,34.5712641771045,909.959999999439,842.2352853717792
35999,34.5712641771045,909.979999999439,842.2410080539098
36000,34.5712641771045,909.999999999439,842.2467306127584
36001,34.5712641771045,910.0199999994389,842.252453048323
36002,34.5712641771045,910.0399999994389,842.2581753606016
36003,34.5712641771045,910.0599999994389,842.2638975495922
36004,34.5712641771045,910.0799999994389,842.2696196152929
36005,34.5712641771045,910.0999999994389,842.2753415577015
36006,34.5712641771045,910.1199999994388,842.2810633768162
36007,34.5712641771045,910.1399999994388,842.2867850726349
36008,34.5712641771045,910.1599999994388,842.2925066451733
36009,34.5712641771045,910.1799999994388,842.2982280946063
36010,34.5712641771045,910.1999999994388,842.3039494209507
36011,34.5712641771045,910.2199999994388,842.3096706242046
36012,34.5712641771045,910.2399999994387,842.3153917043659
36013,34.5712641771045,910.2599999994387,842.3211126614326
36014,34.5712641771045,910.2799999994387,842.3268334954028
36015,34.5712641771045,910.2999999994387,842.3325542062744
36016,34.5712641771045,910.3199999994387,842.3382747940454
36017,34.5712641771045,910.3399999994386,842.3439952587139
36018,34.5712641771045,910.3599999994386,842.3497156002778
36019,34.5712641771045,910.3799999994386,842.3554358187353
36020,34.5712641771045,910.3999999994386,842.3611559140842
36021,34.5712641771045,910.4199999994386,842.3668758863225
36022,34.5712641771045,910.4399999994386,842.3725957354484
36023,34.5712641771045,910.4599999994385,842.3783154614597
36024,34.5712641771045,910.4799999994385,842.3840350643545
36025,34.5712641771045,910.4999999994385,842.3897545441309
36026,34.5712641771045,910.5199999994385,842.3954739007868
36027,34.5712641771045,910.5399999994385,842.4011931343202
36028,34.5712641771045,910.5599999994384,842.4069122447291
36029,34.5712641771045,910.5799999994384,842.4126312320116
36030,34.5712641771045,910.5999999994384,842.4183500961656
36031,34.5712641771045,910.6199999994384,842.4240688371891
36032,34.5712641771045,910.6399999994384,842.4297874550803
36033,34.5712641771045,910.6599999994384,842.435505949837
36034,34.5712641771045,910.6799999994383,842.4412243214572
36035,34.5712641771045,910.6999999994383,842.446942569939
36036,34.5712641771045,910.7199999994383,842.4526606952804
36037,34.5712641771045,910.7399999994383,842.4583786974795
36038,34.5712641771045,910.7599999994383,842.4640965765341
36039,34.5712641771045,910.7799999994382,842.4698143324423
36040,34.5712641771045,910.7999999994382,842.4755319652022
36041,34.5712641771045,910.8199999994382,842.4812494748116
36042,34.5712641771045,910.8399999994382,842.4869668612688
36043,34.5712641771045,910.8599999994382,842.4926841245716
36044,34.5712641771045,910.8799999994382,842.498401264718
36045,34.5712641771045,910.8999999994381,842.5041182817062
36046,34.5712641771045,910.9199999994381,842.5098351755339
36047,34.5712641771045,910.9399999994381,842.5155519461994
36048,34.5712641771045,910.9599999994381,842.5212685937005
36049,34.5712641771045,910.9799999994381,842.5269851180352
36050,34.5712641771045,910.999999999438,842.5327015192017
36051,34.5712641771045,911.019999999438,842.5384177971979
36052,34.5712641771045,911.039999999438,842.5441339520218
36053,34.5712641771045,911.059999999438,842.5498499836714
36054,34.5712641771045,911.079999999438,842.5555658921447
36055,34.5712641771045,911.099999999438,842.5612816774399
36056,34.5712641771045,911.1199999994379,842.5669973395547
36057,34.5712641771045,911.1399999994379,842.5727128784873
36058,34.5712641771045,911.1599999994379,842.5784282942357
36059,34.5712641771045,911.1799999994379,842.5841435868281
36060,34.5712641771045,911.1999999994379,842.5898587564363
36061,34.5712641771045,911.2199999994378,842.5955738030744
36062,34.5712641771045,911.2399999994378,842.6012887267403
36063,34.5712641771045,911.2599999994378,842.607003527432
36064,34.5712641771045,911.2799999994378,842.6127182051474
36065,34.5712641771045,911.2999999994378,842.6184327598847
36066,34.5712641771045,911.3199999994378,842.6241471916419
36067,34.5712641771045,911.3399999994377,842.629861500417
36068,34.5712641771045,911.3599999994377,842.6355756862079
36069,34.5712641771045,911.3799999994377,842.6412897490127
36070,34.5712641771045,911.3999999994377,842.6470036888294
36071,34.5712641771045,911.4199999994377,842.652717505656
36072,34.5712641771045,911.4399999994376,842.6584311994906
36073,34.5712641771045,911.4599999994376,842.6641447703311
36074,34.5712641771045,911.4799999994376,842.6698582181755
36075,34.5712641771045,911.4999999994376,842.6755715430219
36076,34.5712641771045,911.5199999994376,842.6812847448683
36077,34.5712641771045,911.5399999994376,842.6869978237128
36078,34.5712641771045,911.5599999994375,842.6927107795532
36079,34.5712641771045,911.5799999994375,842.6984236123876
36080,34.5712641771045,911.5999999994375,842.7041363222141
36081,34.5712641771045,911.6199999994375,842.7098489090307
36082,34.5712641771045,911.6399999994375,842.7155613728354
36083,34.5712641771045,911.6599999994374,842.7212737136261
36084,34.5712641771045,911.6799999994374,842.7269859314009
36085,34.5712641771045,911.6999999994374,842.7326980261579
36086,34.5712641771045,911.7199999994374,842.738409997895
36087,34.5712641771045,911.7399999994374,842.7441218466103
36088,34.5712641771045,911.7599999994374,842.7498335723017
36089,34.5712641771045,911.7799999994373,842.7555451749672
36090,34.5712641771045,911.7999999994373,842.761256654605
36091,34.5712641771045,911.8199999994373,842.766968011213
36092,34.5712641771045,911.8399999994373,842.7726792447892
36093,34.5712641771045,911.8599999994373,842.7783903553316
36094,34.5712641771045,911.8799999994372,842.7841013428382
36095,34.5712641771045,911.8999999994372,842.7898122073071
36096,34.5712641771045,911.9199999994372,842.7955229487363
36097,34.5712641771045,911.9399999994372,842.8012335671239
36098,34.5712641771045,911.9599999994372,842.8069440624677
36099,34.5712641771045,911.9799999994372,842.8126544347658
36100,34.5712641771045,911.9999999994371,842.8183646840164
36101,34.5712641771045,912.0199999994371,842.8240748102172
36102,34.5712641771045,912.0399999994371,842.8297848133665
36103,34.5712641771045,912.0599999994371,842.8354946934621
36104,34.5712641771045,912.0799999994371,842.8412044505021
36105,34.5712641771045,912.099999999437,842.8469140844846
36106,34.5712641771045,912.119999999437,842.8526235954075
36107,34.5712641771045,912.139999999437,842.8583329832688
36108,34.5712641771045,912.159999999437,842.8640422480667
36109,34.5712641771045,912.179999999437,842.8697513897989
36110,34.5712641771045,912.199999999437,842.875460408507
36111,34.5712641771045,912.2199999994369,842.8811693043525
36112,34.5712641771045,912.2399999994369,842.8868780773468
36113,34.5712641771045,912.2599999994369,842.8925867274878
36114,34.5712641771045,912.2799999994369,842.8982952547736
36115,34.5712641771045,912.2999999994369,842.9040036592023
36116,34.5712641771045,912.3199999994368,842.9097119407718
36117,34.5712641771045,912.3399999994368,842.9154200994801
36118,34.5712641771045,912.3599999994368,842.9211281353254
36119,34.5712641771045,912.3799999994368,842.9268360483055
36120,34.5712641771045,912.3999999994368,842.9325438384186
36121,34.5712641771045,912.4199999994368,842.9382515056626
36122,34.5712641771045,912.4399999994367,842.9439590500356
36123,34.5712641771045,912.4599999994367,842.9496664715355
36124,34.5712641771045,912.4799999994367,842.9553737701605
36125,34.5712641771045,912.4999999994367,842.9610809459084
36126,34.5712641771045,912.5199999994367,842.9667879987775
36127,34.5712641771045,912.5399999994366,842.9724949287655
36128,34.5712641771045,912.5599999994366,842.9782017358707
36129,34.5712641771045,912.5799999994366,842.983908420091
36130,34.5712641771045,912.5999999994366,842.9896149814244
36131,34.5712641771045,912.6199999994366,842.995321419869
36132,34.5712641771045,912.6399999994366,843.0010277354228
36133,34.5712641771045,912.6599999994365,843.0067339280837
36134,34.5712641771045,912.6799999994365,843.0124399978499
36135,34.5712641771045,912.6999999994365,843.0181459447193
36136,34.5712641771045,912.7199999994365,843.02385176869
36137,34.5712641771045,912.7399999994365,843.0295574697599
36138,34.5712641771045,912.7599999994364,843.0352630479272
36139,34.5712641771045,912.7799999994364,843.0409685031898
36140,34.5712641771045,912.7999999994364,843.0466738355458
36141,34.5712641771045,912.8199999994364,843.0523790449931
36142,34.5712641771045,912.8399999994364,843.0580841315299
36143,34.5712641771045,912.8599999994364,843.063789095154
36144,34.5712641771045,912.8799999994363,843.0694939358635
36145,34.5712641771045,912.8999999994363,843.0751986536566
36146,34.5712641771045,912.9199999994363,843.0809032485311
36147,34.5712641771045,912.9399999994363,843.0866077204851
36148,34.5712641771045,912.9599999994363,843.0923120695167
36149,34.5712641771045,912.9799999994362,843.0980162956238
36150,34.5712641771045,912.9999999994362,843.1037203988045
36151,34.5712641771045,913.0199999994362,843.1094243790568
36152,34.5712641771045,913.0399999994362,843.1151282363787
36153,34.5712641771045,913.0599999994362,843.1208319707682
36154,34.5712641771045,913.0799999994362,843.1265355822235
36155,34.5712641771045,913.0999999994361,843.1322390707423
36156,34.5712641771045,913.1199999994361,843.137942436323
36157,34.5712641771045,913.1399999994361,843.1436456789634
36158,34.5712641771045,913.1599999994361,843.1493487986614
36159,34.5712641771045,913.1799999994361,843.1550517954153
36160,34.5712641771045,913.199999999436,843.1607546692229
36161,34.5712641771045,913.219999999436,843.166457420142
36162,34.5712641771045,913.239999999436,843.1721600483328
36163,34.5712641771045,913.259999999436,843.1778625538045
36164,34.5712641771045,913.279999999436,843.1835649365553
36165,34.5712641771045,913.299999999436,843.1892671965832
36166,34.5712641771045,913.3199999994359,843.1949693338862
36167,34.5712641771045,913.3399999994359,843.2006713484624
36168,34.5712641771045,913.3599999994359,843.2063732403097
36169,34.5712641771045,913.3799999994359,843.2120750094263
36170,34.5712641771045,913.3999999994359,843.21777665581
36171,34.5712641771045,913.4199999994358,843.223478179459
36172,34.5712641771045,913.4399999994358,843.2291795803712
36173,34.5712641771045,913.4599999994358,843.2348808585448
36174,34.5712641771045,913.4799999994358,843.2405820139777
36175,34.5712641771045,913.4999999994358,843.2462830466679
36176,34.52402474046168,913.5199999994358,843.2519839566136
36177,34.52402474046168,913.5399999994357,843.2576847438127
36178,34.52402474046168,913.5599999994357,843.2633854082632
36179,34.52402474046168,913.5799999994357,843.2690859499631
36180,34.52402474046168,913.5999999994357,843.2747863689107
36181,34.52402474046168,913.6199999994357,843.2804866651037
36182,34.52402474046168,913.6399999994356,843.2861868385403
36183,34.52402474046168,913.6599999994356,843.2918868892184
36184,34.52402474046168,913.6799999994356,843.2975868171362
36185,34.52402474046168,913.6999999994356,843.3032866222917
36186,34.52402474046168,913.7199999994356,843.3089863046828
36187,34.52402474046168,913.7399999994356,843.3146858643075
36188,34.52402474046168,913.7599999994355,843.320385301164
36189,34.52402474046168,913.7799999994355,843.3260846152504
36190,34.52402474046168,913.7999999994355,843.3317838065644
36191,34.52402474046168,913.8199999994355,843.3374828751043
36192,34.52402474046168,913.8399999994355,843.343181820868
36193,34.52402474046168,913.8599999994354,843.3488806438537
36194,34.52402474046168,913.8799999994354,843.3545793440592
36195,34.52402474046168,913.8999999994354,843.3602779214826
36196,34.52402474046168,913.9199999994354,843.365976376122
36197,34.52402474046168,913.9399999994354,843.3716747079754
36198,34.52402474046168,913.9599999994354,843.3773729170408
36199,34.52402474046168,913.9799999994353,843.3830710033163
36200,34.52402474046168,913.9999999994353,843.3887689667998
36201,34.52402474046168,914.0199999994353,843.3944668074895
36202,34.52402474046168,914.0399999994353,843.4001645253833
36203,34.52402474046168,914.0599999994353,843.4058621204792
36204,34.52402474046168,914.0799999994352,843.4115595927753
36205,34.52402474046168,914.0999999994352,843.4172569422697
36206,34.52402474046168,914.1199999994352,843.4229541689602
36207,34.52402474046168,914.1399999994352,843.4286512728452
36208,34.52402474046168,914.1599999994352,843.4343482539224
36209,34.52402474046168,914.1799999994352,843.44004511219
36210,34.52402474046168,914.1999999994351,843.4457418476459
36211,34.52402474046168,914.2199999994351,843.4514384602882
36212,34.52402474046168,914.2399999994351,843.4571349501787
36213,34.52402474046168,914.2599999994351,843.4628313174468
36214,34.52402474046168,914.2799999994351,843.4685275620981
36215,34.52402474046168,914.299999999435,843.4742236841305
36216,34.52402474046168,914.319999999435,843.4799196835421
36217,34.52402474046168,914.339999999435,843.485615560331
36218,34.52402474046168,914.359999999435,843.4913113144952
36219,34.52402474046168,914.379999999435,843.4970069460327
36220,34.52402474046168,914.399999999435,843.5027024549415
36221,34.52402474046168,914.4199999994349,843.5083978412198
36222,34.52402474046168,914.4399999994349,843.5140931048654
36223,34.52402474046168,914.4599999994349,843.5197882458765
36224,34.52402474046168,914.4799999994349,843.5254832642511
36225,34.52402474046168,914.4999999994349,843.5311781599871
36226,34.52402474046168,914.5199999994348,843.5368729330828
36227,34.52402474046168,914.5399999994348,843.5425675835361
36228,34.52402474046168,914.5599999994348,843.5482621113449
36229,34.52402474046168,914.5799999994348,843.5539565165075
36230,34.52402474046168,914.5999999994348,843.5596507990217
36231,34.52402474046168,914.6199999994348,843.5653449588857
36232,34.52402474046168,914.6399999994347,843.5710389960974
36233,34.52402474046168,914.6599999994347,843.5767329106549
36234,34.52402474046168,914.6799999994347,843.5824267025562
36235,34.52402474046168,914.6999999994347,843.5881203717994
36236,34.52402474046168,914.7199999994347,843.5938139183825
36237,34.52402474046168,914.7399999994346,843.5995073423035
36238,34.52402474046168,914.7599999994346,843.6052006435605
36239,34.52402474046168,914.7799999994346,843.6108938221515
36240,34.52402474046168,914.7999999994346,843.6165868780746
36241,34.52402474046168,914.8199999994346,843.6222798113278
36242,34.52402474046168,914.8399999994346,843.6279726219091
36243,34.52402474046168,914.8599999994345,843.6336653098165
36244,34.52402474046168,914.8799999994345,843.6393578750481
36245,34.52402474046168,914.8999999994345,843.6450503176019
36246,34.52402474046168,914.9199999994345,843.650742637476
36247,34.52402474046168,914.9399999994345,843.6564348346684
36248,34.52402474046168,914.9599999994344,843.6621269091771
36249,34.52402474046168,914.9799999994344,843.6678188610002
36250,34.52402474046168,914.9999999994344,843.6735106901357
36251,34.52402474046168,915.0199999994344,843.6792023965816
36252,34.52402474046168,915.0399999994344,843.6848939803359
36253,34.52402474046168,915.0599999994344,843.6905854413968
36254,34.52402474046168,915.0799999994343,843.6962767797622
36255,34.52402474046168,915.0999999994343,843.7019679954302
36256,34.52402474046168,915.1199999994343,843.7076590883988
36257,34.52402474046168,915.1399999994343,843.7133500586662
36258,34.52402474046168,915.1599999994343,843.7190409062301
36259,34.52402474046168,915.1799999994342,843.7247316310888
36260,34.52402474046168,915.1999999994342,843.7304222332402
36261,34.52402474046168,915.2199999994342,843.7361127126825
36262,34.52402474046168,915.2399999994342,843.7418030694135
36263,34.52402474046168,915.2599999994342,843.7474933035124
36264,34.52402474046168,915.2799999994342,843.7531834151073
36265,34.52402474046168,915.2999999994341,843.7588734042017
36266,34.52402474046168,915.3199999994341,843.7645632707937
36267,34.52402474046168,915.3399999994341,843.7702530148813
36268,34.52402474046168,915.3599999994341,843.7759426364626
36269,34.52402474046168,915.3799999994341,843.7816321355355
36270,34.52402474046168,915.399999999434,843.7873215120981
36271,34.52402474046168,915.419999999434,843.7930107661485
36272,34.52402474046168,915.439999999434,843.7986998976847
36273,34.52402474046168,915.459999999434,843.8043889067048
36274,34.52402474046168,915.479999999434,843.8100777932068
36275,34.52402474046168,915.499999999434,843.8157665571888
36276,34.52402474046168,915.5199999994339,843.8214551986487
36277,34.52402474046168,915.5399999994339,843.8271437175846
36278,34.52402474046168,915.5599999994339,843.8328321139946
36279,34.52402474046168,915.5799999994339,843.8385203878768
36280,34.52402474046168,915.5999999994339,843.844208539229
36281,34.52402474046168,915.6199999994338,843.8498965680495
36282,34.52402474046168,915.6399999994338,843.8555844743363
36283,34.52402474046168,915.6599999994338,843.8612722580873
36284,34.52402474046168,915.6799999994338,843.8669599193006
36285,34.52402474046168,915.6999999994338,843.8726474579743
36286,34.52402474046168,915.7199999994338,843.8783348741064
36287,34.52402474046168,915.7399999994337,843.8840221676949
36288,34.52402474046168,915.7599999994337,843.8897093387379
36289,34.52402474046168,915.7799999994337,843.8953963872335
36290,34.52402474046168,915.7999999994337,843.9010833131797
36291,34.52402474046168,915.8199999994337,843.9067701165744
36292,34.52402474046168,915.8399999994336,843.9124567974159
36293,34.52402474046168,915.8599999994336,843.918143355702
36294,34.52402474046168,915.8799999994336,843.9238297914309
36295,34.52402474046168,915.8999999994336,843.9295161046006
36296,34.52402474046168,915.9199999994336,843.935202295209
36297,34.52402474046168,915.9399999994336,843.9408883632543
36298,34.52402474046168,915.9599999994335,843.9465743087346
36299,34.52402474046168,915.9799999994335,843.9522601316478
36300,34.52402474046168,915.9999999994335,843.957945831992
36301,34.52402474046168,916.0199999994335,843.9636314097653
36302,34.52402474046168,916.0399999994335,843.9693168649657
36303,34.52402474046168,916.0599999994334,843.9750021975912
36304,34.52402474046168,916.0799999994334,843.9806874076398
36305,34.52402474046168,916.0999999994334,843.9863724951097
36306,34.52402474046168,916.1199999994334,843.9920574599988
36307,34.52402474046168,916.1399999994334,843.9977423023053
36308,34.52402474046168,916.1599999994334,844.003427022027
36309,34.52402474046168,916.1799999994333,844.0091116191622
36310,34.52402474046168,916.1999999994333,844.0147960937088
36311,34.52402474046168,916.2199999994333,844.0204804456649
36312,34.52402474046168,916.2399999994333,844.0261646750286
36313,34.52402474046168,916.2599999994333,844.0318487817977
36314,34.52402474046168,916.2799999994332,844.0375327660644
36315,34.52402474046168,916.2999999994332,844.0432166279467
36316,34.52402474046168,916.3199999994332,844.0489003674455
36317,34.52402474046168,916.3399999994332,844.054583984559
36318,34.52402474046168,916.3599999994332,844.0602674792852
36319,34.52402474046168,916.3799999994332,844.0659508516221
36320,34.52402474046168,916.3999999994331,844.0716341015678
36321,34.52402474046168,916.4199999994331,844.0773172291204
36322,34.52402474046168,916.4399999994331,844.0830002342777
36323,34.52402474046168,916.4599999994331,844.088683117038
36324,34.52402474046168,916.4799999994331,844.0943658773994
36325,34.52402474046168,916.499999999433,844.1000485153597
36326,34.52402474046168,916.519999999433,844.1057310309171
36327,34.52402474046168,916.539999999433,844.1114134240697
36328,34.52402474046168,916.559999999433,844.1170956948155
36329,34.52402474046168,916.579999999433,844.1227778431524
36330,34.52402474046168,916.599999999433,844.1284598690787
36331,34.52402474046168,916.6199999994329,844.1341417725923
36332,34.52402474046168,916.6399999994329,844.1398235536913
36333,34.52402474046168,916.6599999994329,844.1455052123737
36334,34.52402474046168,916.6799999994329,844.1511867486375
36335,34.52402474046168,916.6999999994329,844.1568681624809
36336,34.52402474046168,916.7199999994328,844.1625494539019
36337,34.52402474046168,916.7399999994328,844.1682306228985
36338,34.52402474046168,916.7599999994328,844.1739116694688
36339,34.52402474046168,916.7799999994328,844.1795925936108
36340,34.52402474046168,916.7999999994328,844.1852733953226
36341,34.52402474046168,916.8199999994328,844.1909540746022
36342,34.52402474046168,916.8399999994327,844.1966346314478
36343,34.52402474046168,916.8599999994327,844.2023150658572
36344,34.52402474046168,916.8799999994327,844.2079953778286
36345,34.52402474046168,916.8999999994327,844.21367556736
36346,34.52402474046168,916.9199999994327,844.2193556344496
36347,34.52402474046168,916.9399999994326,844.2250355790952
36348,34.52402474046168,916.9599999994326,844.230715401295
36349,34.52402474046168,916.9799999994326,844.236395101047
36350,34.52402474046168,916.9999999994326,844.2420746783494
36351,34.52402474046168,917.0199999994326,844.2477541332
36352,34.52402474046168,917.0399999994326,844.253433465597
36353,34.52402474046168,917.0599999994325,844.2591126755385
36354,34.52402474046168,917.0799999994325,844.2647917630225
36355,34.52402474046168,917.0999999994325,844.2704707280469
36356,34.52402474046168,917.1199999994325,844.27614957061
36357,34.52402474046168,917.1399999994325,844.2818282907097
36358,34.52402474046168,917.1599999994324,844.2875068883441
36359,34.52402474046168,917.1799999994324,844.2931853635112
36360,34.52402474046168,917.1999999994324,844.2988637162091
36361,34.52402474046168,917.2199999994324,844.3045419464358
36362,34.52402474046168,917.2399999994324,844.3102200541895
36363,34.52402474046168,917.2599999994324,844.315898039468
36364,34.52402474046168,917.2799999994323,844.3215759022696
36365,34.52402474046168,917.2999999994323,844.3272536427054
36366,34.52402474046168,917.3199999994323,844.3329312608902
36367,34.52402474046168,917.3399999994323,844.3386087568223
36368,34.52402474046168,917.3599999994323,844.3442861304999
36369,34.52402474046168,917.3799999994322,844.349963381921
36370,34.52402474046168,917.3999999994322,844.3556405110837
36371,34.52402474046168,917.4199999994322,844.361317517986
36372,34.52402474046168,917.4399999994322,844.366994402626
36373,34.52402474046168,917.4599999994322,844.3726711650017
36374,34.52402474046168,917.4799999994322,844.3783478051113
36375,34.52402474046168,917.4999999994321,844.3840243229527
36376,34.52402474046168,917.5199999994321,844.389700718524
36377,34.52402474046168,917.5399999994321,844.3953769918232
36378,34.52402474046168,917.5599999994321,844.4010531428486
36379,34.52402474046168,917.5799999994321,844.4067291715979
36380,34.52402474046168,917.599999999432,844.4124050780695
36381,34.52402474046168,917.619999999432,844.4180808622613
36382,34.52402474046168,917.639999999432,844.4237565241713
36383,34.52402474046168,917.659999999432,844.4294320637977
36384,34.52402474046168,917.679999999432,844.4351074811384
36385,34.52402474046168,917.699999999432,844.4407827761916
36386,34.52402474046168,917.7199999994319,844.4464579489552
36387,34.52402474046168,917.7399999994319,844.4521329994274
36388,34.52402474046168,917.7599999994319,844.4578079276062
36389,34.52402474046168,917.7799999994319,844.4634827334896
36390,34.52402474046168,917.7999999994319,844.4691574170758
36391,34.52402474046168,917.8199999994318,844.4748319783629
36392,34.52402474046168,917.8399999994318,844.4805064173488
36393,34.52402474046168,917.8599999994318,844.4861807340316
36394,34.52402474046168,917.8799999994318,844.4918549284093
36395,34.52402474046168,917.8999999994318,844.4975290004801
36396,34.52402474046168,917.9199999994318,844.503202950242
36397,34.47689278871706,917.9399999994317,844.508876777693
36398,34.47689278871706,917.9599999994317,844.5145504828313
36399,34.47689278871706,917.9799999994317,844.5202240656548
36400,34.47689278871706,917.9999999994317,844.5258975261617
36401,34.47689278871706,918.0199999994317,844.5315708643499
36402,34.47689278871706,918.0399999994316,844.5372440802175
36403,34.47689278871706,918.0599999994316,844.5429171737627
36404,34.47689278871706,918.0799999994316,844.5485901449835
36405,34.47689278871706,918.0999999994316,844.5542629938778
36406,34.47689278871706,918.1199999994316,844.5599357204438
36407,34.47689278871706,918.1399999994316,844.5656083246796
36408,34.47689278871706,918.1599999994315,844.5712808065831
36409,34.47689278871706,918.1799999994315,844.5769531661525
36410,34.47689278871706,918.1999999994315,844.5826254033858
36411,34.47689278871706,918.2199999994315,844.5882975182811
36412,34.47689278871706,918.2399999994315,844.5939695108365
36413,34.47689278871706,918.2599999994314,844.5996413810499
36414,34.47689278871706,918.2799999994314,844.6053131289194
36415,34.47689278871706,918.2999999994314,844.6109847544452
36416,34.47689278871706,918.3199999994314,844.616656257733
36417,34.47689278871706,918.3399999994314,844.6223276388704
36418,34.47689278871706,918.3599999994314,844.6279988978554
36419,34.47689278871706,918.3799999994313,844.633670034686
36420,34.47689278871706,918.3999999994313,844.6393410493605
36421,34.47689278871706,918.4199999994313,844.6450119418768
36422,34.47689278871706,918.4399999994313,844.6506827122329
36423,34.47689278871706,918.4599999994313,844.656353360427
36424,34.47689278871706,918.4799999994312,844.6620238864572
36425,34.47689278871706,918.4999999994312,844.6676942903214
36426,34.47689278871706,918.5199999994312,844.6733645720178
36427,34.47689278871706,918.5399999994312,844.6790347315444
36428,34.47689278871706,918.5599999994312,844.6847047688993
36429,34.47689278871706,918.5799999994312,844.6903746840806
36430,34.47689278871706,918.5999999994311,844.6960444770863
36431,34.47689278871706,918.6199999994311,844.7017141479145
36432,34.47689278871706,918.6399999994311,844.7073836965632
36433,34.47689278871706,918.6599999994311,844.7130531230305
36434,34.47689278871706,918.6799999994311,844.7187224273146
36435,34.47689278871706,918.699999999431,844.7243916094134
36436,34.47689278871706,918.719999999431,844.730060669325
36437,34.47689278871706,918.739999999431,844.7357296070475
36438,34.47689278871706,918.759999999431,844.741398422579
36439,34.47689278871706,918.779999999431,844.7470671159175
36440,34.47689278871706,918.799999999431,844.7527356870611
36441,34.47689278871706,918.8199999994309,844.7584041360078
36442,34.47689278871706,918.8399999994309,844.7640724627558
36443,34.47689278871706,918.8599999994309,844.7697406673032
36444,34.47689278871706,918.8799999994309,844.7754087496478
36445,34.47689278871706,918.8999999994309,844.7810767097878
36446,34.47689278871706,918.9199999994308,844.7867445477215
36447,34.47689278871706,918.9399999994308,844.7924122634466
36448,34.47689278871706,918.9599999994308,844.7980798569614
36449,34.47689278871706,918.9799999994308,844.8037473282639
36450,34.47689278871706,918.9999999994308,844.8094146773522
36451,34.47689278871706,919.0199999994308,844.8150819042243
36452,34.47689278871706,919.0399999994307,844.8207490088782
36453,34.47689278871706,919.0599999994307,844.8264159913122
36454,34.47689278871706,919.0799999994307,844.8320828515241
36455,34.47689278871706,919.0999999994307,844.8377495895122
36456,34.47689278871706,919.1199999994307,844.8434162052745
36457,34.47689278871706,919.1399999994306,844.849082698809
36458,34.47689278871706,919.1599999994306,844.8547490701138
36459,34.47689278871706,919.1799999994306,844.860415319187
36460,34.47689278871706,919.1999999994306,844.8660814460267
36461,34.47689278871706,919.2199999994306,844.8717474506308
36462,34.47689278871706,919.2399999994306,844.8774133329975
36463,34.47689278871706,919.2599999994305,844.8830790931249
36464,34.47689278871706,919.2799999994305,844.888744731011
36465,34.47689278871706,919.2999999994305,844.8944102466538
36466,34.47689278871706,919.3199999994305,844.9000756400562
36467,34.47689278871706,919.3399999994305,844.9057409113421
36468,34.47689278871706,919.3599999994304,844.9114060605933
36469,34.47689278871706,919.3799999994304,844.9170710878078
36470,34.47689278871706,919.3999999994304,844.9227359929837
36471,34.47689278871706,919.4199999994304,844.928400776119
36472,34.47689278871706,919.4399999994304,844.9340654372119
36473,34.47689278871706,919.4599999994304,844.9397299762604
36474,34.47689278871706,919.4799999994303,844.9453943932626
36475,34.47689278871706,919.4999999994303,844.9510586882166
36476,34.47689278871706,919.5199999994303,844.9567228611204
36477,34.47689278871706,919.5399999994303,844.9623869119721
36478,34.47689278871706,919.5599999994303,844.9680508407698
36479,34.47689278871706,919.5799999994302,844.9737146475115
36480,34.47689278871706,919.5999999994302,844.9793783321954
36481,34.47689278871706,919.6199999994302,844.9850418948196
36482,34.47689278871706,919.6399999994302,844.9907053353819
36483,34.47689278871706,919.6599999994302,844.9963686538806
36484,34.47689278871706,919.6799999994302,845.0020318503138
36485,34.47689278871706,919.6999999994301,845.0076949246794
36486,34.47689278871706,919.7199999994301,845.0133578769756
36487,34.47689278871706,919.7399999994301,845.0190207072005
36488,34.47689278871706,919.7599999994301,845.0246834153522
36489,34.47689278871706,919.7799999994301,845.0303460014287
36490,34.47689278871706,919.79999999943,845.036008465428
36491,34.47689278871706,919.81999999943,845.0416708073483
36492,34.47689278871706,919.83999999943,845.0473330271876
36493,34.47689278871706,919.85999999943,845.052995124944
36494,34.47689278871706,919.87999999943,845.0586571006156
36495,34.47689278871706,919.89999999943,845.0643189542005
36496,34.47689278871706,919.9199999994299,845.0699806856967
36497,34.47689278871706,919.9399999994299,845.0756422951023
36498,34.47689278871706,919.9599999994299,845.0813037824154
36499,34.47689278871706,919.9799999994299,845.086965147634
36500,34.47689278871706,919.9999999994299,845.0926263907563
36501,34.47689278871706,920.0199999994298,845.0982875117803
36502,34.47689278871706,920.0399999994298,845.1039485107041
36503,34.47689278871706,920.0599999994298,845.1096093875257
36504,34.47689278871706,920.0799999994298,845.1152701422433
36505,34.47689278871706,920.0999999994298,845.1209307748549
36506,34.47689278871706,920.1199999994298,845.1265912853585
36507,34.47689278871706,920.1399999994297,845.1322516737523
36508,34.47689278871706,920.1599999994297,845.1379119400343
36509,34.47689278871706,920.1799999994297,845.1435720842027
36510,34.47689278871706,920.1999999994297,845.1492321062555
36511,34.47689278871706,920.2199999994297,845.1548920061906
36512,34.47689278871706,920.2399999994296,845.1605517840063
36513,34.47689278871706,920.2599999994296,845.1662114397006
36514,34.47689278871706,920.2799999994296,845.1718709732717
36515,34.47689278871706,920.2999999994296,845.1775303847174
36516,34.47689278871706,920.3199999994296,845.183189674036
36517,34.47689278871706,920.3399999994296,845.1888488412328
36518,34.47689278871706,920.3599999994295,845.1945078864425
36519,34.47689278871706,920.3799999994295,845.2001668097344
36520,34.47689278871706,920.3999999994295,845.2058256111067
36521,34.47689278871706,920.4199999994295,845.2114842905573
36522,34.47689278871706,920.4399999994295,845.2171428480846
36523,34.47689278871706,920.4599999994294,845.2228012836864
36524,34.47689278871706,920.4799999994294,845.2284595973608
36525,34.47689278871706,920.4999999994294,845.234117789106
36526,34.47689278871706,920.5199999994294,845.23977585892
36527,34.47689278871706,920.5399999994294,845.245433806801
36528,34.47689278871706,920.5599999994294,845.2510916327469
36529,34.47689278871706,920.5799999994293,845.256749336756
36530,34.47689278871706,920.5999999994293,845.2624069188262
36531,34.47689278871706,920.6199999994293,845.2680643789556
36532,34.47689278871706,920.6399999994293,845.2737217171424
36533,34.47689278871706,920.6599999994293,845.2793789333846
36534,34.47689278871706,920.6799999994292,845.2850360276802
36535,34.47689278871706,920.6999999994292,845.2906930000274
36536,34.47689278871706,920.7199999994292,845.2963498504243
36537,34.47689278871706,920.7399999994292,845.3020065788689
36538,34.47689278871706,920.7599999994292,845.3076631853594
36539,34.47689278871706,920.7799999994292,845.3133196698938
36540,34.47689278871706,920.7999999994291,845.3189760324701
36541,34.47689278871706,920.8199999994291,845.3246322730865
36542,34.47689278871706,920.8399999994291,845.3302883917411
36543,34.47689278871706,920.8599999994291,845.3359443884318
36544,34.47689278871706,920.8799999994291,845.3416002631569
36545,34.47689278871706,920.899999999429,845.3472560159145
36546,34.47689278871706,920.919999999429,845.3529116467024
36547,34.47689278871706,920.939999999429,845.3585671555189
36548,34.47689278871706,920.959999999429,845.3642225423621
36549,34.47689278871706,920.979999999429,845.36987780723
36550,34.47689278871706,920.999999999429,845.3755329501207
36551,34.47689278871706,921.0199999994289,845.3811879710323
36552,34.47689278871706,921.0399999994289,845.386842869963
36553,34.47689278871706,921.0599999994289,845.3924976469107
36554,34.47689278871706,921.0799999994289,845.3981523018734
36555,34.47689278871706,921.0999999994289,845.4038068348494
36556,34.47689278871706,921.1199999994288,845.4094612458368
36557,34.47689278871706,921.1399999994288,845.4151155348336
36558,34.47689278871706,921.1599999994288,845.4207697018378
36559,34.47689278871706,921.1799999994288,845.4264237468476
36560,34.47689278871706,921.1999999994288,845.4320776698611
36561,34.47689278871706,921.2199999994288,845.4377314708762
36562,34.47689278871706,921.2399999994287,845.4433851498911
36563,34.47689278871706,921.2599999994287,845.449038706904
36564,34.47689278871706,921.2799999994287,845.4546921419129
36565,34.47689278871706,921.2999999994287,845.4603454549158
36566,34.47689278871706,921.3199999994287,845.4659986459109
36567,34.47689278871706,921.3399999994286,845.4716517148962
36568,34.47689278871706,921.3599999994286,845.4773046618799
36569,34.47689278871706,921.3799999994286,845.4829574870103
36570,34.47689278871706,921.3999999994286,845.4886101903455
36571,34.47689278871706,921.4199999994286,845.4942627718838
36572,34.47689278871706,921.4399999994286,845.499915231623
36573,34.47689278871706,921.4599999994285,845.5055675695614
36574,34.47689278871706,921.4799999994285,845.5112197856971
36575,34.47689278871706,921.4999999994285,845.516871880028
36576,34.47689278871706,921.5199999994285,845.5225238525524
36577,34.47689278871706,921.5399999994285,845.5281757032681
36578,34.47689278871706,921.5599999994284,845.5338274321733
36579,34.47689278871706,921.5799999994284,845.5394790392662
36580,34.47689278871706,921.5999999994284,845.5451305245448
36581,34.47689278871706,921.6199999994284,845.5507818880072
36582,34.47689278871706,921.6399999994284,845.5564331296515
36583,34.47689278871706,921.6599999994284,845.5620842494758
36584,34.47689278871706,921.6799999994283,845.567735247478
36585,34.47689278871706,921.6999999994283,845.5733861236564
36586,34.47689278871706,921.7199999994283,845.579036878009
36587,34.47689278871706,921.7399999994283,845.5846875105339
36588,34.47689278871706,921.7599999994283,845.5903380212291
36589,34.47689278871706,921.7799999994282,845.5959884100927
36590,34.47689278871706,921.7999999994282,845.6016386771229
36591,34.47689278871706,921.8199999994282,845.6072888223177
36592,34.47689278871706,921.8399999994282,845.6129388456752
36593,34.47689278871706,921.8599999994282,845.6185887471935
36594,34.47689278871706,921.8799999994282,845.6242385268706
36595,34.47689278871706,921.8999999994281,845.6298881847047
36596,34.47689278871706,921.9199999994281,845.6355377206937
36597,34.47689278871706,921.9399999994281,845.641187134836
36598,34.47689278871706,921.9599999994281,845.6468364271293
36599,34.47689278871706,921.9799999994281,845.652485597572
36600,34.47689278871706,921.999999999428,845.658134646162
36601,34.47689278871706,922.019999999428,845.6637835728975
36602,34.47689278871706,922.039999999428,845.6694323777765
36603,34.47689278871706,922.059999999428,845.6750810607971
36604,34.47689278871706,922.079999999428,845.6807296219574
36605,34.47689278871706,922.099999999428,845.6863780612555
36606,34.47689278871706,922.1199999994279,845.6920263786894
36607,34.47689278871706,922.1399999994279,845.6976745742573
36608,34.47689278871706,922.1599999994279,845.7033226479572
36609,34.47689278871706,922.1799999994279,845.7089705997871
36610,34.47689278871706,922.1999999994279,845.7146184297453
36611,34.47689278871706,922.2199999994278,845.7202661378298
36612,34.47689278871706,922.2399999994278,845.7259137240386
36613,34.47689278871706,922.2599999994278,845.7315611883698
36614,34.47689278871706,922.2799999994278,845.7372085308216
36615,34.47689278871706,922.2999999994278,845.742855751392
36616,34.47689278871706,922.3199999994278,845.748502850079
36617,34.47689278871706,922.3399999994277,845.7541498268808
36618,34.429867979794274,922.3599999994277,845.7597966817955
36619,34.429867979794274,922.3799999994277,845.7654434148338
36620,34.429867979794274,922.3999999994277,845.7710900261553
36621,34.429867979794274,922.4199999994277,845.7767365158053
36622,34.429867979794274,922.4399999994276,845.7823828837818
36623,34.429867979794274,922.4599999994276,845.788029130083
36624,34.429867979794274,922.4799999994276,845.7936752547071
36625,34.429867979794274,922.4999999994276,845.799321257652
36626,34.429867979794274,922.5199999994276,845.8049671389159
36627,34.429867979794274,922.5399999994276,845.810612898497
36628,34.429867979794274,922.5599999994275,845.8162585363933
36629,34.429867979794274,922.5799999994275,845.821904052603
36630,34.429867979794274,922.5999999994275,845.8275494471242
36631,34.429867979794274,922.6199999994275,845.8331947199548
36632,34.429867979794274,922.6399999994275,845.8388398710931
36633,34.429867979794274,922.6599999994274,845.8444849005372
36634,34.429867979794274,922.6799999994274,845.8501298082851
36635,34.429867979794274,922.6999999994274,845.855774594335
36636,34.429867979794274,922.7199999994274,845.861419258685
36637,34.429867979794274,922.7399999994274,845.8670638013332
36638,34.429867979794274,922.7599999994274,845.8727082222777
36639,34.429867979794274,922.7799999994273,845.8783525215165
36640,34.429867979794274,922.7999999994273,845.8839966990479
36641,34.429867979794274,922.8199999994273,845.8896407548699
36642,34.429867979794274,922.8399999994273,845.8952846889806
36643,34.429867979794274,922.8599999994273,845.9009285013781
36644,34.429867979794274,922.8799999994272,845.9065721920605
36645,34.429867979794274,922.8999999994272,845.912215761026
36646,34.429867979794274,922.9199999994272,845.9178592082726
36647,34.429867979794274,922.9399999994272,845.9235025337985
36648,34.429867979794274,922.9599999994272,845.9291457376017
36649,34.429867979794274,922.9799999994272,845.9347888196804
36650,34.429867979794274,922.9999999994271,845.9404317800327
36651,34.429867979794274,923.0199999994271,845.9460746186567
36652,34.429867979794274,923.0399999994271,845.9517173355504
36653,34.429867979794274,923.0599999994271,845.957359930712
36654,34.429867979794274,923.0799999994271,845.9630024041396
36655,34.429867979794274,923.099999999427,845.9686447558314
36656,34.429867979794274,923.119999999427,845.9742869857854
36657,34.429867979794274,923.139999999427,845.9799290939997
36658,34.429867979794274,923.159999999427,845.9855710804724
36659,34.429867979794274,923.179999999427,845.9912129452016
36660,34.429867979794274,923.199999999427,845.9968546881855
36661,34.429867979794274,923.2199999994269,846.0024963094222
36662,34.429867979794274,923.2399999994269,846.0081378089097
36663,34.429867979794274,923.2599999994269,846.0137791866462
36664,34.429867979794274,923.2799999994269,846.0194204426297
36665,34.429867979794274,923.2999999994269,846.0250615768584
36666,34.429867979794274,923.3199999994268,846.0307025893304
36667,34.429867979794274,923.3399999994268,846.0363434800438
36668,34.429867979794274,923.3599999994268,846.0419842489966
36669,34.429867979794274,923.3799999994268,846.0476248961871
36670,34.429867979794274,923.3999999994268,846.0532654216274
36671,34.429867979794274,923.4199999994268,846.058905825474
36672,34.429867979794274,923.4399999994267,846.0645461077562
36673,34.429867979794274,923.4599999994267,846.0701862684724
36674,34.429867979794274,923.4799999994267,846.0758263076206
36675,34.429867979794274,923.4999999994267,846.0814662251988
36676,34.429867979794274,923.5199999994267,846.0871060212053
36677,34.429867979794274,923.5399999994266,846.0927456956381
36678,34.429867979794274,923.5599999994266,846.0983852484952
36679,34.429867979794274,923.5799999994266,846.104024679775
36680,34.429867979794274,923.5999999994266,846.1096639894753
36681,34.429867979794274,923.6199999994266,846.1153031775943
36682,34.429867979794274,923.6399999994265,846.1209422441302
36683,34.429867979794274,923.6599999994265,846.1265811890811
36684,34.429867979794274,923.6799999994265,846.132220012445
36685,34.429867979794274,923.6999999994265,846.1378587142201
36686,34.429867979794274,923.7199999994265,846.1434972944045
36687,34.429867979794274,923.7399999994265,846.1491357529962
36688,34.429867979794274,923.7599999994264,846.1547740899935
36689,34.429867979794274,923.7799999994264,846.1604123053943
36690,34.429867979794274,923.7999999994264,846.1660503991968
36691,34.429867979794274,923.8199999994264,846.1716883713991
36692,34.429867979794274,923.8399999994264,846.1773262219994
36693,34.429867979794274,923.8599999994263,846.1829639509956
36694,34.429867979794274,923.8799999994263,846.1886015583859
36695,34.429867979794274,923.8999999994263,846.1942390441685
36696,34.429867979794274,923.9199999994263,846.1998764083414
36697,34.429867979794274,923.9399999994263,846.2055136509027
36698,34.429867979794274,923.9599999994263,846.2111507718506
36699,34.429867979794274,923.9799999994262,846.2167877711831
36700,34.429867979794274,923.9999999994262,846.2224246488984
36701,34.429867979794274,924.0199999994262,846.2280614049945
36702,34.429867979794274,924.0399999994262,846.2336980394696
36703,34.429867979794274,924.0599999994262,846.2393345523218
36704,34.429867979794274,924.0799999994261,846.2449709435492
36705,34.429867979794274,924.0999999994261,846.2506072131499
36706,34.429867979794274,924.1199999994261,846.256243361122
36707,34.429867979794274,924.1399999994261,846.2618793874635
36708,34.429867979794274,924.1599999994261,846.2675152921728
36709,34.429867979794274,924.1799999994261,846.2731510752477
36710,34.429867979794274,924.199999999426,846.2787867366865
36711,34.429867979794274,924.219999999426,846.2844222764871
36712,34.429867979794274,924.239999999426,846.2900576946479
36713,34.429867979794274,924.259999999426,846.2956929911668
36714,34.429867979794274,924.279999999426,846.301328166042
36715,34.429867979794274,924.299999999426,846.3069632192716
36716,34.429867979794274,924.3199999994259,846.3125981508535
36717,34.429867979794274,924.3399999994259,846.3182329607862
36718,34.429867979794274,924.3599999994259,846.3238676490674
36719,34.429867979794274,924.3799999994259,846.3295022156956
36720,34.429867979794274,924.3999999994259,846.3351366606686
36721,34.429867979794274,924.4199999994258,846.3407709840019
36722,34.429867979794274,924.4399999994258,846.3464051858699
36723,34.429867979794274,924.4599999994258,846.3520392662912
36724,34.429867979794274,924.4799999994258,846.3576732252637
36725,34.429867979794274,924.4999999994258,846.3633070627857
36726,34.429867979794274,924.5199999994257,846.3689407788552
36727,34.429867979794274,924.5399999994257,846.3745743734704
36728,34.429867979794274,924.5599999994257,846.3802078466294
36729,34.429867979794274,924.5799999994257,846.3858411983304
36730,34.429867979794274,924.5999999994257,846.3914744285712
36731,34.429867979794274,924.6199999994257,846.3971075373502
36732,34.429867979794274,924.6399999994256,846.4027405246654
36733,34.429867979794274,924.6599999994256,846.4083733905151
36734,34.429867979794274,924.6799999994256,846.4140061348971
36735,34.429867979794274,924.6999999994256,846.4196387578098
36736,34.429867979794274,924.7199999994256,846.4252712592512
36737,34.429867979794274,924.7399999994255,846.4309036392193
36738,34.429867979794274,924.7599999994255,846.4365358977124
36739,34.429867979794274,924.7799999994255,846.4421680347284
36740,34.429867979794274,924.7999999994255,846.4478000502656
36741,34.429867979794274,924.8199999994255,846.4534319443221
36742,34.429867979794274,924.8399999994255,846.459063716896
36743,34.429867979794274,924.8599999994254,846.4646953679854
36744,34.429867979794274,924.8799999994254,846.4703268975884
36745,34.429867979794274,924.8999999994254,846.4759583057031
36746,34.429867979794274,924.9199999994254,846.4815895923276
36747,34.429867979794274,924.9399999994254,846.48722075746
36748,34.429867979794274,924.9599999994253,846.4928518010985
36749,34.429867979794274,924.9799999994253,846.4984827232412
36750,34.429867979794274,924.9999999994253,846.5041135238862
36751,34.429867979794274,925.0199999994253,846.5097442030316
36752,34.429867979794274,925.0399999994253,846.5153747606754
36753,34.429867979794274,925.0599999994253,846.521005196816
36754,34.429867979794274,925.0799999994252,846.5266355114512
36755,34.429867979794274,925.0999999994252,846.5322657045793
36756,34.429867979794274,925.1199999994252,846.5378957761984
36757,34.429867979794274,925.1399999994252,846.5435257263066
36758,34.429867979794274,925.1599999994252,846.549155554902
36759,34.429867979794274,925.1799999994251,846.5547852619827
36760,34.429867979794274,925.1999999994251,846.5604148475468
36761,34.429867979794274,925.2199999994251,846.5660443115925
36762,34.429867979794274,925.2399999994251,846.5716736541178
36763,34.429867979794274,925.2599999994251,846.577302875121
36764,34.429867979794274,925.2799999994251,846.5829319745999
36765,34.429867979794274,925.299999999425,846.5885609525528
36766,34.429867979794274,925.319999999425,846.594189808978
36767,34.429867979794274,925.339999999425,846.5998185438733
36768,34.429867979794274,925.359999999425,846.605447157237
36769,34.429867979794274,925.379999999425,846.6110756490672
36770,34.429867979794274,925.399999999425,846.6167040193619
36771,34.429867979794274,925.4199999994249,846.6223322681193
36772,34.429867979794274,925.4399999994249,846.6279603953654
36773,34.429867979794274,925.4599999994249,846.6335884012692
36774,34.429867979794274,925.4799999994249,846.6392162858446
36775,34.429867979794274,925.4999999994249,846.6448440490897
36776,34.429867979794274,925.5199999994248,846.6504716910026
36777,34.429867979794274,925.5399999994248,846.6560992115815
36778,34.429867979794274,925.5599999994248,846.6617266108244
36779,34.429867979794274,925.5799999994248,846.6673538887295
36780,34.429867979794274,925.5999999994248,846.6729810452949
36781,34.429867979794274,925.6199999994247,846.6786080805189
36782,34.429867979794274,925.6399999994247,846.6842349943994
36783,34.429867979794274,925.6599999994247,846.6898617869346
36784,34.429867979794274,925.6799999994247,846.6954884581226
36785,34.429867979794274,925.6999999994247,846.7011150079614
36786,34.429867979794274,925.7199999994247,846.7067414364494
36787,34.429867979794274,925.7399999994246,846.7123677435845
36788,34.429867979794274,925.7599999994246,846.717993929365
36789,34.429867979794274,925.7799999994246,846.7236199937888
36790,34.429867979794274,925.7999999994246,846.7292459368541
36791,34.429867979794274,925.8199999994246,846.734871758559
36792,34.429867979794274,925.8399999994245,846.7404974589018
36793,34.429867979794274,925.8599999994245,846.7461230378805
36794,34.429867979794274,925.8799999994245,846.7517484954931
36795,34.429867979794274,925.8999999994245,846.7573738317378
36796,34.429867979794274,925.9199999994245,846.7629990466129
36797,34.429867979794274,925.9399999994245,846.7686241401163
36798,34.429867979794274,925.9599999994244,846.7742491122463
36799,34.429867979794274,925.9799999994244,846.7798739630008
36800,34.429867979794274,925.9999999994244,846.785498692378
36801,34.429867979794274,926.0199999994244,846.7911233003762
36802,34.429867979794274,926.0399999994244,846.7967477869933
36803,34.429867979794274,926.0599999994243,846.8023721522275
36804,34.429867979794274,926.0799999994243,846.8079963960769
36805,34.429867979794274,926.0999999994243,846.8136205185397
36806,34.429867979794274,926.1199999994243,846.8192445196139
36807,34.429867979794274,926.1399999994243,846.8248683992978
36808,34.429867979794274,926.1599999994243,846.8304921575893
36809,34.429867979794274,926.1799999994242,846.8361157944868
36810,34.429867979794274,926.1999999994242,846.8417393099882
36811,34.429867979794274,926.2199999994242,846.8473627040916
36812,34.429867979794274,926.2399999994242,846.8529859767951
36813,34.429867979794274,926.2599999994242,846.8586091280971
36814,34.429867979794274,926.2799999994241,846.8642321579955
36815,34.429867979794274,926.2999999994241,846.8698550664884
36816,34.429867979794274,926.3199999994241,846.875477853574
36817,34.429867979794274,926.3399999994241,846.8811005192505
36818,34.429867979794274,926.3599999994241,846.8867230635158
36819,34.429867979794274,926.3799999994241,846.8923454863682
36820,34.429867979794274,926.399999999424,846.8979677878058
36821,34.429867979794274,926.419999999424,846.9035899678266
36822,34.429867979794274,926.439999999424,846.9092120264289
36823,34.429867979794274,926.459999999424,846.914833963654
36824,34.429867979794274,926.479999999424,846.9204557796713
36825,34.429867979794274,926.499999999424,846.9260774744931
36826,34.429867979794274,926.5199999994239,846.9316990481177
36827,34.429867979794274,926.5399999994239,846.937320500543
36828,34.429867979794274,926.5599999994239,846.9429418317674
36829,34.429867979794274,926.5799999994239,846.9485630417887
36830,34.429867979794274,926.5999999994239,846.9541841306053
36831,34.429867979794274,926.6199999994238,846.9598050982152
36832,34.429867979794274,926.6399999994238,846.9654259446165
36833,34.429867979794274,926.6599999994238,846.9710466698075
36834,34.429867979794274,926.6799999994238,846.9766672737861
36835,34.429867979794274,926.6999999994238,846.9822877565506
36836,34.429867979794274,926.7199999994237,846.987908118099
36837,34.429867979794274,926.7399999994237,846.9935283584294
36838,34.429867979794274,926.7599999994237,846.9991484775402
36839,34.429867979794274,926.7799999994237,847.0047684754293
36840,34.429867979794274,926.7999999994237,847.0103883520948
36841,34.38294997301532,926.8199999994237,847.0160081075348
36842,34.38294997301532,926.8399999994236,847.0216277417477
36843,34.38294997301532,926.8599999994236,847.0272472547314
36844,34.38294997301532,926.8799999994236,847.0328666464841
36845,34.38294997301532,926.8999999994236,847.0384859170039
36846,34.38294997301532,926.9199999994236,847.0441050662889
36847,34.38294997301532,926.9399999994235,847.0497240943373
36848,34.38294997301532,926.9599999994235,847.0553430011471
36849,34.38294997301532,926.9799999994235,847.0609617867166
36850,34.38294997301532,926.9999999994235,847.0665804510438
36851,34.38294997301532,927.0199999994235,847.0721989941269
36852,34.38294997301532,927.0399999994235,847.077817415964
36853,34.38294997301532,927.0599999994234,847.0834357165531
36854,34.38294997301532,927.0799999994234,847.0890538958926
36855,34.38294997301532,927.0999999994234,847.0946719539804
36856,34.38294997301532,927.1199999994234,847.1002898908148
36857,34.38294997301532,927.1399999994234,847.1059077063937
36858,34.38294997301532,927.1599999994233,847.1115254007154
36859,34.38294997301532,927.1799999994233,847.1171429737781
36860,34.38294997301532,927.1999999994233,847.1227604255797
36861,34.38294997301532,927.2199999994233,847.1283777561185
36862,34.38294997301532,927.2399999994233,847.1339949653926
36863,34.38294997301532,927.2599999994233,847.1396120534
36864,34.38294997301532,927.2799999994232,847.145229020139
36865,34.38294997301532,927.2999999994232,847.1508458656077
36866,34.38294997301532,927.3199999994232,847.1564625898042
36867,34.38294997301532,927.3399999994232,847.1620791927265
36868,34.38294997301532,927.3599999994232,847.1676956743729
36869,34.38294997301532,927.3799999994231,847.1733120347415
36870,34.38294997301532,927.3999999994231,847.1789282738304
36871,34.38294997301532,927.4199999994231,847.1845443916377
36872,34.38294997301532,927.4399999994231,847.1901603881615
36873,34.38294997301532,927.4599999994231,847.1957762634
36874,34.38294997301532,927.4799999994231,847.2013920174006
36875,34.38294997301532,927.499999999423,847.2070076503009
36876,34.38294997301532,927.519999999423,847.2126231621089
36877,34.38294997301532,927.539999999423,847.2182385528229
36878,34.38294997301532,927.559999999423,847.2238538224408
36879,34.38294997301532,927.579999999423,847.2294689709609
36880,34.38294997301532,927.599999999423,847.2350839983812
36881,34.38294997301532,927.6199999994229,847.2406989047001
36882,34.38294997301532,927.6399999994229,847.2463136899156
36883,34.38294997301532,927.6599999994229,847.2519283540257
36884,34.38294997301532,927.6799999994229,847.2575428970287
36885,34.38294997301532,927.6999999994229,847.2631573189226
36886,34.38294997301532,927.7199999994228,847.2687716197056
36887,34.38294997301532,927.7399999994228,847.2743857993759
36888,34.38294997301532,927.7599999994228,847.2799998579316
36889,34.38294997301532,927.7799999994228,847.2856137953708
36890,34.38294997301532,927.7999999994228,847.2912276116915
36891,34.38294997301532,927.8199999994227,847.296841306892
36892,34.38294997301532,927.8399999994227,847.3024548809705
36893,34.38294997301532,927.8599999994227,847.308068333925
36894,34.38294997301532,927.8799999994227,847.3136816657536
36895,34.38294997301532,927.8999999994227,847.3192948764546
36896,34.38294997301532,927.9199999994227,847.324907966026
36897,34.38294997301532,927.9399999994226,847.330520934466
36898,34.38294997301532,927.9599999994226,847.3361337817727
36899,34.38294997301532,927.9799999994226,847.3417465079442
36900,34.38294997301532,927.9999999994226,847.3473591129787
36901,34.38294997301532,928.0199999994226,847.3529715968742
36902,34.38294997301532,928.0399999994225,847.3585839596291
36903,34.38294997301532,928.0599999994225,847.3641962012413
36904,34.38294997301532,928.0799999994225,847.369808321709
36905,34.38294997301532,928.0999999994225,847.3754203210304
36906,34.38294997301532,928.1199999994225,847.3810321992036
36907,34.38294997301532,928.1399999994225,847.3866439562266
36908,34.38294997301532,928.1599999994224,847.3922555920977
36909,34.38294997301532,928.1799999994224,847.397867106815
36910,34.38294997301532,928.1999999994224,847.4034785003767
36911,34.38294997301532,928.2199999994224,847.4090897727807
36912,34.38294997301532,928.2399999994224,847.4147009240254
36913,34.38294997301532,928.2599999994223,847.4203119541088
36914,34.38294997301532,928.2799999994223,847.4259228630291
36915,34.38294997301532,928.2999999994223,847.4315336507843
36916,34.38294997301532,928.3199999994223,847.4371443173727
36917,34.38294997301532,928.3399999994223,847.4427548627923
36918,34.38294997301532,928.3599999994223,847.4483652870413
36919,34.38294997301532,928.3799999994222,847.4539755901178
36920,34.38294997301532,928.3999999994222,847.45958577202
36921,34.38294997301532,928.4199999994222,847.465195832746
36922,34.38294997301532,928.4399999994222,847.4708057722938
36923,34.38294997301532,928.4599999994222,847.4764155906618
36924,34.38294997301532,928.4799999994221,847.4820252878479
36925,34.38294997301532,928.4999999994221,847.4876348639153
36926,34.38294997301532,928.5199999994221,847.4932443190003
36927,34.38294997301532,928.5399999994221,847.4988536531091
36928,34.38294997301532,928.5599999994221,847.5044628662399
36929,34.38294997301532,928.5799999994221,847.5100719583909
36930,34.38294997301532,928.599999999422,847.5156809295602
36931,34.38294997301532,928.619999999422,847.5212897797459
36932,34.38294997301532,928.639999999422,847.5268985089461
36933,34.38294997301532,928.659999999422,847.5325071171592
36934,34.38294997301532,928.679999999422,847.538115604383
36935,34.38294997301532,928.699999999422,847.5437239706159
36936,34.38294997301532,928.7199999994219,847.5493322158559
36937,34.38294997301532,928.7399999994219,847.5549403401011
36938,34.38294997301532,928.7599999994219,847.5605483433498
36939,34.38294997301532,928.7799999994219,847.5661562255999
36940,34.38294997301532,928.7999999994219,847.5717639868498
36941,34.38294997301532,928.8199999994218,847.5773716270975
36942,34.38294997301532,928.8399999994218,847.5829791463412
36943,34.38294997301532,928.8599999994218,847.5885865445791
36944,34.38294997301532,928.8799999994218,847.5941938218092
36945,34.38294997301532,928.8999999994218,847.5998009780296
36946,34.38294997301532,928.9199999994217,847.6054080132386
36947,34.38294997301532,928.9399999994217,847.6110149274343
36948,34.38294997301532,928.9599999994217,847.6166217206148
36949,34.38294997301532,928.9799999994217,847.6222283927783
36950,34.38294997301532,928.9999999994217,847.627834943923
36951,34.38294997301532,929.0199999994217,847.6334413740468
36952,34.38294997301532,929.0399999994216,847.6390476831481
36953,34.38294997301532,929.0599999994216,847.6446538712248
36954,34.38294997301532,929.0799999994216,847.6502599382752
36955,34.38294997301532,929.0999999994216,847.6558658842974
36956,34.38294997301532,929.1199999994216,847.6614717092896
36957,34.38294997301532,929.1399999994215,847.6670774132499
36958,34.38294997301532,929.1599999994215,847.6726829961764
36959,34.38294997301532,929.1799999994215,847.6782884580673
36960,34.38294997301532,929.1999999994215,847.6838937989207
36961,34.38294997301532,929.2199999994215,847.6894990187348
36962,34.38294997301532,929.2399999994215,847.6951041175076
36963,34.38294997301532,929.2599999994214,847.7007090952375
36964,34.38294997301532,929.2799999994214,847.7063139519223
36965,34.38294997301532,929.2999999994214,847.7119186875605
36966,34.38294997301532,929.3199999994214,847.71752330215
36967,34.38294997301532,929.3399999994214,847.7231277956889
36968,34.38294997301532,929.3599999994213,847.7287321681755
36969,34.38294997301532,929.3799999994213,847.7343364196079
36970,34.38294997301532,929.3999999994213,847.7399405499842
36971,34.38294997301532,929.4199999994213,847.7455445593026
36972,34.38294997301532,929.4399999994213,847.7511484475613
36973,34.38294997301532,929.4599999994213,847.7567522147583
36974,34.38294997301532,929.4799999994212,847.7623558608918
36975,34.38294997301532,929.4999999994212,847.76795938596
36976,34.38294997301532,929.5199999994212,847.7735627900383
36977,34.38294997301532,929.5399999994212,847.7791660732532
36978,34.38294997301532,929.5599999994212,847.7847692356086
36979,34.38294997301532,929.5799999994211,847.7903722771025
36980,34.38294997301532,929.5999999994211,847.7959751977331
36981,34.38294997301532,929.6199999994211,847.8015779974986
36982,34.38294997301532,929.6399999994211,847.8071806763971
36983,34.38294997301532,929.6599999994211,847.8127832344269
36984,34.38294997301532,929.679999999421,847.8183856715859
36985,34.38294997301532,929.699999999421,847.8239879878724
36986,34.38294997301532,929.719999999421,847.8295901832845
36987,34.38294997301532,929.739999999421,847.8351922578204
36988,34.38294997301532,929.759999999421,847.8407942114782
36989,34.38294997301532,929.779999999421,847.846396044256
36990,34.38294997301532,929.799999999421,847.8519977561521
36991,34.38294997301532,929.8199999994209,847.8575993471644
36992,34.38294997301532,929.8399999994209,847.8632008172913
36993,34.38294997301532,929.8599999994209,847.8688021665308
36994,34.38294997301532,929.8799999994209,847.8744033948811
36995,34.38294997301532,929.8999999994209,847.8800045023404
36996,34.38294997301532,929.9199999994208,847.8856054889068
36997,34.38294997301532,929.9399999994208,847.8912063545783
36998,34.38294997301532,929.9599999994208,847.8968070993533
36999,34.38294997301532,929.9799999994208,847.9024077232298
37000,34.38294997301532,929.9999999994208,847.908008226206
37001,34.38294997301532,930.0199999994207,847.91360860828
37002,34.38294997301532,930.0399999994207,847.91920886945
37003,34.38294997301532,930.0599999994207,847.9248090097142
37004,34.38294997301532,930.0799999994207,847.9304090290706
37005,34.38294997301532,930.0999999994207,847.9360089275175
37006,34.38294997301532,930.1199999994207,847.9416087050529
37007,34.38294997301532,930.1399999994206,847.947208361675
37008,34.38294997301532,930.1599999994206,847.9528078973821
37009,34.38294997301532,930.1799999994206,847.9584073121721
37010,34.38294997301532,930.1999999994206,847.9640066060433
37011,34.38294997301532,930.2199999994206,847.9696057789939
37012,34.38294997301532,930.2399999994205,847.975204831022
37013,34.38294997301532,930.2599999994205,847.9808037621257
37014,34.38294997301532,930.2799999994205,847.9864025723031
37015,34.38294997301532,930.2999999994205,847.9920012615524
37016,34.38294997301532,930.3199999994205,847.9975998298719
37017,34.38294997301532,930.3399999994205,848.0031982772595
37018,34.38294997301532,930.3599999994204,848.0087966037134
37019,34.38294997301532,930.3799999994204,848.0143948092319
37020,34.38294997301532,930.3999999994204,848.0199928938131
37021,34.38294997301532,930.4199999994204,848.025590857455
37022,34.38294997301532,930.4399999994204,848.0311887001559
37023,34.38294997301532,930.4599999994203,848.0367864219139
37024,34.38294997301532,930.4799999994203,848.0423840227272
37025,34.38294997301532,930.4999999994203,848.0479815025939
37026,34.38294997301532,930.5199999994203,848.053578861512
37027,34.38294997301532,930.5399999994203,848.0591760995754
37028,34.38294997301532,930.5599999994203,848.064773216908
37029,34.38294997301532,930.5799999994202,848.0703702135112
37030,34.38294997301532,930.5999999994202,848.0759670893833
37031,34.38294997301532,930.6199999994202,848.0815638445224
37032,34.38294997301532,930.6399999994202,848.0871604789266
37033,34.38294997301532,930.6599999994202,848.0927569925942
37034,34.38294997301532,930.6799999994201,848.0983533855233
37035,34.38294997301532,930.6999999994201,848.103949657712
37036,34.38294997301532,930.7199999994201,848.1095458091584
37037,34.38294997301532,930.7399999994201,848.1151418398607
37038,34.38294997301532,930.7599999994201,848.1207377498172
37039,34.38294997301532,930.77999999942,848.126333539026
37040,34.38294997301532,930.79999999942,848.1319292074851
37041,34.38294997301532,930.81999999942,848.1375247551928
37042,34.38294997301532,930.83999999942,848.1431201821472
37043,34.38294997301532,930.85999999942,848.1487154883465
37044,34.38294997301532,930.87999999942,848.1543106737888
37045,34.38294997301532,930.89999999942,848.1599057384724
37046,34.38294997301532,930.9199999994199,848.1655006823953
37047,34.38294997301532,930.9399999994199,848.1710955055557
37048,34.38294997301532,930.9599999994199,848.1766902079518
37049,34.38294997301532,930.9799999994199,848.1822847895817
37050,34.38294997301532,930.9999999994199,848.1878792504435
37051,34.38294997301532,931.0199999994198,848.1934735905355
37052,34.38294997301532,931.0399999994198,848.1990678098558
37053,34.38294997301532,931.0599999994198,848.2046619084025
37054,34.38294997301532,931.0799999994198,848.2102558861739
37055,34.38294997301532,931.0999999994198,848.215849743168
37056,34.38294997301532,931.1199999994197,848.221443479383
37057,34.38294997301532,931.1399999994197,848.2270370948171
37058,34.38294997301532,931.1599999994197,848.2326305894684
37059,34.38294997301532,931.1799999994197,848.2382239633351
37060,34.38294997301532,931.1999999994197,848.2438172164154
37061,34.38294997301532,931.2199999994197,848.2494103487074
37062,34.38294997301532,931.2399999994196,848.2550033602092
37063,34.38294997301532,931.2599999994196,848.2605962509191
37064,34.336138429093765,931.2799999994196,848.2661890208351
37065,34.336138429093765,931.2999999994196,848.2717816699554
37066,34.336138429093765,931.3199999994196,848.2773741982783
37067,34.336138429093765,931.3399999994195,848.2829666058018
37068,34.336138429093765,931.3599999994195,848.2885588925241
37069,34.336138429093765,931.3799999994195,848.2941510584433
37070,34.336138429093765,931.3999999994195,848.2997431035576
37071,34.336138429093765,931.4199999994195,848.3053350278652
37072,34.336138429093765,931.4399999994195,848.3109268313643
37073,34.336138429093765,931.4599999994194,848.316518514053
37074,34.336138429093765,931.4799999994194,848.3221100759293
37075,34.336138429093765,931.4999999994194,848.3277015169916
37076,34.336138429093765,931.5199999994194,848.333292837238
37077,34.336138429093765,931.5399999994194,848.3388840366666
37078,34.336138429093765,931.5599999994193,848.3444751153694
37079,34.336138429093765,931.5799999994193,848.3500660734438
37080,34.336138429093765,931.5999999994193,848.3556569108888
37081,34.336138429093765,931.6199999994193,848.3612476277024
37082,34.336138429093765,931.6399999994193,848.3668382238827
37083,34.336138429093765,931.6599999994193,848.372428699428
37084,34.336138429093765,931.6799999994192,848.3780190543365
37085,34.336138429093765,931.6999999994192,848.3836092886063
37086,34.336138429093765,931.7199999994192,848.3891994022355
37087,34.336138429093765,931.7399999994192,848.3947893952223
37088,34.336138429093765,931.7599999994192,848.400379267565
37089,34.336138429093765,931.7799999994191,848.4059690192615
37090,34.336138429093765,931.7999999994191,848.4115586503102
37091,34.336138429093765,931.8199999994191,848.4171481607092
37092,34.336138429093765,931.8399999994191,848.4227375504565
37093,34.336138429093765,931.8599999994191,848.4283268195505
37094,34.336138429093765,931.879999999419,848.4339159679893
37095,34.336138429093765,931.899999999419,848.439504995771
37096,34.336138429093765,931.919999999419,848.4450939028939
37097,34.336138429093765,931.939999999419,848.450682689356
37098,34.336138429093765,931.959999999419,848.4562713551555
37099,34.336138429093765,931.979999999419,848.4618599002906
37100,34.336138429093765,931.999999999419,848.4674483247595
37101,34.336138429093765,932.0199999994189,848.4730366285603
37102,34.336138429093765,932.0399999994189,848.4786248116911
37103,34.336138429093765,932.0599999994189,848.4842128741503
37104,34.336138429093765,932.0799999994189,848.489800815936
37105,34.336138429093765,932.0999999994189,848.4953886370461
37106,34.336138429093765,932.1199999994188,848.500976337479
37107,34.336138429093765,932.1399999994188,848.5065639172328
37108,34.336138429093765,932.1599999994188,848.5121513763057
37109,34.336138429093765,932.1799999994188,848.5177387146958
37110,34.336138429093765,932.1999999994188,848.5233259324015
37111,34.336138429093765,932.2199999994187,848.5289130294207
37112,34.336138429093765,932.2399999994187,848.5345000057515
37113,34.336138429093765,932.2599999994187,848.5400868613923
37114,34.336138429093765,932.2799999994187,848.5456735963412
37115,34.336138429093765,932.2999999994187,848.5512602105963
37116,34.336138429093765,932.3199999994187,848.5568467041559
37117,34.336138429093765,932.3399999994186,848.562433077018
37118,34.336138429093765,932.3599999994186,848.5680193291809
37119,34.336138429093765,932.3799999994186,848.5736054606426
37120,34.336138429093765,932.3999999994186,848.5791914714014
37121,34.336138429093765,932.4199999994186,848.5847773614554
37122,34.336138429093765,932.4399999994185,848.5903631308029
37123,34.336138429093765,932.4599999994185,848.5959487794419
37124,34.336138429093765,932.4799999994185,848.6015343073706
37125,34.336138429093765,932.4999999994185,848.6071197145872
37126,34.336138429093765,932.5199999994185,848.6127050010898
37127,34.336138429093765,932.5399999994185,848.6182901668767
37128,34.336138429093765,932.5599999994184,848.6238752119478
37129,34.336138429093765,932.5799999994184,848.6294601364125
37130,34.336138429093765,932.5999999994184,848.635044940364
37131,34.336138429093765,932.6199999994184,848.6406296238005
37132,34.336138429093765,932.6399999994184,848.6462141867202
37133,34.336138429093765,932.6599999994183,848.6517986291212
37134,34.336138429093765,932.6799999994183,848.6573829510019
37135,34.336138429093765,932.6999999994183,848.6629671523601
37136,34.336138429093765,932.7199999994183,848.6685512331943
37137,34.336138429093765,932.7399999994183,848.6741351935025
37138,34.336138429093765,932.7599999994183,848.6797190332829
37139,34.336138429093765,932.7799999994182,848.6853027525337
37140,34.336138429093765,932.7999999994182,848.6908863512532
37141,34.336138429093765,932.8199999994182,848.6964698294394
37142,34.336138429093765,932.8399999994182,848.7020531870904
37143,34.336138429093765,932.8599999994182,848.7076364242046
37144,34.336138429093765,932.8799999994181,848.71321954078
37145,34.336138429093765,932.8999999994181,848.7188025368148
37146,34.336138429093765,932.9199999994181,848.7243854123071
37147,34.336138429093765,932.9399999994181,848.7299681672553
37148,34.336138429093765,932.9599999994181,848.7355508016574
37149,34.336138429093765,932.979999999418,848.7411333155115
37150,34.336138429093765,932.999999999418,848.746715708816
37151,34.336138429093765,933.019999999418,848.752297981569
37152,34.336138429093765,933.039999999418,848.7578801337686
37153,34.336138429093765,933.059999999418,848.763462165413
37154,34.336138429093765,933.079999999418,848.7690440765003
37155,34.336138429093765,933.099999999418,848.7746258670288
37156,34.336138429093765,933.1199999994179,848.7802075369966
37157,34.336138429093765,933.1399999994179,848.7857890864019
37158,34.336138429093765,933.1599999994179,848.7913705152429
37159,34.336138429093765,933.1799999994179,848.7969518235177
37160,34.336138429093765,933.1999999994179,848.8025330112245
37161,34.336138429093765,933.2199999994178,848.8081140783614
37162,34.336138429093765,933.2399999994178,848.8136950249268
37163,34.336138429093765,933.2599999994178,848.8192758509186
37164,34.336138429093765,933.2799999994178,848.8248565563352
37165,34.336138429093765,933.2999999994178,848.8304371411747
37166,34.336138429093765,933.3199999994177,848.8360176054351
37167,34.336138429093765,933.3399999994177,848.8415979491148
37168,34.336138429093765,933.3599999994177,848.8471781722119
37169,34.336138429093765,933.3799999994177,848.8527582747246
37170,34.336138429093765,933.3999999994177,848.858338256651
37171,34.336138429093765,933.4199999994177,848.8639181179892
37172,34.336138429093765,933.4399999994176,848.8694978587375
37173,34.336138429093765,933.4599999994176,848.8750774788941
37174,34.336138429093765,933.4799999994176,848.8806569784572
37175,34.336138429093765,933.4999999994176,848.8862363574248
37176,34.336138429093765,933.5199999994176,848.8918156157952
37177,34.336138429093765,933.5399999994175,848.8973947535665
37178,34.336138429093765,933.5599999994175,848.9029737707369
37179,34.336138429093765,933.5799999994175,848.908552667309
37180,34.336138429093765,933.5999999994175,848.9141314434021
37181,34.336138429093765,933.6199999994175,848.9197100990976
37182,34.336138429093765,933.6399999994175,848.9252886343938
37183,34.336138429093765,933.6599999994174,848.9308670492888
37184,34.336138429093765,933.6799999994174,848.9364453437809
37185,34.336138429093765,933.6999999994174,848.9420235178679
37186,34.336138429093765,933.7199999994174,848.9476015715484
37187,34.336138429093765,933.7399999994174,848.9531795048204
37188,34.336138429093765,933.7599999994173,848.958757317682
37189,34.336138429093765,933.7799999994173,848.9643350101314
37190,34.336138429093765,933.7999999994173,848.969912582167
37191,34.336138429093765,933.8199999994173,848.9754900337867
37192,34.336138429093765,933.8399999994173,848.9810673649889
37193,34.336138429093765,933.8599999994173,848.9866445757717
37194,34.336138429093765,933.8799999994172,848.9922216661332
37195,34.336138429093765,933.8999999994172,848.9977986360717
37196,34.336138429093765,933.9199999994172,849.0033754855853
37197,34.336138429093765,933.9399999994172,849.0089522146721
37198,34.336138429093765,933.9599999994172,849.0145288233305
37199,34.336138429093765,933.9799999994171,849.0201053115585
37200,34.336138429093765,933.9999999994171,849.0256816793543
37201,34.336138429093765,934.0199999994171,849.0312579267162
37202,34.336138429093765,934.0399999994171,849.0368340536422
37203,34.336138429093765,934.0599999994171,849.0424100601307
37204,34.336138429093765,934.079999999417,849.0479859461797
37205,34.336138429093765,934.099999999417,849.0535617117873
37206,34.336138429093765,934.119999999417,849.059137356952
37207,34.336138429093765,934.139999999417,849.0647128816717
37208,34.336138429093765,934.159999999417,849.0702882859447
37209,34.336138429093765,934.179999999417,849.0758635697691
37210,34.336138429093765,934.199999999417,849.0814387331432
37211,34.336138429093765,934.2199999994169,849.0870137760651
37212,34.336138429093765,934.2399999994169,849.092588698533
37213,34.336138429093765,934.2599999994169,849.098163500545
37214,34.336138429093765,934.2799999994169,849.1037381820993
37215,34.336138429093765,934.2999999994169,849.1093127431942
37216,34.336138429093765,934.3199999994168,849.1148871838278
37217,34.336138429093765,934.3399999994168,849.1204615039983
37218,34.336138429093765,934.3599999994168,849.1260357037038
37219,34.336138429093765,934.3799999994168,849.1316097829426
37220,34.336138429093765,934.3999999994168,849.1371837417129
37221,34.336138429093765,934.4199999994167,849.1427575800127
37222,34.336138429093765,934.4399999994167,849.1483312978403
37223,34.336138429093765,934.4599999994167,849.1539048951938
37224,34.336138429093765,934.4799999994167,849.1594783720716
37225,34.336138429093765,934.4999999994167,849.1650517284717
37226,34.336138429093765,934.5199999994167,849.1706249643922
37227,34.336138429093765,934.5399999994166,849.1761980798315
37228,34.336138429093765,934.5599999994166,849.1817710747875
37229,34.336138429093765,934.5799999994166,849.1873439492587
37230,34.336138429093765,934.5999999994166,849.1929167032498
37231,34.336138429093765,934.6199999994166,849.1984893368908
37232,34.336138429093765,934.6399999994165,849.2040618502508
37233,34.336138429093765,934.6599999994165,849.2096342433281
37234,34.336138429093765,934.6799999994165,849.2152065161208
37235,34.336138429093765,934.6999999994165,849.2207786686271
37236,34.336138429093765,934.7199999994165,849.2263507008452
37237,34.336138429093765,934.7399999994165,849.2319226127732
37238,34.336138429093765,934.7599999994164,849.2374944044095
37239,34.336138429093765,934.7799999994164,849.2430660757522
37240,34.336138429093765,934.7999999994164,849.2486376267993
37241,34.336138429093765,934.8199999994164,849.2542090575492
37242,34.336138429093765,934.8399999994164,849.2597803680001
37243,34.336138429093765,934.8599999994163,849.26535155815
37244,34.336138429093765,934.8799999994163,849.2709226279972
37245,34.336138429093765,934.8999999994163,849.2764935775399
37246,34.336138429093765,934.9199999994163,849.2820644067763
37247,34.336138429093765,934.9399999994163,849.2876351157045
37248,34.336138429093765,934.9599999994163,849.2932057043226
37249,34.336138429093765,934.9799999994162,849.2987761726291
37250,34.336138429093765,934.9999999994162,849.304346520622
37251,34.336138429093765,935.0199999994162,849.3099167482994
37252,34.336138429093765,935.0399999994162,849.3154868556596
37253,34.336138429093765,935.0599999994162,849.3210568427008
37254,34.336138429093765,935.0799999994161,849.3266267094211
37255,34.336138429093765,935.0999999994161,849.3321964558188
37256,34.336138429093765,935.1199999994161,849.337766081892
37257,34.336138429093765,935.1399999994161,849.3433355876389
37258,34.336138429093765,935.1599999994161,849.3489049730576
37259,34.336138429093765,935.179999999416,849.3544742381465
37260,34.336138429093765,935.199999999416,849.3600433829037
37261,34.336138429093765,935.219999999416,849.3656124073273
37262,34.336138429093765,935.239999999416,849.3711813114155
37263,34.336138429093765,935.259999999416,849.3767500951666
37264,34.336138429093765,935.279999999416,849.3823187585787
37265,34.336138429093765,935.299999999416,849.3878873016499
37266,34.336138429093765,935.3199999994159,849.3934557243786
37267,34.336138429093765,935.3399999994159,849.3990240267627
37268,34.336138429093765,935.3599999994159,849.4045922088008
37269,34.336138429093765,935.3799999994159,849.4101602704907
37270,34.336138429093765,935.3999999994159,849.4157282118307
37271,34.336138429093765,935.4199999994158,849.4212960328191
37272,34.336138429093765,935.4399999994158,849.426863733454
37273,34.336138429093765,935.4599999994158,849.4324313137336
37274,34.336138429093765,935.4799999994158,849.437998773656
37275,34.336138429093765,935.4999999994158,849.4435661132195
37276,34.336138429093765,935.5199999994157,849.4491333324222
37277,34.336138429093765,935.5399999994157,849.4547004312624
37278,34.336138429093765,935.5599999994157,849.4602674097382
37279,34.336138429093765,935.5799999994157,849.4658342678479
37280,34.336138429093765,935.5999999994157,849.4714010055895
37281,34.336138429093765,935.6199999994157,849.4769676229712
37282,34.336138429093765,935.6399999994156,849.4825341201415
37283,34.336138429093765,935.6599999994156,849.488100497161
37284,34.336138429093765,935.6799999994156,849.4936667540279
37285,34.336138429093765,935.6999999994156,849.4992328907405
37286,34.336138429093765,935.7199999994156,849.5047989072968
37287,34.28943301012763,935.7399999994155,849.5103648036952
37288,34.28943301012763,935.7599999994155,849.5159305799338
37289,34.28943301012763,935.7799999994155,849.5214962360106
37290,34.28943301012763,935.7999999994155,849.5270617719242
37291,34.28943301012763,935.8199999994155,849.5326271876725
37292,34.28943301012763,935.8399999994155,849.5381924832537
37293,34.28943301012763,935.8599999994154,849.5437576586662
37294,34.28943301012763,935.8799999994154,849.5493227139079
37295,34.28943301012763,935.8999999994154,849.5548876489772
37296,34.28943301012763,935.9199999994154,849.5604524638723
37297,34.28943301012763,935.9399999994154,849.5660171585913
37298,34.28943301012763,935.9599999994153,849.5715817331325
37299,34.28943301012763,935.9799999994153,849.5771461874939
37300,34.28943301012763,935.9999999994153,849.5827105216739
37301,34.28943301012763,936.0199999994153,849.5882747356706
37302,34.28943301012763,936.0399999994153,849.5938388294821
37303,34.28943301012763,936.0599999994153,849.5994028031068
37304,34.28943301012763,936.0799999994152,849.6049666565428
37305,34.28943301012763,936.0999999994152,849.6105303897883
37306,34.28943301012763,936.1199999994152,849.6160940028415
37307,34.28943301012763,936.1399999994152,849.6216574957004
37308,34.28943301012763,936.1599999994152,849.6272208683636
37309,34.28943301012763,936.1799999994151,849.6327841208289
37310,34.28943301012763,936.1999999994151,849.6383472530947
37311,34.28943301012763,936.2199999994151,849.6439102651591
37312,34.28943301012763,936.2399999994151,849.6494731570203
37313,34.28943301012763,936.2599999994151,849.6550359286766
37314,34.28943301012763,936.279999999415,849.6605985801261
37315,34.28943301012763,936.299999999415,849.6661611113672
37316,34.28943301012763,936.319999999415,849.6717235223978
37317,34.28943301012763,936.339999999415,849.6772858132161
37318,34.28943301012763,936.359999999415,849.6828479838206
37319,34.28943301012763,936.379999999415,849.6884100342091
37320,34.28943301012763,936.399999999415,849.6939719643801
37321,34.28943301012763,936.4199999994149,849.6995337743317
37322,34.28943301012763,936.4399999994149,849.7050954640621
37323,34.28943301012763,936.4599999994149,849.7106570335694
37324,34.28943301012763,936.4799999994149,849.7162184828519
37325,34.28943301012763,936.4999999994149,849.7217798119078
37326,34.28943301012763,936.5199999994148,849.7273410207353
37327,34.28943301012763,936.5399999994148,849.7329021093325
37328,34.28943301012763,936.5599999994148,849.7384630776976
37329,34.28943301012763,936.5799999994148,849.7440239258289
37330,34.28943301012763,936.5999999994148,849.7495846537245
37331,34.28943301012763,936.6199999994147,849.7551452613826
37332,34.28943301012763,936.6399999994147,849.7607057488123
37333,34.28943301012763,936.6599999994147,849.7662661161515
37334,34.28943301012763,936.6799999994147,849.7718263634415
37335,34.28943301012763,936.6999999994147,849.7773864906803
37336,34.28943301012763,936.7199999994147,849.7829464978662
37337,34.28943301012763,936.7399999994146,849.7885063849973
37338,34.28943301012763,936.7599999994146,849.7940661520718
37339,34.28943301012763,936.7799999994146,849.799625799088
37340,34.28943301012763,936.7999999994146,849.8051853260439
37341,34.28943301012763,936.8199999994146,849.8107447329379
37342,34.28943301012763,936.8399999994145,849.8163040197682
37343,34.28943301012763,936.8599999994145,849.8218631865328
37344,34.28943301012763,936.8799999994145,849.8274222332302
37345,34.28943301012763,936.8999999994145,849.8329811598584
37346,34.28943301012763,936.9199999994145,849.8385399664156
37347,34.28943301012763,936.9399999994145,849.8440986529001
37348,34.28943301012763,936.9599999994144,849.8496572193101
37349,34.28943301012763,936.9799999994144,849.8552156656436
37350,34.28943301012763,936.9999999994144,849.860773991899
37351,34.28943301012763,937.0199999994144,849.8663321980745
37352,34.28943301012763,937.0399999994144,849.8718902841681
37353,34.28943301012763,937.0599999994143,849.8774482501782
37354,34.28943301012763,937.0799999994143,849.8830060961029
37355,34.28943301012763,937.0999999994143,849.8885638219405
37356,34.28943301012763,937.1199999994143,849.8941214276891
37357,34.28943301012763,937.1399999994143,849.899678913347
37358,34.28943301012763,937.1599999994143,849.9052362789123
37359,34.28943301012763,937.1799999994142,849.9107935243833
37360,34.28943301012763,937.1999999994142,849.9163506497581
37361,34.28943301012763,937.2199999994142,849.9219076550349
37362,34.28943301012763,937.2399999994142,849.9274645402121
37363,34.28943301012763,937.2599999994142,849.9330213052876
37364,34.28943301012763,937.2799999994141,849.9385779502599
37365,34.28943301012763,937.2999999994141,849.9441344751269
37366,34.28943301012763,937.3199999994141,849.949690879887
37367,34.28943301012763,937.3399999994141,849.9552471645384
37368,34.28943301012763,937.3599999994141,849.9608033290792
37369,34.28943301012763,937.379999999414,849.9663593735077
37370,34.28943301012763,937.399999999414,849.971915297822
37371,34.28943301012763,937.419999999414,849.9774711020203
37372,34.28943301012763,937.439999999414,849.9830267861009
37373,34.28943301012763,937.459999999414,849.988582350062
37374,34.28943301012763,937.479999999414,849.9941377939017
37375,34.28943301012763,937.499999999414,849.9996931176183
37376,34.28943301012763,937.5199999994139,850.0052483214885
37377,34.28943301012763,937.5399999994139,850.0108034058397
37378,34.28943301012763,937.5599999994139,850.016358370676
37379,34.28943301012763,937.5799999994139,850.0219132159955
37380,34.28943301012763,937.5999999994139,850.0274679417965
37381,34.28943301012763,937.6199999994138,850.0330225480774
37382,34.28943301012763,937.6399999994138,850.0385770348363
37383,34.28943301012763,937.6599999994138,850.0441314020854
37384,34.28943301012763,937.6799999994138,850.0496856499825
37385,34.28943301012763,937.6999999994138,850.0552397785593
37386,34.28943301012763,937.7199999994137,850.0607937878142
37387,34.28943301012763,937.7399999994137,850.0663476777453
37388,34.28943301012763,937.7599999994137,850.071901448351
37389,34.28943301012763,937.7799999994137,850.0774550996296
37390,34.28943301012763,937.7999999994137,850.0830086315791
37391,34.28943301012763,937.8199999994137,850.088562044198
37392,34.28943301012763,937.8399999994136,850.0941153374846
37393,34.28943301012763,937.8599999994136,850.099668511437
37394,34.28943301012763,937.8799999994136,850.1052215660536
37395,34.28943301012763,937.8999999994136,850.1107745013327
37396,34.28943301012763,937.9199999994136,850.1163273172724
37397,34.28943301012763,937.9399999994135,850.1218800138711
37398,34.28943301012763,937.9599999994135,850.127432591127
37399,34.28943301012763,937.9799999994135,850.1329850490383
37400,34.28943301012763,937.9999999994135,850.1385373876034
37401,34.28943301012763,938.0199999994135,850.1440896068204
37402,34.28943301012763,938.0399999994135,850.1496417066878
37403,34.28943301012763,938.0599999994134,850.1551936872038
37404,34.28943301012763,938.0799999994134,850.1607455483665
37405,34.28943301012763,938.0999999994134,850.1662972901744
37406,34.28943301012763,938.1199999994134,850.1718489126256
37407,34.28943301012763,938.1399999994134,850.1774004157185
37408,34.28943301012763,938.1599999994133,850.1829517994512
37409,34.28943301012763,938.1799999994133,850.188503063822
37410,34.28943301012763,938.1999999994133,850.1940542088294
37411,34.28943301012763,938.2199999994133,850.1996052344713
37412,34.28943301012763,938.2399999994133,850.2051561407462
37413,34.28943301012763,938.2599999994133,850.2107069276524
37414,34.28943301012763,938.2799999994132,850.216257595188
37415,34.28943301012763,938.2999999994132,850.2218081433514
37416,34.28943301012763,938.3199999994132,850.2273585721408
37417,34.28943301012763,938.3399999994132,850.2329088815545
37418,34.28943301012763,938.3599999994132,850.2384590715908
37419,34.28943301012763,938.3799999994131,850.2440091422479
37420,34.28943301012763,938.3999999994131,850.2495590935241
37421,34.28943301012763,938.4199999994131,850.2551089254176
37422,34.28943301012763,938.4399999994131,850.2606586379268
37423,34.28943301012763,938.4599999994131,850.2662082310499
37424,34.28943301012763,938.479999999413,850.271757704785
37425,34.28943301012763,938.499999999413,850.2773070591307
37426,34.28943301012763,938.519999999413,850.2828562940851
37427,34.28943301012763,938.539999999413,850.2884054096464
37428,34.28943301012763,938.559999999413,850.293954405813
37429,34.28943301012763,938.579999999413,850.299503282583
37430,34.28943301012763,938.599999999413,850.3050520399548
37431,34.28943301012763,938.6199999994129,850.3106006779267
37432,34.28943301012763,938.6399999994129,850.3161491964969
37433,34.28943301012763,938.6599999994129,850.3216975956636
37434,34.28943301012763,938.6799999994129,850.3272458754417
37435,34.28943301012763,938.6999999994129,850.3327940359987
37436,34.28943301012763,938.7199999994128,850.3383420773546
37437,34.28943301012763,938.7399999994128,850.3438899995074
37438,34.28943301012763,938.7599999994128,850.3494378024554
37439,34.28943301012763,938.7799999994128,850.354985486197
37440,34.28943301012763,938.7999999994128,850.3605330507305
37441,34.28943301012763,938.8199999994127,850.366080496054
37442,34.28943301012763,938.8399999994127,850.3716278221659
37443,34.28943301012763,938.8599999994127,850.3771750290645
37444,34.28943301012763,938.8799999994127,850.3827221167479
37445,34.28943301012763,938.8999999994127,850.3882690852146
37446,34.28943301012763,938.9199999994127,850.3938159344626
37447,34.28943301012763,938.9399999994126,850.3993626644905
37448,34.28943301012763,938.9599999994126,850.4049092752963
37449,34.28943301012763,938.9799999994126,850.4104557668784
37450,34.28943301012763,938.9999999994126,850.416002139235
37451,34.28943301012763,939.0199999994126,850.4215483923646
37452,34.28943301012763,939.0399999994125,850.4270945262651
37453,34.28943301012763,939.0599999994125,850.4326405409352
37454,34.28943301012763,939.0799999994125,850.4381864363728
37455,34.28943301012763,939.0999999994125,850.4437322125764
37456,34.28943301012763,939.1199999994125,850.4492778695442
37457,34.28943301012763,939.1399999994125,850.4548234072744
37458,34.28943301012763,939.1599999994124,850.4603688257654
37459,34.28943301012763,939.1799999994124,850.4659141250154
37460,34.28943301012763,939.1999999994124,850.4714593050227
37461,34.28943301012763,939.2199999994124,850.4770043657855
37462,34.28943301012763,939.2399999994124,850.4825493073023
37463,34.28943301012763,939.2599999994123,850.4880941295712
37464,34.28943301012763,939.2799999994123,850.4936388325905
37465,34.28943301012763,939.2999999994123,850.4991834163584
37466,34.28943301012763,939.3199999994123,850.5047278808732
37467,34.28943301012763,939.3399999994123,850.5102722261333
37468,34.28943301012763,939.3599999994123,850.515816452137
37469,34.28943301012763,939.3799999994122,850.5213605588823
37470,34.28943301012763,939.3999999994122,850.5269045463676
37471,34.28943301012763,939.4199999994122,850.5324484145914
37472,34.28943301012763,939.4399999994122,850.5379921635517
37473,34.28943301012763,939.4599999994122,850.5435357932469
37474,34.28943301012763,939.4799999994121,850.5490793036752
37475,34.28943301012763,939.4999999994121,850.5546226948348
37476,34.28943301012763,939.5199999994121,850.5601659667243
37477,34.28943301012763,939.5399999994121,850.5657091193417
37478,34.28943301012763,939.5599999994121,850.5712521526854
37479,34.28943301012763,939.579999999412,850.5767950667534
37480,34.28943301012763,939.599999999412,850.5823378615444
37481,34.28943301012763,939.619999999412,850.5878805370563
37482,34.28943301012763,939.639999999412,850.5934230932877
37483,34.28943301012763,939.659999999412,850.5989655302367
37484,34.28943301012763,939.679999999412,850.6045078479016
37485,34.28943301012763,939.699999999412,850.6100500463075
37486,34.28943301012763,939.7199999994119,850.6155921256296
37487,34.28943301012763,939.7399999994119,850.6211340858829
37488,34.28943301012763,939.7599999994119,850.6266759270654
37489,34.28943301012763,939.7799999994119,850.6322176491757
37490,34.28943301012763,939.7999999994119,850.6377592522118
37491,34.28943301012763,939.8199999994118,850.6433007361721
37492,34.28943301012763,939.8399999994118,850.648842101055
37493,34.28943301012763,939.8599999994118,850.6543833468587
37494,34.28943301012763,939.8799999994118,850.6599244735814
37495,34.28943301012763,939.8999999994118,850.6654654812214
37496,34.28943301012763,939.9199999994117,850.671006369777
37497,34.28943301012763,939.9399999994117,850.6765471392466
37498,34.28943301012763,939.9599999994117,850.6820877896283
37499,34.28943301012763,939.9799999994117,850.6876283209205
37500,34.28943301012763,939.9999999994117,850.6931687331214
37501,34.28943301012763,940.0199999994117,850.6987090262294
37502,34.28943301012763,940.0399999994116,850.7042492002427
37503,34.28943301012763,940.0599999994116,850.7097892551594
37504,34.28943301012763,940.0799999994116,850.7153291909781
37505,34.28943301012763,940.0999999994116,850.7208690076969
37506,34.28943301012763,940.1199999994116,850.7264087053142
37507,34.28943301012763,940.1399999994115,850.7319482838282
37508,34.28943301012763,940.1599999994115,850.7374877432371
37509,34.28943301012763,940.1799999994115,850.7430270835393
37510,34.28943301012763,940.1999999994115,850.7485663047331
37511,34.28943301012763,940.2199999994115,850.7541054068167
37512,34.28943301012763,940.2399999994115,850.7596443897885
37513,34.28943301012763,940.2599999994114,850.7651832536467
37514,34.28943301012763,940.2799999994114,850.7707219983895
37515,34.28943301012763,940.2999999994114,850.7762606240153
37516,34.28943301012763,940.3199999994114,850.7817991305224
37517,34.24283337959261,940.3399999994114,850.7873375179089
37518,34.24283337959261,940.3599999994113,850.7928757861732
37519,34.24283337959261,940.3799999994113,850.7984139353136
37520,34.24283337959261,940.3999999994113,850.8039519653285
37521,34.24283337959261,940.4199999994113,850.8094898762159
37522,34.24283337959261,940.4399999994113,850.8150276679744
37523,34.24283337959261,940.4599999994113,850.820565340602
37524,34.24283337959261,940.4799999994112,850.8261028940972
37525,34.24283337959261,940.4999999994112,850.8316403284581
37526,34.24283337959261,940.5199999994112,850.837177643683
37527,34.24283337959261,940.5399999994112,850.8427148397703
37528,34.24283337959261,940.5599999994112,850.8482519167183
37529,34.24283337959261,940.5799999994111,850.8537888745251
37530,34.24283337959261,940.5999999994111,850.8593257131892
37531,34.24283337959261,940.6199999994111,850.8648624327087
37532,34.24283337959261,940.6399999994111,850.870399033082
37533,34.24283337959261,940.6599999994111,850.8759355143073
37534,34.24283337959261,940.679999999411,850.881471876383
37535,34.24283337959261,940.699999999411,850.8870081193072
37536,34.24283337959261,940.719999999411,850.8925442431131
37537,34.24283337959261,940.739999999411,850.8980802479435
37538,34.24283337959261,940.759999999411,850.9036161338091
37539,34.24283337959261,940.779999999411,850.909151900708
37540,34.24283337959261,940.7999999994109,850.9146875486385
37541,34.24283337959261,940.8199999994109,850.920223077599
37542,34.24283337959261,940.8399999994109,850.9257584875877
37543,34.24283337959261,940.8599999994109,850.9312937786029
37544,34.24283337959261,940.8799999994109,850.936828950643
37545,34.24283337959261,940.8999999994109,850.9423640037061
37546,34.24283337959261,940.9199999994108,850.9478989377906
37547,34.24283337959261,940.9399999994108,850.9534337528946
37548,34.24283337959261,940.9599999994108,850.9589684490167
37549,34.24283337959261,940.9799999994108,850.964503026155
37550,34.24283337959261,940.9999999994108,850.9700374843078
37551,34.24283337959261,941.0199999994107,850.9755718234734
37552,34.24283337959261,941.0399999994107,850.9811060436501
37553,34.24283337959261,941.0599999994107,850.9866401448363
37554,34.24283337959261,941.0799999994107,850.9921741270301
37555,34.24283337959261,941.0999999994107,850.99770799023
37556,34.24283337959261,941.1199999994107,851.003241734434
37557,34.24283337959261,941.1399999994106,851.0087753596406
37558,34.24283337959261,941.1599999994106,851.0143088658481
37559,34.24283337959261,941.1799999994106,851.0198422530547
37560,34.24283337959261,941.1999999994106,851.0253755212586
37561,34.24283337959261,941.2199999994106,851.0309086704583
37562,34.24283337959261,941.2399999994105,851.036441700652
37563,34.24283337959261,941.2599999994105,851.0419746118379
37564,34.24283337959261,941.2799999994105,851.0475074040144
37565,34.24283337959261,941.2999999994105,851.0530400771797
37566,34.24283337959261,941.3199999994105,851.0585726313323
37567,34.24283337959261,941.3399999994105,851.0641050664702
37568,34.24283337959261,941.3599999994104,851.0696373825918
37569,34.24283337959261,941.3799999994104,851.0751695796955
37570,34.24283337959261,941.3999999994104,851.0807016577795
37571,34.24283337959261,941.4199999994104,851.0862336168422
37572,34.24283337959261,941.4399999994104,851.0917654568816
37573,34.24283337959261,941.4599999994103,851.0972971778963
37574,34.24283337959261,941.4799999994103,851.1028287798844
37575,34.24283337959261,941.4999999994103,851.1083602628443
37576,34.24283337959261,941.5199999994103,851.1138916267741
37577,34.24283337959261,941.5399999994103,851.1194228716723
37578,34.24283337959261,941.5599999994103,851.1249539975372
37579,34.24283337959261,941.5799999994102,851.130485004367
37580,34.24283337959261,941.5999999994102,851.1360158921599
37581,34.24283337959261,941.6199999994102,851.1415466609143
37582,34.24283337959261,941.6399999994102,851.1470773106284
37583,34.24283337959261,941.6599999994102,851.1526078413007
37584,34.24283337959261,941.6799999994101,851.1581382529292
37585,34.24283337959261,941.6999999994101,851.1636685455125
37586,34.24283337959261,941.7199999994101,851.1691987190486
37587,34.24283337959261,941.7399999994101,851.1747287735852
37588,34.24283337959261,941.7599999994101,851.1802587092656
37589,34.24283337959261,941.77999999941,851.1857885260986
37590,34.24283337959261,941.79999999941,851.1913182240826
37591,34.24283337959261,941.81999999941,851.1968478032159
37592,34.24283337959261,941.83999999941,851.2023772634967
37593,34.24283337959261,941.85999999941,851.2079066049234
37594,34.24283337959261,941.87999999941,851.2134358274943
37595,34.24283337959261,941.8999999994099,851.2189649312077
37596,34.24283337959261,941.9199999994099,851.2244939160618
37597,34.24283337959261,941.9399999994099,851.2300227820549
37598,34.24283337959261,941.9599999994099,851.2355515291854
37599,34.24283337959261,941.9799999994099,851.2410801574515
37600,34.24283337959261,941.9999999994099,851.2466086668516
37601,34.24283337959261,942.0199999994098,851.2521370573838
37602,34.24283337959261,942.0399999994098,851.2576653290466
37603,34.24283337959261,942.0599999994098,851.2631934818382
37604,34.24283337959261,942.0799999994098,851.268721515757
37605,34.24283337959261,942.0999999994098,851.2742494308011
37606,34.24283337959261,942.1199999994097,851.279777226969
37607,34.24283337959261,942.1399999994097,851.285304904259
37608,34.24283337959261,942.1599999994097,851.2908324626692
37609,34.24283337959261,942.1799999994097,851.296359902198
37610,34.24283337959261,942.1999999994097,851.3018872228437
37611,34.24283337959261,942.2199999994097,851.3074144246045
37612,34.24283337959261,942.2399999994096,851.3129415074789
37613,34.24283337959261,942.2599999994096,851.3184684714649
37614,34.24283337959261,942.2799999994096,851.3239953165612
37615,34.24283337959261,942.2999999994096,851.3295220427658
37616,34.24283337959261,942.3199999994096,851.335048650077
37617,34.24283337959261,942.3399999994095,851.3405751384933
37618,34.24283337959261,942.3599999994095,851.3461015080128
37619,34.24283337959261,942.3799999994095,851.3516277586339
37620,34.24283337959261,942.3999999994095,851.3571538903548
37621,34.24283337959261,942.4199999994095,851.3626799031738
37622,34.24283337959261,942.4399999994095,851.3682057970893
37623,34.24283337959261,942.4599999994094,851.3737315720996
37624,34.24283337959261,942.4799999994094,851.3792572282028
37625,34.24283337959261,942.4999999994094,851.3847827653975
37626,34.24283337959261,942.5199999994094,851.3903081836818
37627,34.24283337959261,942.5399999994094,851.3958334830539
37628,34.24283337959261,942.5599999994093,851.4013586635124
37629,34.24283337959261,942.5799999994093,851.4068837250553
37630,34.24283337959261,942.5999999994093,851.4124086676811
37631,34.24283337959261,942.6199999994093,851.417933491388
37632,34.24283337959261,942.6399999994093,851.4234581961744
37633,34.24283337959261,942.6599999994093,851.4289827820384
37634,34.24283337959261,942.6799999994092,851.4345072489784
37635,34.24283337959261,942.6999999994092,851.4400315969928
37636,34.24283337959261,942.7199999994092,851.4455558260797
37637,34.24283337959261,942.7399999994092,851.4510799362375
37638,34.24283337959261,942.7599999994092,851.4566039275261
37639,34.24283337959261,942.7799999994091,851.4621278000793
37640,34.24283337959261,942.7999999994091,851.4676515539039
37641,34.24283337959261,942.8199999994091,851.4731751889981
37642,34.24283337959261,942.8399999994091,851.4786987053602
37643,34.24283337959261,942.8599999994091,851.4842221029885
37644,34.24283337959261,942.879999999409,851.4897453818813
37645,34.24283337959261,942.899999999409,851.495268542037
37646,34.24283337959261,942.919999999409,851.5007915834539
37647,34.24283337959261,942.939999999409,851.50631450613
37648,34.24283337959261,942.959999999409,851.5118373100639
37649,34.24283337959261,942.979999999409,851.5173599952539
37650,34.24283337959261,942.9999999994089,851.5228825616982
37651,34.24283337959261,943.0199999994089,851.5284050093952
37652,34.24283337959261,943.0399999994089,851.5339273383431
37653,34.24283337959261,943.0599999994089,851.5394495485402
37654,34.24283337959261,943.0799999994089,851.544971639985
37655,34.24283337959261,943.0999999994089,851.5504936126755
37656,34.24283337959261,943.1199999994088,851.5560154666102
37657,34.24283337959261,943.1399999994088,851.5615372017874
37658,34.24283337959261,943.1599999994088,851.5670588182053
37659,34.24283337959261,943.1799999994088,851.5725803158623
37660,34.24283337959261,943.1999999994088,851.5781016947567
37661,34.24283337959261,943.2199999994087,851.5836229548868
37662,34.24283337959261,943.2399999994087,851.5891440962508
37663,34.24283337959261,943.2599999994087,851.5946651188472
37664,34.24283337959261,943.2799999994087,851.600186022674
37665,34.24283337959261,943.2999999994087,851.6057068077298
37666,34.24283337959261,943.3199999994087,851.6112274740127
37667,34.24283337959261,943.3399999994086,851.6167480215212
37668,34.24283337959261,943.3599999994086,851.6222684502534
37669,34.24283337959261,943.3799999994086,851.6277887602077
37670,34.24283337959261,943.3999999994086,851.6333089513826
37671,34.24283337959261,943.4199999994086,851.638829023776
37672,34.24283337959261,943.4399999994085,851.6443489773865
37673,34.24283337959261,943.4599999994085,851.6498688122123
37674,34.24283337959261,943.4799999994085,851.6553885282517
37675,34.24283337959261,943.4999999994085,851.660908125503
37676,34.24283337959261,943.5199999994085,851.6664276039646
37677,34.24283337959261,943.5399999994085,851.6719469636347
37678,34.24283337959261,943.5599999994084,851.6774662045117
37679,34.24283337959261,943.5799999994084,851.6829853265938
37680,34.24283337959261,943.5999999994084,851.6885043298793
37681,34.24283337959261,943.6199999994084,851.6940232143666
37682,34.24283337959261,943.6399999994084,851.6995419800539
37683,34.24283337959261,943.6599999994083,851.7050606269396
37684,34.24283337959261,943.6799999994083,851.710579155022
37685,34.24283337959261,943.6999999994083,851.7160975642993
37686,34.24283337959261,943.7199999994083,851.7216158547699
37687,34.24283337959261,943.7399999994083,851.727134026432
37688,34.24283337959261,943.7599999994083,851.7326520792841
37689,34.24283337959261,943.7799999994082,851.7381700133992
37690,34.24283337959261,943.7999999994082,851.743687828904
37691,34.24283337959261,943.8199999994082,851.7492055258025
37692,34.24283337959261,943.8399999994082,851.7547231040933
37693,34.24283337959261,943.8599999994082,851.7602405637745
37694,34.24283337959261,943.8799999994081,851.7657579048445
37695,34.24283337959261,943.8999999994081,851.7712751273015
37696,34.24283337959261,943.9199999994081,851.7767922311439
37697,34.24283337959261,943.9399999994081,851.78230921637
37698,34.24283337959261,943.9599999994081,851.7878260829781
37699,34.24283337959261,943.979999999408,851.7933428309665
37700,34.24283337959261,943.999999999408,851.7988594603335
37701,34.24283337959261,944.019999999408,851.8043759710774
37702,34.24283337959261,944.039999999408,851.8098923631966
37703,34.24283337959261,944.059999999408,851.8154086366893
37704,34.24283337959261,944.079999999408,851.8209247915538
37705,34.24283337959261,944.0999999994079,851.8264408277885
37706,34.24283337959261,944.1199999994079,851.8319567453916
37707,34.24283337959261,944.1399999994079,851.8374725443615
37708,34.24283337959261,944.1599999994079,851.8429882246965
37709,34.24283337959261,944.1799999994079,851.8485037863948
37710,34.24283337959261,944.1999999994079,851.8540192294547
37711,34.24283337959261,944.2199999994078,851.8595345538747
37712,34.24283337959261,944.2399999994078,851.865049759653
37713,34.24283337959261,944.2599999994078,851.8705648467878
37714,34.24283337959261,944.2799999994078,851.8760798152776
37715,34.24283337959261,944.2999999994078,851.8815946651206
37716,34.24283337959261,944.3199999994077,851.887109396315
37717,34.24283337959261,944.3399999994077,851.8926240088593
37718,34.24283337959261,944.3599999994077,851.8981385027519
37719,34.24283337959261,944.3799999994077,851.9036528779908
37720,34.24283337959261,944.3999999994077,851.9091671345744
37721,34.24283337959261,944.4199999994077,851.9146812725012
37722,34.24283337959261,944.4399999994076,851.9201952917692
37723,34.24283337959261,944.4599999994076,851.925709192377
37724,34.24283337959261,944.4799999994076,851.9312229743227
37725,34.24283337959261,944.4999999994076,851.9367366376048
37726,34.24283337959261,944.5199999994076,851.9422501822214
37727,34.24283337959261,944.5399999994075,851.9477636081709
37728,34.24283337959261,944.5599999994075,851.9532769154516
37729,34.24283337959261,944.5799999994075,851.9587901040619
37730,34.24283337959261,944.5999999994075,851.964303174
37731,34.24283337959261,944.6199999994075,851.9698161252642
37732,34.24283337959261,944.6399999994075,851.9753289578529
37733,34.24283337959261,944.6599999994074,851.9808416717643
37734,34.24283337959261,944.6799999994074,851.9863542669968
37735,34.24283337959261,944.6999999994074,851.9918667435487
37736,34.24283337959261,944.7199999994074,851.9973791014182
37737,34.24283337959261,944.7399999994074,852.0028913406037
37738,34.24283337959261,944.7599999994073,852.0084034611035
37739,34.24283337959261,944.7799999994073,852.0139154629159
37740,34.24283337959261,944.7999999994073,852.0194273461282
37741,34.24283337959261,944.8199999994073,852.0249391108593
37742,34.196339202335174,944.8399999994073,852.0304507571115
37743,34.196339202335174,944.8599999994073,852.0359622848827
37744,34.196339202335174,944.8799999994072,852.0414736941714
37745,34.196339202335174,944.8999999994072,852.0469849849759
37746,34.196339202335174,944.9199999994072,852.0524961572945
37747,34.196339202335174,944.9399999994072,852.0580072111255
37748,34.196339202335174,944.9599999994072,852.0635181464673
37749,34.196339202335174,944.9799999994071,852.0690289633183
37750,34.196339202335174,944.9999999994071,852.0745396616766
37751,34.196339202335174,945.0199999994071,852.0800502415407
37752,34.196339202335174,945.0399999994071,852.0855607029088
37753,34.196339202335174,945.0599999994071,852.0910710457792
37754,34.196339202335174,945.079999999407,852.0965812701505
37755,34.196339202335174,945.099999999407,852.1020913760208
37756,34.196339202335174,945.119999999407,852.1076013633884
37757,34.196339202335174,945.139999999407,852.1131112322518
37758,34.196339202335174,945.159999999407,852.1186209826091
37759,34.196339202335174,945.179999999407,852.1241306144587
37760,34.196339202335174,945.1999999994069,852.1296401277991
37761,34.196339202335174,945.2199999994069,852.1351495226285
37762,34.196339202335174,945.2399999994069,852.1406587989451
37763,34.196339202335174,945.2599999994069,852.1461679567473
37764,34.196339202335174,945.2799999994069,852.1516769960334
37765,34.196339202335174,945.2999999994069,852.1571859168018
37766,34.196339202335174,945.3199999994068,852.1626947190509
37767,34.196339202335174,945.3399999994068,852.1682034027789
37768,34.196339202335174,945.3599999994068,852.1737119679841
37769,34.196339202335174,945.3799999994068,852.1792204146649
37770,34.196339202335174,945.3999999994068,852.1847287428196
37771,34.196339202335174,945.4199999994067,852.1902369524465
37772,34.196339202335174,945.4399999994067,852.195745043544
37773,34.196339202335174,945.4599999994067,852.2012530161103
37774,34.196339202335174,945.4799999994067,852.2067608701439
37775,34.196339202335174,945.4999999994067,852.212268605643
37776,34.196339202335174,945.5199999994067,852.217776222606
37777,34.196339202335174,945.5399999994066,852.2232837210311
37778,34.196339202335174,945.5599999994066,852.2287911009166
37779,34.196339202335174,945.5799999994066,852.234298362261
37780,34.196339202335174,945.5999999994066,852.2398055050626
37781,34.196339202335174,945.6199999994066,852.2453125293196
37782,34.196339202335174,945.6399999994065,852.2508194350304
37783,34.196339202335174,945.6599999994065,852.2563262221934
37784,34.196339202335174,945.6799999994065,852.2618328908068
37785,34.196339202335174,945.6999999994065,852.2673394408689
37786,34.196339202335174,945.7199999994065,852.2728458723782
37787,34.196339202335174,945.7399999994065,852.2783521853329
37788,34.196339202335174,945.7599999994064,852.2838583797313
37789,34.196339202335174,945.7799999994064,852.2893644555718
37790,34.196339202335174,945.7999999994064,852.2948704128527
37791,34.196339202335174,945.8199999994064,852.3003762516641
37792,34.196339202335174,945.8399999994064,852.3058819721048
37793,34.196339202335174,945.8599999994063,852.3113875741739
37794,34.196339202335174,945.8799999994063,852.3168930578696
37795,34.196339202335174,945.8999999994063,852.3223984231904
37796,34.196339202335174,945.9199999994063,852.3279036701346
37797,34.196339202335174,945.9399999994063,852.3334087987005
37798,34.196339202335174,945.9599999994063,852.3389138088863
37799,34.196339202335174,945.9799999994062,852.3444187006907
37800,34.196339202335174,945.9999999994062,852.3499234741116
37801,34.196339202335174,946.0199999994062,852.3554281291476
37802,34.196339202335174,946.0399999994062,852.3609326657969
37803,34.196339202335174,946.0599999994062,852.3664370840579
37804,34.196339202335174,946.0799999994061,852.3719413839289
37805,34.196339202335174,946.0999999994061,852.3774455654082
37806,34.196339202335174,946.1199999994061,852.3829496284941
37807,34.196339202335174,946.1399999994061,852.388453573185
37808,34.196339202335174,946.1599999994061,852.3939573994792
37809,34.196339202335174,946.179999999406,852.399461107375
37810,34.196339202335174,946.199999999406,852.4049646968708
37811,34.196339202335174,946.219999999406,852.410468167965
37812,34.196339202335174,946.239999999406,852.4159715206557
37813,34.196339202335174,946.259999999406,852.4214747549414
37814,34.196339202335174,946.279999999406,852.4269778708203
37815,34.196339202335174,946.2999999994059,852.4324808682909
37816,34.196339202335174,946.3199999994059,852.4379837473514
37817,34.196339202335174,946.3399999994059,852.4434865080001
37818,34.196339202335174,946.3599999994059,852.4489891502354
37819,34.196339202335174,946.3799999994059,852.4544916740556
37820,34.196339202335174,946.3999999994058,852.4599940794591
37821,34.196339202335174,946.4199999994058,852.4654963664441
37822,34.196339202335174,946.4399999994058,852.470998535009
37823,34.196339202335174,946.4599999994058,852.4765005851522
37824,34.196339202335174,946.4799999994058,852.4820025168718
37825,34.196339202335174,946.4999999994058,852.4875043301664
37826,34.196339202335174,946.5199999994057,852.4930060250342
37827,34.196339202335174,946.5399999994057,852.4985076014735
37828,34.196339202335174,946.5599999994057,852.5040090594827
37829,34.196339202335174,946.5799999994057,852.50951039906
37830,34.196339202335174,946.5999999994057,852.5150116202038
37831,34.196339202335174,946.6199999994056,852.5205127229126
37832,34.196339202335174,946.6399999994056,852.5260137071845
37833,34.196339202335174,946.6599999994056,852.5315145730178
37834,34.196339202335174,946.6799999994056,852.5370153204111
37835,34.196339202335174,946.6999999994056,852.5425159493625
37836,34.196339202335174,946.7199999994056,852.5480164598704
37837,34.196339202335174,946.7399999994055,852.5535168519331
37838,34.196339202335174,946.7599999994055,852.559017125549
37839,34.196339202335174,946.7799999994055,852.5645172807162
37840,34.196339202335174,946.7999999994055,852.5700173174333
37841,34.196339202335174,946.8199999994055,852.5755172357
37842,34.196339202335174,946.8399999994054,852.581017035622
37843,34.196339202335174,946.8599999994054,852.5865167172924
37844,34.196339202335174,946.8799999994054,852.5920162807095
37845,34.196339202335174,946.8999999994054,852.5975157258715
37846,34.196339202335174,946.9199999994054,852.6030150527769
37847,34.196339202335174,946.9399999994054,852.6085142614239
37848,34.196339202335174,946.9599999994053,852.614013351811
37849,34.196339202335174,946.9799999994053,852.6195123239363
37850,34.196339202335174,946.9999999994053,852.6250111777983
37851,34.196339202335174,947.0199999994053,852.6305099133954
37852,34.196339202335174,947.0399999994053,852.6360085307257
37853,34.196339202335174,947.0599999994052,852.6415070297877
37854,34.196339202335174,947.0799999994052,852.6470054105797
37855,34.196339202335174,947.0999999994052,852.6525036731001
37856,34.196339202335174,947.1199999994052,852.6580018173471
37857,34.196339202335174,947.1399999994052,852.6634998433191
37858,34.196339202335174,947.1599999994052,852.6689977510144
37859,34.196339202335174,947.1799999994051,852.6744955404315
37860,34.196339202335174,947.1999999994051,852.6799932115686
37861,34.196339202335174,947.2199999994051,852.685490764424
37862,34.196339202335174,947.2399999994051,852.690988198996
37863,34.196339202335174,947.2599999994051,852.6964855152831
37864,34.196339202335174,947.279999999405,852.7019827132835
37865,34.196339202335174,947.299999999405,852.7074797929956
37866,34.196339202335174,947.319999999405,852.7129767544177
37867,34.196339202335174,947.339999999405,852.7184735975482
37868,34.196339202335174,947.359999999405,852.7239703223853
37869,34.196339202335174,947.379999999405,852.7294669289274
37870,34.196339202335174,947.3999999994049,852.7349634171729
37871,34.196339202335174,947.4199999994049,852.7404597871201
37872,34.196339202335174,947.4399999994049,852.7459560387674
37873,34.196339202335174,947.4599999994049,852.751452172113
37874,34.196339202335174,947.4799999994049,852.7569481871553
37875,34.196339202335174,947.4999999994048,852.7624440838927
37876,34.196339202335174,947.5199999994048,852.7679398623234
37877,34.196339202335174,947.5399999994048,852.7734355224458
37878,34.196339202335174,947.5599999994048,852.7789310642582
37879,34.196339202335174,947.5799999994048,852.7844264877591
37880,34.196339202335174,947.5999999994048,852.7899217929466
37881,34.196339202335174,947.6199999994047,852.7954169798192
37882,34.196339202335174,947.6399999994047,852.800912048375
37883,34.196339202335174,947.6599999994047,852.8064069986127
37884,34.196339202335174,947.6799999994047,852.8119018305304
37885,34.196339202335174,947.6999999994047,852.8173965441264
37886,34.196339202335174,947.7199999994046,852.8228911393992
37887,34.196339202335174,947.7399999994046,852.8283856163471
37888,34.196339202335174,947.7599999994046,852.8338799749683
37889,34.196339202335174,947.7799999994046,852.8393742152613
37890,34.196339202335174,947.7999999994046,852.8448683372243
37891,34.196339202335174,947.8199999994046,852.8503623408557
37892,34.196339202335174,947.8399999994045,852.8558562261577
37893,34.196339202335174,947.8599999994045,852.8613499932459
37894,34.196339202335174,947.8799999994045,852.8668436422013
37895,34.196339202335174,947.8999999994045,852.8723371730223
37896,34.196339202335174,947.9199999994045,852.8778305857072
37897,34.196339202335174,947.9399999994044,852.8833238802545
37898,34.196339202335174,947.9599999994044,852.8888170566623
37899,34.196339202335174,947.9799999994044,852.8943101149291
37900,34.196339202335174,947.9999999994044,852.8998030550532
37901,34.196339202335174,948.0199999994044,852.9052958770329
37902,34.196339202335174,948.0399999994044,852.9107885808667
37903,34.196339202335174,948.0599999994043,852.9162811665527
37904,34.196339202335174,948.0799999994043,852.9217736340894
37905,34.196339202335174,948.0999999994043,852.9272659834751
37906,34.196339202335174,948.1199999994043,852.9327582147081
37907,34.196339202335174,948.1399999994043,852.9382503277868
37908,34.196339202335174,948.1599999994042,852.9437423227096
37909,34.196339202335174,948.1799999994042,852.9492341994746
37910,34.196339202335174,948.1999999994042,852.9547259580804
37911,34.196339202335174,948.2199999994042,852.9602175985252
37912,34.196339202335174,948.2399999994042,852.9657091208074
37913,34.196339202335174,948.2599999994042,852.9712005249254
37914,34.196339202335174,948.2799999994041,852.9766918108775
37915,34.196339202335174,948.2999999994041,852.9821829786619
37916,34.196339202335174,948.3199999994041,852.9876740282771
37917,34.196339202335174,948.3399999994041,852.9931649597214
37918,34.196339202335174,948.3599999994041,852.9986557729932
37919,34.196339202335174,948.379999999404,853.0041464680907
37920,34.196339202335174,948.399999999404,853.0096370450123
37921,34.196339202335174,948.419999999404,853.0151275037564
37922,34.196339202335174,948.439999999404,853.0206178443212
37923,34.196339202335174,948.459999999404,853.0261080667053
37924,34.196339202335174,948.479999999404,853.0315981709068
37925,34.196339202335174,948.4999999994039,853.0370881569241
37926,34.196339202335174,948.5199999994039,853.0425780247557
37927,34.196339202335174,948.5399999994039,853.0480677743997
37928,34.196339202335174,948.5599999994039,853.0535574058546
37929,34.196339202335174,948.5799999994039,853.0590469191186
37930,34.196339202335174,948.5999999994038,853.0645363141901
37931,34.196339202335174,948.6199999994038,853.0700255910676
37932,34.196339202335174,948.6399999994038,853.0755147497493
37933,34.196339202335174,948.6599999994038,853.0810037902336
37934,34.196339202335174,948.6799999994038,853.0864927125187
37935,34.196339202335174,948.6999999994038,853.0919815166031
37936,34.196339202335174,948.7199999994037,853.0974702024852
37937,34.196339202335174,948.7399999994037,853.1029587701631
37938,34.196339202335174,948.7599999994037,853.1084472196353
37939,34.196339202335174,948.7799999994037,853.1139355509001
37940,34.196339202335174,948.7999999994037,853.1194237639559
37941,34.196339202335174,948.8199999994036,853.1249118588009
37942,34.196339202335174,948.8399999994036,853.1303998354336
37943,34.196339202335174,948.8599999994036,853.135887693859
37944,34.196339202335174,948.8799999994036,853.14137543421
37945,34.196339202335174,948.8999999994036,853.14686305656
37946,34.196339202335174,948.9199999994036,853.1523505609076
37947,34.196339202335174,948.9399999994035,853.157837947251
37948,34.196339202335174,948.9599999994035,853.1633252155884
37949,34.196339202335174,948.9799999994035,853.1688123659184
37950,34.196339202335174,948.9999999994035,853.1742993982392
37951,34.196339202335174,949.0199999994035,853.1797863125493
37952,34.196339202335174,949.0399999994034,853.1852731088468
37953,34.196339202335174,949.0599999994034,853.1907597871302
37954,34.196339202335174,949.0799999994034,853.1962463473978
37955,34.196339202335174,949.0999999994034,853.2017327896481
37956,34.196339202335174,949.1199999994034,853.2072191138792
37957,34.196339202335174,949.1399999994034,853.2127053200896
37958,34.196339202335174,949.1599999994033,853.2181914082777
37959,34.196339202335174,949.1799999994033,853.2236773784417
37960,34.196339202335174,949.1999999994033,853.2291632305801
37961,34.196339202335174,949.2199999994033,853.2346489646911
37962,34.196339202335174,949.2399999994033,853.2401345807732
37963,34.196339202335174,949.2599999994032,853.2456200788246
37964,34.196339202335174,949.2799999994032,853.2511054588437
37965,34.196339202335174,949.2999999994032,853.2565907208287
37966,34.196339202335174,949.3199999994032,853.2620758647782
37967,34.196339202335174,949.3399999994032,853.2675608906906
37968,34.149950144565736,949.3599999994032,853.273045798564
37969,34.149950144565736,949.3799999994031,853.2785305883968
37970,34.149950144565736,949.3999999994031,853.2840152601875
37971,34.149950144565736,949.4199999994031,853.2894998139343
37972,34.149950144565736,949.4399999994031,853.2949842496355
37973,34.149950144565736,949.4599999994031,853.3004685672896
37974,34.149950144565736,949.479999999403,853.3059527668948
37975,34.149950144565736,949.499999999403,853.3114368484496
37976,34.149950144565736,949.519999999403,853.3169208119523
37977,34.149950144565736,949.539999999403,853.3224046574012
37978,34.149950144565736,949.559999999403,853.3278883847946
37979,34.149950144565736,949.579999999403,853.333371994131
37980,34.149950144565736,949.5999999994029,853.3388554854087
37981,34.149950144565736,949.6199999994029,853.344338858626
37982,34.149950144565736,949.6399999994029,853.3498221137812
37983,34.149950144565736,949.6599999994029,853.3553052508728
37984,34.149950144565736,949.6799999994029,853.360788269899
37985,34.149950144565736,949.6999999994028,853.3662711708582
37986,34.149950144565736,949.7199999994028,853.3717539537488
37987,34.149950144565736,949.7399999994028,853.3772366185691
37988,34.149950144565736,949.7599999994028,853.3827191653174
37989,34.149950144565736,949.7799999994028,853.3882015939922
37990,34.149950144565736,949.7999999994028,853.3936839045917
37991,34.149950144565736,949.8199999994027,853.3991660971144
37992,34.149950144565736,949.8399999994027,853.4046481715585
37993,34.149950144565736,949.8599999994027,853.4101301279225
37994,34.149950144565736,949.8799999994027,853.4156119662125
37995,34.149950144565736,949.8999999994027,853.4210936865524
37996,34.149950144565736,949.9199999994026,853.4265752889944
37997,34.149950144565736,949.9399999994026,853.4320567735369
37998,34.149950144565736,949.9599999994026,853.4375381401784
37999,34.149950144565736,949.9799999994026,853.443019388917
38000,34.149950144565736,949.9999999994026,853.4485005197513
38001,34.149950144565736,950.0199999994026,853.4539815326794
38002,34.149950144565736,950.0399999994025,853.4594624276999
38003,34.149950144565736,950.0599999994025,853.464943204811
38004,34.149950144565736,950.0799999994025,853.4704238640111
38005,34.149950144565736,950.0999999994025,853.4759044052985
38006,34.149950144565736,950.1199999994025,853.4813848286716
38007,34.149950144565736,950.1399999994024,853.4868651341287
38008,34.149950144565736,950.1599999994024,853.4923453216683
38009,34.149950144565736,950.1799999994024,853.4978253912885
38010,34.149950144565736,950.1999999994024,853.5033053429879
38011,34.149950144565736,950.2199999994024,853.5087851767647
38012,34.149950144565736,950.2399999994024,853.5142648926173
38013,34.149950144565736,950.2599999994023,853.5197444905441
38014,34.149950144565736,950.2799999994023,853.5252239705434
38015,34.149950144565736,950.2999999994023,853.5307033326136
38016,34.149950144565736,950.3199999994023,853.5361825767529
38017,34.149950144565736,950.3399999994023,853.5416617029599
38018,34.149950144565736,950.3599999994022,853.5471407112328
38019,34.149950144565736,950.3799999994022,853.55261960157
38020,34.149950144565736,950.3999999994022,853.5580983739698
38021,34.149950144565736,950.4199999994022,853.5635770284306
38022,34.149950144565736,950.4399999994022,853.5690555649506
38023,34.149950144565736,950.4599999994022,853.5745339835285
38024,34.149950144565736,950.4799999994021,853.5800122841623
38025,34.149950144565736,950.4999999994021,853.5854904668505
38026,34.149950144565736,950.5199999994021,853.5909685315914
38027,34.149950144565736,950.5399999994021,853.5964464783835
38028,34.149950144565736,950.5599999994021,853.6019243072251
38029,34.149950144565736,950.579999999402,853.6074020181145
38030,34.149950144565736,950.599999999402,853.6128796110501
38031,34.149950144565736,950.619999999402,853.6183570860301
38032,34.149950144565736,950.639999999402,853.6238344430529
38033,34.149950144565736,950.659999999402,853.6293116821171
38034,34.149950144565736,950.679999999402,853.6347888032208
38035,34.149950144565736,950.6999999994019,853.6402658063624
38036,34.149950144565736,950.7199999994019,853.6457426915404
38037,34.149950144565736,950.7399999994019,853.651219458753
38038,34.149950144565736,950.7599999994019,853.6566961079985
38039,34.149950144565736,950.7799999994019,853.6621726392755
38040,34.149950144565736,950.7999999994018,853.6676490525821
38041,34.149950144565736,950.8199999994018,853.6731253479168
38042,34.149950144565736,950.8399999994018,853.6786015252778
38043,34.149950144565736,950.8599999994018,853.6840775846637
38044,34.149950144565736,950.8799999994018,853.6895535260726
38045,34.149950144565736,950.8999999994018,853.6950293495139
38046,34.149950144565736,950.9199999994017,853.7005050551301
38047,34.149950144565736,950.9399999994017,853.7059806429655
38048,34.149950144565736,950.9599999994017,853.7114561130186
38049,34.149950144565736,950.9799999994017,853.7169314652876
38050,34.149950144565736,950.9999999994017,853.7224066997711
38051,34.149950144565736,951.0199999994016,853.7278818164673
38052,34.149950144565736,951.0399999994016,853.7333568153746
38053,34.149950144565736,951.0599999994016,853.7388316964913
38054,34.149950144565736,951.0799999994016,853.7443064598158
38055,34.149950144565736,951.0999999994016,853.7497811053464
38056,34.149950144565736,951.1199999994016,853.7552556330816
38057,34.149950144565736,951.1399999994015,853.7607300430196
38058,34.149950144565736,951.1599999994015,853.7662043351589
38059,34.149950144565736,951.1799999994015,853.7716785094977
38060,34.149950144565736,951.1999999994015,853.7771525660346
38061,34.149950144565736,951.2199999994015,853.7826265047677
38062,34.149950144565736,951.2399999994014,853.7881003256955
38063,34.149950144565736,951.2599999994014,853.7935740288164
38064,34.149950144565736,951.2799999994014,853.7990476141285
38065,34.149950144565736,951.2999999994014,853.8045210816305
38066,34.149950144565736,951.3199999994014,853.8099944313205
38067,34.149950144565736,951.3399999994014,853.8154676631971
38068,34.149950144565736,951.3599999994013,853.8209407772583
38069,34.149950144565736,951.3799999994013,853.8264137735028
38070,34.149950144565736,951.3999999994013,853.8318866519288
38071,34.149950144565736,951.4199999994013,853.8373594125347
38072,34.149950144565736,951.4399999994013,853.8428320553189
38073,34.149950144565736,951.4599999994012,853.8483045802797
38074,34.149950144565736,951.4799999994012,853.8537769874154
38075,34.149950144565736,951.4999999994012,853.8592492767244
38076,34.149950144565736,951.5199999994012,853.8647214482052
38077,34.149950144565736,951.5399999994012,853.870193501856
38078,34.149950144565736,951.5599999994012,853.8756654376751
38079,34.149950144565736,951.5799999994011,853.8811372556611
38080,34.149950144565736,951.5999999994011,853.8866089558122
38081,34.149950144565736,951.6199999994011,853.8920805381268
38082,34.149950144565736,951.6399999994011,853.8975520026032
38083,34.149950144565736,951.6599999994011,853.9030233492399
38084,34.149950144565736,951.679999999401,853.9084945780351
38085,34.149950144565736,951.699999999401,853.9139656889872
38086,34.149950144565736,951.719999999401,853.9194366820946
38087,34.149950144565736,951.739999999401,853.9249075573556
38088,34.149950144565736,951.759999999401,853.9303783147686
38089,34.149950144565736,951.779999999401,853.9358489543321
38090,34.149950144565736,951.7999999994009,853.9413194760442
38091,34.149950144565736,951.8199999994009,853.9467898799033
38092,34.149950144565736,951.8399999994009,853.952260165908
38093,34.149950144565736,951.8599999994009,853.9577303340565
38094,34.149950144565736,951.8799999994009,853.963200384347
38095,34.149950144565736,951.8999999994008,853.9686703167781
38096,34.149950144565736,951.9199999994008,853.9741401313614
38097,34.149950144565736,951.9399999994008,853.9796098282493
38098,34.149950144565736,951.9599999994008,853.9850794074745
38099,34.149950144565736,951.9799999994008,853.9905488690353
38100,34.149950144565736,951.9999999994008,853.99601821293
38101,34.149950144565736,952.0199999994007,854.0014874391572
38102,34.149950144565736,952.0399999994007,854.0069565477152
38103,34.149950144565736,952.0599999994007,854.0124255386022
38104,34.149950144565736,952.0799999994007,854.0178944118168
38105,34.149950144565736,952.0999999994007,854.0233631673572
38106,34.149950144565736,952.1199999994006,854.0288318052217
38107,34.149950144565736,952.1399999994006,854.0343003254088
38108,34.149950144565736,952.1599999994006,854.0397687279169
38109,34.149950144565736,952.1799999994006,854.0452370127442
38110,34.149950144565736,952.1999999994006,854.0507051798892
38111,34.149950144565736,952.2199999994006,854.0561732293502
38112,34.149950144565736,952.2399999994005,854.0616411611255
38113,34.149950144565736,952.2599999994005,854.0671089752136
38114,34.149950144565736,952.2799999994005,854.0725766716129
38115,34.149950144565736,952.2999999994005,854.0780442503216
38116,34.149950144565736,952.3199999994005,854.0835117113381
38117,34.149950144565736,952.3399999994004,854.0889790546609
38118,34.149950144565736,952.3599999994004,854.0944462802881
38119,34.149950144565736,952.3799999994004,854.0999133882184
38120,34.149950144565736,952.3999999994004,854.1053803784499
38121,34.149950144565736,952.4199999994004,854.1108472509811
38122,34.149950144565736,952.4399999994004,854.1163140058104
38123,34.149950144565736,952.4599999994003,854.1217806429361
38124,34.149950144565736,952.4799999994003,854.1272471623564
38125,34.149950144565736,952.4999999994003,854.13271356407
38126,34.149950144565736,952.5199999994003,854.138179848075
38127,34.149950144565736,952.5399999994003,854.1436460143698
38128,34.149950144565736,952.5599999994002,854.1491120629528
38129,34.149950144565736,952.5799999994002,854.1545779938224
38130,34.149950144565736,952.5999999994002,854.160043806977
38131,34.149950144565736,952.6199999994002,854.1655095024149
38132,34.149950144565736,952.6399999994002,854.1709750801344
38133,34.149950144565736,952.6599999994002,854.176440540134
38134,34.149950144565736,952.6799999994001,854.1819058824119
38135,34.149950144565736,952.6999999994001,854.1873711069667
38136,34.149950144565736,952.7199999994001,854.1928362137966
38137,34.149950144565736,952.7399999994001,854.1983012029
38138,34.149950144565736,952.7599999994001,854.2037660742752
38139,34.149950144565736,952.7799999994,854.2092308279207
38140,34.149950144565736,952.7999999994,854.2146954638348
38141,34.149950144565736,952.8199999994,854.2201599820158
38142,34.149950144565736,952.8399999994,854.2256243824622
38143,34.149950144565736,952.8599999994,854.2310886651723
38144,34.149950144565736,952.8799999994,854.2365528301443
38145,34.149950144565736,952.8999999993999,854.2420168773768
38146,34.149950144565736,952.9199999993999,854.2474808068681
38147,34.149950144565736,952.9399999993999,854.2529446186329
38148,34.149950144565736,952.9599999993999,854.2584083128406
38149,34.149950144565736,952.9799999993999,854.263871889513
38150,34.149950144565736,952.9999999993998,854.2693353486483
38151,34.149950144565736,953.0199999993998,854.2747986902449
38152,34.149950144565736,953.0399999993998,854.2802619143013
38153,34.149950144565736,953.0599999993998,854.2857250208158
38154,34.149950144565736,953.0799999993998,854.2911880097867
38155,34.149950144565736,953.0999999993998,854.2966508812124
38156,34.149950144565736,953.1199999993997,854.3021136350912
38157,34.149950144565736,953.1399999993997,854.3075762714217
38158,34.149950144565736,953.1599999993997,854.313038790202
38159,34.149950144565736,953.1799999993997,854.3185011914305
38160,34.149950144565736,953.1999999993997,854.3239634751058
38161,34.149950144565736,953.2199999993996,854.329425641226
38162,34.149950144565736,953.2399999993996,854.3348876897894
38163,34.149950144565736,953.2599999993996,854.3403496207947
38164,34.149950144565736,953.2799999993996,854.34581143424
38165,34.149950144565736,953.2999999993996,854.3512731301237
38166,34.149950144565736,953.3199999993996,854.3567347084442
38167,34.149950144565736,953.3399999993995,854.3621961691998
38168,34.149950144565736,953.3599999993995,854.367657512389
38169,34.149950144565736,953.3799999993995,854.37311873801
38170,34.149950144565736,953.3999999993995,854.3785798460614
38171,34.149950144565736,953.4199999993995,854.3840408365413
38172,34.149950144565736,953.4399999993994,854.3895017094483
38173,34.149950144565736,953.4599999993994,854.3949624647805
38174,34.149950144565736,953.4799999993994,854.4004231025365
38175,34.149950144565736,953.4999999993994,854.4058836227144
38176,34.149950144565736,953.5199999993994,854.4113440253128
38177,34.149950144565736,953.5399999993994,854.41680431033
38178,34.149950144565736,953.5599999993993,854.4222644777644
38179,34.149950144565736,953.5799999993993,854.4277245276143
38180,34.149950144565736,953.5999999993993,854.433184459878
38181,34.149950144565736,953.6199999993993,854.438644274554
38182,34.149950144565736,953.6399999993993,854.4441039716406
38183,34.149950144565736,953.6599999993992,854.4495635511362
38184,34.149950144565736,953.6799999993992,854.4550230130391
38185,34.149950144565736,953.6999999993992,854.4604823573477
38186,34.149950144565736,953.7199999993992,854.4659415840604
38187,34.149950144565736,953.7399999993992,854.4714006931755
38188,34.149950144565736,953.7599999993992,854.4768596846914
38189,34.149950144565736,953.7799999993991,854.4823185586064
38190,34.149950144565736,953.7999999993991,854.487777314919
38191,34.149950144565736,953.8199999993991,854.4932359536274
38192,34.149950144565736,953.8399999993991,854.4986944747301
38193,34.149950144565736,953.8599999993991,854.5041528782253
38194,34.103665873851895,953.879999999399,854.5096111641116
38195,34.103665873851895,953.899999999399,854.5150693323872
38196,34.103665873851895,953.919999999399,854.5205273830504
38197,34.103665873851895,953.939999999399,854.5259853160998
38198,34.103665873851895,953.959999999399,854.5314431315562
38199,34.103665873851895,953.979999999399,854.536900829578
38200,34.103665873851895,953.9999999993989,854.5423584101788
38201,34.103665873851895,954.0199999993989,854.5478158733571
38202,34.103665873851895,954.0399999993989,854.5532732191111
38203,34.103665873851895,954.0599999993989,854.5587304474394
38204,34.103665873851895,954.0799999993989,854.5641875583402
38205,34.103665873851895,954.0999999993988,854.569644551812
38206,34.103665873851895,954.1199999993988,854.575101427853
38207,34.103665873851895,954.1399999993988,854.5805581864619
38208,34.103665873851895,954.1599999993988,854.5860148276367
38209,34.103665873851895,954.1799999993988,854.5914713513761
38210,34.103665873851895,954.1999999993988,854.5969277576783
38211,34.103665873851895,954.2199999993987,854.6023840465417
38212,34.103665873851895,954.2399999993987,854.6078402179647
38213,34.103665873851895,954.2599999993987,854.6132962719457
38214,34.103665873851895,954.2799999993987,854.6187522084831
38215,34.103665873851895,954.2999999993987,854.6242080275753
38216,34.103665873851895,954.3199999993986,854.6296637292205
38217,34.103665873851895,954.3399999993986,854.6351193134172
38218,34.103665873851895,954.3599999993986,854.6405747801639
38219,34.103665873851895,954.3799999993986,854.6460301294588
38220,34.103665873851895,954.3999999993986,854.6514853613004
38221,34.103665873851895,954.4199999993986,854.6569404756871
38222,34.103665873851895,954.4399999993985,854.6623954726172
38223,34.103665873851895,954.4599999993985,854.667850352089
38224,34.103665873851895,954.4799999993985,854.673305114101
38225,34.103665873851895,954.4999999993985,854.6787597586516
38226,34.103665873851895,954.5199999993985,854.6842142857391
38227,34.103665873851895,954.5399999993984,854.689668695362
38228,34.103665873851895,954.5599999993984,854.6951229875185
38229,34.103665873851895,954.5799999993984,854.7005771622072
38230,34.103665873851895,954.5999999993984,854.7060312194263
38231,34.103665873851895,954.6199999993984,854.7114851591743
38232,34.103665873851895,954.6399999993984,854.7169389814495
38233,34.103665873851895,954.6599999993983,854.7223926862504
38234,34.103665873851895,954.6799999993983,854.7278462735752
38235,34.103665873851895,954.6999999993983,854.7332997434224
38236,34.103665873851895,954.7199999993983,854.7387530957903
38237,34.103665873851895,954.7399999993983,854.7442063306775
38238,34.103665873851895,954.7599999993982,854.7496594480821
38239,34.103665873851895,954.7799999993982,854.7551124480026
38240,34.103665873851895,954.7999999993982,854.7605653304374
38241,34.103665873851895,954.8199999993982,854.7660180953849
38242,34.103665873851895,954.8399999993982,854.7714707428433
38243,34.103665873851895,954.8599999993982,854.7769232728112
38244,34.103665873851895,954.8799999993981,854.782375685287
38245,34.103665873851895,954.8999999993981,854.787827980269
38246,34.103665873851895,954.9199999993981,854.7932801577555
38247,34.103665873851895,954.9399999993981,854.7987322177449
38248,34.103665873851895,954.9599999993981,854.8041841602358
38249,34.103665873851895,954.979999999398,854.8096359852601
38250,34.103665873851895,954.999999999398,854.8150876929644
38251,34.103665873851895,955.019999999398,854.8205392833597
38252,34.103665873851895,955.039999999398,854.8259907564444
38253,34.103665873851895,955.059999999398,854.8314421122169
38254,34.103665873851895,955.079999999398,854.8368933506755
38255,34.103665873851895,955.0999999993979,854.8423444718186
38256,34.103665873851895,955.1199999993979,854.8477954756446
38257,34.103665873851895,955.1399999993979,854.8532463621519
38258,34.103665873851895,955.1599999993979,854.858697131339
38259,34.103665873851895,955.1799999993979,854.8641477832041
38260,34.103665873851895,955.1999999993978,854.8695983177456
38261,34.103665873851895,955.2199999993978,854.875048734962
38262,34.103665873851895,955.2399999993978,854.8804990348515
38263,34.103665873851895,955.2599999993978,854.8859492174125
38264,34.103665873851895,955.2799999993978,854.8913992826435
38265,34.103665873851895,955.2999999993978,854.8968492305429
38266,34.103665873851895,955.3199999993977,854.902299061109
38267,34.103665873851895,955.3399999993977,854.9077487743402
38268,34.103665873851895,955.3599999993977,854.9131983702349
38269,34.103665873851895,955.3799999993977,854.9186478487915
38270,34.103665873851895,955.3999999993977,854.9240972100082
38271,34.103665873851895,955.4199999993976,854.9295464538835
38272,34.103665873851895,955.4399999993976,854.9349955804158
38273,34.103665873851895,955.4599999993976,854.9404445896035
38274,34.103665873851895,955.4799999993976,854.9458934814451
38275,34.103665873851895,955.4999999993976,854.9513422559387
38276,34.103665873851895,955.5199999993976,854.9567909130828
38277,34.103665873851895,955.5399999993975,854.9622394528759
38278,34.103665873851895,955.5599999993975,854.9676878753162
38279,34.103665873851895,955.5799999993975,854.9731361804022
38280,34.103665873851895,955.5999999993975,854.9785843681323
38281,34.103665873851895,955.6199999993975,854.9840324385048
38282,34.103665873851895,955.6399999993974,854.989480391518
38283,34.103665873851895,955.6599999993974,854.9949282271704
38284,34.103665873851895,955.6799999993974,855.0003759454603
38285,34.103665873851895,955.6999999993974,855.0058235463862
38286,34.103665873851895,955.7199999993974,855.0112710299464
38287,34.103665873851895,955.7399999993974,855.0167183961394
38288,34.103665873851895,955.7599999993973,855.0221656449634
38289,34.103665873851895,955.7799999993973,855.0276127764168
38290,34.103665873851895,955.7999999993973,855.0330597904982
38291,34.103665873851895,955.8199999993973,855.0385066872058
38292,34.103665873851895,955.8399999993973,855.0439534665379
38293,34.103665873851895,955.8599999993972,855.0494001284931
38294,34.103665873851895,955.8799999993972,855.0548466730696
38295,34.103665873851895,955.8999999993972,855.0602931002659
38296,34.103665873851895,955.9199999993972,855.0657394100803
38297,34.103665873851895,955.9399999993972,855.0711856025112
38298,34.103665873851895,955.9599999993972,855.076631677557
38299,34.103665873851895,955.9799999993971,855.082077635216
38300,34.103665873851895,955.9999999993971,855.0875234755332
38301,34.103665873851895,956.0199999993971,855.0929691986493
38302,34.103665873851895,956.0399999993971,855.0984148045734
38303,34.103665873851895,956.0599999993971,855.1038602933039
38304,34.103665873851895,956.079999999397,855.1093056648392
38305,34.103665873851895,956.099999999397,855.1147509191776
38306,34.103665873851895,956.119999999397,855.1201960563176
38307,34.103665873851895,956.139999999397,855.1256410762575
38308,34.103665873851895,956.159999999397,855.1310859789957
38309,34.103665873851895,956.179999999397,855.1365307645306
38310,34.103665873851895,956.1999999993969,855.1419754328606
38311,34.103665873851895,956.2199999993969,855.1474199839842
38312,34.103665873851895,956.2399999993969,855.1528644178995
38313,34.103665873851895,956.2599999993969,855.1583087346052
38314,34.103665873851895,956.2799999993969,855.1637529340994
38315,34.103665873851895,956.2999999993968,855.1691970163807
38316,34.103665873851895,956.3199999993968,855.1746409814474
38317,34.103665873851895,956.3399999993968,855.1800848292979
38318,34.103665873851895,956.3599999993968,855.1855285599306
38319,34.103665873851895,956.3799999993968,855.1909721733439
38320,34.103665873851895,956.3999999993968,855.1964156695361
38321,34.103665873851895,956.4199999993967,855.2018590485058
38322,34.103665873851895,956.4399999993967,855.2073023102511
38323,34.103665873851895,956.4599999993967,855.2127454547705
38324,34.103665873851895,956.4799999993967,855.2181884820624
38325,34.103665873851895,956.4999999993967,855.2236313921252
38326,34.103665873851895,956.5199999993966,855.2290741849573
38327,34.103665873851895,956.5399999993966,855.234516860557
38328,34.103665873851895,956.5599999993966,855.2399594189229
38329,34.103665873851895,956.5799999993966,855.2454018600532
38330,34.103665873851895,956.5999999993966,855.2508441839464
38331,34.103665873851895,956.6199999993966,855.2562863906007
38332,34.103665873851895,956.6399999993965,855.2617284800147
38333,34.103665873851895,956.6599999993965,855.2671704521866
38334,34.103665873851895,956.6799999993965,855.272612307115
38335,34.103665873851895,956.6999999993965,855.2780540447981
38336,34.103665873851895,956.7199999993965,855.2834956652343
38337,34.103665873851895,956.7399999993964,855.2889371684221
38338,34.103665873851895,956.7599999993964,855.2943785543598
38339,34.103665873851895,956.7799999993964,855.2998198230458
38340,34.103665873851895,956.7999999993964,855.3052609744785
38341,34.103665873851895,956.8199999993964,855.3107020086563
38342,34.103665873851895,956.8399999993964,855.3161429255777
38343,34.103665873851895,956.8599999993963,855.3215837252408
38344,34.103665873851895,956.8799999993963,855.3270244076442
38345,34.103665873851895,956.8999999993963,855.3324649727863
38346,34.103665873851895,956.9199999993963,855.3379054206654
38347,34.103665873851895,956.9399999993963,855.3433457512799
38348,34.103665873851895,956.9599999993962,855.3487859646282
38349,34.103665873851895,956.9799999993962,855.3542260607087
38350,34.103665873851895,956.9999999993962,855.3596660395198
38351,34.103665873851895,957.0199999993962,855.3651059011181
38352,34.103665873851895,957.0399999993962,855.3705456456354
38353,34.103665873851895,957.0599999993962,855.3759852730784
38354,34.103665873851895,957.0799999993961,855.3814247834455
38355,34.103665873851895,957.0999999993961,855.386864176735
38356,34.103665873851895,957.1199999993961,855.3923034529455
38357,34.103665873851895,957.1399999993961,855.3977426120751
38358,34.103665873851895,957.1599999993961,855.4031816541225
38359,34.103665873851895,957.179999999396,855.4086205790859
38360,34.103665873851895,957.199999999396,855.4140593869638
38361,34.103665873851895,957.219999999396,855.4194980777545
38362,34.103665873851895,957.239999999396,855.4249366514564
38363,34.103665873851895,957.259999999396,855.430375108068
38364,34.103665873851895,957.279999999396,855.4358134475876
38365,34.103665873851895,957.2999999993959,855.4412516700137
38366,34.103665873851895,957.3199999993959,855.4466897753446
38367,34.103665873851895,957.3399999993959,855.4521277635786
38368,34.103665873851895,957.3599999993959,855.4575656347142
38369,34.103665873851895,957.3799999993959,855.4630033887498
38370,34.103665873851895,957.3999999993958,855.4684410256839
38371,34.103665873851895,957.4199999993958,855.4738785455147
38372,34.103665873851895,957.4399999993958,855.4793159482407
38373,34.103665873851895,957.4599999993958,855.4847532338603
38374,34.103665873851895,957.4799999993958,855.4901904023718
38375,34.103665873851895,957.4999999993958,855.4956274537736
38376,34.103665873851895,957.5199999993957,855.5010643880643
38377,34.103665873851895,957.5399999993957,855.506501205242
38378,34.103665873851895,957.5599999993957,855.5119379053053
38379,34.103665873851895,957.5799999993957,855.5173744882526
38380,34.103665873851895,957.5999999993957,855.5228109540822
38381,34.103665873851895,957.6199999993956,855.5282473027925
38382,34.103665873851895,957.6399999993956,855.5336835343819
38383,34.103665873851895,957.6599999993956,855.5391196488488
38384,34.103665873851895,957.6799999993956,855.5445556461916
38385,34.103665873851895,957.6999999993956,855.5499915264087
38386,34.103665873851895,957.7199999993956,855.5554272894985
38387,34.103665873851895,957.7399999993955,855.5608629354595
38388,34.103665873851895,957.7599999993955,855.5662984642898
38389,34.103665873851895,957.7799999993955,855.5717338759881
38390,34.103665873851895,957.7999999993955,855.5771691705527
38391,34.103665873851895,957.8199999993955,855.5826043479819
38392,34.103665873851895,957.8399999993954,855.5880394082742
38393,34.103665873851895,957.8599999993954,855.593474351428
38394,34.103665873851895,957.8799999993954,855.5989091774416
38395,34.103665873851895,957.8999999993954,855.6043438863135
38396,34.103665873851895,957.9199999993954,855.609778478042
38397,34.103665873851895,957.9399999993954,855.6152129526256
38398,34.103665873851895,957.9599999993953,855.6206473100626
38399,34.103665873851895,957.9799999993953,855.6260815503514
38400,34.103665873851895,957.9999999993953,855.6315156734904
38401,34.103665873851895,958.0199999993953,855.6369496794781
38402,34.103665873851895,958.0399999993953,855.6423835683872
38403,34.103665873851895,958.0599999993952,855.6478173403477
38404,34.103665873851895,958.0799999993952,855.6532509953643
38405,34.103665873851895,958.0999999993952,855.6586845334353
38406,34.103665873851895,958.1199999993952,855.6641179545594
38407,34.103665873851895,958.1399999993952,855.6695512587348
38408,34.103665873851895,958.1599999993952,855.6749844459599
38409,34.103665873851895,958.1799999993951,855.6804175162332
38410,34.103665873851895,958.1999999993951,855.685850469553
38411,34.103665873851895,958.2199999993951,855.6912833059178
38412,34.103665873851895,958.2399999993951,855.6967160253258
38413,34.103665873851895,958.2599999993951,855.7021486277757
38414,34.103665873851895,958.279999999395,855.7075811132657
38415,34.103665873851895,958.299999999395,855.7130134817944
38416,34.103665873851895,958.319999999395,855.71844573336
38417,34.103665873851895,958.339999999395,855.7238778679609
38418,34.103665873851895,958.359999999395,855.7293098855956
38419,34.103665873851895,958.379999999395,855.7347417862626
38420,34.103665873851895,958.3999999993949,855.7401735699601
38421,34.103665873851895,958.4199999993949,855.7456052366866
38422,34.0574860591117,958.4399999993949,855.7510367864405
38423,34.0574860591117,958.4599999993949,855.7564682192202
38424,34.0574860591117,958.4799999993949,855.7618995350241
38425,34.0574860591117,958.4999999993948,855.7673307338506
38426,34.0574860591117,958.5199999993948,855.7727618156981
38427,34.0574860591117,958.5399999993948,855.7781927805651
38428,34.0574860591117,958.5599999993948,855.7836236284497
38429,34.0574860591117,958.5799999993948,855.7890543593506
38430,34.0574860591117,958.5999999993948,855.7944849732662
38431,34.0574860591117,958.6199999993947,855.7999154701948
38432,34.0574860591117,958.6399999993947,855.8053458501348
38433,34.0574860591117,958.6599999993947,855.8107761130847
38434,34.0574860591117,958.6799999993947,855.8162062590428
38435,34.0574860591117,958.6999999993947,855.8216362880075
38436,34.0574860591117,958.7199999993946,855.8270661999774
38437,34.0574860591117,958.7399999993946,855.8324959949506
38438,34.0574860591117,958.7599999993946,855.8379256729257
38439,34.0574860591117,958.7799999993946,855.8433552339011
38440,34.0574860591117,958.7999999993946,855.8487846778752
38441,34.0574860591117,958.8199999993946,855.8542140048463
38442,34.0574860591117,958.8399999993945,855.8596432148129
38443,34.0574860591117,958.8599999993945,855.8650723077734
38444,34.0574860591117,958.8799999993945,855.8705012837262
38445,34.0574860591117,958.8999999993945,855.8759301426696
38446,34.0574860591117,958.9199999993945,855.8813588846022
38447,34.0574860591117,958.9399999993944,855.8867875095222
38448,34.0574860591117,958.9599999993944,855.8922160174282
38449,34.0574860591117,958.9799999993944,855.8976444083185
38450,34.0574860591117,958.9999999993944,855.9030726821915
38451,34.0574860591117,959.0199999993944,855.9085008390456
38452,34.0574860591117,959.0399999993944,855.9139288788792
38453,34.0574860591117,959.0599999993943,855.9193568017663
38454,34.0574860591117,959.0799999993943,855.9247846078109
38455,34.0574860591117,959.0999999993943,855.9302122970149
38456,34.0574860591117,959.1199999993943,855.9356398693766
38457,34.0574860591117,959.1399999993943,855.9410673248944
38458,34.0574860591117,959.1599999993942,855.9464946635668
38459,34.0574860591117,959.1799999993942,855.9519218853922
38460,34.0574860591117,959.1999999993942,855.9573489903688
38461,34.0574860591117,959.2199999993942,855.9627759784953
38462,34.0574860591117,959.2399999993942,855.96820284977
38463,34.0574860591117,959.2599999993942,855.9736296041913
38464,34.0574860591117,959.2799999993941,855.9790562417576
38465,34.0574860591117,959.2999999993941,855.9844827624673
38466,34.0574860591117,959.3199999993941,855.989909166319
38467,34.0574860591117,959.3399999993941,855.9953354533109
38468,34.0574860591117,959.3599999993941,856.0007616234413
38469,34.0574860591117,959.379999999394,856.0061876767089
38470,34.0574860591117,959.399999999394,856.011613613112
38471,34.0574860591117,959.419999999394,856.017039432649
38472,34.0574860591117,959.439999999394,856.0224651353183
38473,34.0574860591117,959.459999999394,856.0278907211184
38474,34.0574860591117,959.479999999394,856.0333161900477
38475,34.0574860591117,959.4999999993939,856.0387415421045
38476,34.0574860591117,959.5199999993939,856.0441667772873
38477,34.0574860591117,959.5399999993939,856.0495918955944
38478,34.0574860591117,959.5599999993939,856.0550168970244
38479,34.0574860591117,959.5799999993939,856.0604417815756
38480,34.0574860591117,959.5999999993938,856.0658665492465
38481,34.0574860591117,959.6199999993938,856.0712912000354
38482,34.0574860591117,959.6399999993938,856.0767157339408
38483,34.0574860591117,959.6599999993938,856.082140150961
38484,34.0574860591117,959.6799999993938,856.0875644510945
38485,34.0574860591117,959.6999999993938,856.0929886343397
38486,34.0574860591117,959.7199999993937,856.098412700695
38487,34.0574860591117,959.7399999993937,856.1038366501589
38488,34.0574860591117,959.7599999993937,856.1092604827296
38489,34.0574860591117,959.7799999993937,856.1146841984057
38490,34.0574860591117,959.7999999993937,856.1201077971856
38491,34.0574860591117,959.8199999993936,856.1255312790677
38492,34.0574860591117,959.8399999993936,856.1309546440503
38493,34.0574860591117,959.8599999993936,856.136377892132
38494,34.0574860591117,959.8799999993936,856.1418010233111
38495,34.0574860591117,959.8999999993936,856.147224037586
38496,34.0574860591117,959.9199999993936,856.1526469349552
38497,34.0574860591117,959.9399999993935,856.158069715417
38498,34.0574860591117,959.9599999993935,856.16349237897
38499,34.0574860591117,959.9799999993935,856.1689149256124
38500,34.0574860591117,959.9999999993935,856.1743373553427
38501,34.0574860591117,960.0199999993935,856.1797596681594
38502,34.0574860591117,960.0399999993934,856.1851818640607
38503,34.0574860591117,960.0599999993934,856.1906039430453
38504,34.0574860591117,960.0799999993934,856.1960259052039
38505,34.0574860591117,960.0999999993934,856.2014477506386
38506,34.0574860591117,960.1199999993934,856.2068694793493
38507,34.0574860591117,960.1399999993934,856.2122910913341
38508,34.0574860591117,960.1599999993933,856.2177125865917
38509,34.0574860591117,960.1799999993933,856.2231339651203
38510,34.0574860591117,960.1999999993933,856.2285552269184
38511,34.0574860591117,960.2199999993933,856.2339763719845
38512,34.0574860591117,960.2399999993933,856.2393974003169
38513,34.0574860591117,960.2599999993932,856.2448183119141
38514,34.0574860591117,960.2799999993932,856.2502391067745
38515,34.0574860591117,960.2999999993932,856.2556597848966
38516,34.0574860591117,960.3199999993932,856.2610803462786
38517,34.0574860591117,960.3399999993932,856.2665007909192
38518,34.0574860591117,960.3599999993932,856.2719211188166
38519,34.0574860591117,960.3799999993931,856.2773413299693
38520,34.0574860591117,960.3999999993931,856.2827614243757
38521,34.0574860591117,960.4199999993931,856.2881814020343
38522,34.0574860591117,960.4399999993931,856.2936012629434
38523,34.0574860591117,960.4599999993931,856.2990210071015
38524,34.0574860591117,960.479999999393,856.304440634507
38525,34.0574860591117,960.499999999393,856.3098601451584
38526,34.0574860591117,960.519999999393,856.315279539054
38527,34.0574860591117,960.539999999393,856.3206988161922
38528,34.0574860591117,960.559999999393,856.3261179765716
38529,34.0574860591117,960.579999999393,856.3315370201905
38530,34.0574860591117,960.5999999993929,856.3369559470473
38531,34.0574860591117,960.6199999993929,856.3423747571404
38532,34.0574860591117,960.6399999993929,856.3477934504683
38533,34.0574860591117,960.6599999993929,856.3532120270294
38534,34.0574860591117,960.6799999993929,856.3586304868221
38535,34.0574860591117,960.6999999993928,856.3640488298448
38536,34.0574860591117,960.7199999993928,856.369467056096
38537,34.0574860591117,960.7399999993928,856.3748851655741
38538,34.0574860591117,960.7599999993928,856.3803031582775
38539,34.0574860591117,960.7799999993928,856.3857210342045
38540,34.0574860591117,960.7999999993928,856.3911387933537
38541,34.0574860591117,960.8199999993927,856.3965564357234
38542,34.0574860591117,960.8399999993927,856.4019739613121
38543,34.0574860591117,960.8599999993927,856.4073913701183
38544,34.0574860591117,960.8799999993927,856.4128086621403
38545,34.0574860591117,960.8999999993927,856.4182258373764
38546,34.0574860591117,960.9199999993926,856.4236428958253
38547,34.0574860591117,960.9399999993926,856.4290598374853
38548,34.0574860591117,960.9599999993926,856.4344766623548
38549,34.0574860591117,960.9799999993926,856.4398933704322
38550,34.0574860591117,960.9999999993926,856.4453099617159
38551,34.0574860591117,961.0199999993926,856.4507264362044
38552,34.0574860591117,961.0399999993925,856.4561427938961
38553,34.0574860591117,961.0599999993925,856.4615590347894
38554,34.0574860591117,961.0799999993925,856.4669751588838
38555,34.0574860591117,961.0999999993925,856.472391166281
38556,34.0574860591117,961.1199999993925,856.477807057073
38557,34.0574860591117,961.1399999993924,856.4832228312582
38558,34.0574860591117,961.1599999993924,856.488638488835
38559,34.0574860591117,961.1799999993924,856.4940540298019
38560,34.0574860591117,961.1999999993924,856.4994694541573
38561,34.0574860591117,961.2199999993924,856.5048847618996
38562,34.0574860591117,961.2399999993924,856.5102999530272
38563,34.0574860591117,961.2599999993923,856.5157150275386
38564,34.0574860591117,961.2799999993923,856.5211299854321
38565,34.0574860591117,961.2999999993923,856.5265448267063
38566,34.0574860591117,961.3199999993923,856.5319595513595
38567,34.0574860591117,961.3399999993923,856.5373741593902
38568,34.0574860591117,961.3599999993922,856.5427886507968
38569,34.0574860591117,961.3799999993922,856.5482030255777
38570,34.0574860591117,961.3999999993922,856.5536172837313
38571,34.0574860591117,961.4199999993922,856.5590314252562
38572,34.0574860591117,961.4399999993922,856.5644454501506
38573,34.0574860591117,961.4599999993922,856.5698593584132
38574,34.0574860591117,961.4799999993921,856.5752731500421
38575,34.0574860591117,961.4999999993921,856.580686825036
38576,34.0574860591117,961.5199999993921,856.5861003833932
38577,34.0574860591117,961.5399999993921,856.5915138251121
38578,34.0574860591117,961.5599999993921,856.5969271501912
38579,34.0574860591117,961.579999999392,856.6023403586289
38580,34.0574860591117,961.599999999392,856.6077534504236
38581,34.0574860591117,961.619999999392,856.6131664255738
38582,34.0574860591117,961.639999999392,856.6185792840779
38583,34.0574860591117,961.659999999392,856.6239920259343
38584,34.0574860591117,961.679999999392,856.6294046511414
38585,34.0574860591117,961.6999999993919,856.6348171596977
38586,34.0574860591117,961.7199999993919,856.6402295516016
38587,34.0574860591117,961.7399999993919,856.6456418268515
38588,34.0574860591117,961.7599999993919,856.6510539854459
38589,34.0574860591117,961.7799999993919,856.6564660273831
38590,34.0574860591117,961.7999999993918,856.6618779526616
38591,34.0574860591117,961.8199999993918,856.6672897612799
38592,34.0574860591117,961.8399999993918,856.6727014532364
38593,34.0574860591117,961.8599999993918,856.6781130285294
38594,34.0574860591117,961.8799999993918,856.6835244871575
38595,34.0574860591117,961.8999999993918,856.688935829119
38596,34.0574860591117,961.9199999993917,856.6943470544124
38597,34.0574860591117,961.9399999993917,856.6997581630361
38598,34.0574860591117,961.9599999993917,856.7051691549885
38599,34.0574860591117,961.9799999993917,856.7105800302681
38600,34.0574860591117,961.9999999993917,856.7159907888733
38601,34.0574860591117,962.0199999993916,856.7214014308025
38602,34.0574860591117,962.0399999993916,856.7268119560542
38603,34.0574860591117,962.0599999993916,856.7322223646268
38604,34.0574860591117,962.0799999993916,856.7376326565186
38605,34.0574860591117,962.0999999993916,856.7430428317317
38606,34.0574860591117,962.1199999993916,856.7484528903831
38607,34.0574860591117,962.1399999993915,856.7538628325572
38608,34.0574860591117,962.1599999993915,856.7592726582523
38609,34.0574860591117,962.1799999993915,856.764682367467
38610,34.0574860591117,962.1999999993915,856.7700919601997
38611,34.0574860591117,962.2199999993915,856.7755014364487
38612,34.0574860591117,962.2399999993914,856.7809107962127
38613,34.0574860591117,962.2599999993914,856.7863200394899
38614,34.0574860591117,962.2799999993914,856.7917291662787
38615,34.0574860591117,962.2999999993914,856.7971381765777
38616,34.0574860591117,962.3199999993914,856.8025470703852
38617,34.0574860591117,962.3399999993914,856.8079558476998
38618,34.0574860591117,962.3599999993913,856.8133645085197
38619,34.0574860591117,962.3799999993913,856.8187730528435
38620,34.0574860591117,962.3999999993913,856.8241814806696
38621,34.0574860591117,962.4199999993913,856.8295897919963
38622,34.0574860591117,962.4399999993913,856.8349979868223
38623,34.0574860591117,962.4599999993912,856.8404060651458
38624,34.0574860591117,962.4799999993912,856.8458140269653
38625,34.0574860591117,962.4999999993912,856.8512218722792
38626,34.0574860591117,962.5199999993912,856.856629601086
38627,34.0574860591117,962.5399999993912,856.8620372133839
38628,34.0574860591117,962.5599999993912,856.8674447091717
38629,34.0574860591117,962.5799999993911,856.8728520884475
38630,34.0574860591117,962.5999999993911,856.87825935121
38631,34.0574860591117,962.6199999993911,856.8836664974574
38632,34.0574860591117,962.6399999993911,856.8890735271883
38633,34.0574860591117,962.6599999993911,856.8944804404011
38634,34.0574860591117,962.679999999391,856.8998872370942
38635,34.0574860591117,962.699999999391,856.9052939172659
38636,34.0574860591117,962.719999999391,856.9107004809149
38637,34.0574860591117,962.739999999391,856.9161069280394
38638,34.0574860591117,962.759999999391,856.921513258638
38639,34.0574860591117,962.779999999391,856.9269194727091
38640,34.0574860591117,962.7999999993909,856.932325570251
38641,34.0574860591117,962.8199999993909,856.9377315512622
38642,34.0574860591117,962.8399999993909,856.9431374157411
38643,34.0574860591117,962.8599999993909,856.9485431636863
38644,34.0574860591117,962.8799999993909,856.953948795096
38645,34.0574860591117,962.8999999993908,856.9593543099688
38646,34.0574860591117,962.9199999993908,856.9647597083031
38647,34.0574860591117,962.9399999993908,856.9701649900971
38648,34.0574860591117,962.9599999993908,856.9755701553496
38649,34.0574860591117,962.9799999993908,856.9809752040588
38650,34.011410370606946,962.9999999993908,856.9863801362233
38651,34.011410370606946,963.0199999993907,856.9917849518413
38652,34.011410370606946,963.0399999993907,856.9971896509113
38653,34.011410370606946,963.0599999993907,857.0025942334319
38654,34.011410370606946,963.0799999993907,857.0079986994012
38655,34.011410370606946,963.0999999993907,857.013403048818
38656,34.011410370606946,963.1199999993906,857.018807281686
38657,34.011410370606946,963.1399999993906,857.0242113981205
38658,34.011410370606946,963.1599999993906,857.0296153981873
38659,34.011410370606946,963.1799999993906,857.0350192818846
38660,34.011410370606946,963.1999999993906,857.040423049211
38661,34.011410370606946,963.2199999993906,857.0458267001649
38662,34.011410370606946,963.2399999993905,857.0512302347446
38663,34.011410370606946,963.2599999993905,857.0566336529488
38664,34.011410370606946,963.2799999993905,857.0620369547757
38665,34.011410370606946,963.2999999993905,857.067440140224
38666,34.011410370606946,963.3199999993905,857.0728432092919
38667,34.011410370606946,963.3399999993904,857.0782461619781
38668,34.011410370606946,963.3599999993904,857.0836489982808
38669,34.011410370606946,963.3799999993904,857.0890517181984
38670,34.011410370606946,963.3999999993904,857.0944543217297
38671,34.011410370606946,963.4199999993904,857.0998568088729
38672,34.011410370606946,963.4399999993904,857.1052591796265
38673,34.011410370606946,963.4599999993903,857.1106614339889
38674,34.011410370606946,963.4799999993903,857.1160635719585
38675,34.011410370606946,963.4999999993903,857.1214655935339
38676,34.011410370606946,963.5199999993903,857.1268674987134
38677,34.011410370606946,963.5399999993903,857.1322692874955
38678,34.011410370606946,963.5599999993902,857.1376709598787
38679,34.011410370606946,963.5799999993902,857.1430725158614
38680,34.011410370606946,963.5999999993902,857.1484739554419
38681,34.011410370606946,963.6199999993902,857.1538752786188
38682,34.011410370606946,963.6399999993902,857.1592764853906
38683,34.011410370606946,963.6599999993902,857.1646775757556
38684,34.011410370606946,963.6799999993901,857.1700785497123
38685,34.011410370606946,963.6999999993901,857.1754794072592
38686,34.011410370606946,963.7199999993901,857.1808801483947
38687,34.011410370606946,963.7399999993901,857.1862807731173
38688,34.011410370606946,963.7599999993901,857.1916812814254
38689,34.011410370606946,963.77999999939,857.1970816733174
38690,34.011410370606946,963.79999999939,857.2024819487917
38691,34.011410370606946,963.81999999939,857.2078821078469
38692,34.011410370606946,963.83999999939,857.2132821504814
38693,34.011410370606946,963.85999999939,857.2186820766935
38694,34.011410370606946,963.87999999939,857.2240818864819
38695,34.011410370606946,963.8999999993899,857.2294815798449
38696,34.011410370606946,963.9199999993899,857.234881156781
38697,34.011410370606946,963.9399999993899,857.2402806172885
38698,34.011410370606946,963.9599999993899,857.2456799613659
38699,34.011410370606946,963.9799999993899,857.2510791890118
38700,34.011410370606946,963.9999999993898,857.2564783002244
38701,34.011410370606946,964.0199999993898,857.2618772950024
38702,34.011410370606946,964.0399999993898,857.267276173344
38703,34.011410370606946,964.0599999993898,857.2726749352479
38704,34.011410370606946,964.0799999993898,857.2780735807124
38705,34.011410370606946,964.0999999993898,857.283472109736
38706,34.011410370606946,964.1199999993897,857.288870522317
38707,34.011410370606946,964.1399999993897,857.2942688184619
38708,34.011410370606946,964.1599999993897,857.2996669982969
38709,34.011410370606946,964.1799999993897,857.3050650618773
38710,34.011410370606946,964.1999999993897,857.3104630092016
38711,34.011410370606946,964.2199999993896,857.3158608402683
38712,34.011410370606946,964.2399999993896,857.3212585550758
38713,34.011410370606946,964.2599999993896,857.3266561536226
38714,34.011410370606946,964.2799999993896,857.3320536359071
38715,34.011410370606946,964.2999999993896,857.3374510019277
38716,34.011410370606946,964.3199999993896,857.3428482516829
38717,34.011410370606946,964.3399999993895,857.3482453851711
38718,34.011410370606946,964.3599999993895,857.3536424023908
38719,34.011410370606946,964.3799999993895,857.3590393033404
38720,34.011410370606946,964.3999999993895,857.3644360880184
38721,34.011410370606946,964.4199999993895,857.3698327564232
38722,34.011410370606946,964.4399999993894,857.3752293085532
38723,34.011410370606946,964.4599999993894,857.380625744407
38724,34.011410370606946,964.4799999993894,857.386022063983
38725,34.011410370606946,964.4999999993894,857.3914182672795
38726,34.011410370606946,964.5199999993894,857.3968143542951
38727,34.011410370606946,964.5399999993894,857.4022103250281
38728,34.011410370606946,964.5599999993893,857.4076061794772
38729,34.011410370606946,964.5799999993893,857.4130019176406
38730,34.011410370606946,964.5999999993893,857.4183975395168
38731,34.011410370606946,964.6199999993893,857.4237930451044
38732,34.011410370606946,964.6399999993893,857.4291884344017
38733,34.011410370606946,964.6599999993892,857.4345837074071
38734,34.011410370606946,964.6799999993892,857.4399788641192
38735,34.011410370606946,964.6999999993892,857.4453739045364
38736,34.011410370606946,964.7199999993892,857.450768828657
38737,34.011410370606946,964.7399999993892,857.4561636364797
38738,34.011410370606946,964.7599999993892,857.4615583280028
38739,34.011410370606946,964.7799999993891,857.4669529032246
38740,34.011410370606946,964.7999999993891,857.4723473621439
38741,34.011410370606946,964.8199999993891,857.4777417047588
38742,34.011410370606946,964.8399999993891,857.483135931068
38743,34.011410370606946,964.8599999993891,857.4885300410698
38744,34.011410370606946,964.879999999389,857.4939240347627
38745,34.011410370606946,964.899999999389,857.4993179121451
38746,34.011410370606946,964.919999999389,857.5047116732155
38747,34.011410370606946,964.939999999389,857.5101053179724
38748,34.011410370606946,964.959999999389,857.5154988464141
38749,34.011410370606946,964.979999999389,857.5208922585391
38750,34.011410370606946,964.9999999993889,857.5262855543459
38751,34.011410370606946,965.0199999993889,857.5316787338329
38752,34.011410370606946,965.0399999993889,857.5370717969986
38753,34.011410370606946,965.0599999993889,857.5424647438414
38754,34.011410370606946,965.0799999993889,857.5478575743597
38755,34.011410370606946,965.0999999993888,857.553250288552
38756,34.011410370606946,965.1199999993888,857.5586428864168
38757,34.011410370606946,965.1399999993888,857.5640353679524
38758,34.011410370606946,965.1599999993888,857.5694277331678
38759,34.011410370606946,965.1799999993888,857.5748199822006
38760,34.011410370606946,965.1999999993888,857.5802121150955
38761,34.011410370606946,965.2199999993887,857.5856041318511
38762,34.011410370606946,965.2399999993887,857.5909960324659
38763,34.011410370606946,965.2599999993887,857.5963878169382
38764,34.011410370606946,965.2799999993887,857.6017794852665
38765,34.011410370606946,965.2999999993887,857.6071710374493
38766,34.011410370606946,965.3199999993886,857.6125624734851
38767,34.011410370606946,965.3399999993886,857.6179537933723
38768,34.011410370606946,965.3599999993886,857.6233449971093
38769,34.011410370606946,965.3799999993886,857.6287360846945
38770,34.011410370606946,965.3999999993886,857.6341270561265
38771,34.011410370606946,965.4199999993886,857.6395179114038
38772,34.011410370606946,965.4399999993885,857.6449086505246
38773,34.011410370606946,965.4599999993885,857.6502992734876
38774,34.011410370606946,965.4799999993885,857.655689780291
38775,34.011410370606946,965.4999999993885,857.6610801709335
38776,34.011410370606946,965.5199999993885,857.6664704454134
38777,34.011410370606946,965.5399999993884,857.6718606037292
38778,34.011410370606946,965.5599999993884,857.6772506458794
38779,34.011410370606946,965.5799999993884,857.6826405718624
38780,34.011410370606946,965.5999999993884,857.6880303816766
38781,34.011410370606946,965.6199999993884,857.6934200753205
38782,34.011410370606946,965.6399999993884,857.6988096527926
38783,34.011410370606946,965.6599999993883,857.7041991140914
38784,34.011410370606946,965.6799999993883,857.7095884592152
38785,34.011410370606946,965.6999999993883,857.7149776881625
38786,34.011410370606946,965.7199999993883,857.7203668009319
38787,34.011410370606946,965.7399999993883,857.7257557975215
38788,34.011410370606946,965.7599999993882,857.73114467793
38789,34.011410370606946,965.7799999993882,857.736533442156
38790,34.011410370606946,965.7999999993882,857.7419220901977
38791,34.011410370606946,965.8199999993882,857.7473106220536
38792,34.011410370606946,965.8399999993882,857.7526990377222
38793,34.011410370606946,965.8599999993882,857.7580873372019
38794,34.011410370606946,965.8799999993881,857.7634755204913
38795,34.011410370606946,965.8999999993881,857.7688635875886
38796,34.011410370606946,965.9199999993881,857.7742515384925
38797,34.011410370606946,965.9399999993881,857.7796393732013
38798,34.011410370606946,965.9599999993881,857.7850270917136
38799,34.011410370606946,965.979999999388,857.7904146940276
38800,34.011410370606946,965.999999999388,857.795802180142
38801,34.011410370606946,966.019999999388,857.8011895500551
38802,34.011410370606946,966.039999999388,857.8065768037654
38803,34.011410370606946,966.059999999388,857.8119639412714
38804,34.011410370606946,966.079999999388,857.8173509625716
38805,34.011410370606946,966.0999999993879,857.8227378676643
38806,34.011410370606946,966.1199999993879,857.828124656548
38807,34.011410370606946,966.1399999993879,857.8335113292212
38808,34.011410370606946,966.1599999993879,857.8388978856823
38809,34.011410370606946,966.1799999993879,857.8442843259425
38810,34.011410370606946,966.1999999993878,857.8496706501489
38811,34.011410370606946,966.2199999993878,857.8550568583352
38812,34.011410370606946,966.2399999993878,857.8604429504995
38813,34.011410370606946,966.2599999993878,857.8658289266406
38814,34.011410370606946,966.2799999993878,857.8712147867567
38815,34.011410370606946,966.2999999993878,857.8766005308464
38816,34.011410370606946,966.3199999993877,857.8819861589081
38817,34.011410370606946,966.3399999993877,857.8873716709403
38818,34.011410370606946,966.3599999993877,857.8927570669414
38819,34.011410370606946,966.3799999993877,857.8981423469098
38820,34.011410370606946,966.3999999993877,857.9035275108441
38821,34.011410370606946,966.4199999993876,857.9089125587427
38822,34.011410370606946,966.4399999993876,857.9142974906041
38823,34.011410370606946,966.4599999993876,857.9196823064267
38824,34.011410370606946,966.4799999993876,857.9250670062089
38825,34.011410370606946,966.4999999993876,857.9304515899493
38826,34.011410370606946,966.5199999993876,857.9358360576462
38827,34.011410370606946,966.5399999993875,857.9412204092981
38828,34.011410370606946,966.5599999993875,857.9466046449036
38829,34.011410370606946,966.5799999993875,857.951988764461
38830,34.011410370606946,966.5999999993875,857.9573727679689
38831,34.011410370606946,966.6199999993875,857.9627566554256
38832,34.011410370606946,966.6399999993874,857.9681404268296
38833,34.011410370606946,966.6599999993874,857.9735240821794
38834,34.011410370606946,966.6799999993874,857.9789076214735
38835,34.011410370606946,966.6999999993874,857.9842910447103
38836,34.011410370606946,966.7199999993874,857.9896743518882
38837,34.011410370606946,966.7399999993874,857.9950575430057
38838,34.011410370606946,966.7599999993873,858.0004406180614
38839,34.011410370606946,966.7799999993873,858.0058235770535
38840,34.011410370606946,966.7999999993873,858.0112064199807
38841,34.011410370606946,966.8199999993873,858.0165891468413
38842,34.011410370606946,966.8399999993873,858.0219717576338
38843,34.011410370606946,966.8599999993872,858.0273542523566
38844,34.011410370606946,966.8799999993872,858.0327366310083
38845,34.011410370606946,966.8999999993872,858.0381188935872
38846,34.011410370606946,966.9199999993872,858.0435010400919
38847,34.011410370606946,966.9399999993872,858.0488830705208
38848,34.011410370606946,966.9599999993872,858.0542649848724
38849,34.011410370606946,966.9799999993871,858.059646783145
38850,34.011410370606946,966.9999999993871,858.0650284653373
38851,34.011410370606946,967.0199999993871,858.0704100314475
38852,34.011410370606946,967.0399999993871,858.0757914814742
38853,34.011410370606946,967.0599999993871,858.0811728154158
38854,34.011410370606946,967.079999999387,858.0865540332709
38855,34.011410370606946,967.099999999387,858.0919351350378
38856,34.011410370606946,967.119999999387,858.097316120715
38857,34.011410370606946,967.139999999387,858.1026969903011
38858,34.011410370606946,967.159999999387,858.1080777437943
38859,34.011410370606946,967.179999999387,858.1134583811933
38860,34.011410370606946,967.1999999993869,858.1188389025123
38861,34.011410370606946,967.2199999993869,858.1242193079183
38862,34.011410370606946,967.2399999993869,858.1295995974349
38863,34.011410370606946,967.2599999993869,858.1349797710603
38864,34.011410370606946,967.2799999993869,858.1403598287931
38865,34.011410370606946,967.2999999993868,858.1457397706316
38866,34.011410370606946,967.3199999993868,858.1511195965745
38867,34.011410370606946,967.3399999993868,858.15649930662
38868,34.011410370606946,967.3599999993868,858.1618789007669
38869,34.011410370606946,967.3799999993868,858.1672583790132
38870,34.011410370606946,967.3999999993868,858.1726377413578
38871,34.011410370606946,967.4199999993867,858.1780169877989
38872,34.011410370606946,967.4399999993867,858.1833961183349
38873,34.011410370606946,967.4599999993867,858.1887751329646
38874,34.011410370606946,967.4799999993867,858.1941540316861
38875,34.011410370606946,967.4999999993867,858.1995328144981
38876,34.011410370606946,967.5199999993866,858.2049114813989
38877,34.011410370606946,967.5399999993866,858.2102900323871
38878,33.965438479936466,967.5599999993866,858.2156684674611
38879,33.965438479936466,967.5799999993866,858.2210467866194
38880,33.965438479936466,967.5999999993866,858.2264249898603
38881,33.965438479936466,967.6199999993866,858.2318030771825
38882,33.965438479936466,967.6399999993865,858.2371810485843
38883,33.965438479936466,967.6599999993865,858.2425589040641
38884,33.965438479936466,967.6799999993865,858.2479366436206
38885,33.965438479936466,967.6999999993865,858.2533142672521
38886,33.965438479936466,967.7199999993865,858.2586917749571
38887,33.965438479936466,967.7399999993864,858.2640691667341
38888,33.965438479936466,967.7599999993864,858.2694464425814
38889,33.965438479936466,967.7799999993864,858.2748236024976
38890,33.965438479936466,967.7999999993864,858.2802006464811
38891,33.965438479936466,967.8199999993864,858.2855775745305
38892,33.965438479936466,967.8399999993864,858.2909543866441
38893,33.965438479936466,967.8599999993863,858.2963310828204
38894,33.965438479936466,967.8799999993863,858.3017076630579
38895,33.965438479936466,967.8999999993863,858.307084127355
38896,33.965438479936466,967.9199999993863,858.3124604757103
38897,33.965438479936466,967.9399999993863,858.3178367081221
38898,33.965438479936466,967.9599999993862,858.323212824589
38899,33.965438479936466,967.9799999993862,858.3285888251093
38900,33.965438479936466,967.9999999993862,858.3339647096815
38901,33.965438479936466,968.0199999993862,858.3393404783042
38902,33.965438479936466,968.0399999993862,858.3447161309757
38903,33.965438479936466,968.0599999993862,858.3500916676946
38904,33.965438479936466,968.0799999993861,858.3554670884594
38905,33.965438479936466,968.0999999993861,858.3608423932683
38906,33.965438479936466,968.1199999993861,858.3662175821199
38907,33.965438479936466,968.1399999993861,858.3715926550128
38908,33.965438479936466,968.1599999993861,858.3769676119454
38909,33.965438479936466,968.179999999386,858.382342452916
38910,33.965438479936466,968.199999999386,858.3877171779232
38911,33.965438479936466,968.219999999386,858.3930917869848
38912,33.965438479936466,968.239999999386,858.3984662802466
38913,33.965438479936466,968.259999999386,858.4038406577214
38914,33.965438479936466,968.279999999386,858.4092149194076
38915,33.965438479936466,968.2999999993859,858.4145890653039
38916,33.965438479936466,968.3199999993859,858.4199630954084
38917,33.965438479936466,968.3399999993859,858.4253370097198
38918,33.965438479936466,968.3599999993859,858.4307108082364
38919,33.965438479936466,968.3799999993859,858.4360844909569
38920,33.965438479936466,968.3999999993858,858.4414580578796
38921,33.965438479936466,968.4199999993858,858.4468315090029
38922,33.965438479936466,968.4399999993858,858.4522048443255
38923,33.965438479936466,968.4599999993858,858.4575780638456
38924,33.965438479936466,968.4799999993858,858.4629511675619
38925,33.965438479936466,968.4999999993858,858.4683241554727
38926,33.965438479936466,968.5199999993857,858.4736970275766
38927,33.965438479936466,968.5399999993857,858.4790697838719
38928,33.965438479936466,968.5599999993857,858.4844424243571
38929,33.965438479936466,968.5799999993857,858.4898149490308
38930,33.965438479936466,968.5999999993857,858.4951873578914
38931,33.965438479936466,968.6199999993856,858.5005596509372
38932,33.965438479936466,968.6399999993856,858.5059318281669
38933,33.965438479936466,968.6599999993856,858.5113038895789
38934,33.965438479936466,968.6799999993856,858.5166758351717
38935,33.965438479936466,968.6999999993856,858.5220476649437
38936,33.965438479936466,968.7199999993855,858.5274193788933
38937,33.965438479936466,968.7399999993855,858.5327909770191
38938,33.965438479936466,968.7599999993855,858.5381624593194
38939,33.965438479936466,968.7799999993855,858.5435338257929
38940,33.965438479936466,968.7999999993855,858.5489050764379
38941,33.965438479936466,968.8199999993855,858.554276211253
38942,33.965438479936466,968.8399999993854,858.5596472302365
38943,33.965438479936466,968.8599999993854,858.5650181333868
38944,33.965438479936466,968.8799999993854,858.5703889207026
38945,33.965438479936466,968.8999999993854,858.5757595921823
38946,33.965438479936466,968.9199999993854,858.5811301478243
38947,33.965438479936466,968.9399999993853,858.5865005876271
38948,33.965438479936466,968.9599999993853,858.5918709115892
38949,33.965438479936466,968.9799999993853,858.597241119709
38950,33.965438479936466,968.9999999993853,858.6026112119849
38951,33.965438479936466,969.0199999993853,858.6079811884156
38952,33.965438479936466,969.0399999993853,858.6133510489993
38953,33.965438479936466,969.0599999993852,858.6187207937347
38954,33.965438479936466,969.0799999993852,858.6240904226202
38955,33.965438479936466,969.0999999993852,858.6294599356542
38956,33.965438479936466,969.1199999993852,858.6348293328351
38957,33.965438479936466,969.1399999993852,858.6401986141615
38958,33.965438479936466,969.1599999993851,858.6455677796318
38959,33.965438479936466,969.1799999993851,858.6509368292445
38960,33.965438479936466,969.1999999993851,858.656305762998
38961,33.965438479936466,969.2199999993851,858.6616745808909
38962,33.965438479936466,969.2399999993851,858.6670432829537
38963,33.965438479936466,969.2599999993851,858.6724118693337
38964,33.965438479936466,969.279999999385,858.6777803400422
38965,33.965438479936466,969.299999999385,858.6831486950778
38966,33.965438479936466,969.319999999385,858.6885169344388
38967,33.965438479936466,969.339999999385,858.6938850581238
38968,33.965438479936466,969.359999999385,858.6992530661313
38969,33.965438479936466,969.379999999385,858.7046209584597
38970,33.965438479936466,969.3999999993849,858.7099887351076
38971,33.965438479936466,969.4199999993849,858.7153563960733
38972,33.965438479936466,969.4399999993849,858.7207239413552
38973,33.965438479936466,969.4599999993849,858.7260913709521
38974,33.965438479936466,969.4799999993849,858.7314586848622
38975,33.965438479936466,969.4999999993848,858.7368258830841
38976,33.965438479936466,969.5199999993848,858.7421929656161
38977,33.965438479936466,969.5399999993848,858.7475599324569
38978,33.965438479936466,969.5599999993848,858.7529267836047
38979,33.965438479936466,969.5799999993848,858.7582935190583
38980,33.965438479936466,969.5999999993847,858.7636601388159
38981,33.965438479936466,969.6199999993847,858.7690266428762
38982,33.965438479936466,969.6399999993847,858.7743930312374
38983,33.965438479936466,969.6599999993847,858.7797593038982
38984,33.965438479936466,969.6799999993847,858.785125460857
38985,33.965438479936466,969.6999999993847,858.7904915021122
38986,33.965438479936466,969.7199999993846,858.7958574276624
38987,33.965438479936466,969.7399999993846,858.8012232375061
38988,33.965438479936466,969.7599999993846,858.8065889316415
38989,33.965438479936466,969.7799999993846,858.8119545100673
38990,33.965438479936466,969.7999999993846,858.8173199727819
38991,33.965438479936466,969.8199999993845,858.8226853197838
38992,33.965438479936466,969.8399999993845,858.8280505510714
38993,33.965438479936466,969.8599999993845,858.8334156666434
38994,33.965438479936466,969.8799999993845,858.838780666498
38995,33.965438479936466,969.8999999993845,858.8441455506338
38996,33.965438479936466,969.9199999993845,858.8495103190493
38997,33.965438479936466,969.9399999993844,858.8548749717429
38998,33.965438479936466,969.9599999993844,858.8602395087131
38999,33.965438479936466,969.9799999993844,858.8656039299584
39000,33.965438479936466,969.9999999993844,858.8709682354772
39001,33.965438479936466,970.0199999993844,858.8763324252681
39002,33.965438479936466,970.0399999993843,858.8816964993293
39003,33.965438479936466,970.0599999993843,858.8870604576596
39004,33.965438479936466,970.0799999993843,858.8924243002573
39005,33.965438479936466,970.0999999993843,858.8977880271209
39006,33.965438479936466,970.1199999993843,858.9031516382488
39007,33.965438479936466,970.1399999993843,858.9085151336395
39008,33.965438479936466,970.1599999993842,858.9138785132916
39009,33.965438479936466,970.1799999993842,858.9192417772035
39010,33.965438479936466,970.1999999993842,858.9246049253736
39011,33.965438479936466,970.2199999993842,858.9299679578005
39012,33.965438479936466,970.2399999993842,858.9353308744826
39013,33.965438479936466,970.2599999993841,858.9406936754621
39014,33.965438479936466,970.2799999993841,858.9460563608773
39015,33.965438479936466,970.2999999993841,858.9514189307373
39016,33.965438479936466,970.3199999993841,858.9567813850407
39017,33.965438479936466,970.3399999993841,858.962143723786
39018,33.965438479936466,970.3599999993841,858.9675059469715
39019,33.965438479936466,970.379999999384,858.9728680545959
39020,33.965438479936466,970.399999999384,858.9782300466576
39021,33.965438479936466,970.419999999384,858.983591923155
39022,33.965438479936466,970.439999999384,858.9889536840867
39023,33.965438479936466,970.459999999384,858.9943153294512
39024,33.965438479936466,970.479999999384,858.9996768592468
39025,33.965438479936466,970.4999999993839,859.0050382734721
39026,33.965438479936466,970.5199999993839,859.0103995721256
39027,33.965438479936466,970.5399999993839,859.0157607552057
39028,33.965438479936466,970.5599999993839,859.0211218227109
39029,33.965438479936466,970.5799999993839,859.0264827746397
39030,33.965438479936466,970.5999999993838,859.0318436109906
39031,33.965438479936466,970.6199999993838,859.0372043317619
39032,33.965438479936466,970.6399999993838,859.0425649369523
39033,33.965438479936466,970.6599999993838,859.0479254265603
39034,33.965438479936466,970.6799999993838,859.0532858005841
39035,33.965438479936466,970.6999999993837,859.0586460590225
39036,33.965438479936466,970.7199999993837,859.0640062018738
39037,33.965438479936466,970.7399999993837,859.0693662291364
39038,33.965438479936466,970.7599999993837,859.074726140809
39039,33.965438479936466,970.7799999993837,859.08008593689
39040,33.965438479936466,970.7999999993837,859.0854456173778
39041,33.965438479936466,970.8199999993836,859.090805182271
39042,33.965438479936466,970.8399999993836,859.096164631568
39043,33.965438479936466,970.8599999993836,859.1015239652672
39044,33.965438479936466,970.8799999993836,859.1068831833672
39045,33.965438479936466,970.8999999993836,859.1122422858665
39046,33.965438479936466,970.9199999993835,859.1176012727634
39047,33.965438479936466,970.9399999993835,859.1229601440566
39048,33.965438479936466,970.9599999993835,859.1283188997445
39049,33.965438479936466,970.9799999993835,859.1336775398255
39050,33.965438479936466,970.9999999993835,859.1390360642981
39051,33.965438479936466,971.0199999993835,859.1443944731609
39052,33.965438479936466,971.0399999993834,859.1497527664122
39053,33.965438479936466,971.0599999993834,859.1551109440506
39054,33.965438479936466,971.0799999993834,859.1604690060747
39055,33.965438479936466,971.0999999993834,859.1658269524827
39056,33.965438479936466,971.1199999993834,859.1711847832732
39057,33.965438479936466,971.1399999993833,859.1765424984447
39058,33.965438479936466,971.1599999993833,859.1819000979957
39059,33.965438479936466,971.1799999993833,859.1872575819247
39060,33.965438479936466,971.1999999993833,859.19261495023
39061,33.965438479936466,971.2199999993833,859.1979722029103
39062,33.965438479936466,971.2399999993833,859.2033293399638
39063,33.965438479936466,971.2599999993832,859.2086863613893
39064,33.965438479936466,971.2799999993832,859.2140432672429
39065,33.965438479936466,971.2999999993832,859.2194000576604
39066,33.965438479936466,971.3199999993832,859.2247567326491
39067,33.965438479936466,971.3399999993832,859.2301132922074
39068,33.965438479936466,971.3599999993831,859.2354697363339
39069,33.965438479936466,971.3799999993831,859.240826065027
39070,33.965438479936466,971.3999999993831,859.2461822782852
39071,33.965438479936466,971.4199999993831,859.251538376107
39072,33.965438479936466,971.4399999993831,859.2568943584907
39073,33.965438479936466,971.4599999993831,859.2622502254351
39074,33.965438479936466,971.479999999383,859.2676059769384
39075,33.965438479936466,971.499999999383,859.2729616129992
39076,33.965438479936466,971.519999999383,859.278317133616
39077,33.965438479936466,971.539999999383,859.2836725387874
39078,33.965438479936466,971.559999999383,859.2890278285117
39079,33.965438479936466,971.579999999383,859.2943830027874
39080,33.965438479936466,971.5999999993829,859.299738061613
39081,33.965438479936466,971.6199999993829,859.3050930049869
39082,33.965438479936466,971.6399999993829,859.3104478329078
39083,33.965438479936466,971.6599999993829,859.315802545374
39084,33.965438479936466,971.6799999993829,859.3211571423841
39085,33.965438479936466,971.6999999993828,859.3265116239365
39086,33.965438479936466,971.7199999993828,859.3318659900298
39087,33.965438479936466,971.7399999993828,859.3372202406623
39088,33.965438479936466,971.7599999993828,859.3425743758326
39089,33.965438479936466,971.7799999993828,859.3479283955392
39090,33.965438479936466,971.7999999993827,859.3532822997804
39091,33.965438479936466,971.8199999993827,859.3586360885549
39092,33.965438479936466,971.8399999993827,859.3639897618611
39093,33.965438479936466,971.8599999993827,859.3693433196976
39094,33.965438479936466,971.8799999993827,859.3746967620626
39095,33.965438479936466,971.8999999993827,859.3800500889548
39096,33.965438479936466,971.9199999993826,859.3854033003727
39097,33.965438479936466,971.9399999993826,859.3907563963146
39098,33.965438479936466,971.9599999993826,859.3961093767791
39099,33.965438479936466,971.9799999993826,859.4014622417648
39100,33.965438479936466,971.9999999993826,859.40681499127
39101,33.965438479936466,972.0199999993825,859.4121676252934
39102,33.965438479936466,972.0399999993825,859.4175201438331
39103,33.965438479936466,972.0599999993825,859.422872546888
39104,33.965438479936466,972.0799999993825,859.4282248344564
39105,33.965438479936466,972.0999999993825,859.4335770065367
39106,33.965438479936466,972.1199999993825,859.4389290631274
39107,33.965438479936466,972.1399999993824,859.444281004227
39108,33.91957006002963,972.1599999993824,859.4496328298342
39109,33.91957006002963,972.1799999993824,859.4549845399472
39110,33.91957006002963,972.1999999993824,859.4603361345646
39111,33.91957006002963,972.2199999993824,859.465687613685
39112,33.91957006002963,972.2399999993823,859.4710389773066
39113,33.91957006002963,972.2599999993823,859.4763902254282
39114,33.91957006002963,972.2799999993823,859.4817413580481
39115,33.91957006002963,972.2999999993823,859.4870923752293
39116,33.91957006002963,972.3199999993823,859.492443277088
39117,33.91957006002963,972.3399999993823,859.4977940636287
39118,33.91957006002963,972.3599999993822,859.5031447348499
39119,33.91957006002963,972.3799999993822,859.50849529075
39120,33.91957006002963,972.3999999993822,859.5138457313277
39121,33.91957006002963,972.4199999993822,859.5191960565813
39122,33.91957006002963,972.4399999993822,859.5245462665094
39123,33.91957006002963,972.4599999993821,859.5298963611106
39124,33.91957006002963,972.4799999993821,859.5352463403831
39125,33.91957006002963,972.4999999993821,859.5405962043257
39126,33.91957006002963,972.5199999993821,859.5459459529367
39127,33.91957006002963,972.5399999993821,859.5512955862147
39128,33.91957006002963,972.5599999993821,859.5566451041582
39129,33.91957006002963,972.579999999382,859.5619945067657
39130,33.91957006002963,972.599999999382,859.5673437940357
39131,33.91957006002963,972.619999999382,859.5726929659667
39132,33.91957006002963,972.639999999382,859.5780420225572
39133,33.91957006002963,972.659999999382,859.5833909638056
39134,33.91957006002963,972.679999999382,859.5887397897106
39135,33.91957006002963,972.6999999993819,859.5940885002707
39136,33.91957006002963,972.7199999993819,859.5994370954842
39137,33.91957006002963,972.7399999993819,859.6047855753496
39138,33.91957006002963,972.7599999993819,859.6101339398657
39139,33.91957006002963,972.7799999993819,859.6154821890308
39140,33.91957006002963,972.7999999993818,859.6208303228433
39141,33.91957006002963,972.8199999993818,859.6261783413019
39142,33.91957006002963,972.8399999993818,859.6315262444049
39143,33.91957006002963,972.8599999993818,859.636874032151
39144,33.91957006002963,972.8799999993818,859.6422217045387
39145,33.91957006002963,972.8999999993817,859.6475692615663
39146,33.91957006002963,972.9199999993817,859.6529167032326
39147,33.91957006002963,972.9399999993817,859.6582640295358
39148,33.91957006002963,972.9599999993817,859.6636112404746
39149,33.91957006002963,972.9799999993817,859.6689583360474
39150,33.91957006002963,972.9999999993817,859.6743053162527
39151,33.91957006002963,973.0199999993816,859.6796521810891
39152,33.91957006002963,973.0399999993816,859.684998930555
39153,33.91957006002963,973.0599999993816,859.690345564649
39154,33.91957006002963,973.0799999993816,859.6956920833695
39155,33.91957006002963,973.0999999993816,859.7010384867151
39156,33.91957006002963,973.1199999993815,859.7063847746842
39157,33.91957006002963,973.1399999993815,859.7117309472754
39158,33.91957006002963,973.1599999993815,859.7170770044871
39159,33.91957006002963,973.1799999993815,859.7224229463179
39160,33.91957006002963,973.1999999993815,859.7277687727662
39161,33.91957006002963,973.2199999993815,859.7331144838306
39162,33.91957006002963,973.2399999993814,859.7384600795097
39163,33.91957006002963,973.2599999993814,859.7438055598017
39164,33.91957006002963,973.2799999993814,859.7491509247053
39165,33.91957006002963,973.2999999993814,859.7544961742191
39166,33.91957006002963,973.3199999993814,859.7598413084171
39167,33.91957006002963,973.3399999993813,859.7651863274069
39168,33.91957006002963,973.3599999993813,859.7705312311907
39169,33.91957006002963,973.3799999993813,859.7758760197671
39170,33.91957006002963,973.3999999993813,859.7812206931345
39171,33.91957006002963,973.4199999993813,859.7865652512914
39172,33.91957006002963,973.4399999993813,859.7919096942364
39173,33.91957006002963,973.4599999993812,859.7972540219679
39174,33.91957006002963,973.4799999993812,859.8025982344844
39175,33.91957006002963,973.4999999993812,859.8079423317845
39176,33.91957006002963,973.5199999993812,859.8132863138667
39177,33.91957006002963,973.5399999993812,859.8186301807294
39178,33.91957006002963,973.5599999993811,859.8239739323712
39179,33.91957006002963,973.5799999993811,859.8293175687905
39180,33.91957006002963,973.5999999993811,859.834661089986
39181,33.91957006002963,973.6199999993811,859.840004495956
39182,33.91957006002963,973.6399999993811,859.8453477866991
39183,33.91957006002963,973.6599999993811,859.8506909622138
39184,33.91957006002963,973.679999999381,859.8560340224985
39185,33.91957006002963,973.699999999381,859.8613769675519
39186,33.91957006002963,973.719999999381,859.8667197973724
39187,33.91957006002963,973.739999999381,859.8720625119586
39188,33.91957006002963,973.759999999381,859.8774051113088
39189,33.91957006002963,973.779999999381,859.8827475954217
39190,33.91957006002963,973.7999999993809,859.8880899642958
39191,33.91957006002963,973.8199999993809,859.8934322179294
39192,33.91957006002963,973.8399999993809,859.8987743563213
39193,33.91957006002963,973.8599999993809,859.9041163794698
39194,33.91957006002963,973.8799999993809,859.9094582873735
39195,33.91957006002963,973.8999999993808,859.9148000800308
39196,33.91957006002963,973.9199999993808,859.9201417574403
39197,33.91957006002963,973.9399999993808,859.9254833196005
39198,33.91957006002963,973.9599999993808,859.9308247665099
39199,33.91957006002963,973.9799999993808,859.936166098167
39200,33.91957006002963,973.9999999993807,859.9415073145702
39201,33.91957006002963,974.0199999993807,859.9468484157183
39202,33.91957006002963,974.0399999993807,859.9521894016094
39203,33.91957006002963,974.0599999993807,859.9575302722424
39204,33.91957006002963,974.0799999993807,859.9628710276155
39205,33.91957006002963,974.0999999993807,859.9682116677274
39206,33.91957006002963,974.1199999993806,859.9735521925764
39207,33.91957006002963,974.1399999993806,859.9788926021613
39208,33.91957006002963,974.1599999993806,859.9842328964803
39209,33.91957006002963,974.1799999993806,859.9895730755321
39210,33.91957006002963,974.1999999993806,859.9949131393153
39211,33.91957006002963,974.2199999993805,860.0002530878336
39212,33.91957006002963,974.2399999993805,860.0055929214537
39213,33.91957006002963,974.2599999993805,860.0109326404933
39214,33.91957006002963,974.2799999993805,860.0162722449505
39215,33.91957006002963,974.2999999993805,860.0216117348243
39216,33.91957006002963,974.3199999993805,860.026951110113
39217,33.91957006002963,974.3399999993804,860.0322903709039
39218,33.91957006002963,974.3599999993804,860.0376295172975
39219,33.91957006002963,974.3799999993804,860.0429685492941
39220,33.91957006002963,974.3999999993804,860.0483074668921
39221,33.91957006002963,974.4199999993804,860.0536462700901
39222,33.91957006002963,974.4399999993803,860.0589849588868
39223,33.91957006002963,974.4599999993803,860.0643235332806
39224,33.91957006002963,974.4799999993803,860.0696619932702
39225,33.91957006002963,974.4999999993803,860.0750003388541
39226,33.91957006002963,974.5199999993803,860.080338570031
39227,33.91957006002963,974.5399999993803,860.0856766867994
39228,33.91957006002963,974.5599999993802,860.0910146891578
39229,33.91957006002963,974.5799999993802,860.0963525771048
39230,33.91957006002963,974.5999999993802,860.101690350639
39231,33.91957006002963,974.6199999993802,860.1070280097591
39232,33.91957006002963,974.6399999993802,860.1123655544635
39233,33.91957006002963,974.6599999993801,860.1177029847508
39234,33.91957006002963,974.6799999993801,860.1230403006198
39235,33.91957006002963,974.6999999993801,860.1283775020688
39236,33.91957006002963,974.7199999993801,860.1337145890965
39237,33.91957006002963,974.7399999993801,860.1390515617014
39238,33.91957006002963,974.75999999938,860.1443884198821
39239,33.91957006002963,974.77999999938,860.1497251636373
39240,33.91957006002963,974.79999999938,860.1550617929654
39241,33.91957006002963,974.81999999938,860.1603983078651
39242,33.91957006002963,974.83999999938,860.1657347083349
39243,33.91957006002963,974.85999999938,860.1710709943734
39244,33.91957006002963,974.87999999938,860.1764071659792
39245,33.91957006002963,974.8999999993799,860.1817432231509
39246,33.91957006002963,974.9199999993799,860.187079165887
39247,33.91957006002963,974.9399999993799,860.1924149941862
39248,33.91957006002963,974.9599999993799,860.1977507080469
39249,33.91957006002963,974.9799999993799,860.2030863074677
39250,33.91957006002963,974.9999999993798,860.2084217924473
39251,33.91957006002963,975.0199999993798,860.2137571629843
39252,33.91957006002963,975.0399999993798,860.2190924190771
39253,33.91957006002963,975.0599999993798,860.2244275607244
39254,33.91957006002963,975.0799999993798,860.2297625879247
39255,33.91957006002963,975.0999999993797,860.2350975006767
39256,33.91957006002963,975.1199999993797,860.2404322989789
39257,33.91957006002963,975.1399999993797,860.2457669828299
39258,33.91957006002963,975.1599999993797,860.2511015522282
39259,33.91957006002963,975.1799999993797,860.2564360071724
39260,33.91957006002963,975.1999999993797,860.2617703476611
39261,33.91957006002963,975.2199999993796,860.2671045736929
39262,33.91957006002963,975.2399999993796,860.2724386852664
39263,33.91957006002963,975.2599999993796,860.2777726823801
39264,33.91957006002963,975.2799999993796,860.2831065650327
39265,33.91957006002963,975.2999999993796,860.2884403332226
39266,33.91957006002963,975.3199999993795,860.2937739869485
39267,33.91957006002963,975.3399999993795,860.2991075262097
39268,33.91957006002963,975.3599999993795,860.304440951104
39269,33.91957006002963,975.3799999993795,860.3097742617224
39270,33.91957006002963,975.3999999993795,860.3151074580636
39271,33.91957006002963,975.4199999993795,860.320440540126
39272,33.91957006002963,975.4399999993794,860.3257735079084
39273,33.91957006002963,975.4599999993794,860.3311063614092
39274,33.91957006002963,975.4799999993794,860.336439100627
39275,33.91957006002963,975.4999999993794,860.3417717255604
39276,33.91957006002963,975.5199999993794,860.3471042362081
39277,33.91957006002963,975.5399999993793,860.3524366325686
39278,33.91957006002963,975.5599999993793,860.3577689146404
39279,33.91957006002963,975.5799999993793,860.3631010824221
39280,33.91957006002963,975.5999999993793,860.3684331359124
39281,33.91957006002963,975.6199999993793,860.3737650751098
39282,33.91957006002963,975.6399999993793,860.3790969000129
39283,33.91957006002963,975.6599999993792,860.3844286106203
39284,33.91957006002963,975.6799999993792,860.3897602069304
39285,33.91957006002963,975.6999999993792,860.3950916889421
39286,33.91957006002963,975.7199999993792,860.4004230566538
39287,33.91957006002963,975.7399999993792,860.4057543100641
39288,33.91957006002963,975.7599999993791,860.4110854491717
39289,33.91957006002963,975.7799999993791,860.4164164739749
39290,33.91957006002963,975.7999999993791,860.4217473844725
39291,33.91957006002963,975.8199999993791,860.427078180663
39292,33.91957006002963,975.8399999993791,860.432408862545
39293,33.91957006002963,975.859999999379,860.4377394301172
39294,33.91957006002963,975.879999999379,860.443069883378
39295,33.91957006002963,975.899999999379,860.4484002223262
39296,33.91957006002963,975.919999999379,860.4537304469602
39297,33.91957006002963,975.939999999379,860.4590605572786
39298,33.91957006002963,975.959999999379,860.4643905532799
39299,33.91957006002963,975.979999999379,860.4697204349629
39300,33.91957006002963,975.9999999993789,860.4750502023261
39301,33.91957006002963,976.0199999993789,860.480379855368
39302,33.91957006002963,976.0399999993789,860.4857093940874
39303,33.91957006002963,976.0599999993789,860.4910388184826
39304,33.91957006002963,976.0799999993789,860.4963681285524
39305,33.91957006002963,976.0999999993788,860.5016973242953
39306,33.91957006002963,976.1199999993788,860.5070264057098
39307,33.91957006002963,976.1399999993788,860.5123553727946
39308,33.91957006002963,976.1599999993788,860.5176842255482
39309,33.91957006002963,976.1799999993788,860.5230129639693
39310,33.91957006002963,976.1999999993787,860.5283415880564
39311,33.91957006002963,976.2199999993787,860.533670097808
39312,33.91957006002963,976.2399999993787,860.5389984932228
39313,33.91957006002963,976.2599999993787,860.5443267742994
39314,33.91957006002963,976.2799999993787,860.5496549410364
39315,33.91957006002963,976.2999999993787,860.5549829934322
39316,33.91957006002963,976.3199999993786,860.5603109314856
39317,33.91957006002963,976.3399999993786,860.5656387551951
39318,33.91957006002963,976.3599999993786,860.5709664645625
39319,33.91957006002963,976.3799999993786,860.5762940597009
39320,33.91957006002963,976.3999999993786,860.5816215406945
39321,33.91957006002963,976.4199999993785,860.586948907542
39322,33.91957006002963,976.4399999993785,860.592276160242
39323,33.91957006002963,976.4599999993785,860.5976032987932
39324,33.91957006002963,976.4799999993785,860.602930323194
39325,33.91957006002963,976.4999999993785,860.6082572334429
39326,33.91957006002963,976.5199999993785,860.6135840295387
39327,33.91957006002963,976.5399999993784,860.61891071148
39328,33.91957006002963,976.5599999993784,860.6242372792652
39329,33.91957006002963,976.5799999993784,860.6295637328931
39330,33.91957006002963,976.5999999993784,860.6348900723622
39331,33.91957006002963,976.6199999993784,860.640216297671
39332,33.91957006002963,976.6399999993783,860.6455424088182
39333,33.91957006002963,976.6599999993783,860.6508684058024
39334,33.91957006002963,976.6799999993783,860.656194288622
39335,33.91957006002963,976.6999999993783,860.6615200572759
39336,33.91957006002963,976.7199999993783,860.6668457117624
39337,33.91957006002963,976.7399999993783,860.6721712520803
39338,33.91957006002963,976.7599999993782,860.677496678228
39339,33.91957006002963,976.7799999993782,860.6828219902042
39340,33.91957006002963,976.7999999993782,860.6881471880075
39341,33.91957006002963,976.8199999993782,860.6934722716364
39342,33.91957006002963,976.8399999993782,860.6987972410897
39343,33.873804785139605,976.8599999993781,860.7041220963657
39344,33.873804785139605,976.8799999993781,860.7094468374632
39345,33.873804785139605,976.8999999993781,860.7147714643808
39346,33.873804785139605,976.9199999993781,860.7200959771169
39347,33.873804785139605,976.9399999993781,860.7254203756702
39348,33.873804785139605,976.959999999378,860.7307446600392
39349,33.873804785139605,976.979999999378,860.7360688302227
39350,33.873804785139605,976.999999999378,860.7413928862192
39351,33.873804785139605,977.019999999378,860.7467168280272
39352,33.873804785139605,977.039999999378,860.7520406556454
39353,33.873804785139605,977.059999999378,860.7573643690723
39354,33.873804785139605,977.079999999378,860.7626879683065
39355,33.873804785139605,977.0999999993779,860.7680114533466
39356,33.873804785139605,977.1199999993779,860.7733348241912
39357,33.873804785139605,977.1399999993779,860.778658080839
39358,33.873804785139605,977.1599999993779,860.7839812232885
39359,33.873804785139605,977.1799999993779,860.7893042515382
39360,33.873804785139605,977.1999999993778,860.7946271655867
39361,33.873804785139605,977.2199999993778,860.7999499654327
39362,33.873804785139605,977.2399999993778,860.8052726510747
39363,33.873804785139605,977.2599999993778,860.8105952225113
39364,33.873804785139605,977.2799999993778,860.8159176797412
39365,33.873804785139605,977.2999999993777,860.8212400227629
39366,33.873804785139605,977.3199999993777,860.8265622515751
39367,33.873804785139605,977.3399999993777,860.8318843661762
39368,33.873804785139605,977.3599999993777,860.8372063665648
39369,33.873804785139605,977.3799999993777,860.8425282527445
39370,33.873804785139605,977.3999999993777,860.847850024822
39371,33.873804785139605,977.4199999993776,860.8531716828603
39372,33.873804785139605,977.4399999993776,860.858493226858
39373,33.873804785139605,977.4599999993776,860.8638146568135
39374,33.873804785139605,977.4799999993776,860.8691359727255
39375,33.873804785139605,977.4999999993776,860.8744571745927
39376,33.873804785139605,977.5199999993775,860.8797782624137
39377,33.873804785139605,977.5399999993775,860.8850992361869
39378,33.873804785139605,977.5599999993775,860.8904200959109
39379,33.873804785139605,977.5799999993775,860.8957408415845
39380,33.873804785139605,977.5999999993775,860.9010614732061
39381,33.873804785139605,977.6199999993775,860.9063819907744
39382,33.873804785139605,977.6399999993774,860.911702394288
39383,33.873804785139605,977.6599999993774,860.9170226837455
39384,33.873804785139605,977.6799999993774,860.9223428591454
39385,33.873804785139605,977.6999999993774,860.9276629204863
39386,33.873804785139605,977.7199999993774,860.932982867767
39387,33.873804785139605,977.7399999993773,860.9383027009859
39388,33.873804785139605,977.7599999993773,860.9436224201415
39389,33.873804785139605,977.7799999993773,860.9489420252327
39390,33.873804785139605,977.7999999993773,860.9542615162578
39391,33.873804785139605,977.8199999993773,860.9595808932155
39392,33.873804785139605,977.8399999993773,860.9649001561045
39393,33.873804785139605,977.8599999993772,860.9702193049233
39394,33.873804785139605,977.8799999993772,860.9755383396704
39395,33.873804785139605,977.8999999993772,860.9808572603445
39396,33.873804785139605,977.9199999993772,860.9861760669442
39397,33.873804785139605,977.9399999993772,860.9914947594681
39398,33.873804785139605,977.9599999993771,860.9968133379148
39399,33.873804785139605,977.9799999993771,861.0021318022827
39400,33.873804785139605,977.9999999993771,861.0074501525708
39401,33.873804785139605,978.0199999993771,861.0127683887773
39402,33.873804785139605,978.0399999993771,861.018086510901
39403,33.873804785139605,978.059999999377,861.0234045189403
39404,33.873804785139605,978.079999999377,861.028722412894
39405,33.873804785139605,978.099999999377,861.0340401927607
39406,33.873804785139605,978.119999999377,861.0393578585389
39407,33.873804785139605,978.139999999377,861.0446754102272
39408,33.873804785139605,978.159999999377,861.0499928478242
39409,33.873804785139605,978.179999999377,861.0553101713285
39410,33.873804785139605,978.1999999993769,861.0606273807388
39411,33.873804785139605,978.2199999993769,861.0659444760535
39412,33.873804785139605,978.2399999993769,861.0712614572712
39413,33.873804785139605,978.2599999993769,861.0765783243908
39414,33.873804785139605,978.2799999993769,861.0818950774105
39415,33.873804785139605,978.2999999993768,861.0872117163292
39416,33.873804785139605,978.3199999993768,861.0925282411453
39417,33.873804785139605,978.3399999993768,861.0978446518574
39418,33.873804785139605,978.3599999993768,861.1031609484642
39419,33.873804785139605,978.3799999993768,861.1084771309642
39420,33.873804785139605,978.3999999993767,861.1137931993635
39421,33.873804785139605,978.4199999993767,861.1191091537858
39422,33.873804785139605,978.4399999993767,861.1244249942873
39423,33.873804785139605,978.4599999993767,861.1297407208667
39424,33.873804785139605,978.4799999993767,861.1350563335225
39425,33.873804785139605,978.4999999993767,861.1403718322533
39426,33.873804785139605,978.5199999993766,861.1456872170578
39427,33.873804785139605,978.5399999993766,861.1510024879344
39428,33.873804785139605,978.5599999993766,861.1563176448819
39429,33.873804785139605,978.5799999993766,861.1616326878989
39430,33.873804785139605,978.5999999993766,861.1669476169837
39431,33.873804785139605,978.6199999993765,861.1722624321353
39432,33.873804785139605,978.6399999993765,861.1775771333521
39433,33.873804785139605,978.6599999993765,861.1828917206327
39434,33.873804785139605,978.6799999993765,861.1882061939757
39435,33.873804785139605,978.6999999993765,861.1935205533797
39436,33.873804785139605,978.7199999993765,861.1988347988433
39437,33.873804785139605,978.7399999993764,861.2041489303651
39438,33.873804785139605,978.7599999993764,861.2094629479437
39439,33.873804785139605,978.7799999993764,861.2147768515778
39440,33.873804785139605,978.7999999993764,861.2200906412659
39441,33.873804785139605,978.8199999993764,861.2254043170066
39442,33.873804785139605,978.8399999993763,861.2307178787985
39443,33.873804785139605,978.8599999993763,861.2360313266402
39444,33.873804785139605,978.8799999993763,861.2413446605302
39445,33.873804785139605,978.8999999993763,861.2466578804673
39446,33.873804785139605,978.9199999993763,861.25197098645
39447,33.873804785139605,978.9399999993763,861.257283978477
39448,33.873804785139605,978.9599999993762,861.2625968565467
39449,33.873804785139605,978.9799999993762,861.2679096206579
39450,33.873804785139605,978.9999999993762,861.273222270809
39451,33.873804785139605,979.0199999993762,861.2785348069988
39452,33.873804785139605,979.0399999993762,861.2838472292257
39453,33.873804785139605,979.0599999993761,861.2891595374884
39454,33.873804785139605,979.0799999993761,861.2944717317856
39455,33.873804785139605,979.0999999993761,861.2997838121157
39456,33.873804785139605,979.1199999993761,861.3050957784775
39457,33.873804785139605,979.1399999993761,861.3104076308695
39458,33.873804785139605,979.159999999376,861.3157193692902
39459,33.873804785139605,979.179999999376,861.3210309937383
39460,33.873804785139605,979.199999999376,861.3263425042124
39461,33.873804785139605,979.219999999376,861.3316539007112
39462,33.873804785139605,979.239999999376,861.3369651832331
39463,33.873804785139605,979.259999999376,861.3422763517768
39464,33.873804785139605,979.279999999376,861.347587406341
39465,33.873804785139605,979.2999999993759,861.3528983469241
39466,33.873804785139605,979.3199999993759,861.3582091735249
39467,33.873804785139605,979.3399999993759,861.3635198861418
39468,33.873804785139605,979.3599999993759,861.3688304847735
39469,33.873804785139605,979.3799999993759,861.3741409694186
39470,33.873804785139605,979.3999999993758,861.3794513400757
39471,33.873804785139605,979.4199999993758,861.3847615967532
39472,33.873804785139605,979.4399999993758,861.390071739584
39473,33.873804785139605,979.4599999993758,861.3953817686133
39474,33.873804785139605,979.4799999993758,861.4006916838399
39475,33.873804785139605,979.4999999993757,861.4060014852623
39476,33.873804785139605,979.5199999993757,861.4113111728791
39477,33.873804785139605,979.5399999993757,861.416620746689
39478,33.873804785139605,979.5599999993757,861.4219302066905
39479,33.873804785139605,979.5799999993757,861.4272395528822
39480,33.873804785139605,979.5999999993757,861.4325487852627
39481,33.873804785139605,979.6199999993756,861.4378579038307
39482,33.873804785139605,979.6399999993756,861.4431669085847
39483,33.873804785139605,979.6599999993756,861.4484757995233
39484,33.873804785139605,979.6799999993756,861.4537845766451
39485,33.873804785139605,979.6999999993756,861.4590932399489
39486,33.873804785139605,979.7199999993755,861.464401789433
39487,33.873804785139605,979.7399999993755,861.4697102250963
39488,33.873804785139605,979.7599999993755,861.4750185469371
39489,33.873804785139605,979.7799999993755,861.4803267549543
39490,33.873804785139605,979.7999999993755,861.4856348491463
39491,33.873804785139605,979.8199999993755,861.4909428295118
39492,33.873804785139605,979.8399999993754,861.4962506960494
39493,33.873804785139605,979.8599999993754,861.5015584487577
39494,33.873804785139605,979.8799999993754,861.5068660876352
39495,33.873804785139605,979.8999999993754,861.5121736126806
39496,33.873804785139605,979.9199999993754,861.5174810238925
39497,33.873804785139605,979.9399999993753,861.5227883212696
39498,33.873804785139605,979.9599999993753,861.5280955048103
39499,33.873804785139605,979.9799999993753,861.5334025745133
39500,33.873804785139605,979.9999999993753,861.5387095303772
39501,33.873804785139605,980.0199999993753,861.5440163724007
39502,33.873804785139605,980.0399999993753,861.5493231005823
39503,33.873804785139605,980.0599999993752,861.5546297149207
39504,33.873804785139605,980.0799999993752,861.5599362154144
39505,33.873804785139605,980.0999999993752,861.565242602062
39506,33.873804785139605,980.1199999993752,861.5705488748621
39507,33.873804785139605,980.1399999993752,861.5758550338134
39508,33.873804785139605,980.1599999993751,861.5811610789144
39509,33.873804785139605,980.1799999993751,861.5864670101638
39510,33.873804785139605,980.1999999993751,861.5917728275601
39511,33.873804785139605,980.2199999993751,861.597078531102
39512,33.873804785139605,980.2399999993751,861.6023841207882
39513,33.873804785139605,980.259999999375,861.6076895966171
39514,33.873804785139605,980.279999999375,861.6129949585874
39515,33.873804785139605,980.299999999375,861.6183002066977
39516,33.873804785139605,980.319999999375,861.6236053409465
39517,33.873804785139605,980.339999999375,861.6289103613325
39518,33.873804785139605,980.359999999375,861.6342152678543
39519,33.873804785139605,980.379999999375,861.6395200605106
39520,33.873804785139605,980.3999999993749,861.6448247392998
39521,33.873804785139605,980.4199999993749,861.6501293042206
39522,33.873804785139605,980.4399999993749,861.6554337552841
39523,33.873804785139605,980.4599999993749,861.6607380926362
39524,33.873804785139605,980.4799999993749,861.6660423163117
39525,33.873804785139605,980.4999999993748,861.6713464263096
39526,33.873804785139605,980.5199999993748,861.6766504226282
39527,33.873804785139605,980.5399999993748,861.6819543052662
39528,33.873804785139605,980.5599999993748,861.6872580742222
39529,33.873804785139605,980.5799999993748,861.6925617294947
39530,33.873804785139605,980.5999999993747,861.6978652710825
39531,33.873804785139605,980.6199999993747,861.7031686989841
39532,33.873804785139605,980.6399999993747,861.708472013198
39533,33.873804785139605,980.6599999993747,861.713775213723
39534,33.873804785139605,980.6799999993747,861.7190783005576
39535,33.873804785139605,980.6999999993747,861.7243812737005
39536,33.873804785139605,980.7199999993746,861.7296841331502
39537,33.873804785139605,980.7399999993746,861.7349868789053
39538,33.873804785139605,980.7599999993746,861.7402895109644
39539,33.873804785139605,980.7799999993746,861.7455920293262
39540,33.873804785139605,980.7999999993746,861.7508944339892
39541,33.873804785139605,980.8199999993745,861.756196724952
39542,33.873804785139605,980.8399999993745,861.7614989022132
39543,33.873804785139605,980.8599999993745,861.7668009657716
39544,33.873804785139605,980.8799999993745,861.7721029156255
39545,33.873804785139605,980.8999999993745,861.7774047517737
39546,33.873804785139605,980.9199999993745,861.7827064742148
39547,33.873804785139605,980.9399999993744,861.7880080829474
39548,33.873804785139605,980.9599999993744,861.7933095779699
39549,33.873804785139605,980.9799999993744,861.7986109592812
39550,33.873804785139605,980.9999999993744,861.8039122268797
39551,33.873804785139605,981.0199999993744,861.809213380764
39552,33.873804785139605,981.0399999993743,861.8145144209329
39553,33.873804785139605,981.0599999993743,861.8198153473849
39554,33.873804785139605,981.0799999993743,861.8251161601185
39555,33.873804785139605,981.0999999993743,861.8304168591324
39556,33.873804785139605,981.1199999993743,861.8357174444252
39557,33.873804785139605,981.1399999993743,861.8410179159955
39558,33.873804785139605,981.1599999993742,861.8463182738419
39559,33.873804785139605,981.1799999993742,861.8516185179631
39560,33.873804785139605,981.1999999993742,861.8569186483575
39561,33.873804785139605,981.2199999993742,861.8622186650238
39562,33.873804785139605,981.2399999993742,861.8675185679606
39563,33.873804785139605,981.2599999993741,861.8728183571666
39564,33.873804785139605,981.2799999993741,861.8781180326403
39565,33.873804785139605,981.2999999993741,861.8834175943803
39566,33.873804785139605,981.3199999993741,861.8887170423852
39567,33.873804785139605,981.3399999993741,861.8940163766537
39568,33.873804785139605,981.359999999374,861.8993155971842
39569,33.873804785139605,981.379999999374,861.9046147039755
39570,33.873804785139605,981.399999999374,861.9099136970262
39571,33.873804785139605,981.419999999374,861.9152125763349
39572,33.873804785139605,981.439999999374,861.9205113419
39573,33.873804785139605,981.459999999374,861.9258099937349
39574,33.828142330836975,981.479999999374,861.9311085319933
39575,33.828142330836975,981.4999999993739,861.9364069566986
39576,33.828142330836975,981.5199999993739,861.9417052678493
39577,33.828142330836975,981.5399999993739,861.947003465444
39578,33.828142330836975,981.5599999993739,861.9523015494815
39579,33.828142330836975,981.5799999993739,861.9575995199602
39580,33.828142330836975,981.5999999993738,861.9628973768788
39581,33.828142330836975,981.6199999993738,861.9681951202359
39582,33.828142330836975,981.6399999993738,861.9734927500302
39583,33.828142330836975,981.6599999993738,861.9787902662603
39584,33.828142330836975,981.6799999993738,861.9840876689246
39585,33.828142330836975,981.6999999993737,861.989384958022
39586,33.828142330836975,981.7199999993737,861.994682133551
39587,33.828142330836975,981.7399999993737,861.9999791955103
39588,33.828142330836975,981.7599999993737,862.0052761438984
39589,33.828142330836975,981.7799999993737,862.010572978714
39590,33.828142330836975,981.7999999993737,862.0158696999557
39591,33.828142330836975,981.8199999993736,862.0211663076221
39592,33.828142330836975,981.8399999993736,862.0264628017119
39593,33.828142330836975,981.8599999993736,862.0317591822236
39594,33.828142330836975,981.8799999993736,862.0370554491559
39595,33.828142330836975,981.8999999993736,862.0423516025073
39596,33.828142330836975,981.9199999993735,862.0476476422766
39597,33.828142330836975,981.9399999993735,862.0529435684623
39598,33.828142330836975,981.9599999993735,862.0582393810631
39599,33.828142330836975,981.9799999993735,862.0635350800776
39600,33.828142330836975,981.9999999993735,862.0688306655044
39601,33.828142330836975,982.0199999993735,862.074126137342
39602,33.828142330836975,982.0399999993734,862.0794214955891
39603,33.828142330836975,982.0599999993734,862.0847167402445
39604,33.828142330836975,982.0799999993734,862.0900118713066
39605,33.828142330836975,982.0999999993734,862.0953068887741
39606,33.828142330836975,982.1199999993734,862.1006017926455
39607,33.828142330836975,982.1399999993733,862.1058965829196
39608,33.828142330836975,982.1599999993733,862.111191259595
39609,33.828142330836975,982.1799999993733,862.1164858226703
39610,33.828142330836975,982.1999999993733,862.121780272144
39611,33.828142330836975,982.2199999993733,862.1270746080148
39612,33.828142330836975,982.2399999993733,862.1323688302814
39613,33.828142330836975,982.2599999993732,862.1376629389423
39614,33.828142330836975,982.2799999993732,862.1429569339962
39615,33.828142330836975,982.2999999993732,862.1482508154417
39616,33.828142330836975,982.3199999993732,862.1535445832773
39617,33.828142330836975,982.3399999993732,862.1588382375018
39618,33.828142330836975,982.3599999993731,862.1641317781136
39619,33.828142330836975,982.3799999993731,862.1694252051116
39620,33.828142330836975,982.3999999993731,862.1747185184943
39621,33.828142330836975,982.4199999993731,862.1800117182603
39622,33.828142330836975,982.4399999993731,862.1853048044081
39623,33.828142330836975,982.459999999373,862.1905977769366
39624,33.828142330836975,982.479999999373,862.195890635862
39625,33.828142330836975,982.499999999373,862.2011833813314
39626,33.828142330836975,982.519999999373,862.2064760133577
39627,33.828142330836975,982.539999999373,862.2117685319396
39628,33.828142330836975,982.559999999373,862.2170609370758
39629,33.828142330836975,982.579999999373,862.2223532287647
39630,33.828142330836975,982.5999999993729,862.2276454070052
39631,33.828142330836975,982.6199999993729,862.2329374717956
39632,33.828142330836975,982.6399999993729,862.2382294231347
39633,33.828142330836975,982.6599999993729,862.2435212610212
39634,33.828142330836975,982.6799999993729,862.2488129854536
39635,33.828142330836975,982.6999999993728,862.2541045964305
39636,33.828142330836975,982.7199999993728,862.2593960939505
39637,33.828142330836975,982.7399999993728,862.2646874780123
39638,33.828142330836975,982.7599999993728,862.2699787486146
39639,33.828142330836975,982.7799999993728,862.2752699057557
39640,33.828142330836975,982.7999999993727,862.2805609494346
39641,33.828142330836975,982.8199999993727,862.2858518796497
39642,33.828142330836975,982.8399999993727,862.2911426963997
39643,33.828142330836975,982.8599999993727,862.2964333996831
39644,33.828142330836975,982.8799999993727,862.3017239894987
39645,33.828142330836975,982.8999999993727,862.3070144658449
39646,33.828142330836975,982.9199999993726,862.3123048287205
39647,33.828142330836975,982.9399999993726,862.317595078124
39648,33.828142330836975,982.9599999993726,862.322885214054
39649,33.828142330836975,982.9799999993726,862.3281752365093
39650,33.828142330836975,982.9999999993726,862.3334651454884
39651,33.828142330836975,983.0199999993725,862.3387549409899
39652,33.828142330836975,983.0399999993725,862.3440446230126
39653,33.828142330836975,983.0599999993725,862.3493341915548
39654,33.828142330836975,983.0799999993725,862.3546236466153
39655,33.828142330836975,983.0999999993725,862.3599129881928
39656,33.828142330836975,983.1199999993725,862.3652022162858
39657,33.828142330836975,983.1399999993724,862.3704913308928
39658,33.828142330836975,983.1599999993724,862.3757803320127
39659,33.828142330836975,983.1799999993724,862.381069219644
39660,33.828142330836975,983.1999999993724,862.3863579937853
39661,33.828142330836975,983.2199999993724,862.3916466544351
39662,33.828142330836975,983.2399999993723,862.3969352015922
39663,33.828142330836975,983.2599999993723,862.4022236352552
39664,33.828142330836975,983.2799999993723,862.4075119554226
39665,33.828142330836975,983.2999999993723,862.4128001620932
39666,33.828142330836975,983.3199999993723,862.4180882552654
39667,33.828142330836975,983.3399999993723,862.423376234938
39668,33.828142330836975,983.3599999993722,862.4286641011096
39669,33.828142330836975,983.3799999993722,862.4339518537787
39670,33.828142330836975,983.3999999993722,862.439239492944
39671,33.828142330836975,983.4199999993722,862.4445270186042
39672,33.828142330836975,983.4399999993722,862.4498144307577
39673,33.828142330836975,983.4599999993721,862.4551017294033
39674,33.828142330836975,983.4799999993721,862.4603889145395
39675,33.828142330836975,983.4999999993721,862.4656759861949
39676,33.828142330836975,983.5199999993721,862.4709629445143
39677,33.828142330836975,983.5399999993721,862.4762497895093
39678,33.828142330836975,983.559999999372,862.4815365211784
39679,33.828142330836975,983.579999999372,862.4868231395204
39680,33.828142330836975,983.599999999372,862.4921096445338
39681,33.828142330836975,983.619999999372,862.4973960362172
39682,33.828142330836975,983.639999999372,862.5026823145693
39683,33.828142330836975,983.659999999372,862.5079684795886
39684,33.828142330836975,983.679999999372,862.5132545312739
39685,33.828142330836975,983.6999999993719,862.5185404696238
39686,33.828142330836975,983.7199999993719,862.5238262946367
39687,33.828142330836975,983.7399999993719,862.5291120063115
39688,33.828142330836975,983.7599999993719,862.5343976046466
39689,33.828142330836975,983.7799999993719,862.5396830896409
39690,33.828142330836975,983.7999999993718,862.5449684612928
39691,33.828142330836975,983.8199999993718,862.550253719601
39692,33.828142330836975,983.8399999993718,862.555538864564
39693,33.828142330836975,983.8599999993718,862.5608238961806
39694,33.828142330836975,983.8799999993718,862.5661088144494
39695,33.828142330836975,983.8999999993717,862.5713936193689
39696,33.828142330836975,983.9199999993717,862.5766783109378
39697,33.828142330836975,983.9399999993717,862.5819628891549
39698,33.828142330836975,983.9599999993717,862.5872473540185
39699,33.828142330836975,983.9799999993717,862.5925317055273
39700,33.828142330836975,983.9999999993717,862.5978159436801
39701,33.828142330836975,984.0199999993716,862.6031000684753
39702,33.828142330836975,984.0399999993716,862.6083840799117
39703,33.828142330836975,984.0599999993716,862.6136679779879
39704,33.828142330836975,984.0799999993716,862.6189517627025
39705,33.828142330836975,984.0999999993716,862.6242354340542
39706,33.828142330836975,984.1199999993715,862.6295189920414
39707,33.828142330836975,984.1399999993715,862.634802436663
39708,33.828142330836975,984.1599999993715,862.6400857679174
39709,33.828142330836975,984.1799999993715,862.6453689858033
39710,33.828142330836975,984.1999999993715,862.6506520903193
39711,33.828142330836975,984.2199999993715,862.6559350814641
39712,33.828142330836975,984.2399999993714,862.6612179592363
39713,33.828142330836975,984.2599999993714,862.6665007236345
39714,33.828142330836975,984.2799999993714,862.6717833746574
39715,33.828142330836975,984.2999999993714,862.6770659123035
39716,33.828142330836975,984.3199999993714,862.6823483365715
39717,33.828142330836975,984.3399999993713,862.6876306474601
39718,33.828142330836975,984.3599999993713,862.6929128449677
39719,33.828142330836975,984.3799999993713,862.6981949290931
39720,33.828142330836975,984.3999999993713,862.7034768998349
39721,33.828142330836975,984.4199999993713,862.7087587571916
39722,33.828142330836975,984.4399999993713,862.714040501162
39723,33.828142330836975,984.4599999993712,862.7193221317447
39724,33.828142330836975,984.4799999993712,862.7246036489382
39725,33.828142330836975,984.4999999993712,862.7298850527413
39726,33.828142330836975,984.5199999993712,862.7351663431937
39727,33.828142330836975,984.5399999993712,862.7404475204314
39728,33.828142330836975,984.5599999993711,862.7457285844639
39729,33.828142330836975,984.5799999993711,862.7510095352898
39730,33.828142330836975,984.5999999993711,862.7562903729078
39731,33.828142330836975,984.6199999993711,862.7615710973164
39732,33.828142330836975,984.6399999993711,862.7668517085143
39733,33.828142330836975,984.659999999371,862.7721322065001
39734,33.828142330836975,984.679999999371,862.7774125912725
39735,33.828142330836975,984.699999999371,862.7826928628301
39736,33.828142330836975,984.719999999371,862.7879730211715
39737,33.828142330836975,984.739999999371,862.7932530662953
39738,33.828142330836975,984.759999999371,862.7985329982001
39739,33.828142330836975,984.779999999371,862.8038128168847
39740,33.828142330836975,984.7999999993709,862.8090925223476
39741,33.828142330836975,984.8199999993709,862.8143721145874
39742,33.828142330836975,984.8399999993709,862.8196515936028
39743,33.828142330836975,984.8599999993709,862.8249309593924
39744,33.828142330836975,984.8799999993709,862.8302102119549
39745,33.828142330836975,984.8999999993708,862.8354893512889
39746,33.828142330836975,984.9199999993708,862.8407683773929
39747,33.828142330836975,984.9399999993708,862.8460472902657
39748,33.828142330836975,984.9599999993708,862.8513260899058
39749,33.828142330836975,984.9799999993708,862.8566047763119
39750,33.828142330836975,984.9999999993707,862.8618833494826
39751,33.828142330836975,985.0199999993707,862.8671618094165
39752,33.828142330836975,985.0399999993707,862.8724401561124
39753,33.828142330836975,985.0599999993707,862.8777183895687
39754,33.828142330836975,985.0799999993707,862.8829965097842
39755,33.828142330836975,985.0999999993707,862.8882745167575
39756,33.828142330836975,985.1199999993706,862.8935524104872
39757,33.828142330836975,985.1399999993706,862.8988301909719
39758,33.828142330836975,985.1599999993706,862.9041078582103
39759,33.828142330836975,985.1799999993706,862.9093854122009
39760,33.828142330836975,985.1999999993706,862.9146628529425
39761,33.828142330836975,985.2199999993705,862.9199401804335
39762,33.828142330836975,985.2399999993705,862.9252173946728
39763,33.828142330836975,985.2599999993705,862.9304944956589
39764,33.828142330836975,985.2799999993705,862.9357714833905
39765,33.828142330836975,985.2999999993705,862.9410483578661
39766,33.828142330836975,985.3199999993705,862.9463251190843
39767,33.828142330836975,985.3399999993704,862.9516017670439
39768,33.828142330836975,985.3599999993704,862.9568783017435
39769,33.828142330836975,985.3799999993704,862.9621547231816
39770,33.828142330836975,985.3999999993704,862.9674310313569
39771,33.828142330836975,985.4199999993704,862.9727072262681
39772,33.828142330836975,985.4399999993703,862.9779833079137
39773,33.828142330836975,985.4599999993703,862.9832592762925
39774,33.828142330836975,985.4799999993703,862.9885351314031
39775,33.828142330836975,985.4999999993703,862.993810873244
39776,33.828142330836975,985.5199999993703,862.9990865018138
39777,33.828142330836975,985.5399999993703,863.0043620171671
39778,33.828142330836975,985.5599999993702,863.0096374194393
39779,33.828142330836975,985.5799999993702,863.0149127086382
39780,33.828142330836975,985.5999999993702,863.0201878847625
39781,33.828142330836975,985.6199999993702,863.0254629478108
39782,33.828142330836975,985.6399999993702,863.0307378977816
39783,33.828142330836975,985.6599999993701,863.0360127346737
39784,33.828142330836975,985.6799999993701,863.0412874584856
39785,33.828142330836975,985.6999999993701,863.0465620692161
39786,33.828142330836975,985.7199999993701,863.0518365668637
39787,33.828142330836975,985.7399999993701,863.057110951427
39788,33.828142330836975,985.75999999937,863.0623852229048
39789,33.828142330836975,985.77999999937,863.0676593812957
39790,33.828142330836975,985.79999999937,863.0729334265983
39791,33.828142330836975,985.81999999937,863.0782073588111
39792,33.828142330836975,985.83999999937,863.083481177933
39793,33.828142330836975,985.85999999937,863.0887548839623
39794,33.828142330836975,985.8799999993699,863.094028476898
39795,33.828142330836975,985.8999999993699,863.0993019567385
39796,33.828142330836975,985.9199999993699,863.1045753234824
39797,33.828142330836975,985.9399999993699,863.1098485771286
39798,33.828142330836975,985.9599999993699,863.1151217176755
39799,33.828142330836975,985.9799999993699,863.1203947451218
39800,33.828142330836975,985.9999999993698,863.1256676594661
39801,33.828142330836975,986.0199999993698,863.1309404607072
39802,33.828142330836975,986.0399999993698,863.1362131488435
39803,33.828142330836975,986.0599999993698,863.1414857238738
39804,33.828142330836975,986.0799999993698,863.1467581857966
39805,33.78258237400309,986.0999999993697,863.1520305346106
39806,33.78258237400309,986.1199999993697,863.1573027703146
39807,33.78258237400309,986.1399999993697,863.162574892907
39808,33.78258237400309,986.1599999993697,863.1678469023865
39809,33.78258237400309,986.1799999993697,863.1731187987518
39810,33.78258237400309,986.1999999993697,863.1783905820015
39811,33.78258237400309,986.2199999993696,863.1836622521342
39812,33.78258237400309,986.2399999993696,863.1889338091486
39813,33.78258237400309,986.2599999993696,863.1942052530433
39814,33.78258237400309,986.2799999993696,863.1994765838169
39815,33.78258237400309,986.2999999993696,863.2047478014681
39816,33.78258237400309,986.3199999993695,863.2100189059955
39817,33.78258237400309,986.3399999993695,863.2152898973978
39818,33.78258237400309,986.3599999993695,863.2205607756736
39819,33.78258237400309,986.3799999993695,863.2258315408214
39820,33.78258237400309,986.3999999993695,863.23110219284
39821,33.78258237400309,986.4199999993695,863.236372731728
39822,33.78258237400309,986.4399999993694,863.2416431574841
39823,33.78258237400309,986.4599999993694,863.2469134701067
39824,33.78258237400309,986.4799999993694,863.2521836695947
39825,33.78258237400309,986.4999999993694,863.2574537559467
39826,33.78258237400309,986.5199999993694,863.2627237291612
39827,33.78258237400309,986.5399999993693,863.2679935892369
39828,33.78258237400309,986.5599999993693,863.2732633362311
39829,33.78258237400309,986.5799999993693,863.2785329702535
39830,33.78258237400309,986.5999999993693,863.2838024913084
39831,33.78258237400309,986.6199999993693,863.2890718993943
39832,33.78258237400309,986.6399999993693,863.29434119451
39833,33.78258237400309,986.6599999993692,863.2996103766542
39834,33.78258237400309,986.6799999993692,863.3048794458253
39835,33.78258237400309,986.6999999993692,863.3101484020222
39836,33.78258237400309,986.7199999993692,863.3154172452433
39837,33.78258237400309,986.7399999993692,863.3206859754874
39838,33.78258237400309,986.7599999993691,863.3259545927532
39839,33.78258237400309,986.7799999993691,863.3312230970391
39840,33.78258237400309,986.7999999993691,863.336491488344
39841,33.78258237400309,986.8199999993691,863.3417597666664
39842,33.78258237400309,986.8399999993691,863.3470279320051
39843,33.78258237400309,986.859999999369,863.3522959843584
39844,33.78258237400309,986.879999999369,863.3575639237253
39845,33.78258237400309,986.899999999369,863.3628317501042
39846,33.78258237400309,986.919999999369,863.3680994634939
39847,33.78258237400309,986.939999999369,863.3733670638929
39848,33.78258237400309,986.959999999369,863.3786345513
39849,33.78258237400309,986.9799999993689,863.3839019257138
39850,33.78258237400309,986.9999999993689,863.3891691871328
39851,33.78258237400309,987.0199999993689,863.3944363355558
39852,33.78258237400309,987.0399999993689,863.3997033709815
39853,33.78258237400309,987.0599999993689,863.4049702934083
39854,33.78258237400309,987.0799999993689,863.4102371028349
39855,33.78258237400309,987.0999999993688,863.4155037992601
39856,33.78258237400309,987.1199999993688,863.4207703826825
39857,33.78258237400309,987.1399999993688,863.4260368531006
39858,33.78258237400309,987.1599999993688,863.4313032105132
39859,33.78258237400309,987.1799999993688,863.4365694549189
39860,33.78258237400309,987.1999999993687,863.4418355863163
39861,33.78258237400309,987.2199999993687,863.447101604704
39862,33.78258237400309,987.2399999993687,863.4523675100808
39863,33.78258237400309,987.2599999993687,863.4576333024452
39864,33.78258237400309,987.2799999993687,863.4628989817959
39865,33.78258237400309,987.2999999993687,863.4681645481315
39866,33.78258237400309,987.3199999993686,863.4734300014508
39867,33.78258237400309,987.3399999993686,863.4786953417522
39868,33.78258237400309,987.3599999993686,863.4839605690345
39869,33.78258237400309,987.3799999993686,863.4892256832962
39870,33.78258237400309,987.3999999993686,863.4944906845361
39871,33.78258237400309,987.4199999993685,863.4997555727529
39872,33.78258237400309,987.4399999993685,863.505020347945
39873,33.78258237400309,987.4599999993685,863.5102850101111
39874,33.78258237400309,987.4799999993685,863.5155495592501
39875,33.78258237400309,987.4999999993685,863.5208139953603
39876,33.78258237400309,987.5199999993685,863.5260783184406
39877,33.78258237400309,987.5399999993684,863.5313425284894
39878,33.78258237400309,987.5599999993684,863.5366066255056
39879,33.78258237400309,987.5799999993684,863.5418706095612
39880,33.78258237400309,987.5999999993684,863.5471344807644
39881,33.78258237400309,987.6199999993684,863.5523982391176
39882,33.78258237400309,987.6399999993683,863.5576618846195
39883,33.78258237400309,987.6599999993683,863.5629254172688
39884,33.78258237400309,987.6799999993683,863.5681888370642
39885,33.78258237400309,987.6999999993683,863.5734521440041
39886,33.78258237400309,987.7199999993683,863.5787153380874
39887,33.78258237400309,987.7399999993683,863.5839784193126
39888,33.78258237400309,987.7599999993682,863.5892413876785
39889,33.78258237400309,987.7799999993682,863.5945042431836
39890,33.78258237400309,987.7999999993682,863.5997669858266
39891,33.78258237400309,987.8199999993682,863.6050296156061
39892,33.78258237400309,987.8399999993682,863.6102921325208
39893,33.78258237400309,987.8599999993681,863.6155545365694
39894,33.78258237400309,987.8799999993681,863.6208168277504
39895,33.78258237400309,987.8999999993681,863.6260790060626
39896,33.78258237400309,987.9199999993681,863.6313410715046
39897,33.78258237400309,987.9399999993681,863.636603024075
39898,33.78258237400309,987.959999999368,863.6418648637725
39899,33.78258237400309,987.979999999368,863.6471265905957
39900,33.78258237400309,987.999999999368,863.6523882045433
39901,33.78258237400309,988.019999999368,863.6576497056138
39902,33.78258237400309,988.039999999368,863.6629110938061
39903,33.78258237400309,988.059999999368,863.6681723691187
39904,33.78258237400309,988.0799999993679,863.6734335315502
39905,33.78258237400309,988.0999999993679,863.6786945810994
39906,33.78258237400309,988.1199999993679,863.6839555177648
39907,33.78258237400309,988.1399999993679,863.6892163415451
39908,33.78258237400309,988.1599999993679,863.6944770524391
39909,33.78258237400309,988.1799999993679,863.6997376504452
39910,33.78258237400309,988.1999999993678,863.7049981355622
39911,33.78258237400309,988.2199999993678,863.7102585077886
39912,33.78258237400309,988.2399999993678,863.7155187671232
39913,33.78258237400309,988.2599999993678,863.7207789135646
39914,33.78258237400309,988.2799999993678,863.7260389471114
39915,33.78258237400309,988.2999999993677,863.7312988677623
39916,33.78258237400309,988.3199999993677,863.736558675516
39917,33.78258237400309,988.3399999993677,863.7418183703711
39918,33.78258237400309,988.3599999993677,863.7470779523262
39919,33.78258237400309,988.3799999993677,863.75233742138
39920,33.78258237400309,988.3999999993677,863.7575967775311
39921,33.78258237400309,988.4199999993676,863.7628560207783
39922,33.78258237400309,988.4399999993676,863.76811515112
39923,33.78258237400309,988.4599999993676,863.773374168555
39924,33.78258237400309,988.4799999993676,863.778633073082
39925,33.78258237400309,988.4999999993676,863.7838918646995
39926,33.78258237400309,988.5199999993675,863.7891505434063
39927,33.78258237400309,988.5399999993675,863.794409109201
39928,33.78258237400309,988.5599999993675,863.7996675620822
39929,33.78258237400309,988.5799999993675,863.8049259020485
39930,33.78258237400309,988.5999999993675,863.8101841291834
39931,33.78258237400309,988.6199999993675,863.8154422435862
39932,33.78258237400309,988.6399999993674,863.8207002452572
39933,33.78258237400309,988.6599999993674,863.825958134195
39934,33.78258237400309,988.6799999993674,863.8312159103986
39935,33.78258237400309,988.6999999993674,863.8364735738663
39936,33.78258237400309,988.7199999993674,863.8417311245969
39937,33.78258237400309,988.7399999993673,863.846988562589
39938,33.78258237400309,988.7599999993673,863.8522458878413
39939,33.78258237400309,988.7799999993673,863.8575031003525
39940,33.78258237400309,988.7999999993673,863.8627602001211
39941,33.78258237400309,988.8199999993673,863.8680171871459
39942,33.78258237400309,988.8399999993673,863.8732740614255
39943,33.78258237400309,988.8599999993672,863.8785308229585
39944,33.78258237400309,988.8799999993672,863.8837874717436
39945,33.78258237400309,988.8999999993672,863.8890440077796
39946,33.78258237400309,988.9199999993672,863.894300431065
39947,33.78258237400309,988.9399999993672,863.8995567415984
39948,33.78258237400309,988.9599999993671,863.9048129393785
39949,33.78258237400309,988.9799999993671,863.910069024404
39950,33.78258237400309,988.9999999993671,863.9153249966736
39951,33.78258237400309,989.0199999993671,863.9205808561858
39952,33.78258237400309,989.0399999993671,863.9258366029394
39953,33.78258237400309,989.059999999367,863.931092236933
39954,33.78258237400309,989.079999999367,863.9363477581652
39955,33.78258237400309,989.099999999367,863.9416031666348
39956,33.78258237400309,989.119999999367,863.9468584623403
39957,33.78258237400309,989.139999999367,863.9521136452804
39958,33.78258237400309,989.159999999367,863.9573687154539
39959,33.78258237400309,989.1799999993669,863.9626236728592
39960,33.78258237400309,989.1999999993669,863.9678785174951
39961,33.78258237400309,989.2199999993669,863.9731332493603
39962,33.78258237400309,989.2399999993669,863.9783878684534
39963,33.78258237400309,989.2599999993669,863.983642374773
39964,33.78258237400309,989.2799999993669,863.9888967683178
39965,33.78258237400309,989.2999999993668,863.9941510490864
39966,33.78258237400309,989.3199999993668,863.9994052170775
39967,33.78258237400309,989.3399999993668,864.0046592722898
39968,33.78258237400309,989.3599999993668,864.0099132147219
39969,33.78258237400309,989.3799999993668,864.0151670443726
39970,33.78258237400309,989.3999999993667,864.0204207612403
39971,33.78258237400309,989.4199999993667,864.0256743653238
39972,33.78258237400309,989.4399999993667,864.0309278566217
39973,33.78258237400309,989.4599999993667,864.0361812351327
39974,33.78258237400309,989.4799999993667,864.0414345008555
39975,33.78258237400309,989.4999999993667,864.0466876537887
39976,33.78258237400309,989.5199999993666,864.051940693931
39977,33.78258237400309,989.5399999993666,864.0571936212809
39978,33.78258237400309,989.5599999993666,864.0624464358373
39979,33.78258237400309,989.5799999993666,864.0676991375987
39980,33.78258237400309,989.5999999993666,864.0729517265642
39981,33.78258237400309,989.6199999993665,864.0782042028279
39982,33.78258237400309,989.6399999993665,864.0834565664801
39983,33.78258237400309,989.6599999993665,864.0887088175193
39984,33.78258237400309,989.6799999993665,864.0939609559443
39985,33.78258237400309,989.6999999993665,864.0992129817538
39986,33.78258237400309,989.7199999993665,864.1044648949463
39987,33.78258237400309,989.7399999993664,864.1097166955205
39988,33.78258237400309,989.7599999993664,864.1149683834751
39989,33.78258237400309,989.7799999993664,864.1202199588088
39990,33.78258237400309,989.7999999993664,864.1254714215202
39991,33.78258237400309,989.8199999993664,864.1307227716079
39992,33.78258237400309,989.8399999993663,864.1359740090707
39993,33.78258237400309,989.8599999993663,864.141225133907
39994,33.78258237400309,989.8799999993663,864.1464761461158
39995,33.78258237400309,989.8999999993663,864.1517270456956
39996,33.78258237400309,989.9199999993663,864.156977832645
39997,33.78258237400309,989.9399999993663,864.1622285069628
39998,33.78258237400309,989.9599999993662,864.1674790686476
39999,33.78258237400309,989.9799999993662,864.172729517698
40000,33.78258237400309,989.9999999993662,864.1779798541128
40001,33.78258237400309,990.0199999993662,864.1832300778906
40002,33.78258237400309,990.0399999993662,864.18848018903
40003,33.78258237400309,990.0599999993661,864.1937301875297
40004,33.78258237400309,990.0799999993661,864.1989800733884
40005,33.78258237400309,990.0999999993661,864.2042298466047
40006,33.78258237400309,990.1199999993661,864.2094795071772
40007,33.78258237400309,990.1399999993661,864.2147290551047
40008,33.78258237400309,990.159999999366,864.2199784903859
40009,33.78258237400309,990.179999999366,864.2252278130193
40010,33.78258237400309,990.199999999366,864.2304770230036
40011,33.78258237400309,990.219999999366,864.2357261203375
40012,33.78258237400309,990.239999999366,864.2409751050197
40013,33.78258237400309,990.259999999366,864.2462239770489
40014,33.78258237400309,990.2799999993659,864.2514727364236
40015,33.78258237400309,990.2999999993659,864.2567213831425
40016,33.78258237400309,990.3199999993659,864.2619699172043
40017,33.78258237400309,990.3399999993659,864.2672183386077
40018,33.78258237400309,990.3599999993659,864.2724666473513
40019,33.78258237400309,990.3799999993659,864.2777148434337
40020,33.78258237400309,990.3999999993658,864.2829629268538
40021,33.78258237400309,990.4199999993658,864.28821089761
40022,33.78258237400309,990.4399999993658,864.2934587557012
40023,33.78258237400309,990.4599999993658,864.2987065011258
40024,33.78258237400309,990.4799999993658,864.3039541338826
40025,33.78258237400309,990.4999999993657,864.3092016539703
40026,33.78258237400309,990.5199999993657,864.3144490613874
40027,33.78258237400309,990.5399999993657,864.3196963561328
40028,33.78258237400309,990.5599999993657,864.324943538205
40029,33.78258237400309,990.5799999993657,864.3301906076027
40030,33.78258237400309,990.5999999993657,864.3354375643246
40031,33.78258237400309,990.6199999993656,864.3406844083721
40032,33.78258237400309,990.6399999993656,864.345931139854
40033,33.78258237400309,990.6599999993656,864.3511777588539
40034,33.78258237400309,990.6799999993656,864.3564242653703
40035,33.78258237400309,990.6999999993656,864.361670659402
40036,33.78258237400309,990.7199999993655,864.3669169409477
40037,33.737124592823704,990.7399999993655,864.372163110006
40038,33.737124592823704,990.7599999993655,864.3774091665756
40039,33.737124592823704,990.7799999993655,864.3826551106552
40040,33.737124592823704,990.7999999993655,864.3879009422434
40041,33.737124592823704,990.8199999993655,864.393146661339
40042,33.737124592823704,990.8399999993654,864.3983922679405
40043,33.737124592823704,990.8599999993654,864.4036377620466
40044,33.737124592823704,990.8799999993654,864.4088831436561
40045,33.737124592823704,990.8999999993654,864.4141284127676
40046,33.737124592823704,990.9199999993654,864.4193735693797
40047,33.737124592823704,990.9399999993653,864.4246186134911
40048,33.737124592823704,990.9599999993653,864.4298635451006
40049,33.737124592823704,990.9799999993653,864.4351083642067
40050,33.737124592823704,990.9999999993653,864.4403530708082
40051,33.737124592823704,991.0199999993653,864.4455976649037
40052,33.737124592823704,991.0399999993653,864.4508421464919
40053,33.737124592823704,991.0599999993652,864.4560865155714
40054,33.737124592823704,991.0799999993652,864.461330772141
40055,33.737124592823704,991.0999999993652,864.4665749161992
40056,33.737124592823704,991.1199999993652,864.4718189477449
40057,33.737124592823704,991.1399999993652,864.4770628667766
40058,33.737124592823704,991.1599999993651,864.482306673293
40059,33.737124592823704,991.1799999993651,864.4875503672928
40060,33.737124592823704,991.1999999993651,864.4927939487746
40061,33.737124592823704,991.2199999993651,864.4980374177372
40062,33.737124592823704,991.2399999993651,864.5032807741792
40063,33.737124592823704,991.259999999365,864.5085240180993
40064,33.737124592823704,991.279999999365,864.513767149496
40065,33.737124592823704,991.299999999365,864.5190101683681
40066,33.737124592823704,991.319999999365,864.5242530747144
40067,33.737124592823704,991.339999999365,864.5294958685333
40068,33.737124592823704,991.359999999365,864.5347385498237
40069,33.737124592823704,991.3799999993649,864.5399811185843
40070,33.737124592823704,991.3999999993649,864.5452235748136
40071,33.737124592823704,991.4199999993649,864.5504659185103
40072,33.737124592823704,991.4399999993649,864.5557081496731
40073,33.737124592823704,991.4599999993649,864.5609502683008
40074,33.737124592823704,991.4799999993648,864.5661922743918
40075,33.737124592823704,991.4999999993648,864.571434167945
40076,33.737124592823704,991.5199999993648,864.576675948959
40077,33.737124592823704,991.5399999993648,864.5819176174324
40078,33.737124592823704,991.5599999993648,864.587159173364
40079,33.737124592823704,991.5799999993648,864.5924006167523
40080,33.737124592823704,991.5999999993647,864.5976419475962
40081,33.737124592823704,991.6199999993647,864.6028831658942
40082,33.737124592823704,991.6399999993647,864.6081242716496
40083,33.737124592823704,991.6599999993647,864.6133652649653
40084,33.737124592823704,991.6799999993647,864.6186061459041
40085,33.737124592823704,991.6999999993646,864.6238469144647
40086,33.737124592823704,991.7199999993646,864.6290875706458
40087,33.737124592823704,991.7399999993646,864.634328114446
40088,33.737124592823704,991.7599999993646,864.639568545864
40089,33.737124592823704,991.7799999993646,864.6448088648986
40090,33.737124592823704,991.7999999993646,864.6500490715482
40091,33.737124592823704,991.8199999993645,864.6552891658117
40092,33.737124592823704,991.8399999993645,864.6605291476877
40093,33.737124592823704,991.8599999993645,864.665769017175
40094,33.737124592823704,991.8799999993645,864.6710087742721
40095,33.737124592823704,991.8999999993645,864.6762484189778
40096,33.737124592823704,991.9199999993644,864.6814879512907
40097,33.737124592823704,991.9399999993644,864.6867273712096
40098,33.737124592823704,991.9599999993644,864.691966678733
40099,33.737124592823704,991.9799999993644,864.6972058738597
40100,33.737124592823704,991.9999999993644,864.7024449565884
40101,33.737124592823704,992.0199999993644,864.7076839269176
40102,33.737124592823704,992.0399999993643,864.7129227848462
40103,33.737124592823704,992.0599999993643,864.7181615303728
40104,33.737124592823704,992.0799999993643,864.723400163496
40105,33.737124592823704,992.0999999993643,864.7286386842145
40106,33.737124592823704,992.1199999993643,864.733877092527
40107,33.737124592823704,992.1399999993642,864.7391153884322
40108,33.737124592823704,992.1599999993642,864.7443535719287
40109,33.737124592823704,992.1799999993642,864.7495916430154
40110,33.737124592823704,992.1999999993642,864.7548296016907
40111,33.737124592823704,992.2199999993642,864.7600674479535
40112,33.737124592823704,992.2399999993642,864.7653051818023
40113,33.737124592823704,992.2599999993641,864.7705428032359
40114,33.737124592823704,992.2799999993641,864.7757803122529
40115,33.737124592823704,992.2999999993641,864.781017708852
40116,33.737124592823704,992.3199999993641,864.7862549930319
40117,33.737124592823704,992.3399999993641,864.7914921647913
40118,33.737124592823704,992.359999999364,864.7967292241289
40119,33.737124592823704,992.379999999364,864.8019661710432
40120,33.737124592823704,992.399999999364,864.8072030055331
40121,33.737124592823704,992.419999999364,864.8124397275972
40122,33.737124592823704,992.439999999364,864.817676337234
40123,33.737124592823704,992.459999999364,864.8229128344425
40124,33.737124592823704,992.4799999993639,864.8281492192211
40125,33.737124592823704,992.4999999993639,864.8333854915687
40126,33.737124592823704,992.5199999993639,864.8386216514839
40127,33.737124592823704,992.5399999993639,864.8438576989653
40128,33.737124592823704,992.5599999993639,864.8490936340116
40129,33.737124592823704,992.5799999993638,864.8543294566216
40130,33.737124592823704,992.5999999993638,864.8595651667938
40131,33.737124592823704,992.6199999993638,864.864800764527
40132,33.737124592823704,992.6399999993638,864.8700362498198
40133,33.737124592823704,992.6599999993638,864.8752716226779
40134,33.737124592823704,992.6799999993638,864.8805068832207
40135,33.737124592823704,992.6999999993637,864.8857420315045
40136,33.737124592823704,992.7199999993637,864.890977067528
40137,33.737124592823704,992.7399999993637,864.8962119912898
40138,33.737124592823704,992.7599999993637,864.9014468027885
40139,33.737124592823704,992.7799999993637,864.906681502023
40140,33.737124592823704,992.7999999993636,864.911916088992
40141,33.737124592823704,992.8199999993636,864.9171505636941
40142,33.737124592823704,992.8399999993636,864.922384926128
40143,33.737124592823704,992.8599999993636,864.9276191762922
40144,33.737124592823704,992.8799999993636,864.9328533141856
40145,33.737124592823704,992.8999999993636,864.9380873398069
40146,33.737124592823704,992.9199999993635,864.9433212531546
40147,33.737124592823704,992.9399999993635,864.9485550542275
40148,33.737124592823704,992.9599999993635,864.9537887430243
40149,33.737124592823704,992.9799999993635,864.9590223195437
40150,33.737124592823704,992.9999999993635,864.9642557837843
40151,33.737124592823704,993.0199999993634,864.9694891357449
40152,33.737124592823704,993.0399999993634,864.974722375424
40153,33.737124592823704,993.0599999993634,864.9799555028204
40154,33.737124592823704,993.0799999993634,864.9851885179329
40155,33.737124592823704,993.0999999993634,864.99042142076
40156,33.737124592823704,993.1199999993634,864.9956542113005
40157,33.737124592823704,993.1399999993633,865.0008868895529
40158,33.737124592823704,993.1599999993633,865.0061194555161
40159,33.737124592823704,993.1799999993633,865.0113519091888
40160,33.737124592823704,993.1999999993633,865.0165842505695
40161,33.737124592823704,993.2199999993633,865.021816479657
40162,33.737124592823704,993.2399999993632,865.02704859645
40163,33.737124592823704,993.2599999993632,865.032280600947
40164,33.737124592823704,993.2799999993632,865.0375124931469
40165,33.737124592823704,993.2999999993632,865.0427442730482
40166,33.737124592823704,993.3199999993632,865.0479759406498
40167,33.737124592823704,993.3399999993632,865.0532074959502
40168,33.737124592823704,993.3599999993631,865.0584389389483
40169,33.737124592823704,993.3799999993631,865.0636702696424
40170,33.737124592823704,993.3999999993631,865.0689014880317
40171,33.737124592823704,993.4199999993631,865.0741325941144
40172,33.737124592823704,993.4399999993631,865.0793635878895
40173,33.737124592823704,993.459999999363,865.0845944693556
40174,33.737124592823704,993.479999999363,865.0898252385113
40175,33.737124592823704,993.499999999363,865.0950558953554
40176,33.737124592823704,993.519999999363,865.1002864398864
40177,33.737124592823704,993.539999999363,865.1055168721032
40178,33.737124592823704,993.559999999363,865.1107471920044
40179,33.737124592823704,993.5799999993629,865.1159773995887
40180,33.737124592823704,993.5999999993629,865.1212074948547
40181,33.737124592823704,993.6199999993629,865.1264374778012
40182,33.737124592823704,993.6399999993629,865.131667348427
40183,33.737124592823704,993.6599999993629,865.1368971067304
40184,33.737124592823704,993.6799999993628,865.1421267527196
40185,33.737124592823704,993.6999999993628,865.147356286523
40186,33.737124592823704,993.7199999993628,865.1525857081859
40187,33.737124592823704,993.7399999993628,865.1578150177073
40188,33.737124592823704,993.7599999993628,865.1630442150857
40189,33.737124592823704,993.7799999993628,865.1682733003198
40190,33.737124592823704,993.7999999993627,865.1735022734083
40191,33.737124592823704,993.8199999993627,865.17873113435
40192,33.737124592823704,993.8399999993627,865.1839598831434
40193,33.737124592823704,993.8599999993627,865.1891885197873
40194,33.737124592823704,993.8799999993627,865.1944170442804
40195,33.737124592823704,993.8999999993626,865.1996454566213
40196,33.737124592823704,993.9199999993626,865.2048737568088
40197,33.737124592823704,993.9399999993626,865.2101019448415
40198,33.737124592823704,993.9599999993626,865.2153300207182
40199,33.737124592823704,993.9799999993626,865.2205579844375
40200,33.737124592823704,993.9999999993626,865.2257858359981
40201,33.737124592823704,994.0199999993625,865.2310135753987
40202,33.737124592823704,994.0399999993625,865.236241202638
40203,33.737124592823704,994.0599999993625,865.2414687177146
40204,33.737124592823704,994.0799999993625,865.2466961206273
40205,33.737124592823704,994.0999999993625,865.2519234113748
40206,33.737124592823704,994.1199999993624,865.2571505899558
40207,33.737124592823704,994.1399999993624,865.2623776563689
40208,33.737124592823704,994.1599999993624,865.2676046106128
40209,33.737124592823704,994.1799999993624,865.2728314526862
40210,33.737124592823704,994.1999999993624,865.2780581825879
40211,33.737124592823704,994.2199999993624,865.2832848003164
40212,33.737124592823704,994.2399999993623,865.2885113058705
40213,33.737124592823704,994.2599999993623,865.2937376992489
40214,33.737124592823704,994.2799999993623,865.2989639804504
40215,33.737124592823704,994.2999999993623,865.3041901494734
40216,33.737124592823704,994.3199999993623,865.3094162063168
40217,33.737124592823704,994.3399999993622,865.3146421509792
40218,33.737124592823704,994.3599999993622,865.3198679834594
40219,33.737124592823704,994.3799999993622,865.325093703756
40220,33.737124592823704,994.3999999993622,865.3303193118677
40221,33.737124592823704,994.4199999993622,865.3355448077932
40222,33.737124592823704,994.4399999993622,865.3407701915312
40223,33.737124592823704,994.4599999993621,865.3459954630803
40224,33.737124592823704,994.4799999993621,865.3512206224393
40225,33.737124592823704,994.4999999993621,865.3564456696068
40226,33.737124592823704,994.5199999993621,865.3616706045816
40227,33.737124592823704,994.5399999993621,865.3668954273624
40228,33.737124592823704,994.559999999362,865.3721201379477
40229,33.737124592823704,994.579999999362,865.3773447363365
40230,33.737124592823704,994.599999999362,865.3825692225272
40231,33.737124592823704,994.619999999362,865.3877935965186
40232,33.737124592823704,994.639999999362,865.3930178583093
40233,33.737124592823704,994.659999999362,865.3982420078983
40234,33.737124592823704,994.6799999993619,865.403466045284
40235,33.737124592823704,994.6999999993619,865.4086899704772
40236,33.737124592823704,994.7199999993619,865.4139137836246
40237,33.737124592823704,994.7399999993619,865.4191374847632
40238,33.737124592823704,994.7599999993619,865.4243610738915
40239,33.737124592823704,994.7799999993618,865.4295845510085
40240,33.737124592823704,994.7999999993618,865.4348079161126
40241,33.737124592823704,994.8199999993618,865.4400311692027
40242,33.737124592823704,994.8399999993618,865.4452543102774
40243,33.737124592823704,994.8599999993618,865.4504773393354
40244,33.737124592823704,994.8799999993618,865.4557002563754
40245,33.737124592823704,994.8999999993617,865.4609230613961
40246,33.737124592823704,994.9199999993617,865.4661457543962
40247,33.737124592823704,994.9399999993617,865.4713683353743
40248,33.737124592823704,994.9599999993617,865.4765908043294
40249,33.737124592823704,994.9799999993617,865.4818131612598
40250,33.737124592823704,994.9999999993616,865.4870354061644
40251,33.737124592823704,995.0199999993616,865.4922575390419
40252,33.737124592823704,995.0399999993616,865.497479559891
40253,33.737124592823704,995.0599999993616,865.5027014687103
40254,33.737124592823704,995.0799999993616,865.5079232654986
40255,33.737124592823704,995.0999999993616,865.5131449502545
40256,33.737124592823704,995.1199999993615,865.5183665229767
40257,33.737124592823704,995.1399999993615,865.523587983664
40258,33.737124592823704,995.1599999993615,865.5288093323151
40259,33.737124592823704,995.1799999993615,865.5340305689285
40260,33.737124592823704,995.1999999993615,865.539251693503
40261,33.737124592823704,995.2199999993614,865.5444727060374
40262,33.737124592823704,995.2399999993614,865.5496936065302
40263,33.737124592823704,995.2599999993614,865.5549143949803
40264,33.737124592823704,995.2799999993614,865.5601350713863
40265,33.737124592823704,995.2999999993614,865.5653556357469
40266,33.737124592823704,995.3199999993614,865.5705760880606
40267,33.737124592823704,995.3399999993613,865.5757964283265
40268,33.737124592823704,995.3599999993613,865.5810166565429
40269,33.737124592823704,995.3799999993613,865.5862367727087
40270,33.69176866678247,995.3999999993613,865.5914567768226
40271,33.69176866678247,995.4199999993613,865.5966766688832
40272,33.69176866678247,995.4399999993612,865.6018964488893
40273,33.69176866678247,995.4599999993612,865.6071161168396
40274,33.69176866678247,995.4799999993612,865.6123356727327
40275,33.69176866678247,995.4999999993612,865.6175551165674
40276,33.69176866678247,995.5199999993612,865.6227744483423
40277,33.69176866678247,995.5399999993612,865.6279936680561
40278,33.69176866678247,995.5599999993611,865.6332127757075
40279,33.69176866678247,995.5799999993611,865.6384317712952
40280,33.69176866678247,995.5999999993611,865.643650654818
40281,33.69176866678247,995.6199999993611,865.6488694262745
40282,33.69176866678247,995.6399999993611,865.6540880856634
40283,33.69176866678247,995.659999999361,865.6593066329833
40284,33.69176866678247,995.679999999361,865.664525068233
40285,33.69176866678247,995.699999999361,865.6697433914113
40286,33.69176866678247,995.719999999361,865.6749616025294
40287,33.69176866678247,995.739999999361,865.6801797017224
40288,33.69176866678247,995.759999999361,865.6853976890123
40289,33.69176866678247,995.7799999993609,865.6906155643978
40290,33.69176866678247,995.7999999993609,865.6958333278776
40291,33.69176866678247,995.8199999993609,865.7010509794503
40292,33.69176866678247,995.8399999993609,865.7062685191146
40293,33.69176866678247,995.8599999993609,865.7114859468693
40294,33.69176866678247,995.8799999993608,865.716703262713
40295,33.69176866678247,995.8999999993608,865.7219204666445
40296,33.69176866678247,995.9199999993608,865.7271375586624
40297,33.69176866678247,995.9399999993608,865.7323545387654
40298,33.69176866678247,995.9599999993608,865.7375714069523
40299,33.69176866678247,995.9799999993608,865.7427881632217
40300,33.69176866678247,995.9999999993607,865.7480048075723
40301,33.69176866678247,996.0199999993607,865.7532213400029
40302,33.69176866678247,996.0399999993607,865.7584377605122
40303,33.69176866678247,996.0599999993607,865.7636540690987
40304,33.69176866678247,996.0799999993607,865.7688702657613
40305,33.69176866678247,996.0999999993606,865.7740863504986
40306,33.69176866678247,996.1199999993606,865.7793023233093
40307,33.69176866678247,996.1399999993606,865.784518184192
40308,33.69176866678247,996.1599999993606,865.7897339331456
40309,33.69176866678247,996.1799999993606,865.7949495701688
40310,33.69176866678247,996.1999999993606,865.8001650952601
40311,33.69176866678247,996.2199999993605,865.8053805084184
40312,33.69176866678247,996.2399999993605,865.8105958096422
40313,33.69176866678247,996.2599999993605,865.8158109989304
40314,33.69176866678247,996.2799999993605,865.8210260762816
40315,33.69176866678247,996.2999999993605,865.8262410416944
40316,33.69176866678247,996.3199999993604,865.8314558951677
40317,33.69176866678247,996.3399999993604,865.8366706367001
40318,33.69176866678247,996.3599999993604,865.8418852662902
40319,33.69176866678247,996.3799999993604,865.8470997839369
40320,33.69176866678247,996.3999999993604,865.8523141896387
40321,33.69176866678247,996.4199999993604,865.8575284833945
40322,33.69176866678247,996.4399999993603,865.8627426652029
40323,33.69176866678247,996.4599999993603,865.8679567350625
40324,33.69176866678247,996.4799999993603,865.8731706929722
40325,33.69176866678247,996.4999999993603,865.8783845389305
40326,33.69176866678247,996.5199999993603,865.8835982729362
40327,33.69176866678247,996.5399999993602,865.888811894988
40328,33.69176866678247,996.5599999993602,865.8940254050846
40329,33.69176866678247,996.5799999993602,865.8992388032246
40330,33.69176866678247,996.5999999993602,865.9044520894068
40331,33.69176866678247,996.6199999993602,865.9096652636299
40332,33.69176866678247,996.6399999993602,865.9148783258926
40333,33.69176866678247,996.6599999993601,865.9200912761935
40334,33.69176866678247,996.6799999993601,865.9253041145314
40335,33.69176866678247,996.6999999993601,865.9305168409049
40336,33.69176866678247,996.7199999993601,865.9357294553129
40337,33.69176866678247,996.7399999993601,865.9409419577706
40338,33.69176866678247,996.75999999936,865.9461543484286
40339,33.69176866678247,996.77999999936,865.9513666273007
40340,33.69176866678247,996.79999999936,865.9565787943853
40341,33.69176866678247,996.81999999936,865.9617908496814
40342,33.69176866678247,996.83999999936,865.9670027931875
40343,33.69176866678247,996.85999999936,865.9722146249023
40344,33.69176866678247,996.8799999993599,865.9774263448247
40345,33.69176866678247,996.8999999993599,865.9826379529533
40346,33.69176866678247,996.9199999993599,865.9878494492867
40347,33.69176866678247,996.9399999993599,865.9930608338237
40348,33.69176866678247,996.9599999993599,865.998272106563
40349,33.69176866678247,996.9799999993598,866.0034832675034
40350,33.69176866678247,996.9999999993598,866.0086943166434
40351,33.69176866678247,997.0199999993598,866.0139052539818
40352,33.69176866678247,997.0399999993598,866.0191160795173
40353,33.69176866678247,997.0599999993598,866.0243267932486
40354,33.69176866678247,997.0799999993598,866.0295373951744
40355,33.69176866678247,997.0999999993597,866.0347478852934
40356,33.69176866678247,997.1199999993597,866.0399582636044
40357,33.69176866678247,997.1399999993597,866.0451685301059
40358,33.69176866678247,997.1599999993597,866.0503786847968
40359,33.69176866678247,997.1799999993597,866.0555887276756
40360,33.69176866678247,997.1999999993596,866.0607986587413
40361,33.69176866678247,997.2199999993596,866.0660084779923
40362,33.69176866678247,997.2399999993596,866.0712181854275
40363,33.69176866678247,997.2599999993596,866.0764277810455
40364,33.69176866678247,997.2799999993596,866.0816372648451
40365,33.69176866678247,997.2999999993596,866.0868466368249
40366,33.69176866678247,997.3199999993595,866.0920558969837
40367,33.69176866678247,997.3399999993595,866.0972650453201
40368,33.69176866678247,997.3599999993595,866.1024740818328
40369,33.69176866678247,997.3799999993595,866.1076830065207
40370,33.69176866678247,997.3999999993595,866.1128918193823
40371,33.69176866678247,997.4199999993594,866.1181005204163
40372,33.69176866678247,997.4399999993594,866.1233091096216
40373,33.69176866678247,997.4599999993594,866.1285175869966
40374,33.69176866678247,997.4799999993594,866.1337259525403
40375,33.69176866678247,997.4999999993594,866.1389342062513
40376,33.69176866678247,997.5199999993594,866.1441423481282
40377,33.69176866678247,997.5399999993593,866.1493503781699
40378,33.69176866678247,997.5599999993593,866.1545582963748
40379,33.69176866678247,997.5799999993593,866.159766102742
40380,33.69176866678247,997.5999999993593,866.1649737972699
40381,33.69176866678247,997.6199999993593,866.1701813799573
40382,33.69176866678247,997.6399999993592,866.1753888508028
40383,33.69176866678247,997.6599999993592,866.1805962098053
40384,33.69176866678247,997.6799999993592,866.1858034569635
40385,33.69176866678247,997.6999999993592,866.191010592276
40386,33.69176866678247,997.7199999993592,866.1962176157415
40387,33.69176866678247,997.7399999993592,866.2014245273587
40388,33.69176866678247,997.7599999993591,866.2066313271539
40389,33.69176866678247,997.7799999993591,866.2118380152692
40390,33.69176866678247,997.7999999993591,866.2170445917163
40391,33.69176866678247,997.8199999993591,866.2222510564937
40392,33.69176866678247,997.8399999993591,866.2274574096003
40393,33.69176866678247,997.859999999359,866.2326636510346
40394,33.69176866678247,997.879999999359,866.2378697807954
40395,33.69176866678247,997.899999999359,866.2430757988815
40396,33.69176866678247,997.919999999359,866.2482817052914
40397,33.69176866678247,997.939999999359,866.2534875000241
40398,33.69176866678247,997.959999999359,866.2586931830781
40399,33.69176866678247,997.9799999993589,866.2638987544522
40400,33.69176866678247,997.9999999993589,866.2691042141449
40401,33.69176866678247,998.0199999993589,866.2743095621552
40402,33.69176866678247,998.0399999993589,866.2795147984816
40403,33.69176866678247,998.0599999993589,866.2847199231229
40404,33.69176866678247,998.0799999993588,866.2899249360778
40405,33.69176866678247,998.0999999993588,866.295129837345
40406,33.69176866678247,998.1199999993588,866.3003346269232
40407,33.69176866678247,998.1399999993588,866.3055393048112
40408,33.69176866678247,998.1599999993588,866.3107438710075
40409,33.69176866678247,998.1799999993588,866.315948325511
40410,33.69176866678247,998.1999999993587,866.3211526683203
40411,33.69176866678247,998.2199999993587,866.3263568994342
40412,33.69176866678247,998.2399999993587,866.3315610188514
40413,33.69176866678247,998.2599999993587,866.3367650265706
40414,33.69176866678247,998.2799999993587,866.3419689225904
40415,33.69176866678247,998.2999999993586,866.3471727069095
40416,33.69176866678247,998.3199999993586,866.3523763795268
40417,33.69176866678247,998.3399999993586,866.3575799404409
40418,33.69176866678247,998.3599999993586,866.3627833896505
40419,33.69176866678247,998.3799999993586,866.3679867271544
40420,33.69176866678247,998.3999999993586,866.3731899529512
40421,33.69176866678247,998.4199999993585,866.3783930670396
40422,33.69176866678247,998.4399999993585,866.3835960694184
40423,33.69176866678247,998.4599999993585,866.3887989600863
40424,33.69176866678247,998.4799999993585,866.394001739042
40425,33.69176866678247,998.4999999993585,866.3992044062841
40426,33.69176866678247,998.5199999993584,866.4044069618113
40427,33.69176866678247,998.5399999993584,866.4096094056225
40428,33.69176866678247,998.5599999993584,866.4148117377163
40429,33.69176866678247,998.5799999993584,866.4200139580914
40430,33.69176866678247,998.5999999993584,866.4252160667465
40431,33.69176866678247,998.6199999993584,866.4304180636805
40432,33.69176866678247,998.6399999993583,866.4356199488918
40433,33.69176866678247,998.6599999993583,866.4408217223793
40434,33.69176866678247,998.6799999993583,866.4460233841417
40435,33.69176866678247,998.6999999993583,866.4512249341776
40436,33.69176866678247,998.7199999993583,866.4564263724858
40437,33.69176866678247,998.7399999993582,866.4616276990649
40438,33.69176866678247,998.7599999993582,866.4668289139138
40439,33.69176866678247,998.7799999993582,866.4720300170696
40440,33.69176866678247,998.7999999993582,866.4772310086661
40441,33.69176866678247,998.8199999993582,866.4824318887125
40442,33.69176866678247,998.8399999993582,866.4876326572078
40443,33.69176866678247,998.8599999993581,866.4928333141504
40444,33.69176866678247,998.8799999993581,866.4980338595392
40445,33.69176866678247,998.8999999993581,866.5032342933729
40446,33.69176866678247,998.9199999993581,866.5084346156501
40447,33.69176866678247,998.9399999993581,866.5136348263696
40448,33.69176866678247,998.959999999358,866.5188349255302
40449,33.69176866678247,998.979999999358,866.5240349131305
40450,33.69176866678247,998.999999999358,866.5292347891693
40451,33.69176866678247,999.019999999358,866.5344345536453
40452,33.69176866678247,999.039999999358,866.539634206557
40453,33.69176866678247,999.059999999358,866.5448337479033
40454,33.69176866678247,999.0799999993579,866.550033177683
40455,33.69176866678247,999.0999999993579,866.5552324958946
40456,33.69176866678247,999.1199999993579,866.560431702537
40457,33.69176866678247,999.1399999993579,866.5656307976088
40458,33.69176866678247,999.1599999993579,866.5708297811088
40459,33.69176866678247,999.1799999993578,866.5760286530357
40460,33.69176866678247,999.1999999993578,866.5812274133881
40461,33.69176866678247,999.2199999993578,866.5864260621648
40462,33.69176866678247,999.2399999993578,866.5916245993646
40463,33.69176866678247,999.2599999993578,866.5968230249862
40464,33.69176866678247,999.2799999993578,866.6020213390282
40465,33.69176866678247,999.2999999993577,866.6072195414893
40466,33.69176866678247,999.3199999993577,866.6124176323682
40467,33.69176866678247,999.3399999993577,866.6176156116637
40468,33.69176866678247,999.3599999993577,866.6228134793746
40469,33.69176866678247,999.3799999993577,866.6280112354995
40470,33.69176866678247,999.3999999993576,866.633208880037
40471,33.69176866678247,999.4199999993576,866.6384064129861
40472,33.69176866678247,999.4399999993576,866.6436038343453
40473,33.69176866678247,999.4599999993576,866.6488011441133
40474,33.69176866678247,999.4799999993576,866.653998342289
40475,33.69176866678247,999.4999999993576,866.659195428871
40476,33.69176866678247,999.5199999993575,866.6643924038581
40477,33.69176866678247,999.5399999993575,866.6695892672489
40478,33.69176866678247,999.5599999993575,866.674786019042
40479,33.69176866678247,999.5799999993575,866.6799826592364
40480,33.69176866678247,999.5999999993575,866.6851791878306
40481,33.69176866678247,999.6199999993574,866.6903756048234
40482,33.69176866678247,999.6399999993574,866.6955719102135
40483,33.69176866678247,999.6599999993574,866.7007681039997
40484,33.69176866678247,999.6799999993574,866.7059641861806
40485,33.69176866678247,999.6999999993574,866.711160156755
40486,33.69176866678247,999.7199999993574,866.7163560157215
40487,33.69176866678247,999.7399999993573,866.721551763079
40488,33.69176866678247,999.7599999993573,866.726747398826
40489,33.69176866678247,999.7799999993573,866.7319429229613
40490,33.69176866678247,999.7999999993573,866.7371383355362
40491,33.69176866678247,999.8199999993573,866.7423336366837
40492,33.69176866678247,999.8399999993572,866.7475288264116
40493,33.69176866678247,999.8599999993572,866.7527239047184
40494,33.69176866678247,999.8799999993572,866.7579188716032
40495,33.69176866678247,999.8999999993572,866.7631137270645
40496,33.69176866678247,999.9199999993572,866.768308471101
40497,33.69176866678247,999.9399999993572,866.7735031037115
40498,33.69176866678247,999.9599999993571,866.7786976248947
40499,33.69176866678247,999.9799999993571,866.7838920346493
40500,33.69176866678247,999.9999999993571,866.7890863329741
40501,33.69176866678247,1000.0199999993571,866.7942805198677
40502,33.69176866678247,1000.0399999993571,866.7994745953289
40503,33.69176866678247,1000.059999999357,866.8046685593564
40504,33.646514276654635,1000.079999999357,866.809862411949
40505,33.646514276654635,1000.099999999357,866.8150561531053
40506,33.646514276654635,1000.119999999357,866.820249782824
40507,33.646514276654635,1000.139999999357,866.825443301104
40508,33.646514276654635,1000.159999999357,866.8306367079439
40509,33.646514276654635,1000.1799999993569,866.8358300033424
40510,33.646514276654635,1000.1999999993569,866.8410231872982
40511,33.646514276654635,1000.2199999993569,866.8462162598101
40512,33.646514276654635,1000.2399999993569,866.8514092208769
40513,33.646514276654635,1000.2599999993569,866.8566020704972
40514,33.646514276654635,1000.2799999993568,866.8617948086696
40515,33.646514276654635,1000.2999999993568,866.8669874353931
40516,33.646514276654635,1000.3199999993568,866.8721799506662
40517,33.646514276654635,1000.3399999993568,866.8773723544878
40518,33.646514276654635,1000.3599999993568,866.8825646468564
40519,33.646514276654635,1000.3799999993568,866.8877568277709
40520,33.646514276654635,1000.3999999993567,866.89294889723
40521,33.646514276654635,1000.4199999993567,866.8981408552323
40522,33.646514276654635,1000.4399999993567,866.9033327017767
40523,33.646514276654635,1000.4599999993567,866.9085244368617
40524,33.646514276654635,1000.4799999993567,866.9137160604863
40525,33.646514276654635,1000.4999999993566,866.918907572649
40526,33.646514276654635,1000.5199999993566,866.9240989733487
40527,33.646514276654635,1000.5399999993566,866.929290262584
40528,33.646514276654635,1000.5599999993566,866.9344814403536
40529,33.646514276654635,1000.5799999993566,866.9396725066563
40530,33.646514276654635,1000.5999999993566,866.9448634614907
40531,33.646514276654635,1000.6199999993565,866.9500543048557
40532,33.646514276654635,1000.6399999993565,866.95524503675
40533,33.646514276654635,1000.6599999993565,866.9604356571721
40534,33.646514276654635,1000.6799999993565,866.9656261661208
40535,33.646514276654635,1000.6999999993565,866.9708165635951
40536,33.646514276654635,1000.7199999993564,866.9760068495934
40537,33.646514276654635,1000.7399999993564,866.9811970241146
40538,33.646514276654635,1000.7599999993564,866.9863870871574
40539,33.646514276654635,1000.7799999993564,866.9915770387204
40540,33.646514276654635,1000.7999999993564,866.9967668788024
40541,33.646514276654635,1000.8199999993564,867.0019566074577
40542,33.646514276654635,1000.8399999993563,867.0071462247935
40543,33.646514276654635,1000.8599999993563,867.0123357308144
40544,33.646514276654635,1000.8799999993563,867.017525125519
40545,33.646514276654635,1000.8999999993563,867.0227144089062
40546,33.646514276654635,1000.9199999993563,867.0279035809745
40547,33.646514276654635,1000.9399999993562,867.0330926417228
40548,33.646514276654635,1000.9599999993562,867.0382815911497
40549,33.646514276654635,1000.9799999993562,867.0434704292541
40550,33.646514276654635,1000.9999999993562,867.0486591560345
40551,33.646514276654635,1001.0199999993562,867.0538477714899
40552,33.646514276654635,1001.0399999993562,867.059036275619
40553,33.646514276654635,1001.0599999993561,867.0642246684203
40554,33.646514276654635,1001.0799999993561,867.0694129498926
40555,33.646514276654635,1001.0999999993561,867.0746011200347
40556,33.646514276654635,1001.1199999993561,867.0797891788453
40557,33.646514276654635,1001.1399999993561,867.0849771263232
40558,33.646514276654635,1001.159999999356,867.090164962467
40559,33.646514276654635,1001.179999999356,867.0953526872755
40560,33.646514276654635,1001.199999999356,867.1005403007474
40561,33.646514276654635,1001.219999999356,867.1057278028815
40562,33.646514276654635,1001.239999999356,867.1109151936764
40563,33.646514276654635,1001.259999999356,867.1161024731309
40564,33.646514276654635,1001.2799999993559,867.1212896412437
40565,33.646514276654635,1001.2999999993559,867.1264766980136
40566,33.646514276654635,1001.3199999993559,867.1316636434392
40567,33.646514276654635,1001.3399999993559,867.1368504775194
40568,33.646514276654635,1001.3599999993559,867.1420372002527
40569,33.646514276654635,1001.3799999993558,867.147223811638
40570,33.646514276654635,1001.3999999993558,867.152410311674
40571,33.646514276654635,1001.4199999993558,867.1575967003594
40572,33.646514276654635,1001.4399999993558,867.1627829776929
40573,33.646514276654635,1001.4599999993558,867.1679691436734
40574,33.646514276654635,1001.4799999993558,867.1731551982995
40575,33.646514276654635,1001.4999999993557,867.1783411415698
40576,33.646514276654635,1001.5199999993557,867.1835269734833
40577,33.646514276654635,1001.5399999993557,867.1887126940385
40578,33.646514276654635,1001.5599999993557,867.1938983032342
40579,33.646514276654635,1001.5799999993557,867.199083801069
40580,33.646514276654635,1001.5999999993556,867.204269187542
40581,33.646514276654635,1001.6199999993556,867.2094544626516
40582,33.646514276654635,1001.6399999993556,867.2146396263965
40583,33.646514276654635,1001.6599999993556,867.2198246787757
40584,33.646514276654635,1001.6799999993556,867.2250096197877
40585,33.646514276654635,1001.6999999993556,867.2301944494313
40586,33.646514276654635,1001.7199999993555,867.2353791677053
40587,33.646514276654635,1001.7399999993555,867.2405637746083
40588,33.646514276654635,1001.7599999993555,867.2457482701391
40589,33.646514276654635,1001.7799999993555,867.2509326542964
40590,33.646514276654635,1001.7999999993555,867.256116927079
40591,33.646514276654635,1001.8199999993554,867.2613010884855
40592,33.646514276654635,1001.8399999993554,867.2664851385849
40593,33.646514276654635,1001.8599999993554,867.2716690774835
40594,33.646514276654635,1001.8799999993554,867.2768529051839
40595,33.646514276654635,1001.8999999993554,867.282036621685
40596,33.646514276654635,1001.9199999993554,867.2872202269856
40597,33.646514276654635,1001.9399999993553,867.2924037210843
40598,33.646514276654635,1001.9599999993553,867.2975871039798
40599,33.646514276654635,1001.9799999993553,867.302770375671
40600,33.646514276654635,1001.9999999993553,867.3079535361564
40601,33.646514276654635,1002.0199999993553,867.313136585435
40602,33.646514276654635,1002.0399999993552,867.3183195235054
40603,33.646514276654635,1002.0599999993552,867.3235023503663
40604,33.646514276654635,1002.0799999993552,867.3286850660165
40605,33.646514276654635,1002.0999999993552,867.3338676704548
40606,33.646514276654635,1002.1199999993552,867.3390501636796
40607,33.646514276654635,1002.1399999993552,867.34423254569
40608,33.646514276654635,1002.1599999993551,867.3494148164847
40609,33.646514276654635,1002.1799999993551,867.3545969760622
40610,33.646514276654635,1002.1999999993551,867.3597790244214
40611,33.646514276654635,1002.2199999993551,867.364960961561
40612,33.646514276654635,1002.2399999993551,867.3701427874797
40613,33.646514276654635,1002.259999999355,867.3753245021763
40614,33.646514276654635,1002.279999999355,867.3805061056496
40615,33.646514276654635,1002.299999999355,867.3856875978981
40616,33.646514276654635,1002.319999999355,867.3908689789207
40617,33.646514276654635,1002.339999999355,867.3960502487162
40618,33.646514276654635,1002.359999999355,867.4012314072831
40619,33.646514276654635,1002.3799999993549,867.4064124546204
40620,33.646514276654635,1002.3999999993549,867.4115933907266
40621,33.646514276654635,1002.4199999993549,867.4167742156005
40622,33.646514276654635,1002.4399999993549,867.421954929241
40623,33.646514276654635,1002.4599999993549,867.4271355316466
40624,33.646514276654635,1002.4799999993548,867.4323160228162
40625,33.646514276654635,1002.4999999993548,867.4374964027484
40626,33.646514276654635,1002.5199999993548,867.442676671442
40627,33.646514276654635,1002.5399999993548,867.4478568288957
40628,33.646514276654635,1002.5599999993548,867.4530368751084
40629,33.646514276654635,1002.5799999993548,867.4582168100786
40630,33.646514276654635,1002.5999999993547,867.4633966338051
40631,33.646514276654635,1002.6199999993547,867.4685763462868
40632,33.646514276654635,1002.6399999993547,867.4737559475222
40633,33.646514276654635,1002.6599999993547,867.4789354375102
40634,33.646514276654635,1002.6799999993547,867.4841148162494
40635,33.646514276654635,1002.6999999993546,867.4892940837386
40636,33.646514276654635,1002.7199999993546,867.4944732399766
40637,33.646514276654635,1002.7399999993546,867.499652284962
40638,33.646514276654635,1002.7599999993546,867.5048312186937
40639,33.646514276654635,1002.7799999993546,867.5100100411702
40640,33.646514276654635,1002.7999999993546,867.5151887523904
40641,33.646514276654635,1002.8199999993545,867.520367352353
40642,33.646514276654635,1002.8399999993545,867.5255458410568
40643,33.646514276654635,1002.8599999993545,867.5307242185814
40644,33.646514276654635,1002.8799999993545,867.5359024850248
40645,33.646514276654635,1002.8999999993545,867.5410806403877
40646,33.646514276654635,1002.9199999993544,867.5462586846686
40647,33.646514276654635,1002.9399999993544,867.5514366178664
40648,33.646514276654635,1002.9599999993544,867.55661443998
40649,33.646514276654635,1002.9799999993544,867.5617921510078
40650,33.646514276654635,1002.9999999993544,867.5669697509487
40651,33.646514276654635,1003.0199999993544,867.5721472398016
40652,33.646514276654635,1003.0399999993543,867.577324617565
40653,33.646514276654635,1003.0599999993543,867.5825018842377
40654,33.646514276654635,1003.0799999993543,867.5876790398185
40655,33.646514276654635,1003.0999999993543,867.592856084306
40656,33.646514276654635,1003.1199999993543,867.5980330176992
40657,33.646514276654635,1003.1399999993542,867.6032098399966
40658,33.646514276654635,1003.1599999993542,867.608386551197
40659,33.646514276654635,1003.1799999993542,867.6135631512991
40660,33.646514276654635,1003.1999999993542,867.6187396403018
40661,33.646514276654635,1003.2199999993542,867.6239160182037
40662,33.646514276654635,1003.2399999993542,867.6290922850035
40663,33.646514276654635,1003.2599999993541,867.6342684407
40664,33.646514276654635,1003.2799999993541,867.639444485292
40665,33.646514276654635,1003.2999999993541,867.6446204187781
40666,33.646514276654635,1003.3199999993541,867.6497962411572
40667,33.646514276654635,1003.3399999993541,867.654971952428
40668,33.646514276654635,1003.359999999354,867.6601475525891
40669,33.646514276654635,1003.379999999354,867.6653230416395
40670,33.646514276654635,1003.399999999354,867.6704984195776
40671,33.646514276654635,1003.419999999354,867.6756736864024
40672,33.646514276654635,1003.439999999354,867.6808488421126
40673,33.646514276654635,1003.459999999354,867.6860238867068
40674,33.646514276654635,1003.4799999993539,867.6911988201839
40675,33.646514276654635,1003.4999999993539,867.6963736425425
40676,33.646514276654635,1003.5199999993539,867.7015483537815
40677,33.646514276654635,1003.5399999993539,867.7067229538995
40678,33.646514276654635,1003.5599999993539,867.7118974428953
40679,33.646514276654635,1003.5799999993538,867.7170718207676
40680,33.646514276654635,1003.5999999993538,867.7222460875151
40681,33.646514276654635,1003.6199999993538,867.7274202431367
40682,33.646514276654635,1003.6399999993538,867.7325942876311
40683,33.646514276654635,1003.6599999993538,867.7377682209968
40684,33.646514276654635,1003.6799999993538,867.7429420432328
40685,33.646514276654635,1003.6999999993537,867.7481157543377
40686,33.646514276654635,1003.7199999993537,867.7532893543104
40687,33.646514276654635,1003.7399999993537,867.7584628431495
40688,33.646514276654635,1003.7599999993537,867.7636362208538
40689,33.646514276654635,1003.7799999993537,867.768809487422
40690,33.646514276654635,1003.7999999993536,867.7739826428528
40691,33.646514276654635,1003.8199999993536,867.7791556871451
40692,33.646514276654635,1003.8399999993536,867.7843286202975
40693,33.646514276654635,1003.8599999993536,867.789501442309
40694,33.646514276654635,1003.8799999993536,867.7946741532738
40695,33.646514276654635,1003.8999999993536,867.7998467532851
40696,33.646514276654635,1003.9199999993535,867.8050192423416
40697,33.646514276654635,1003.9399999993535,867.8101916204421
40698,33.646514276654635,1003.9599999993535,867.8153638875852
40699,33.646514276654635,1003.9799999993535,867.8205360437697
40700,33.646514276654635,1003.9999999993535,867.8257080889944
40701,33.646514276654635,1004.0199999993534,867.8308800232579
40702,33.646514276654635,1004.0399999993534,867.8360518465591
40703,33.646514276654635,1004.0599999993534,867.8412235588967
40704,33.646514276654635,1004.0799999993534,867.8463951602693
40705,33.646514276654635,1004.0999999993534,867.8515666506757
40706,33.646514276654635,1004.1199999993534,867.8567380301148
40707,33.646514276654635,1004.1399999993533,867.8619092985851
40708,33.646514276654635,1004.1599999993533,867.8670804560855
40709,33.646514276654635,1004.1799999993533,867.8722515026147
40710,33.646514276654635,1004.1999999993533,867.8774224381715
40711,33.646514276654635,1004.2199999993533,867.8825932627545
40712,33.646514276654635,1004.2399999993532,867.8877639763626
40713,33.646514276654635,1004.2599999993532,867.8929345789944
40714,33.646514276654635,1004.2799999993532,867.8981050706487
40715,33.646514276654635,1004.2999999993532,867.9032754513242
40716,33.646514276654635,1004.3199999993532,867.9084457210197
40717,33.646514276654635,1004.3399999993532,867.9136158797339
40718,33.646514276654635,1004.3599999993531,867.9187859274656
40719,33.646514276654635,1004.3799999993531,867.9239558642134
40720,33.646514276654635,1004.3999999993531,867.9291256899762
40721,33.646514276654635,1004.4199999993531,867.9342954047527
40722,33.646514276654635,1004.4399999993531,867.9394650085414
40723,33.646514276654635,1004.459999999353,867.9446345013414
40724,33.646514276654635,1004.479999999353,867.9498038831513
40725,33.646514276654635,1004.499999999353,867.9549731539697
40726,33.646514276654635,1004.519999999353,867.9601423137956
40727,33.646514276654635,1004.539999999353,867.9653113626275
40728,33.646514276654635,1004.559999999353,867.9704803004643
40729,33.646514276654635,1004.5799999993529,867.9756491273046
40730,33.646514276654635,1004.5999999993529,867.9808178431472
40731,33.646514276654635,1004.6199999993529,867.9859864479909
40732,33.646514276654635,1004.6399999993529,867.9911549418343
40733,33.646514276654635,1004.6599999993529,867.9963233246764
40734,33.646514276654635,1004.6799999993528,868.0014915965157
40735,33.646514276654635,1004.6999999993528,868.006659757351
40736,33.646514276654635,1004.7199999993528,868.0118278071811
40737,33.646514276654635,1004.7399999993528,868.0169957460047
40738,33.646514276654635,1004.7599999993528,868.0221635738205
40739,33.60136110450057,1004.7799999993528,868.0273312906273
40740,33.60136110450057,1004.7999999993527,868.0324988964238
40741,33.60136110450057,1004.8199999993527,868.0376663912087
40742,33.60136110450057,1004.8399999993527,868.0428337749809
40743,33.60136110450057,1004.8599999993527,868.0480010477389
40744,33.60136110450057,1004.8799999993527,868.0531682094839
40745,33.60136110450057,1004.8999999993526,868.0583352603118
40746,33.60136110450057,1004.9199999993526,868.0635022002982
40747,33.60136110450057,1004.9399999993526,868.068669029442
40748,33.60136110450057,1004.9599999993526,868.073835747742
40749,33.60136110450057,1004.9799999993526,868.079002355197
40750,33.60136110450057,1004.9999999993526,868.0841688518055
40751,33.60136110450057,1005.0199999993525,868.0893352375665
40752,33.60136110450057,1005.0399999993525,868.0945015124787
40753,33.60136110450057,1005.0599999993525,868.0996676765408
40754,33.60136110450057,1005.0799999993525,868.1048337297515
40755,33.60136110450057,1005.0999999993525,868.1099996721097
40756,33.60136110450057,1005.1199999993524,868.115165503614
40757,33.60136110450057,1005.1399999993524,868.1203312242633
40758,33.60136110450057,1005.1599999993524,868.1254968340562
40759,33.60136110450057,1005.1799999993524,868.1306623329916
40760,33.60136110450057,1005.1999999993524,868.1358277210683
40761,33.60136110450057,1005.2199999993524,868.1409929982848
40762,33.60136110450057,1005.2399999993523,868.14615816464
40763,33.60136110450057,1005.2599999993523,868.1513232201328
40764,33.60136110450057,1005.2799999993523,868.1564881647616
40765,33.60136110450057,1005.2999999993523,868.1616529985255
40766,33.60136110450057,1005.3199999993523,868.1668177214231
40767,33.60136110450057,1005.3399999993522,868.1719823334531
40768,33.60136110450057,1005.3599999993522,868.1771468346143
40769,33.60136110450057,1005.3799999993522,868.1823112249054
40770,33.60136110450057,1005.3999999993522,868.1874755043253
40771,33.60136110450057,1005.4199999993522,868.1926396728727
40772,33.60136110450057,1005.4399999993522,868.1978037305463
40773,33.60136110450057,1005.4599999993521,868.2029676773449
40774,33.60136110450057,1005.4799999993521,868.2081315132672
40775,33.60136110450057,1005.4999999993521,868.213295238312
40776,33.60136110450057,1005.5199999993521,868.218458852478
40777,33.60136110450057,1005.5399999993521,868.2236223557641
40778,33.60136110450057,1005.559999999352,868.2287857481689
40779,33.60136110450057,1005.579999999352,868.2339490296912
40780,33.60136110450057,1005.599999999352,868.2391122003297
40781,33.60136110450057,1005.619999999352,868.2442752600833
40782,33.60136110450057,1005.639999999352,868.2494382089507
40783,33.60136110450057,1005.659999999352,868.2546010469305
40784,33.60136110450057,1005.6799999993519,868.2597637740216
40785,33.60136110450057,1005.6999999993519,868.2649263902227
40786,33.60136110450057,1005.7199999993519,868.2700888955327
40787,33.60136110450057,1005.7399999993519,868.2752512899501
40788,33.60136110450057,1005.7599999993519,868.2804135734739
40789,33.60136110450057,1005.7799999993518,868.2855757461026
40790,33.60136110450057,1005.7999999993518,868.2907378078352
40791,33.60136110450057,1005.8199999993518,868.2958997586703
40792,33.60136110450057,1005.8399999993518,868.3010615986067
40793,33.60136110450057,1005.8599999993518,868.3062233276431
40794,33.60136110450057,1005.8799999993518,868.3113849457784
40795,33.60136110450057,1005.8999999993517,868.3165464530155
40796,33.60136110450057,1005.9199999993517,868.3217078494583
40797,33.60136110450057,1005.9399999993517,868.3268691351723
40798,33.60136110450057,1005.9599999993517,868.332030310156
40799,33.60136110450057,1005.9799999993517,868.3371913744083
40800,33.60136110450057,1005.9999999993516,868.342352327928
40801,33.60136110450057,1006.0199999993516,868.3475131707137
40802,33.60136110450057,1006.0399999993516,868.3526739027642
40803,33.60136110450057,1006.0599999993516,868.3578345240783
40804,33.60136110450057,1006.0799999993516,868.3629950346547
40805,33.60136110450057,1006.0999999993516,868.3681554344921
40806,33.60136110450057,1006.1199999993515,868.3733157235894
40807,33.60136110450057,1006.1399999993515,868.3784759019452
40808,33.60136110450057,1006.1599999993515,868.3836359695584
40809,33.60136110450057,1006.1799999993515,868.3887959264277
40810,33.60136110450057,1006.1999999993515,868.3939557725519
40811,33.60136110450057,1006.2199999993514,868.3991155079295
40812,33.60136110450057,1006.2399999993514,868.4042751325596
40813,33.60136110450057,1006.2599999993514,868.4094346464408
40814,33.60136110450057,1006.2799999993514,868.4145940495719
40815,33.60136110450057,1006.2999999993514,868.4197533419515
40816,33.60136110450057,1006.3199999993514,868.4249125235785
40817,33.60136110450057,1006.3399999993513,868.4300715944516
40818,33.60136110450057,1006.3599999993513,868.4352305545697
40819,33.60136110450057,1006.3799999993513,868.4403894039312
40820,33.60136110450057,1006.3999999993513,868.4455481425352
40821,33.60136110450057,1006.4199999993513,868.4507067703804
40822,33.60136110450057,1006.4399999993512,868.4558652874655
40823,33.60136110450057,1006.4599999993512,868.4610236937891
40824,33.60136110450057,1006.4799999993512,868.4661819893502
40825,33.60136110450057,1006.4999999993512,868.4713401741474
40826,33.60136110450057,1006.5199999993512,868.4764982481795
40827,33.60136110450057,1006.5399999993512,868.4816562114453
40828,33.60136110450057,1006.5599999993511,868.4868140639435
40829,33.60136110450057,1006.5799999993511,868.4919718056728
40830,33.60136110450057,1006.5999999993511,868.4971294366321
40831,33.60136110450057,1006.6199999993511,868.5022869568201
40832,33.60136110450057,1006.6399999993511,868.5074443662354
40833,33.60136110450057,1006.659999999351,868.5126016648769
40834,33.60136110450057,1006.679999999351,868.5177588527434
40835,33.60136110450057,1006.699999999351,868.5229159298336
40836,33.60136110450057,1006.719999999351,868.5280728961462
40837,33.60136110450057,1006.739999999351,868.5332297516801
40838,33.60136110450057,1006.759999999351,868.5383864964339
40839,33.60136110450057,1006.7799999993509,868.5435431304063
40840,33.60136110450057,1006.7999999993509,868.5486996535963
40841,33.60136110450057,1006.8199999993509,868.5538560660024
40842,33.60136110450057,1006.8399999993509,868.5590123676235
40843,33.60136110450057,1006.8599999993509,868.5641685584584
40844,33.60136110450057,1006.8799999993508,868.5693246385057
40845,33.60136110450057,1006.8999999993508,868.5744806077643
40846,33.60136110450057,1006.9199999993508,868.5796364662393
40847,33.60136110450057,1006.9399999993508,868.5847922140459
40848,33.60136110450057,1006.9599999993508,868.5899478512404
40849,33.60136110450057,1006.9799999993508,868.5951033778214
40850,33.60136110450057,1006.9999999993507,868.6002587937878
40851,33.60136110450057,1007.0199999993507,868.6054140991383
40852,33.60136110450057,1007.0399999993507,868.6105692938717
40853,33.60136110450057,1007.0599999993507,868.6157243779867
40854,33.60136110450057,1007.0799999993507,868.620879351482
40855,33.60136110450057,1007.0999999993506,868.6260342143565
40856,33.60136110450057,1007.1199999993506,868.631188966609
40857,33.60136110450057,1007.1399999993506,868.6363436082381
40858,33.60136110450057,1007.1599999993506,868.6414981392427
40859,33.60136110450057,1007.1799999993506,868.6466525596214
40860,33.60136110450057,1007.1999999993506,868.6518068693731
40861,33.60136110450057,1007.2199999993505,868.6569610684965
40862,33.60136110450057,1007.2399999993505,868.6621151569902
40863,33.60136110450057,1007.2599999993505,868.6672691348532
40864,33.60136110450057,1007.2799999993505,868.6724230020842
40865,33.60136110450057,1007.2999999993505,868.6775767586819
40866,33.60136110450057,1007.3199999993504,868.6827304046451
40867,33.60136110450057,1007.3399999993504,868.6878839399726
40868,33.60136110450057,1007.3599999993504,868.693037364663
40869,33.60136110450057,1007.3799999993504,868.6981906787153
40870,33.60136110450057,1007.3999999993504,868.703343882128
40871,33.60136110450057,1007.4199999993504,868.7084969749001
40872,33.60136110450057,1007.4399999993503,868.7136499570302
40873,33.60136110450057,1007.4599999993503,868.7188028285171
40874,33.60136110450057,1007.4799999993503,868.7239555893597
40875,33.60136110450057,1007.4999999993503,868.7291082395565
40876,33.60136110450057,1007.5199999993503,868.7342607791064
40877,33.60136110450057,1007.5399999993502,868.7394132080082
40878,33.60136110450057,1007.5599999993502,868.7445655262605
40879,33.60136110450057,1007.5799999993502,868.7497177338623
40880,33.60136110450057,1007.5999999993502,868.7548698308123
40881,33.60136110450057,1007.6199999993502,868.7600218171091
40882,33.60136110450057,1007.6399999993502,868.7651736927515
40883,33.60136110450057,1007.6599999993501,868.7703254577384
40884,33.60136110450057,1007.6799999993501,868.7754771120684
40885,33.60136110450057,1007.6999999993501,868.7806286557403
40886,33.60136110450057,1007.7199999993501,868.785780088753
40887,33.60136110450057,1007.7399999993501,868.790931411105
40888,33.60136110450057,1007.75999999935,868.7960826227953
40889,33.60136110450057,1007.77999999935,868.8012337238225
40890,33.60136110450057,1007.79999999935,868.8063847141855
40891,33.60136110450057,1007.81999999935,868.8115355938829
40892,33.60136110450057,1007.83999999935,868.8166863629136
40893,33.60136110450057,1007.85999999935,868.8218370212763
40894,33.60136110450057,1007.8799999993499,868.8269875689698
40895,33.60136110450057,1007.8999999993499,868.8321380059928
40896,33.60136110450057,1007.9199999993499,868.8372883323441
40897,33.60136110450057,1007.9399999993499,868.842438548031
40898,33.60136110450057,1007.9599999993499,868.8475886531777
40899,33.60136110450057,1007.9799999993498,868.8527386478297
40900,33.60136110450057,1007.9999999993498,868.8578885319859
40901,33.60136110450057,1008.0199999993498,868.8630383056449
40902,33.60136110450057,1008.0399999993498,868.8681879688056
40903,33.60136110450057,1008.0599999993498,868.8733375214667
40904,33.60136110450057,1008.0799999993498,868.8784869636271
40905,33.60136110450057,1008.0999999993497,868.8836362952854
40906,33.60136110450057,1008.1199999993497,868.8887855164405
40907,33.60136110450057,1008.1399999993497,868.8939346270911
40908,33.60136110450057,1008.1599999993497,868.8990836272359
40909,33.60136110450057,1008.1799999993497,868.9042325168737
40910,33.60136110450057,1008.1999999993496,868.9093812960033
40911,33.60136110450057,1008.2199999993496,868.9145299646234
40912,33.60136110450057,1008.2399999993496,868.9196785227329
40913,33.60136110450057,1008.2599999993496,868.9248269703304
40914,33.60136110450057,1008.2799999993496,868.9299753074148
40915,33.60136110450057,1008.2999999993496,868.9351235339848
40916,33.60136110450057,1008.3199999993495,868.9402716500392
40917,33.60136110450057,1008.3399999993495,868.9454196555768
40918,33.60136110450057,1008.3599999993495,868.9505675505962
40919,33.60136110450057,1008.3799999993495,868.9557153350964
40920,33.60136110450057,1008.3999999993495,868.9608630090761
40921,33.60136110450057,1008.4199999993494,868.966010572534
40922,33.60136110450057,1008.4399999993494,868.9711580254688
40923,33.60136110450057,1008.4599999993494,868.9763053678793
40924,33.60136110450057,1008.4799999993494,868.9814525997643
40925,33.60136110450057,1008.4999999993494,868.9865997211226
40926,33.60136110450057,1008.5199999993494,868.991746731953
40927,33.60136110450057,1008.5399999993493,868.9968936322541
40928,33.60136110450057,1008.5599999993493,869.0020404220248
40929,33.60136110450057,1008.5799999993493,869.0071871012639
40930,33.60136110450057,1008.5999999993493,869.01233366997
40931,33.60136110450057,1008.6199999993493,869.017480128142
40932,33.60136110450057,1008.6399999993492,869.0226264757786
40933,33.60136110450057,1008.6599999993492,869.0277727128786
40934,33.60136110450057,1008.6799999993492,869.0329188394408
40935,33.60136110450057,1008.6999999993492,869.0380648554639
40936,33.60136110450057,1008.7199999993492,869.0432107609466
40937,33.60136110450057,1008.7399999993492,869.0483565558878
40938,33.60136110450057,1008.7599999993491,869.0535022402863
40939,33.60136110450057,1008.7799999993491,869.0586478141408
40940,33.60136110450057,1008.7999999993491,869.06379327745
40941,33.60136110450057,1008.8199999993491,869.0689386302128
40942,33.60136110450057,1008.8399999993491,869.0740838724278
40943,33.60136110450057,1008.859999999349,869.0792290040938
40944,33.60136110450057,1008.879999999349,869.0843740252097
40945,33.60136110450057,1008.899999999349,869.0895189357742
40946,33.60136110450057,1008.919999999349,869.0946637357861
40947,33.60136110450057,1008.939999999349,869.099808425244
40948,33.60136110450057,1008.959999999349,869.1049530041583
40949,33.60136110450057,1008.9799999993489,869.1100974726706
40950,33.60136110450057,1008.9999999993489,869.1152418308184
40951,33.60136110450057,1009.0199999993489,869.1203860786004
40952,33.60136110450057,1009.0399999993489,869.1255302160154
40953,33.60136110450057,1009.0599999993489,869.1306742430621
40954,33.60136110450057,1009.0799999993488,869.1358181597395
40955,33.60136110450057,1009.0999999993488,869.1409619660462
40956,33.60136110450057,1009.1199999993488,869.146105661981
40957,33.60136110450057,1009.1399999993488,869.1512492475426
40958,33.60136110450057,1009.1599999993488,869.15639272273
40959,33.60136110450057,1009.1799999993488,869.1615360875417
40960,33.60136110450057,1009.1999999993487,869.1666793419766
40961,33.60136110450057,1009.2199999993487,869.1718224860335
40962,33.60136110450057,1009.2399999993487,869.1769655197112
40963,33.60136110450057,1009.2599999993487,869.1821084430084
40964,33.60136110450057,1009.2799999993487,869.1872512559238
40965,33.60136110450057,1009.2999999993486,869.1923939584563
40966,33.60136110450057,1009.3199999993486,869.1975365506046
40967,33.60136110450057,1009.3399999993486,869.2026790323675
40968,33.60136110450057,1009.3599999993486,869.2078214037439
40969,33.60136110450057,1009.3799999993486,869.2129636647323
40970,33.60136110450057,1009.3999999993486,869.2181058153317
40971,33.60136110450057,1009.4199999993485,869.2232478555408
40972,33.60136110450057,1009.4399999993485,869.2283897853582
40973,33.60136110450057,1009.4599999993485,869.2335316047829
40974,33.556308833659536,1009.4799999993485,869.2386733138136
40975,33.556308833659536,1009.4999999993485,869.2438149124491
40976,33.556308833659536,1009.5199999993484,869.2489564006881
40977,33.556308833659536,1009.5399999993484,869.2540977785295
40978,33.556308833659536,1009.5599999993484,869.259239045972
40979,33.556308833659536,1009.5799999993484,869.2643802030143
40980,33.556308833659536,1009.5999999993484,869.2695212496553
40981,33.556308833659536,1009.6199999993484,869.2746621858937
40982,33.556308833659536,1009.6399999993483,869.2798030117283
40983,33.556308833659536,1009.6599999993483,869.2849437271578
40984,33.556308833659536,1009.6799999993483,869.2900843321811
40985,33.556308833659536,1009.6999999993483,869.2952248267968
40986,33.556308833659536,1009.7199999993483,869.3003652110039
40987,33.556308833659536,1009.7399999993482,869.305505484801
40988,33.556308833659536,1009.7599999993482,869.3106456481869
40989,33.556308833659536,1009.7799999993482,869.3157857011604
40990,33.556308833659536,1009.7999999993482,869.3209256437202
40991,33.556308833659536,1009.8199999993482,869.3260654758652
40992,33.556308833659536,1009.8399999993482,869.3312051975942
40993,33.556308833659536,1009.8599999993481,869.3363448089058
40994,33.556308833659536,1009.8799999993481,869.3414843097988
40995,33.556308833659536,1009.8999999993481,869.3466237002721
40996,33.556308833659536,1009.9199999993481,869.3517629803243
40997,33.556308833659536,1009.9399999993481,869.3569021499544
40998,33.556308833659536,1009.959999999348,869.362041209161
40999,33.556308833659536,1009.979999999348,869.367180157955
41000,33.556308833659536,1009.999999999348,869.3723189964668
41001,33.556308833659536,1010.019999999348,869.3774577247191
41002,33.556308833659536,1010.039999999348,869.3825963427106
41003,33.556308833659536,1010.059999999348,869.3877348504402
41004,33.556308833659536,1010.0799999993479,869.3928732479067
41005,33.556308833659536,1010.0999999993479,869.3980115351087
41006,33.556308833659536,1010.1199999993479,869.4031497120451
41007,33.556308833659536,1010.1399999993479,869.4082877787147
41008,33.556308833659536,1010.1599999993479,869.4134257351161
41009,33.556308833659536,1010.1799999993478,869.4185635812483
41010,33.556308833659536,1010.1999999993478,869.42370131711
41011,33.556308833659536,1010.2199999993478,869.4288389427
41012,33.556308833659536,1010.2399999993478,869.433976458017
41013,33.556308833659536,1010.2599999993478,869.4391138630599
41014,33.556308833659536,1010.2799999993478,869.4442511578274
41015,33.556308833659536,1010.2999999993477,869.4493883423182
41016,33.556308833659536,1010.3199999993477,869.4545254165313
41017,33.556308833659536,1010.3399999993477,869.4596623804653
41018,33.556308833659536,1010.3599999993477,869.4647992341189
41019,33.556308833659536,1010.3799999993477,869.4699359774911
41020,33.556308833659536,1010.3999999993476,869.4750726105806
41021,33.556308833659536,1010.4199999993476,869.4802091333861
41022,33.556308833659536,1010.4399999993476,869.4853455459065
41023,33.556308833659536,1010.4599999993476,869.4904818481406
41024,33.556308833659536,1010.4799999993476,869.495618040087
41025,33.556308833659536,1010.4999999993476,869.5007541217446
41026,33.556308833659536,1010.5199999993475,869.5058900931123
41027,33.556308833659536,1010.5399999993475,869.5110259541885
41028,33.556308833659536,1010.5599999993475,869.5161617049724
41029,33.556308833659536,1010.5799999993475,869.5212973454626
41030,33.556308833659536,1010.5999999993475,869.5264328756579
41031,33.556308833659536,1010.6199999993474,869.5315682955569
41032,33.556308833659536,1010.6399999993474,869.5367036051587
41033,33.556308833659536,1010.6599999993474,869.5418388044618
41034,33.556308833659536,1010.6799999993474,869.5469738934652
41035,33.556308833659536,1010.6999999993474,869.5521088721675
41036,33.556308833659536,1010.7199999993474,869.5572437405676
41037,33.556308833659536,1010.7399999993473,869.5623784986643
41038,33.556308833659536,1010.7599999993473,869.5675131464562
41039,33.556308833659536,1010.7799999993473,869.5726476839423
41040,33.556308833659536,1010.7999999993473,869.5777821111212
41041,33.556308833659536,1010.8199999993473,869.5829164279918
41042,33.556308833659536,1010.8399999993472,869.5880506345528
41043,33.556308833659536,1010.8599999993472,869.593184730803
41044,33.556308833659536,1010.8799999993472,869.5983187167413
41045,33.556308833659536,1010.8999999993472,869.6034525923664
41046,33.556308833659536,1010.9199999993472,869.6085863576769
41047,33.556308833659536,1010.9399999993472,869.6137200126718
41048,33.556308833659536,1010.9599999993471,869.6188535573499
41049,33.556308833659536,1010.9799999993471,869.6239869917099
41050,33.556308833659536,1010.9999999993471,869.6291203157655
41051,33.556308833659536,1011.0199999993471,869.6342535296644
41052,33.556308833659536,1011.0399999993471,869.6393866334203
41053,33.556308833659536,1011.059999999347,869.6445196270319
41054,33.556308833659536,1011.079999999347,869.649652510498
41055,33.556308833659536,1011.099999999347,869.6547852838174
41056,33.556308833659536,1011.119999999347,869.659917946989
41057,33.556308833659536,1011.139999999347,869.6650505000115
41058,33.556308833659536,1011.159999999347,869.6701829428836
41059,33.556308833659536,1011.1799999993469,869.6753152756041
41060,33.556308833659536,1011.1999999993469,869.6804474981719
41061,33.556308833659536,1011.2199999993469,869.6855796105858
41062,33.556308833659536,1011.2399999993469,869.6907116128444
41063,33.556308833659536,1011.2599999993469,869.6958435049467
41064,33.556308833659536,1011.2799999993468,869.7009752868913
41065,33.556308833659536,1011.2999999993468,869.7061069586771
41066,33.556308833659536,1011.3199999993468,869.7112385203028
41067,33.556308833659536,1011.3399999993468,869.7163699717673
41068,33.556308833659536,1011.3599999993468,869.7215013130693
41069,33.556308833659536,1011.3799999993468,869.7266325442076
41070,33.556308833659536,1011.3999999993467,869.7317636651811
41071,33.556308833659536,1011.4199999993467,869.7368946759884
41072,33.556308833659536,1011.4399999993467,869.7420255766284
41073,33.556308833659536,1011.4599999993467,869.7471563670998
41074,33.556308833659536,1011.4799999993467,869.7522870474015
41075,33.556308833659536,1011.4999999993466,869.7574176175323
41076,33.556308833659536,1011.5199999993466,869.7625480774908
41077,33.556308833659536,1011.5399999993466,869.7676784272759
41078,33.556308833659536,1011.5599999993466,869.7728086668864
41079,33.556308833659536,1011.5799999993466,869.777938796321
41080,33.556308833659536,1011.5999999993466,869.7830688155786
41081,33.556308833659536,1011.6199999993465,869.788198724658
41082,33.556308833659536,1011.6399999993465,869.7933285235578
41083,33.556308833659536,1011.6599999993465,869.798458212277
41084,33.556308833659536,1011.6799999993465,869.8035877908142
41085,33.556308833659536,1011.6999999993465,869.8087172591682
41086,33.556308833659536,1011.7199999993464,869.8138466173381
41087,33.556308833659536,1011.7399999993464,869.8189758653223
41088,33.556308833659536,1011.7599999993464,869.8241050031197
41089,33.556308833659536,1011.7799999993464,869.8292340307293
41090,33.556308833659536,1011.7999999993464,869.8343629481495
41091,33.556308833659536,1011.8199999993464,869.8394917553794
41092,33.556308833659536,1011.8399999993463,869.8446204524176
41093,33.556308833659536,1011.8599999993463,869.8497490392631
41094,33.556308833659536,1011.8799999993463,869.8548775159145
41095,33.556308833659536,1011.8999999993463,869.8600058823706
41096,33.556308833659536,1011.9199999993463,869.8651341386303
41097,33.556308833659536,1011.9399999993462,869.8702622846923
41098,33.556308833659536,1011.9599999993462,869.8753903205554
41099,33.556308833659536,1011.9799999993462,869.8805182462183
41100,33.556308833659536,1011.9999999993462,869.88564606168
41101,33.556308833659536,1012.0199999993462,869.8907737669646
41102,33.556308833659536,1012.0399999993462,869.8959013622116
41103,33.556308833659536,1012.0599999993461,869.9010288474327
41104,33.556308833659536,1012.0799999993461,869.9061562226266
41105,33.556308833659536,1012.0999999993461,869.9112834877922
41106,33.556308833659536,1012.1199999993461,869.9164106429281
41107,33.556308833659536,1012.1399999993461,869.9215376880333
41108,33.556308833659536,1012.159999999346,869.9266646231064
41109,33.556308833659536,1012.179999999346,869.9317914481463
41110,33.556308833659536,1012.199999999346,869.9369181631519
41111,33.556308833659536,1012.219999999346,869.9420447681217
41112,33.556308833659536,1012.239999999346,869.9471712630548
41113,33.556308833659536,1012.259999999346,869.9522976479498
41114,33.556308833659536,1012.2799999993459,869.9574239228054
41115,33.556308833659536,1012.2999999993459,869.9625500876207
41116,33.556308833659536,1012.3199999993459,869.9676761423942
41117,33.556308833659536,1012.3399999993459,869.9728020871249
41118,33.556308833659536,1012.3599999993459,869.9779279218116
41119,33.556308833659536,1012.3799999993458,869.9830536464528
41120,33.556308833659536,1012.3999999993458,869.9881792610475
41121,33.556308833659536,1012.4199999993458,869.9933047655945
41122,33.556308833659536,1012.4399999993458,869.9984301600927
41123,33.556308833659536,1012.4599999993458,870.0035554447296
41124,33.556308833659536,1012.4799999993458,870.0086806200478
41125,33.556308833659536,1012.4999999993457,870.0138056860857
41126,33.556308833659536,1012.5199999993457,870.018930642842
41127,33.556308833659536,1012.5399999993457,870.0240554903155
41128,33.556308833659536,1012.5599999993457,870.0291802285052
41129,33.556308833659536,1012.5799999993457,870.0343048574099
41130,33.556308833659536,1012.5999999993456,870.0394293770285
41131,33.556308833659536,1012.6199999993456,870.0445537873597
41132,33.556308833659536,1012.6399999993456,870.0496780884026
41133,33.556308833659536,1012.6599999993456,870.0548022801559
41134,33.556308833659536,1012.6799999993456,870.0599263626184
41135,33.556308833659536,1012.6999999993456,870.0650503357891
41136,33.556308833659536,1012.7199999993455,870.0701741996668
41137,33.556308833659536,1012.7399999993455,870.0752979542503
41138,33.556308833659536,1012.7599999993455,870.0804215995386
41139,33.556308833659536,1012.7799999993455,870.0855451355303
41140,33.556308833659536,1012.7999999993455,870.0906685622244
41141,33.556308833659536,1012.8199999993454,870.0957918796199
41142,33.556308833659536,1012.8399999993454,870.1009150877155
41143,33.556308833659536,1012.8599999993454,870.1060381865101
41144,33.556308833659536,1012.8799999993454,870.1111611760024
41145,33.556308833659536,1012.8999999993454,870.1162840561914
41146,33.556308833659536,1012.9199999993454,870.1214068270759
41147,33.556308833659536,1012.9399999993453,870.1265294886549
41148,33.556308833659536,1012.9599999993453,870.1316520409271
41149,33.556308833659536,1012.9799999993453,870.1367744838914
41150,33.556308833659536,1012.9999999993453,870.1418968175466
41151,33.556308833659536,1013.0199999993453,870.1470190418917
41152,33.556308833659536,1013.0399999993452,870.1521411569615
41153,33.556308833659536,1013.0599999993452,870.1572631628875
41154,33.556308833659536,1013.0799999993452,870.1623850596792
41155,33.556308833659536,1013.0999999993452,870.1675068473354
41156,33.556308833659536,1013.1199999993452,870.172628525855
41157,33.556308833659536,1013.1399999993452,870.1777500952368
41158,33.556308833659536,1013.1599999993451,870.1828715554797
41159,33.556308833659536,1013.1799999993451,870.1879929065825
41160,33.556308833659536,1013.1999999993451,870.1931141485442
41161,33.556308833659536,1013.2199999993451,870.1982352813635
41162,33.556308833659536,1013.2399999993451,870.2033563050394
41163,33.556308833659536,1013.259999999345,870.2084772195707
41164,33.556308833659536,1013.279999999345,870.2135980249562
41165,33.556308833659536,1013.299999999345,870.2187187211949
41166,33.556308833659536,1013.319999999345,870.2238393082856
41167,33.556308833659536,1013.339999999345,870.2289597862272
41168,33.556308833659536,1013.359999999345,870.2340801550183
41169,33.556308833659536,1013.3799999993449,870.2392004146581
41170,33.556308833659536,1013.3999999993449,870.2443205651452
41171,33.556308833659536,1013.4199999993449,870.2494406064787
41172,33.556308833659536,1013.4399999993449,870.2545605386573
41173,33.556308833659536,1013.4599999993449,870.2596803616799
41174,33.556308833659536,1013.4799999993448,870.2648000755453
41175,33.556308833659536,1013.4999999993448,870.2699196802524
41176,33.556308833659536,1013.5199999993448,870.2750391758001
41177,33.556308833659536,1013.5399999993448,870.2801585621872
41178,33.556308833659536,1013.5599999993448,870.2852778394126
41179,33.556308833659536,1013.5799999993447,870.2903970074752
41180,33.556308833659536,1013.5999999993447,870.2955160663738
41181,33.556308833659536,1013.6199999993447,870.3006350161072
41182,33.556308833659536,1013.6399999993447,870.3057538566743
41183,33.556308833659536,1013.6599999993447,870.3108725880741
41184,33.556308833659536,1013.6799999993447,870.3159912103052
41185,33.556308833659536,1013.6999999993446,870.3211097233667
41186,33.556308833659536,1013.7199999993446,870.3262281272573
41187,33.556308833659536,1013.7399999993446,870.3313464219759
41188,33.556308833659536,1013.7599999993446,870.3364646075215
41189,33.556308833659536,1013.7799999993446,870.3415826838929
41190,33.556308833659536,1013.7999999993445,870.3467006510888
41191,33.556308833659536,1013.8199999993445,870.3518185091082
41192,33.556308833659536,1013.8399999993445,870.3569362579499
41193,33.556308833659536,1013.8599999993445,870.3620538976127
41194,33.556308833659536,1013.8799999993445,870.3671714280955
41195,33.556308833659536,1013.8999999993445,870.3722888493973
41196,33.556308833659536,1013.9199999993444,870.3774061615168
41197,33.556308833659536,1013.9399999993444,870.3825233644529
41198,33.556308833659536,1013.9599999993444,870.3876404582046
41199,33.556308833659536,1013.9799999993444,870.3927574427705
41200,33.556308833659536,1013.9999999993444,870.3978743181497
41201,33.556308833659536,1014.0199999993443,870.4029910843409
41202,33.556308833659536,1014.0399999993443,870.4081077413431
41203,33.556308833659536,1014.0599999993443,870.4132242892045
41204,33.556308833659536,1014.0799999993443,870.4183407280559
41205,33.556308833659536,1014.0999999993443,870.4234570579051
41206,33.556308833659536,1014.1199999993443,870.4285732787511
41207,33.556308833659536,1014.1399999993442,870.4336893905925
41208,33.556308833659536,1014.1599999993442,870.4388053934283
41209,33.556308833659536,1014.1799999993442,870.4439212872575
41210,33.556308833659536,1014.1999999993442,870.4490370720788
41211,33.556308833659536,1014.2199999993442,870.454152747891
41212,33.556308833659536,1014.2399999993441,870.4592683146932
41213,33.556308833659536,1014.2599999993441,870.4643837724841
41214,33.556308833659536,1014.2799999993441,870.4694991212625
41215,33.511357148743414,1014.2999999993441,870.4746143610274
41216,33.511357148743414,1014.3199999993441,870.4797294917777
41217,33.511357148743414,1014.3399999993441,870.484844513512
41218,33.511357148743414,1014.359999999344,870.4899594262295
41219,33.511357148743414,1014.379999999344,870.4950742299288
41220,33.511357148743414,1014.399999999344,870.5001889246089
41221,33.511357148743414,1014.419999999344,870.5053035102686
41222,33.511357148743414,1014.439999999344,870.5104179869068
41223,33.511357148743414,1014.459999999344,870.5155323545223
41224,33.511357148743414,1014.4799999993439,870.5206466131141
41225,33.511357148743414,1014.4999999993439,870.5257607626809
41226,33.511357148743414,1014.5199999993439,870.5308748032216
41227,33.511357148743414,1014.5399999993439,870.5359887347352
41228,33.511357148743414,1014.5599999993439,870.5411025572204
41229,33.511357148743414,1014.5799999993438,870.5462162706762
41230,33.511357148743414,1014.5999999993438,870.5513298751013
41231,33.511357148743414,1014.6199999993438,870.5564433704947
41232,33.511357148743414,1014.6399999993438,870.5615567568551
41233,33.511357148743414,1014.6599999993438,870.5666700341816
41234,33.511357148743414,1014.6799999993437,870.5717832024728
41235,33.511357148743414,1014.6999999993437,870.5768962617278
41236,33.511357148743414,1014.7199999993437,870.5820092119453
41237,33.511357148743414,1014.7399999993437,870.5871220531243
41238,33.511357148743414,1014.7599999993437,870.5922347852635
41239,33.511357148743414,1014.7799999993437,870.5973474083619
41240,33.511357148743414,1014.7999999993436,870.6024599224182
41241,33.511357148743414,1014.8199999993436,870.6075723274315
41242,33.511357148743414,1014.8399999993436,870.6126846234005
41243,33.511357148743414,1014.8599999993436,870.617796810324
41244,33.511357148743414,1014.8799999993436,870.622908888201
41245,33.511357148743414,1014.8999999993435,870.6280208570303
41246,33.511357148743414,1014.9199999993435,870.6331327168108
41247,33.511357148743414,1014.9399999993435,870.6382444675413
41248,33.511357148743414,1014.9599999993435,870.6433561092208
41249,33.511357148743414,1014.9799999993435,870.648467641848
41250,33.511357148743414,1014.9999999993435,870.6535790654218
41251,33.511357148743414,1015.0199999993434,870.6586903799412
41252,33.511357148743414,1015.0399999993434,870.6638015854048
41253,33.511357148743414,1015.0599999993434,870.6689126818118
41254,33.511357148743414,1015.0799999993434,870.6740236692135
41255,33.511357148743414,1015.0999999993434,870.6791345477151
41256,33.511357148743414,1015.1199999993433,870.6842453173214
41257,33.511357148743414,1015.1399999993433,870.6893559780312
41258,33.511357148743414,1015.1599999993433,870.6944665298436
41259,33.511357148743414,1015.1799999993433,870.6995769727572
41260,33.511357148743414,1015.1999999993433,870.704687306771
41261,33.511357148743414,1015.2199999993433,870.709797531884
41262,33.511357148743414,1015.2399999993432,870.7149076480948
41263,33.511357148743414,1015.2599999993432,870.7200176554024
41264,33.511357148743414,1015.2799999993432,870.7251275538057
41265,33.511357148743414,1015.2999999993432,870.7302373433034
41266,33.511357148743414,1015.3199999993432,870.7353470238945
41267,33.511357148743414,1015.3399999993431,870.7404565955779
41268,33.511357148743414,1015.3599999993431,870.7455660583524
41269,33.511357148743414,1015.3799999993431,870.7506754122169
41270,33.511357148743414,1015.3999999993431,870.7557846571702
41271,33.511357148743414,1015.4199999993431,870.7608937932113
41272,33.511357148743414,1015.4399999993431,870.7660028203388
41273,33.511357148743414,1015.459999999343,870.7711117385519
41274,33.511357148743414,1015.479999999343,870.7762205478492
41275,33.511357148743414,1015.499999999343,870.7813292482297
41276,33.511357148743414,1015.519999999343,870.7864378396922
41277,33.511357148743414,1015.539999999343,870.7915463222356
41278,33.511357148743414,1015.559999999343,870.7966546958588
41279,33.511357148743414,1015.5799999993429,870.8017629605606
41280,33.511357148743414,1015.5999999993429,870.80687111634
41281,33.511357148743414,1015.6199999993429,870.8119791631956
41282,33.511357148743414,1015.6399999993429,870.8170871011265
41283,33.511357148743414,1015.6599999993429,870.8221949301316
41284,33.511357148743414,1015.6799999993428,870.8273026502095
41285,33.511357148743414,1015.6999999993428,870.8324102613593
41286,33.511357148743414,1015.7199999993428,870.8375177635797
41287,33.511357148743414,1015.7399999993428,870.8426251568698
41288,33.511357148743414,1015.7599999993428,870.8477324412282
41289,33.511357148743414,1015.7799999993427,870.852839616654
41290,33.511357148743414,1015.7999999993427,870.8579466831459
41291,33.511357148743414,1015.8199999993427,870.8630536407028
41292,33.511357148743414,1015.8399999993427,870.8681604893236
41293,33.511357148743414,1015.8599999993427,870.8732672290072
41294,33.511357148743414,1015.8799999993427,870.8783738597524
41295,33.511357148743414,1015.8999999993426,870.8834803815581
41296,33.511357148743414,1015.9199999993426,870.8885867944232
41297,33.511357148743414,1015.9399999993426,870.8936930983465
41298,33.511357148743414,1015.9599999993426,870.8987992933269
41299,33.511357148743414,1015.9799999993426,870.9039053793632
41300,33.511357148743414,1015.9999999993425,870.9090113564544
41301,33.511357148743414,1016.0199999993425,870.9141172245992
41302,33.511357148743414,1016.0399999993425,870.9192229837965
41303,33.511357148743414,1016.0599999993425,870.9243286340453
41304,33.511357148743414,1016.0799999993425,870.9294341753443
41305,33.511357148743414,1016.0999999993425,870.9345396077595
41306,33.511357148743414,1016.1199999993424,870.939644931395
41307,33.511357148743414,1016.1399999993424,870.9447501462543
41308,33.511357148743414,1016.1599999993424,870.949855252336
41309,33.511357148743414,1016.1799999993424,870.954960249639
41310,33.511357148743414,1016.1999999993424,870.9600651381623
41311,33.511357148743414,1016.2199999993423,870.9651699179049
41312,33.511357148743414,1016.2399999993423,870.9702745888653
41313,33.511357148743414,1016.2599999993423,870.9753791510426
41314,33.511357148743414,1016.2799999993423,870.9804836044357
41315,33.511357148743414,1016.2999999993423,870.9855879490433
41316,33.511357148743414,1016.3199999993423,870.9906921848644
41317,33.511357148743414,1016.3399999993422,870.995796311898
41318,33.511357148743414,1016.3599999993422,871.0009003301426
41319,33.511357148743414,1016.3799999993422,871.0060042395974
41320,33.511357148743414,1016.3999999993422,871.0111080402611
41321,33.511357148743414,1016.4199999993422,871.0162117321327
41322,33.511357148743414,1016.4399999993421,871.0213153152109
41323,33.511357148743414,1016.4599999993421,871.0264187894948
41324,33.511357148743414,1016.4799999993421,871.031522154983
41325,33.511357148743414,1016.4999999993421,871.0366254116745
41326,33.511357148743414,1016.5199999993421,871.0417285595684
41327,33.511357148743414,1016.5399999993421,871.0468315986632
41328,33.511357148743414,1016.559999999342,871.0519345289579
41329,33.511357148743414,1016.579999999342,871.0570373504514
41330,33.511357148743414,1016.599999999342,871.0621400631426
41331,33.511357148743414,1016.619999999342,871.0672426670303
41332,33.511357148743414,1016.639999999342,871.0723451621134
41333,33.511357148743414,1016.659999999342,871.0774475483908
41334,33.511357148743414,1016.6799999993419,871.0825498258613
41335,33.511357148743414,1016.6999999993419,871.0876519945239
41336,33.511357148743414,1016.7199999993419,871.0927540543773
41337,33.511357148743414,1016.7399999993419,871.0978560054206
41338,33.511357148743414,1016.7599999993419,871.1029578476524
41339,33.511357148743414,1016.7799999993418,871.1080595810718
41340,33.511357148743414,1016.7999999993418,871.1131612056774
41341,33.511357148743414,1016.8199999993418,871.1182627214683
41342,33.511357148743414,1016.8399999993418,871.1233641284433
41343,33.511357148743414,1016.8599999993418,871.1284654266013
41344,33.511357148743414,1016.8799999993417,871.1335666159412
41345,33.511357148743414,1016.8999999993417,871.1386676964618
41346,33.511357148743414,1016.9199999993417,871.1437686681619
41347,33.511357148743414,1016.9399999993417,871.1488695310405
41348,33.511357148743414,1016.9599999993417,871.1539702850965
41349,33.511357148743414,1016.9799999993417,871.1590709303287
41350,33.511357148743414,1016.9999999993416,871.1641714667359
41351,33.511357148743414,1017.0199999993416,871.169271894317
41352,33.511357148743414,1017.0399999993416,871.174372213071
41353,33.511357148743414,1017.0599999993416,871.1794724229967
41354,33.511357148743414,1017.0799999993416,871.1845725240929
41355,33.511357148743414,1017.0999999993415,871.1896725163587
41356,33.511357148743414,1017.1199999993415,871.1947723998701
41357,33.511357148743414,1017.1399999993415,871.1998721747235
41358,33.511357148743414,1017.1599999993415,871.20497184092
41359,33.511357148743414,1017.1799999993415,871.2100713984585
41360,33.511357148743414,1017.1999999993415,871.2151708473377
41361,33.511357148743414,1017.2199999993414,871.2202701875567
41362,33.511357148743414,1017.2399999993414,871.2253694191143
41363,33.511357148743414,1017.2599999993414,871.2304685420092
41364,33.511357148743414,1017.2799999993414,871.2355675562405
41365,33.511357148743414,1017.2999999993414,871.2406664618071
41366,33.511357148743414,1017.3199999993413,871.2457652587077
41367,33.511357148743414,1017.3399999993413,871.2508639469413
41368,33.511357148743414,1017.3599999993413,871.2559625265067
41369,33.511357148743414,1017.3799999993413,871.2610609974028
41370,33.511357148743414,1017.3999999993413,871.2661593596284
41371,33.511357148743414,1017.4199999993413,871.2712576131826
41372,33.511357148743414,1017.4399999993412,871.276355758064
41373,33.511357148743414,1017.4599999993412,871.2814537942717
41374,33.511357148743414,1017.4799999993412,871.2865517218045
41375,33.511357148743414,1017.4999999993412,871.2916495406612
41376,33.511357148743414,1017.5199999993412,871.2967472508408
41377,33.511357148743414,1017.5399999993411,871.301844852342
41378,33.511357148743414,1017.5599999993411,871.3069423451639
41379,33.511357148743414,1017.5799999993411,871.3120397293052
41380,33.511357148743414,1017.5999999993411,871.3171370047648
41381,33.511357148743414,1017.6199999993411,871.3222341715417
41382,33.511357148743414,1017.6399999993411,871.3273312296346
41383,33.511357148743414,1017.659999999341,871.3324281790425
41384,33.511357148743414,1017.679999999341,871.3375250197643
41385,33.511357148743414,1017.699999999341,871.3426217517987
41386,33.511357148743414,1017.719999999341,871.3477183751447
41387,33.511357148743414,1017.739999999341,871.3528148898013
41388,33.511357148743414,1017.759999999341,871.3579112957672
41389,33.511357148743414,1017.7799999993409,871.3630075930413
41390,33.511357148743414,1017.7999999993409,871.3681037816225
41391,33.511357148743414,1017.8199999993409,871.3731998615096
41392,33.511357148743414,1017.8399999993409,871.3782958327016
41393,33.511357148743414,1017.8599999993409,871.3833916951974
41394,33.511357148743414,1017.8799999993408,871.3884874489956
41395,33.511357148743414,1017.8999999993408,871.3935830940954
41396,33.511357148743414,1017.9199999993408,871.3986786304956
41397,33.511357148743414,1017.9399999993408,871.403774058195
41398,33.511357148743414,1017.9599999993408,871.4088693771926
41399,33.511357148743414,1017.9799999993407,871.413964587487
41400,33.511357148743414,1017.9999999993407,871.4190596890774
41401,33.511357148743414,1018.0199999993407,871.4241546819624
41402,33.511357148743414,1018.0399999993407,871.429249566141
41403,33.511357148743414,1018.0599999993407,871.4343443416121
41404,33.511357148743414,1018.0799999993407,871.4394390083746
41405,33.511357148743414,1018.0999999993406,871.4445335664274
41406,33.511357148743414,1018.1199999993406,871.4496280157692
41407,33.511357148743414,1018.1399999993406,871.4547223564923
41408,33.511357148743414,1018.1599999993406,871.4598165886899
41409,33.511357148743414,1018.1799999993406,871.4649107123611
41410,33.511357148743414,1018.1999999993405,871.4700047275047
41411,33.511357148743414,1018.2199999993405,871.4750986341197
41412,33.511357148743414,1018.2399999993405,871.4801924322048
41413,33.511357148743414,1018.2599999993405,871.485286121759
41414,33.511357148743414,1018.2799999993405,871.4903797027812
41415,33.511357148743414,1018.2999999993405,871.4954731752701
41416,33.511357148743414,1018.3199999993404,871.5005665392249
41417,33.511357148743414,1018.3399999993404,871.5056597946442
41418,33.511357148743414,1018.3599999993404,871.5107529415269
41419,33.511357148743414,1018.3799999993404,871.515845979872
41420,33.511357148743414,1018.3999999993404,871.5209389096783
41421,33.511357148743414,1018.4199999993403,871.5260317309447
41422,33.511357148743414,1018.4399999993403,871.5311244436701
41423,33.511357148743414,1018.4599999993403,871.5362170478534
41424,33.511357148743414,1018.4799999993403,871.5413095434933
41425,33.511357148743414,1018.4999999993403,871.5464019305888
41426,33.511357148743414,1018.5199999993403,871.5514942091388
41427,33.511357148743414,1018.5399999993402,871.5565863791421
41428,33.511357148743414,1018.5599999993402,871.5616784405977
41429,33.511357148743414,1018.5799999993402,871.5667703935044
41430,33.511357148743414,1018.5999999993402,871.5718622378611
41431,33.511357148743414,1018.6199999993402,871.5769539736666
41432,33.511357148743414,1018.6399999993401,871.5820456009199
41433,33.511357148743414,1018.6599999993401,871.5871371196197
41434,33.511357148743414,1018.6799999993401,871.5922285297651
41435,33.511357148743414,1018.6999999993401,871.5973198313548
41436,33.511357148743414,1018.7199999993401,871.6024110243877
41437,33.511357148743414,1018.7399999993401,871.6075021088628
41438,33.511357148743414,1018.75999999934,871.612593084779
41439,33.511357148743414,1018.77999999934,871.6176839521349
41440,33.511357148743414,1018.79999999934,871.6227747109297
41441,33.511357148743414,1018.81999999934,871.6278653611621
41442,33.511357148743414,1018.83999999934,871.632955902831
41443,33.511357148743414,1018.85999999934,871.6380463359353
41444,33.511357148743414,1018.8799999993399,871.6431366604738
41445,33.511357148743414,1018.8999999993399,871.6482268764455
41446,33.511357148743414,1018.9199999993399,871.6533169838492
41447,33.511357148743414,1018.9399999993399,871.6584069826838
41448,33.511357148743414,1018.9599999993399,871.6634968729481
41449,33.511357148743414,1018.9799999993398,871.6685866546412
41450,33.511357148743414,1018.9999999993398,871.6736763277618
41451,33.46650573563039,1019.0199999993398,871.6787658923088
41452,33.46650573563039,1019.0399999993398,871.683855348281
41453,33.46650573563039,1019.0599999993398,871.6889446956774
41454,33.46650573563039,1019.0799999993397,871.6940339344968
41455,33.46650573563039,1019.0999999993397,871.6991230647382
41456,33.46650573563039,1019.1199999993397,871.7042120864004
41457,33.46650573563039,1019.1399999993397,871.7093009994841
41458,33.46650573563039,1019.1599999993397,871.714389804078
41459,33.46650573563039,1019.1799999993397,871.7194785002544
41460,33.46650573563039,1019.1999999993396,871.7245670880121
41461,33.46650573563039,1019.2199999993396,871.7296555673502
41462,33.46650573563039,1019.2399999993396,871.7347439382673
41463,33.46650573563039,1019.2599999993396,871.7398322007625
41464,33.46650573563039,1019.2799999993396,871.7449203548347
41465,33.46650573563039,1019.2999999993395,871.7500084004827
41466,33.46650573563039,1019.3199999993395,871.7550963377054
41467,33.46650573563039,1019.3399999993395,871.7601841665017
41468,33.46650573563039,1019.3599999993395,871.7652718868706
41469,33.46650573563039,1019.3799999993395,871.7703594988108
41470,33.46650573563039,1019.3999999993395,871.7754470023212
41471,33.46650573563039,1019.4199999993394,871.780534397401
41472,33.46650573563039,1019.4399999993394,871.7856216840488
41473,33.46650573563039,1019.4599999993394,871.7907088622636
41474,33.46650573563039,1019.4799999993394,871.7957959320443
41475,33.46650573563039,1019.4999999993394,871.8008828933897
41476,33.46650573563039,1019.5199999993393,871.8059697462987
41477,33.46650573563039,1019.5399999993393,871.8110564907704
41478,33.46650573563039,1019.5599999993393,871.8161431268035
41479,33.46650573563039,1019.5799999993393,871.8212296543969
41480,33.46650573563039,1019.5999999993393,871.8263160735495
41481,33.46650573563039,1019.6199999993393,871.8314023842603
41482,33.46650573563039,1019.6399999993392,871.836488586528
41483,33.46650573563039,1019.6599999993392,871.8415746803518
41484,33.46650573563039,1019.6799999993392,871.8466606657303
41485,33.46650573563039,1019.6999999993392,871.8517465426625
41486,33.46650573563039,1019.7199999993392,871.8568323111472
41487,33.46650573563039,1019.7399999993391,871.8619179711834
41488,33.46650573563039,1019.7599999993391,871.86700352277
41489,33.46650573563039,1019.7799999993391,871.8720889659058
41490,33.46650573563039,1019.7999999993391,871.8771743005899
41491,33.46650573563039,1019.8199999993391,871.8822595268209
41492,33.46650573563039,1019.839999999339,871.8873446445979
41493,33.46650573563039,1019.859999999339,871.8924296539197
41494,33.46650573563039,1019.879999999339,871.8975145547853
41495,33.46650573563039,1019.899999999339,871.9025993471935
41496,33.46650573563039,1019.919999999339,871.9076840311432
41497,33.46650573563039,1019.939999999339,871.9127686066333
41498,33.46650573563039,1019.959999999339,871.9178530736627
41499,33.46650573563039,1019.9799999993389,871.9229374322304
41500,33.46650573563039,1019.9999999993389,871.928021682335
41501,33.46650573563039,1020.0199999993389,871.9331058239758
41502,33.46650573563039,1020.0399999993389,871.9381898571514
41503,33.46650573563039,1020.0599999993389,871.9432737818609
41504,33.46650573563039,1020.0799999993388,871.9483575981029
41505,33.46650573563039,1020.0999999993388,871.9534413058765
41506,33.46650573563039,1020.1199999993388,871.9585249051805
41507,33.46650573563039,1020.1399999993388,871.9636083960139
41508,33.46650573563039,1020.1599999993388,871.9686917783795
41509,33.46650573563039,1020.1799999993387,871.9737750523793
41510,33.46650573563039,1020.1999999993387,871.9788582180795
41511,33.46650573563039,1020.2199999993387,871.983941275479
41512,33.46650573563039,1020.2399999993387,871.9890242245766
41513,33.46650573563039,1020.2599999993387,871.9941070653713
41514,33.46650573563039,1020.2799999993387,871.9991897978618
41515,33.46650573563039,1020.2999999993386,872.0042724220473
41516,33.46650573563039,1020.3199999993386,872.0093549379264
41517,33.46650573563039,1020.3399999993386,872.0144373454982
41518,33.46650573563039,1020.3599999993386,872.0195196447615
41519,33.46650573563039,1020.3799999993386,872.0246018357153
41520,33.46650573563039,1020.3999999993385,872.0296839183584
41521,33.46650573563039,1020.4199999993385,872.0347658926896
41522,33.46650573563039,1020.4399999993385,872.039847758708
41523,33.46650573563039,1020.4599999993385,872.0449295164123
41524,33.46650573563039,1020.4799999993385,872.0500111658015
41525,33.46650573563039,1020.4999999993385,872.0550927068745
41526,33.46650573563039,1020.5199999993384,872.0601741396301
41527,33.46650573563039,1020.5399999993384,872.0652554640674
41528,33.46650573563039,1020.5599999993384,872.070336680185
41529,33.46650573563039,1020.5799999993384,872.0754177879821
41530,33.46650573563039,1020.5999999993384,872.0804987874574
41531,33.46650573563039,1020.6199999993383,872.0855796786097
41532,33.46650573563039,1020.6399999993383,872.0906604614382
41533,33.46650573563039,1020.6599999993383,872.0957411359416
41534,33.46650573563039,1020.6799999993383,872.1008217021188
41535,33.46650573563039,1020.6999999993383,872.1059021599688
41536,33.46650573563039,1020.7199999993383,872.1109825094903
41537,33.46650573563039,1020.7399999993382,872.1160627506824
41538,33.46650573563039,1020.7599999993382,872.1211428835439
41539,33.46650573563039,1020.7799999993382,872.1262229080737
41540,33.46650573563039,1020.7999999993382,872.1313028242707
41541,33.46650573563039,1020.8199999993382,872.1363826321339
41542,33.46650573563039,1020.8399999993381,872.141462331662
41543,33.46650573563039,1020.8599999993381,872.1465419228539
41544,33.46650573563039,1020.8799999993381,872.1516214057086
41545,33.46650573563039,1020.8999999993381,872.156700780225
41546,33.46650573563039,1020.9199999993381,872.161780046402
41547,33.46650573563039,1020.939999999338,872.1668592042384
41548,33.46650573563039,1020.959999999338,872.1719382537333
41549,33.46650573563039,1020.979999999338,872.1770171948854
41550,33.46650573563039,1020.999999999338,872.1820960276935
41551,33.46650573563039,1021.019999999338,872.1871747521568
41552,33.46650573563039,1021.039999999338,872.192253368274
41553,33.46650573563039,1021.059999999338,872.197331876044
41554,33.46650573563039,1021.0799999993379,872.2024102754658
41555,33.46650573563039,1021.0999999993379,872.2074885665382
41556,33.46650573563039,1021.1199999993379,872.2125667492602
41557,33.46650573563039,1021.1399999993379,872.2176448236305
41558,33.46650573563039,1021.1599999993379,872.2227227896482
41559,33.46650573563039,1021.1799999993378,872.2278006473181
41560,33.46650573563039,1021.1999999993378,872.2328783967514
41561,33.46650573563039,1021.2199999993378,872.2379560380045
41562,33.46650573563039,1021.2399999993378,872.2430335710764
41563,33.46650573563039,1021.2599999993378,872.2481109959657
41564,33.46650573563039,1021.2799999993377,872.2531883126715
41565,33.46650573563039,1021.2999999993377,872.2582655211926
41566,33.46650573563039,1021.3199999993377,872.263342621528
41567,33.46650573563039,1021.3399999993377,872.2684196136764
41568,33.46650573563039,1021.3599999993377,872.273496497637
41569,33.46650573563039,1021.3799999993377,872.2785732734085
41570,33.46650573563039,1021.3999999993376,872.2836499409898
41571,33.46650573563039,1021.4199999993376,872.2887265003799
41572,33.46650573563039,1021.4399999993376,872.2938029515776
41573,33.46650573563039,1021.4599999993376,872.298879294582
41574,33.46650573563039,1021.4799999993376,872.3039555293917
41575,33.46650573563039,1021.4999999993375,872.3090316560058
41576,33.46650573563039,1021.5199999993375,872.3141076744232
41577,33.46650573563039,1021.5399999993375,872.3191835846427
41578,33.46650573563039,1021.5599999993375,872.3242593866632
41579,33.46650573563039,1021.5799999993375,872.3293350804838
41580,33.46650573563039,1021.5999999993375,872.3344106661032
41581,33.46650573563039,1021.6199999993374,872.3394861435203
41582,33.46650573563039,1021.6399999993374,872.3445615127341
41583,33.46650573563039,1021.6599999993374,872.3496367737434
41584,33.46650573563039,1021.6799999993374,872.3547119265472
41585,33.46650573563039,1021.6999999993374,872.3597869711443
41586,33.46650573563039,1021.7199999993373,872.3648619075337
41587,33.46650573563039,1021.7399999993373,872.3699367357143
41588,33.46650573563039,1021.7599999993373,872.3750114556849
41589,33.46650573563039,1021.7799999993373,872.3800860674445
41590,33.46650573563039,1021.7999999993373,872.385160570992
41591,33.46650573563039,1021.8199999993373,872.3902349663261
41592,33.46650573563039,1021.8399999993372,872.395309253446
41593,33.46650573563039,1021.8599999993372,872.4003834323505
41594,33.46650573563039,1021.8799999993372,872.4054575030384
41595,33.46650573563039,1021.8999999993372,872.4105314655087
41596,33.46650573563039,1021.9199999993372,872.4156053197602
41597,33.46650573563039,1021.9399999993371,872.4206790657919
41598,33.46650573563039,1021.9599999993371,872.4257527036026
41599,33.46650573563039,1021.9799999993371,872.4308262331913
41600,33.46650573563039,1021.9999999993371,872.4358996545568
41601,33.46650573563039,1022.0199999993371,872.4409729676981
41602,33.46650573563039,1022.039999999337,872.4460461726142
41603,33.46650573563039,1022.059999999337,872.4511192693037
41604,33.46650573563039,1022.079999999337,872.4561922577658
41605,33.46650573563039,1022.099999999337,872.4612651379992
41606,33.46650573563039,1022.119999999337,872.466337910003
41607,33.46650573563039,1022.139999999337,872.4714105737758
41608,33.46650573563039,1022.159999999337,872.4764831293166
41609,33.46650573563039,1022.1799999993369,872.4815555766246
41610,33.46650573563039,1022.1999999993369,872.4866279157065
41611,33.46650573563039,1022.2199999993369,872.4917001466824
41612,33.46650573563039,1022.2399999993369,872.4967722695984
41613,33.46650573563039,1022.2599999993369,872.5018442844533
41614,33.46650573563039,1022.2799999993368,872.5069161912461
41615,33.46650573563039,1022.2999999993368,872.5119879899755
41616,33.46650573563039,1022.3199999993368,872.5170596806406
41617,33.46650573563039,1022.3399999993368,872.5221312632403
41618,33.46650573563039,1022.3599999993368,872.5272027377736
41619,33.46650573563039,1022.3799999993367,872.5322741042391
41620,33.46650573563039,1022.3999999993367,872.537345362636
41621,33.46650573563039,1022.4199999993367,872.542416512963
41622,33.46650573563039,1022.4399999993367,872.547487555219
41623,33.46650573563039,1022.4599999993367,872.5525584894032
41624,33.46650573563039,1022.4799999993367,872.5576293155142
41625,33.46650573563039,1022.4999999993366,872.5627000335511
41626,33.46650573563039,1022.5199999993366,872.5677706435126
41627,33.46650573563039,1022.5399999993366,872.5728411453979
41628,33.46650573563039,1022.5599999993366,872.5779115392056
41629,33.46650573563039,1022.5799999993366,872.5829818249348
41630,33.46650573563039,1022.5999999993365,872.5880520025843
41631,33.46650573563039,1022.6199999993365,872.593122072153
41632,33.46650573563039,1022.6399999993365,872.59819203364
41633,33.46650573563039,1022.6599999993365,872.6032618870439
41634,33.46650573563039,1022.6799999993365,872.6083316323638
41635,33.46650573563039,1022.6999999993365,872.6134012695986
41636,33.46650573563039,1022.7199999993364,872.6184707987472
41637,33.46650573563039,1022.7399999993364,872.6235402198085
41638,33.46650573563039,1022.7599999993364,872.6286095327814
41639,33.46650573563039,1022.7799999993364,872.6336787376648
41640,33.46650573563039,1022.7999999993364,872.6387478344576
41641,33.46650573563039,1022.8199999993363,872.6438168231588
41642,33.46650573563039,1022.8399999993363,872.6488857037671
41643,33.46650573563039,1022.8599999993363,872.6539544762816
41644,33.46650573563039,1022.8799999993363,872.659023140701
41645,33.46650573563039,1022.8999999993363,872.6640916970244
41646,33.46650573563039,1022.9199999993363,872.6691601452508
41647,33.46650573563039,1022.9399999993362,872.6742284853788
41648,33.46650573563039,1022.9599999993362,872.6792967174075
41649,33.46650573563039,1022.9799999993362,872.6843648413358
41650,33.46650573563039,1022.9999999993362,872.6894328571625
41651,33.46650573563039,1023.0199999993362,872.6945007648866
41652,33.46650573563039,1023.0399999993361,872.699568564507
41653,33.46650573563039,1023.0599999993361,872.7046362560226
41654,33.46650573563039,1023.0799999993361,872.7097038394322
41655,33.46650573563039,1023.0999999993361,872.7147713147349
41656,33.46650573563039,1023.1199999993361,872.7198386819294
41657,33.46650573563039,1023.139999999336,872.7249059410149
41658,33.46650573563039,1023.159999999336,872.72997309199
41659,33.46650573563039,1023.179999999336,872.7350401348538
41660,33.46650573563039,1023.199999999336,872.7401070696051
41661,33.46650573563039,1023.219999999336,872.7451738962538
41662,33.46650573563039,1023.239999999336,872.7502406149375
41663,33.46650573563039,1023.259999999336,872.7553072256944
41664,33.46650573563039,1023.2799999993359,872.7603737285235
41665,33.46650573563039,1023.2999999993359,872.7654401234238
41666,33.46650573563039,1023.3199999993359,872.770506410394
41667,33.46650573563039,1023.3399999993359,872.7755725894332
41668,33.46650573563039,1023.3599999993359,872.7806386605401
41669,33.46650573563039,1023.3799999993358,872.7857046237139
41670,33.46650573563039,1023.3999999993358,872.7907704789533
41671,33.46650573563039,1023.4199999993358,872.7958362262573
41672,33.46650573563039,1023.4399999993358,872.8009018656247
41673,33.46650573563039,1023.4599999993358,872.8059673970546
41674,33.46650573563039,1023.4799999993357,872.8110328205457
41675,33.46650573563039,1023.4999999993357,872.8160981360971
41676,33.46650573563039,1023.5199999993357,872.8211633437077
41677,33.46650573563039,1023.5399999993357,872.8262284433762
41678,33.46650573563039,1023.5599999993357,872.8312934351017
41679,33.46650573563039,1023.5799999993357,872.836358318883
41680,33.46650573563039,1023.5999999993356,872.8414230947191
41681,33.46650573563039,1023.6199999993356,872.8464877626088
41682,33.46650573563039,1023.6399999993356,872.8515523225512
41683,33.46650573563039,1023.6599999993356,872.8566167745452
41684,33.46650573563039,1023.6799999993356,872.8616811185896
41685,33.46650573563039,1023.6999999993355,872.8667453546832
41686,33.46650573563039,1023.7199999993355,872.8718094828251
41687,33.46650573563039,1023.7399999993355,872.8768735030143
41688,33.46650573563039,1023.7599999993355,872.8819374152495
41689,33.42175428145878,1023.7799999993355,872.8870012195297
41690,33.42175428145878,1023.7999999993355,872.8920649158538
41691,33.42175428145878,1023.8199999993354,872.8971285042206
41692,33.42175428145878,1023.8399999993354,872.9021919846292
41693,33.42175428145878,1023.8599999993354,872.9072553570785
41694,33.42175428145878,1023.8799999993354,872.9123186215672
41695,33.42175428145878,1023.8999999993354,872.9173817780945
41696,33.42175428145878,1023.9199999993353,872.9224448266591
41697,33.42175428145878,1023.9399999993353,872.9275077672601
41698,33.42175428145878,1023.9599999993353,872.9325705998962
41699,33.42175428145878,1023.9799999993353,872.9376333245664
41700,33.42175428145878,1023.9999999993353,872.9426959412697
41701,33.42175428145878,1024.0199999993354,872.9477584500048
41702,33.42175428145878,1024.0399999993354,872.9528208507709
41703,33.42175428145878,1024.0599999993353,872.9578831435667
41704,33.42175428145878,1024.0799999993353,872.9629453283912
41705,33.42175428145878,1024.0999999993353,872.9680074052433
41706,33.42175428145878,1024.1199999993353,872.9730693741218
41707,33.42175428145878,1024.1399999993353,872.9781312350258
41708,33.42175428145878,1024.1599999993352,872.9831929879541
41709,33.42175428145878,1024.1799999993352,872.9882546329056
41710,33.42175428145878,1024.1999999993352,872.9933161698793
41711,33.42175428145878,1024.2199999993352,872.9983775988741
41712,33.42175428145878,1024.2399999993352,873.0034389199003
41713,33.42175428145878,1024.2599999993352,873.0085001330852
41714,33.42175428145878,1024.2799999993351,873.0135612384524
41715,33.42175428145878,1024.2999999993351,873.0186222360009
41716,33.42175428145878,1024.319999999335,873.0236831257293
41717,33.42175428145878,1024.339999999335,873.0287439076369
41718,33.42175428145878,1024.359999999335,873.0338045817224
41719,33.42175428145878,1024.379999999335,873.0388651479848
41720,33.42175428145878,1024.399999999335,873.0439256064229
41721,33.42175428145878,1024.419999999335,873.0489859570357
41722,33.42175428145878,1024.439999999335,873.0540461998221
41723,33.42175428145878,1024.459999999335,873.0591063347811
41724,33.42175428145878,1024.479999999335,873.0641663619115
41725,33.42175428145878,1024.499999999335,873.0692262812122
41726,33.42175428145878,1024.519999999335,873.0742860926822
41727,33.42175428145878,1024.539999999335,873.0793457963204
41728,33.42175428145878,1024.5599999993349,873.0844053921256
41729,33.42175428145878,1024.5799999993349,873.089464880097
41730,33.42175428145878,1024.5999999993348,873.0945242602332
41731,33.42175428145878,1024.6199999993348,873.0995835325334
41732,33.42175428145878,1024.6399999993348,873.1046426969964
41733,33.42175428145878,1024.6599999993348,873.109701753621
41734,33.42175428145878,1024.6799999993348,873.1147607024063
41735,33.42175428145878,1024.6999999993348,873.1198195433511
41736,33.42175428145878,1024.7199999993347,873.1248782764544
41737,33.42175428145878,1024.7399999993347,873.129936901715
41738,33.42175428145878,1024.7599999993347,873.134995419132
41739,33.42175428145878,1024.7799999993347,873.1400538287041
41740,33.42175428145878,1024.7999999993347,873.1451121304303
41741,33.42175428145878,1024.8199999993346,873.1501703243097
41742,33.42175428145878,1024.8399999993346,873.1552284103409
41743,33.42175428145878,1024.8599999993346,873.160286388523
41744,33.42175428145878,1024.8799999993346,873.1653442588549
41745,33.42175428145878,1024.8999999993346,873.1704020213356
41746,33.42175428145878,1024.9199999993346,873.1754596759639
41747,33.42175428145878,1024.9399999993345,873.1805172227388
41748,33.42175428145878,1024.9599999993345,873.1855746616591
41749,33.42175428145878,1024.9799999993345,873.1906319927238
41750,33.42175428145878,1024.9999999993345,873.1956892159318
41751,33.42175428145878,1025.0199999993345,873.2007463312821
41752,33.42175428145878,1025.0399999993344,873.2058033387734
41753,33.42175428145878,1025.0599999993344,873.2108602384048
41754,33.42175428145878,1025.0799999993344,873.2159170301752
41755,33.42175428145878,1025.0999999993344,873.2209737140835
41756,33.42175428145878,1025.1199999993344,873.2260302901286
41757,33.42175428145878,1025.1399999993343,873.2310867583095
41758,33.42175428145878,1025.1599999993343,873.236143118625
41759,33.42175428145878,1025.1799999993343,873.2411993710741
41760,33.42175428145878,1025.1999999993343,873.2462555156557
41761,33.42175428145878,1025.2199999993343,873.2513115523686
41762,33.42175428145878,1025.2399999993343,873.2563674812119
41763,33.42175428145878,1025.2599999993342,873.2614233021986
41764,33.42175428145878,1025.2799999993342,873.266479015472
41765,33.42175428145878,1025.2999999993342,873.2715346210465
41766,33.42175428145878,1025.3199999993342,873.2765901189213
41767,33.42175428145878,1025.3399999993342,873.281645509095
41768,33.42175428145878,1025.3599999993341,873.2867007915669
41769,33.42175428145878,1025.3799999993341,873.2917559663356
41770,33.42175428145878,1025.399999999334,873.2968110334002
41771,33.42175428145878,1025.419999999334,873.3018659927596
41772,33.42175428145878,1025.439999999334,873.3069208444127
41773,33.42175428145878,1025.459999999334,873.3119755883585
41774,33.42175428145878,1025.479999999334,873.3170302245957
41775,33.42175428145878,1025.499999999334,873.3220847531234
41776,33.42175428145878,1025.519999999334,873.3271391739405
41777,33.42175428145878,1025.539999999334,873.332193487046
41778,33.42175428145878,1025.559999999334,873.3372476924387
41779,33.42175428145878,1025.579999999334,873.3423017901176
41780,33.42175428145878,1025.599999999334,873.3473557800816
41781,33.42175428145878,1025.619999999334,873.3524096623295
41782,33.42175428145878,1025.639999999334,873.3574634368604
41783,33.42175428145878,1025.6599999993339,873.3625171036731
41784,33.42175428145878,1025.6799999993339,873.3675706627666
41785,33.42175428145878,1025.6999999993338,873.3726241141399
41786,33.42175428145878,1025.7199999993338,873.3776774577917
41787,33.42175428145878,1025.7399999993338,873.3827306937211
41788,33.42175428145878,1025.7599999993338,873.387783821927
41789,33.42175428145878,1025.7799999993338,873.3928368424083
41790,33.42175428145878,1025.7999999993337,873.397889755164
41791,33.42175428145878,1025.8199999993337,873.4029425601929
41792,33.42175428145878,1025.8399999993337,873.4079952574939
41793,33.42175428145878,1025.8599999993337,873.4130478470661
41794,33.42175428145878,1025.8799999993337,873.4181003289083
41795,33.42175428145878,1025.8999999993337,873.4231527030194
41796,33.42175428145878,1025.9199999993336,873.4282049693983
41797,33.42175428145878,1025.9399999993336,873.433257128044
41798,33.42175428145878,1025.9599999993336,873.4383091789555
41799,33.42175428145878,1025.9799999993336,873.4433611221316
41800,33.42175428145878,1025.9999999993336,873.4484129575712
41801,33.42175428145878,1026.0199999993335,873.4534646852734
41802,33.42175428145878,1026.0399999993335,873.4585163052369
41803,33.42175428145878,1026.0599999993335,873.4635678174608
41804,33.42175428145878,1026.0799999993335,873.4686192219439
41805,33.42175428145878,1026.0999999993335,873.4736705186851
41806,33.42175428145878,1026.1199999993335,873.4787217076835
41807,33.42175428145878,1026.1399999993334,873.4837727889378
41808,33.42175428145878,1026.1599999993334,873.4888237624472
41809,33.42175428145878,1026.1799999993334,873.4938746282104
41810,33.42175428145878,1026.1999999993334,873.4989253862263
41811,33.42175428145878,1026.2199999993334,873.503976036494
41812,33.42175428145878,1026.2399999993333,873.5090265790124
41813,33.42175428145878,1026.2599999993333,873.5140770137803
41814,33.42175428145878,1026.2799999993333,873.5191273408201
41815,33.42175428145878,1026.2999999993333,873.5241775602689
41816,33.42175428145878,1026.3199999993333,873.5292276721381
41817,33.42175428145878,1026.3399999993333,873.5342776764267
41818,33.42175428145878,1026.3599999993332,873.5393275731336
41819,33.42175428145878,1026.3799999993332,873.5443773622579
41820,33.42175428145878,1026.3999999993332,873.5494270437985
41821,33.42175428145878,1026.4199999993332,873.5544766177541
41822,33.42175428145878,1026.4399999993332,873.5595260841237
41823,33.42175428145878,1026.4599999993331,873.5645754429064
41824,33.42175428145878,1026.4799999993331,873.569624694101
41825,33.42175428145878,1026.499999999333,873.5746738377064
41826,33.42175428145878,1026.519999999333,873.5797228737216
41827,33.42175428145878,1026.539999999333,873.5847718021455
41828,33.42175428145878,1026.559999999333,873.5898206229771
41829,33.42175428145878,1026.579999999333,873.5948693362152
41830,33.42175428145878,1026.599999999333,873.5999179418587
41831,33.42175428145878,1026.619999999333,873.6049664399068
41832,33.42175428145878,1026.639999999333,873.6100148303582
41833,33.42175428145878,1026.659999999333,873.6150631132118
41834,33.42175428145878,1026.679999999333,873.6201112884667
41835,33.42175428145878,1026.699999999333,873.6251593561216
41836,33.42175428145878,1026.719999999333,873.6302073161756
41837,33.42175428145878,1026.739999999333,873.6352551686276
41838,33.42175428145878,1026.7599999993329,873.6403029134766
41839,33.42175428145878,1026.7799999993329,873.6453505507213
41840,33.42175428145878,1026.7999999993328,873.6503980803609
41841,33.42175428145878,1026.8199999993328,873.6554455023942
41842,33.42175428145878,1026.8399999993328,873.66049281682
41843,33.42175428145878,1026.8599999993328,873.6655400236375
41844,33.42175428145878,1026.8799999993328,873.6705871228454
41845,33.42175428145878,1026.8999999993327,873.6756341144428
41846,33.42175428145878,1026.9199999993327,873.6806809984284
41847,33.42175428145878,1026.9399999993327,873.6857277748014
41848,33.42175428145878,1026.9599999993327,873.6907744435606
41849,33.42175428145878,1026.9799999993327,873.695821004705
41850,33.42175428145878,1026.9999999993327,873.7008674582333
41851,33.42175428145878,1027.0199999993326,873.7059138041448
41852,33.42175428145878,1027.0399999993326,873.710960042438
41853,33.42175428145878,1027.0599999993326,873.7160061731122
41854,33.42175428145878,1027.0799999993326,873.721052196166
41855,33.42175428145878,1027.0999999993326,873.7260981115986
41856,33.42175428145878,1027.1199999993325,873.7311439194089
41857,33.42175428145878,1027.1399999993325,873.7361896195956
41858,33.42175428145878,1027.1599999993325,873.7412352121579
41859,33.42175428145878,1027.1799999993325,873.7462806970946
41860,33.42175428145878,1027.1999999993325,873.7513260744046
41861,33.42175428145878,1027.2199999993325,873.7563713440869
41862,33.42175428145878,1027.2399999993324,873.7614165061404
41863,33.42175428145878,1027.2599999993324,873.7664615605642
41864,33.42175428145878,1027.2799999993324,873.7715065073569
41865,33.42175428145878,1027.2999999993324,873.7765513465514
41866,33.42175428145878,1027.3199999993324,873.7815960782763
41867,33.42175428145878,1027.3399999993323,873.7866407025411
41868,33.42175428145878,1027.3599999993323,873.791685219345
41869,33.42175428145878,1027.3799999993323,873.7967296286868
41870,33.42175428145878,1027.3999999993323,873.8017739305653
41871,33.42175428145878,1027.4199999993323,873.8068181249796
41872,33.42175428145878,1027.4399999993323,873.8118622119285
41873,33.42175428145878,1027.4599999993322,873.816906191411
41874,33.42175428145878,1027.4799999993322,873.8219500634261
41875,33.42175428145878,1027.4999999993322,873.8269938279726
41876,33.42175428145878,1027.5199999993322,873.8320374850496
41877,33.42175428145878,1027.5399999993322,873.8370810346559
41878,33.42175428145878,1027.5599999993321,873.8421244767904
41879,33.42175428145878,1027.5799999993321,873.8471678114522
41880,33.42175428145878,1027.599999999332,873.8522110386401
41881,33.42175428145878,1027.619999999332,873.857254158353
41882,33.42175428145878,1027.639999999332,873.86229717059
41883,33.42175428145878,1027.659999999332,873.8673400753498
41884,33.42175428145878,1027.679999999332,873.8723828726316
41885,33.42175428145878,1027.699999999332,873.8774255624343
41886,33.42175428145878,1027.719999999332,873.8824681447566
41887,33.42175428145878,1027.739999999332,873.8875106195976
41888,33.42175428145878,1027.759999999332,873.8925529869562
41889,33.42175428145878,1027.779999999332,873.8975952468313
41890,33.42175428145878,1027.799999999332,873.9026373992219
41891,33.42175428145878,1027.819999999332,873.907679444127
41892,33.42175428145878,1027.839999999332,873.9127213815453
41893,33.42175428145878,1027.8599999993319,873.917763211476
41894,33.42175428145878,1027.8799999993319,873.9228049339179
41895,33.42175428145878,1027.8999999993318,873.9278465488699
41896,33.42175428145878,1027.9199999993318,873.932888056331
41897,33.42175428145878,1027.9399999993318,873.9379294563
41898,33.42175428145878,1027.9599999993318,873.942970748776
41899,33.42175428145878,1027.9799999993318,873.9480119337579
41900,33.42175428145878,1027.9999999993317,873.9530530112446
41901,33.42175428145878,1028.0199999993317,873.958093981235
41902,33.42175428145878,1028.0399999993317,873.9631348437282
41903,33.42175428145878,1028.0599999993317,873.968175598723
41904,33.42175428145878,1028.0799999993317,873.9732162462183
41905,33.42175428145878,1028.0999999993317,873.978256786213
41906,33.42175428145878,1028.1199999993316,873.9832972187063
41907,33.42175428145878,1028.1399999993316,873.9883375436968
41908,33.42175428145878,1028.1599999993316,873.9933777611838
41909,33.42175428145878,1028.1799999993316,873.9984178711658
41910,33.42175428145878,1028.1999999993316,874.003457873642
41911,33.42175428145878,1028.2199999993315,874.0084977686113
41912,33.42175428145878,1028.2399999993315,874.0135375560726
41913,33.42175428145878,1028.2599999993315,874.0185772360248
41914,33.42175428145878,1028.2799999993315,874.0236168084671
41915,33.42175428145878,1028.2999999993315,874.028656273398
41916,33.42175428145878,1028.3199999993315,874.0336956308631
41917,33.42175428145878,1028.3399999993314,874.0387348809891
41918,33.42175428145878,1028.3599999993314,874.0437740237838
41919,33.42175428145878,1028.3799999993314,874.0488130592464
41920,33.42175428145878,1028.3999999993314,874.0538519873757
41921,33.42175428145878,1028.4199999993314,874.0588908081706
41922,33.42175428145878,1028.4399999993313,874.0639295216301
41923,33.42175428145878,1028.4599999993313,874.0689681277532
41924,33.42175428145878,1028.4799999993313,874.0740066265388
41925,33.42175428145878,1028.4999999993313,874.0790450179858
41926,33.42175428145878,1028.5199999993313,874.0840833020931
41927,33.377102474620884,1028.5399999993313,874.0891214788597
41928,33.377102474620884,1028.5599999993312,874.0941595482846
41929,33.377102474620884,1028.5799999993312,874.0991975103666
41930,33.377102474620884,1028.5999999993312,874.1042353651047
41931,33.377102474620884,1028.6199999993312,874.1092731124979
41932,33.377102474620884,1028.6399999993312,874.1143107525451
41933,33.377102474620884,1028.6599999993311,874.1193482852451
41934,33.377102474620884,1028.6799999993311,874.124385710597
41935,33.377102474620884,1028.699999999331,874.1294230285998
41936,33.377102474620884,1028.719999999331,874.1344602392523
41937,33.377102474620884,1028.739999999331,874.1394973425536
41938,33.377102474620884,1028.759999999331,874.1445343385024
41939,33.377102474620884,1028.779999999331,874.1495712270977
41940,33.377102474620884,1028.799999999331,874.1546080083385
41941,33.377102474620884,1028.819999999331,874.1596446822239
41942,33.377102474620884,1028.839999999331,874.1646812487526
41943,33.377102474620884,1028.859999999331,874.1697177079236
41944,33.377102474620884,1028.879999999331,874.1747540597358
41945,33.377102474620884,1028.899999999331,874.1797903041883
41946,33.377102474620884,1028.919999999331,874.1848264412798
41947,33.377102474620884,1028.939999999331,874.1898624710095
41948,33.377102474620884,1028.9599999993309,874.1948983933762
41949,33.377102474620884,1028.9799999993309,874.1999342083789
41950,33.377102474620884,1028.9999999993308,874.2049699160164
41951,33.377102474620884,1029.0199999993308,874.2100055162877
41952,33.377102474620884,1029.0399999993308,874.2150410091917
41953,33.377102474620884,1029.0599999993308,874.2200763947276
41954,33.377102474620884,1029.0799999993308,874.2251116728941
41955,33.377102474620884,1029.0999999993307,874.2301468436901
41956,33.377102474620884,1029.1199999993307,874.2351819071147
41957,33.377102474620884,1029.1399999993307,874.2402168631667
41958,33.377102474620884,1029.1599999993307,874.2452517118451
41959,33.377102474620884,1029.1799999993307,874.2502864531489
41960,33.377102474620884,1029.1999999993307,874.2553210870769
41961,33.377102474620884,1029.2199999993306,874.2603556136282
41962,33.377102474620884,1029.2399999993306,874.2653900328016
41963,33.377102474620884,1029.2599999993306,874.2704243445961
41964,33.377102474620884,1029.2799999993306,874.2754585490106
41965,33.377102474620884,1029.2999999993306,874.2804926460442
41966,33.377102474620884,1029.3199999993305,874.2855266356956
41967,33.377102474620884,1029.3399999993305,874.2905605180138
41968,33.377102474620884,1029.3599999993305,874.2955942931014
41969,33.377102474620884,1029.3799999993305,874.3006279609637
41970,33.377102474620884,1029.3999999993305,874.3056615215994
41971,33.377102474620884,1029.4199999993305,874.3106949750076
41972,33.377102474620884,1029.4399999993304,874.3157283211871
41973,33.377102474620884,1029.4599999993304,874.3207615601368
41974,33.377102474620884,1029.4799999993304,874.3257946918559
41975,33.377102474620884,1029.4999999993304,874.3308277163432
41976,33.377102474620884,1029.5199999993304,874.3358606335975
41977,33.377102474620884,1029.5399999993303,874.3408934436179
41978,33.377102474620884,1029.5599999993303,874.3459261464034
41979,33.377102474620884,1029.5799999993303,874.3509587419528
41980,33.377102474620884,1029.5999999993303,874.3559912302651
41981,33.377102474620884,1029.6199999993303,874.3610236113392
41982,33.377102474620884,1029.6399999993303,874.3660558851741
41983,33.377102474620884,1029.6599999993302,874.3710880517688
41984,33.377102474620884,1029.6799999993302,874.3761201111221
41985,33.377102474620884,1029.6999999993302,874.381152063233
41986,33.377102474620884,1029.7199999993302,874.3861839081005
41987,33.377102474620884,1029.7399999993302,874.3912156457236
41988,33.377102474620884,1029.7599999993301,874.3962472761011
41989,33.377102474620884,1029.7799999993301,874.401278799232
41990,33.377102474620884,1029.79999999933,874.4063102151152
41991,33.377102474620884,1029.81999999933,874.4113415237498
41992,33.377102474620884,1029.83999999933,874.4163727251346
41993,33.377102474620884,1029.85999999933,874.4214038192684
41994,33.377102474620884,1029.87999999933,874.4264348061505
41995,33.377102474620884,1029.89999999933,874.4314656857796
41996,33.377102474620884,1029.91999999933,874.4364964581547
41997,33.377102474620884,1029.93999999933,874.4415271232747
41998,33.377102474620884,1029.95999999933,874.4465576811386
41999,33.377102474620884,1029.97999999933,874.4515881317454
42000,33.377102474620884,1029.99999999933,874.4566184750939
42001,33.377102474620884,1030.01999999933,874.4616487111832
42002,33.377102474620884,1030.03999999933,874.4666788400122
42003,33.377102474620884,1030.0599999993299,874.4717088615797
42004,33.377102474620884,1030.0799999993299,874.4767387758848
42005,33.377102474620884,1030.0999999993298,874.4817685829263
42006,33.377102474620884,1030.1199999993298,874.4867982827033
42007,33.377102474620884,1030.1399999993298,874.4918278752147
42008,33.377102474620884,1030.1599999993298,874.4968573604593
42009,33.377102474620884,1030.1799999993298,874.5018867384364
42010,33.377102474620884,1030.1999999993297,874.5069160091446
42011,33.377102474620884,1030.2199999993297,874.511945172583
42012,33.377102474620884,1030.2399999993297,874.5169742287504
42013,33.377102474620884,1030.2599999993297,874.522003177646
42014,33.377102474620884,1030.2799999993297,874.5270320192685
42015,33.377102474620884,1030.2999999993297,874.532060753617
42016,33.377102474620884,1030.3199999993296,874.5370893806903
42017,33.377102474620884,1030.3399999993296,874.5421179004875
42018,33.377102474620884,1030.3599999993296,874.5471463130712
42019,33.377102474620884,1030.3799999993296,874.552174618544
42020,33.377102474620884,1030.3999999993296,874.5572028169094
42021,33.377102474620884,1030.4199999993295,874.5622309081662
42022,33.377102474620884,1030.4399999993295,874.5672588923134
42023,33.377102474620884,1030.4599999993295,874.57228676935
42024,33.377102474620884,1030.4799999993295,874.5773145392749
42025,33.377102474620884,1030.4999999993295,874.5823422020871
42026,33.377102474620884,1030.5199999993295,874.5873697577856
42027,33.377102474620884,1030.5399999993294,874.5923972063692
42028,33.377102474620884,1030.5599999993294,874.597424547837
42029,33.377102474620884,1030.5799999993294,874.6024517821879
42030,33.377102474620884,1030.5999999993294,874.6074789094208
42031,33.377102474620884,1030.6199999993294,874.6125059295347
42032,33.377102474620884,1030.6399999993293,874.6175328425285
42033,33.377102474620884,1030.6599999993293,874.6225596484011
42034,33.377102474620884,1030.6799999993293,874.6275863471516
42035,33.377102474620884,1030.6999999993293,874.6326129387788
42036,33.377102474620884,1030.7199999993293,874.6376394232817
42037,33.377102474620884,1030.7399999993293,874.6426658006593
42038,33.377102474620884,1030.7599999993292,874.6476920709105
42039,33.377102474620884,1030.7799999993292,874.6527182340342
42040,33.377102474620884,1030.7999999993292,874.6577442900294
42041,33.377102474620884,1030.8199999993292,874.6627702388952
42042,33.377102474620884,1030.8399999993292,874.6677960806303
42043,33.377102474620884,1030.8599999993291,874.6728218152338
42044,33.377102474620884,1030.8799999993291,874.6778474427045
42045,33.377102474620884,1030.899999999329,874.6828729630415
42046,33.377102474620884,1030.919999999329,874.6878983762438
42047,33.377102474620884,1030.939999999329,874.6929236823102
42048,33.377102474620884,1030.959999999329,874.6979488812397
42049,33.377102474620884,1030.979999999329,874.7029739730311
42050,33.377102474620884,1030.999999999329,874.7079989576837
42051,33.377102474620884,1031.019999999329,874.7130238351962
42052,33.377102474620884,1031.039999999329,874.7180486055674
42053,33.377102474620884,1031.059999999329,874.7230732687966
42054,33.377102474620884,1031.079999999329,874.7280978248825
42055,33.377102474620884,1031.099999999329,874.7331222738242
42056,33.377102474620884,1031.119999999329,874.7381466156205
42057,33.377102474620884,1031.139999999329,874.7431708502705
42058,33.377102474620884,1031.1599999993289,874.7481949777731
42059,33.377102474620884,1031.1799999993289,874.7532189981272
42060,33.377102474620884,1031.1999999993288,874.7582429113318
42061,33.377102474620884,1031.2199999993288,874.7632667173858
42062,33.377102474620884,1031.2399999993288,874.7682904162882
42063,33.377102474620884,1031.2599999993288,874.7733140080379
42064,33.377102474620884,1031.2799999993288,874.7783374926339
42065,33.377102474620884,1031.2999999993287,874.7833608700752
42066,33.377102474620884,1031.3199999993287,874.7883841403606
42067,33.377102474620884,1031.3399999993287,874.7934073034891
42068,33.377102474620884,1031.3599999993287,874.7984303594596
42069,33.377102474620884,1031.3799999993287,874.8034533083453
42070,33.377102474620884,1031.3999999993287,874.808476150241
42071,33.377102474620884,1031.4199999993286,874.8134988851479
42072,33.377102474620884,1031.4399999993286,874.818521513065
42073,33.377102474620884,1031.4599999993286,874.8235440339913
42074,33.377102474620884,1031.4799999993286,874.8285664479258
42075,33.377102474620884,1031.4999999993286,874.8335887548674
42076,33.377102474620884,1031.5199999993285,874.838610954815
42077,33.377102474620884,1031.5399999993285,874.8436330477675
42078,33.377102474620884,1031.5599999993285,874.8486550337241
42079,33.377102474620884,1031.5799999993285,874.8536769126836
42080,33.377102474620884,1031.5999999993285,874.8586986846449
42081,33.377102474620884,1031.6199999993285,874.863720349607
42082,33.377102474620884,1031.6399999993284,874.8687419075688
42083,33.377102474620884,1031.6599999993284,874.8737633585295
42084,33.377102474620884,1031.6799999993284,874.8787847024878
42085,33.377102474620884,1031.6999999993284,874.8838059394427
42086,33.377102474620884,1031.7199999993284,874.8888270693932
42087,33.377102474620884,1031.7399999993283,874.8938480923382
42088,33.377102474620884,1031.7599999993283,874.8988690082767
42089,33.377102474620884,1031.7799999993283,874.9038898172078
42090,33.377102474620884,1031.7999999993283,874.9089105191301
42091,33.377102474620884,1031.8199999993283,874.9139311140428
42092,33.377102474620884,1031.8399999993283,874.9189516019449
42093,33.377102474620884,1031.8599999993282,874.9239719828352
42094,33.377102474620884,1031.8799999993282,874.9289922567126
42095,33.377102474620884,1031.8999999993282,874.9340124235763
42096,33.377102474620884,1031.9199999993282,874.9390324834251
42097,33.377102474620884,1031.9399999993282,874.944052436258
42098,33.377102474620884,1031.9599999993281,874.9490722820739
42099,33.377102474620884,1031.9799999993281,874.9540920208717
42100,33.377102474620884,1031.999999999328,874.9591116526504
42101,33.377102474620884,1032.019999999328,874.9641311774092
42102,33.377102474620884,1032.039999999328,874.9691505951466
42103,33.377102474620884,1032.059999999328,874.9741699058619
42104,33.377102474620884,1032.079999999328,874.979189109554
42105,33.377102474620884,1032.099999999328,874.9842082062218
42106,33.377102474620884,1032.119999999328,874.9892271958641
42107,33.377102474620884,1032.139999999328,874.9942460784802
42108,33.377102474620884,1032.159999999328,874.9992648540688
42109,33.377102474620884,1032.179999999328,875.0042835226288
42110,33.377102474620884,1032.199999999328,875.0093020841593
42111,33.377102474620884,1032.219999999328,875.0143205386594
42112,33.377102474620884,1032.239999999328,875.0193388861277
42113,33.377102474620884,1032.2599999993279,875.0243571265634
42114,33.377102474620884,1032.2799999993279,875.0293752599654
42115,33.377102474620884,1032.2999999993278,875.0343932863326
42116,33.377102474620884,1032.3199999993278,875.039411205664
42117,33.377102474620884,1032.3399999993278,875.0444290179586
42118,33.377102474620884,1032.3599999993278,875.0494467232152
42119,33.377102474620884,1032.3799999993278,875.0544643214329
42120,33.377102474620884,1032.3999999993277,875.0594818126991
42121,33.377102474620884,1032.4199999993277,875.064499197105
42122,33.377102474620884,1032.4399999993277,875.0695164746497
42123,33.377102474620884,1032.4599999993277,875.0745336453325
42124,33.377102474620884,1032.4799999993277,875.0795507091522
42125,33.377102474620884,1032.4999999993277,875.0845676661077
42126,33.377102474620884,1032.5199999993276,875.089584516198
42127,33.377102474620884,1032.5399999993276,875.094601259422
42128,33.377102474620884,1032.5599999993276,875.0996178957787
42129,33.377102474620884,1032.5799999993276,875.1046344252671
42130,33.377102474620884,1032.5999999993276,875.1096508478861
42131,33.377102474620884,1032.6199999993275,875.1146671636346
42132,33.377102474620884,1032.6399999993275,875.1196833725118
42133,33.377102474620884,1032.6599999993275,875.1246994745163
42134,33.377102474620884,1032.6799999993275,875.1297154696473
42135,33.377102474620884,1032.6999999993275,875.1347313579037
42136,33.377102474620884,1032.7199999993275,875.1397471392843
42137,33.377102474620884,1032.7399999993274,875.1447628137882
42138,33.377102474620884,1032.7599999993274,875.1497783814144
42139,33.377102474620884,1032.7799999993274,875.1547938421618
42140,33.377102474620884,1032.7999999993274,875.1598091960293
42141,33.377102474620884,1032.8199999993274,875.1648244430158
42142,33.377102474620884,1032.8399999993273,875.1698395831205
42143,33.377102474620884,1032.8599999993273,875.1748546163421
42144,33.377102474620884,1032.8799999993273,875.1798695426797
42145,33.377102474620884,1032.8999999993273,875.1848843621323
42146,33.377102474620884,1032.9199999993273,875.1898990746986
42147,33.377102474620884,1032.9399999993273,875.1949136803778
42148,33.377102474620884,1032.9599999993272,875.1999281791688
42149,33.377102474620884,1032.9799999993272,875.2049425710704
42150,33.377102474620884,1032.9999999993272,875.2099568560817
42151,33.377102474620884,1033.0199999993272,875.2149710342017
42152,33.377102474620884,1033.0399999993272,875.2199851054291
42153,33.377102474620884,1033.0599999993271,875.2249990697632
42154,33.377102474620884,1033.0799999993271,875.2300129272027
42155,33.377102474620884,1033.099999999327,875.2350266777466
42156,33.377102474620884,1033.119999999327,875.240040321394
42157,33.377102474620884,1033.139999999327,875.2450538581436
42158,33.377102474620884,1033.159999999327,875.2500672879945
42159,33.377102474620884,1033.179999999327,875.2550806109457
42160,33.377102474620884,1033.199999999327,875.2600938269961
42161,33.377102474620884,1033.219999999327,875.2651069361447
42162,33.377102474620884,1033.239999999327,875.2701199383904
42163,33.377102474620884,1033.259999999327,875.2751328337322
42164,33.377102474620884,1033.279999999327,875.2801456221689
42165,33.377102474620884,1033.299999999327,875.2851583036996
42166,33.332550004756804,1033.319999999327,875.2901708783232
42167,33.332550004756804,1033.339999999327,875.2951833460388
42168,33.332550004756804,1033.3599999993269,875.3001957068452
42169,33.332550004756804,1033.3799999993269,875.3052079607413
42170,33.332550004756804,1033.3999999993268,875.3102201077278
42171,33.332550004756804,1033.4199999993268,875.3152321478934
42172,33.332550004756804,1033.4399999993268,875.3202440813127
42173,33.332550004756804,1033.4599999993268,875.3252559079846
42174,33.332550004756804,1033.4799999993268,875.330267627908
42175,33.332550004756804,1033.4999999993267,875.335279241082
42176,33.332550004756804,1033.5199999993267,875.3402907475056
42177,33.332550004756804,1033.5399999993267,875.3453021471777
42178,33.332550004756804,1033.5599999993267,875.3503134400971
42179,33.332550004756804,1033.5799999993267,875.355324626263
42180,33.332550004756804,1033.5999999993267,875.3603357056744
42181,33.332550004756804,1033.6199999993266,875.3653466783301
42182,33.332550004756804,1033.6399999993266,875.3703575442291
42183,33.332550004756804,1033.6599999993266,875.3753683033705
42184,33.332550004756804,1033.6799999993266,875.3803789557531
42185,33.332550004756804,1033.6999999993266,875.385389501376
42186,33.332550004756804,1033.7199999993265,875.3903999402381
42187,33.332550004756804,1033.7399999993265,875.3954102723385
42188,33.332550004756804,1033.7599999993265,875.400420497676
42189,33.332550004756804,1033.7799999993265,875.4054306162496
42190,33.332550004756804,1033.7999999993265,875.4104406280584
42191,33.332550004756804,1033.8199999993265,875.4154505331012
42192,33.332550004756804,1033.8399999993264,875.4204603313771
42193,33.332550004756804,1033.8599999993264,875.425470022885
42194,33.332550004756804,1033.8799999993264,875.4304796076237
42195,33.332550004756804,1033.8999999993264,875.4354890855925
42196,33.332550004756804,1033.9199999993264,875.4404984567902
42197,33.332550004756804,1033.9399999993263,875.4455077212159
42198,33.332550004756804,1033.9599999993263,875.4505168788684
42199,33.332550004756804,1033.9799999993263,875.4555259297467
42200,33.332550004756804,1033.9999999993263,875.4605348738498
42201,33.332550004756804,1034.0199999993263,875.4655437111768
42202,33.332550004756804,1034.0399999993263,875.4705524417265
42203,33.332550004756804,1034.0599999993262,875.4755610654978
42204,33.332550004756804,1034.0799999993262,875.4805695824898
42205,33.332550004756804,1034.0999999993262,875.4855779927016
42206,33.332550004756804,1034.1199999993262,875.4905862961319
42207,33.332550004756804,1034.1399999993262,875.4955944927799
42208,33.332550004756804,1034.1599999993261,875.5006025826444
42209,33.332550004756804,1034.1799999993261,875.5056105657245
42210,33.332550004756804,1034.199999999326,875.5106184420191
42211,33.332550004756804,1034.219999999326,875.5156262115271
42212,33.332550004756804,1034.239999999326,875.5206338742476
42213,33.332550004756804,1034.259999999326,875.5256414301795
42214,33.332550004756804,1034.279999999326,875.5306488793218
42215,33.332550004756804,1034.299999999326,875.5356562216734
42216,33.332550004756804,1034.319999999326,875.5406634572334
42217,33.332550004756804,1034.339999999326,875.5456705860007
42218,33.332550004756804,1034.359999999326,875.5506776079743
42219,33.332550004756804,1034.379999999326,875.5556845231531
42220,33.332550004756804,1034.399999999326,875.5606913315361
42221,33.332550004756804,1034.419999999326,875.5656980331258
42222,33.332550004756804,1034.439999999326,875.5707046280195
42223,33.332550004756804,1034.4599999993259,875.5757111162819
42224,33.332550004756804,1034.4799999993259,875.5807174979121
42225,33.332550004756804,1034.4999999993258,875.5857237729091
42226,33.332550004756804,1034.5199999993258,875.5907299412718
42227,33.332550004756804,1034.5399999993258,875.5957360029992
42228,33.332550004756804,1034.5599999993258,875.6007419580901
42229,33.332550004756804,1034.5799999993258,875.6057478065437
42230,33.332550004756804,1034.5999999993257,875.610753548359
42231,33.332550004756804,1034.6199999993257,875.6157591835347
42232,33.332550004756804,1034.6399999993257,875.62076471207
42233,33.332550004756804,1034.6599999993257,875.6257701339638
42234,33.332550004756804,1034.6799999993257,875.6307754492151
42235,33.332550004756804,1034.6999999993257,875.6357806578228
42236,33.332550004756804,1034.7199999993256,875.6407857597859
42237,33.332550004756804,1034.7399999993256,875.6457907551033
42238,33.332550004756804,1034.7599999993256,875.6507956437741
42239,33.332550004756804,1034.7799999993256,875.6558004257972
42240,33.332550004756804,1034.7999999993256,875.6608051011716
42241,33.332550004756804,1034.8199999993255,875.6658096698962
42242,33.332550004756804,1034.8399999993255,875.6708141319701
42243,33.332550004756804,1034.8599999993255,875.6758184873922
42244,33.332550004756804,1034.8799999993255,875.6808227361614
42245,33.332550004756804,1034.8999999993255,875.6858268782768
42246,33.332550004756804,1034.9199999993255,875.6908309137373
42247,33.332550004756804,1034.9399999993254,875.6958348425418
42248,33.332550004756804,1034.9599999993254,875.7008386646894
42249,33.332550004756804,1034.9799999993254,875.705842380179
42250,33.332550004756804,1034.9999999993254,875.7108459890095
42251,33.332550004756804,1035.0199999993254,875.71584949118
42252,33.332550004756804,1035.0399999993253,875.7208528866895
42253,33.332550004756804,1035.0599999993253,875.7258561755368
42254,33.332550004756804,1035.0799999993253,875.730859357721
42255,33.332550004756804,1035.0999999993253,875.735862433241
42256,33.332550004756804,1035.1199999993253,875.7408654020958
42257,33.332550004756804,1035.1399999993253,875.7458682642844
42258,33.332550004756804,1035.1599999993252,875.7508710198057
42259,33.332550004756804,1035.1799999993252,875.7558736686586
42260,33.332550004756804,1035.1999999993252,875.7608762108423
42261,33.332550004756804,1035.2199999993252,875.7658786463556
42262,33.332550004756804,1035.2399999993252,875.7708809751975
42263,33.332550004756804,1035.2599999993251,875.7758831973671
42264,33.332550004756804,1035.2799999993251,875.7808853128631
42265,33.332550004756804,1035.299999999325,875.7858873216846
42266,33.332550004756804,1035.319999999325,875.7908892238307
42267,33.332550004756804,1035.339999999325,875.7958910193003
42268,33.332550004756804,1035.359999999325,875.8008927080922
42269,33.332550004756804,1035.379999999325,875.8058942902055
42270,33.332550004756804,1035.399999999325,875.8108957656392
42271,33.332550004756804,1035.419999999325,875.8158971343922
42272,33.332550004756804,1035.439999999325,875.8208983964693
42273,33.332550004756804,1035.459999999325,875.8258995519774
42274,33.332550004756804,1035.479999999325,875.8309006009728
42275,33.332550004756804,1035.499999999325,875.8359015434543
42276,33.332550004756804,1035.519999999325,875.840902379421
42277,33.332550004756804,1035.539999999325,875.8459031088719
42278,33.332550004756804,1035.5599999993249,875.8509037318058
42279,33.332550004756804,1035.5799999993249,875.8559042482219
42280,33.332550004756804,1035.5999999993248,875.8609046581191
42281,33.332550004756804,1035.6199999993248,875.8659049614963
42282,33.332550004756804,1035.6399999993248,875.8709051583526
42283,33.332550004756804,1035.6599999993248,875.8759052486868
42284,33.332550004756804,1035.6799999993248,875.880905232498
42285,33.332550004756804,1035.6999999993247,875.8859051097851
42286,33.332550004756804,1035.7199999993247,875.8909048805472
42287,33.332550004756804,1035.7399999993247,875.8959045447831
42288,33.332550004756804,1035.7599999993247,875.9009041024918
42289,33.332550004756804,1035.7799999993247,875.9059035536725
42290,33.332550004756804,1035.7999999993247,875.9109028983239
42291,33.332550004756804,1035.8199999993246,875.9159021364451
42292,33.332550004756804,1035.8399999993246,875.9209012680351
42293,33.332550004756804,1035.8599999993246,875.9259002930928
42294,33.332550004756804,1035.8799999993246,875.9308992116172
42295,33.332550004756804,1035.8999999993246,875.9358980236073
42296,33.332550004756804,1035.9199999993245,875.940896729062
42297,33.332550004756804,1035.9399999993245,875.9458953279805
42298,33.332550004756804,1035.9599999993245,875.9508938203614
42299,33.332550004756804,1035.9799999993245,875.955892206204
42300,33.332550004756804,1035.9999999993245,875.9608904855071
42301,33.332550004756804,1036.0199999993245,875.9658886582697
42302,33.332550004756804,1036.0399999993244,875.9708867244908
42303,33.332550004756804,1036.0599999993244,875.9758846841694
42304,33.332550004756804,1036.0799999993244,875.9808825373044
42305,33.332550004756804,1036.0999999993244,875.9858802838949
42306,33.332550004756804,1036.1199999993244,875.9908779239397
42307,33.332550004756804,1036.1399999993243,875.9958754574379
42308,33.332550004756804,1036.1599999993243,876.0008728843885
42309,33.332550004756804,1036.1799999993243,876.0058702047904
42310,33.332550004756804,1036.1999999993243,876.0108674186425
42311,33.332550004756804,1036.2199999993243,876.0158645259439
42312,33.332550004756804,1036.2399999993243,876.0208615266936
42313,33.332550004756804,1036.2599999993242,876.0258584208905
42314,33.332550004756804,1036.2799999993242,876.0308552085336
42315,33.332550004756804,1036.2999999993242,876.0358518896218
42316,33.332550004756804,1036.3199999993242,876.0408484641541
42317,33.332550004756804,1036.3399999993242,876.0458449321296
42318,33.332550004756804,1036.3599999993241,876.0508412935471
42319,33.332550004756804,1036.3799999993241,876.0558375484057
42320,33.332550004756804,1036.399999999324,876.0608336967044
42321,33.332550004756804,1036.419999999324,876.0658297384421
42322,33.332550004756804,1036.439999999324,876.0708256736177
42323,33.332550004756804,1036.459999999324,876.075821502238
42324,33.332550004756804,1036.479999999324,876.0808172244183
42325,33.332550004756804,1036.499999999324,876.0858128402048
42326,33.332550004756804,1036.519999999324,876.0908083495964
42327,33.332550004756804,1036.539999999324,876.0958037525921
42328,33.332550004756804,1036.559999999324,876.100799049191
42329,33.332550004756804,1036.579999999324,876.1057942393919
42330,33.332550004756804,1036.599999999324,876.110789323194
42331,33.332550004756804,1036.619999999324,876.1157843005961
42332,33.332550004756804,1036.639999999324,876.1207791715973
42333,33.332550004756804,1036.6599999993239,876.1257739361964
42334,33.332550004756804,1036.6799999993239,876.1307685943925
42335,33.332550004756804,1036.6999999993238,876.1357631461846
42336,33.332550004756804,1036.7199999993238,876.1407575915715
42337,33.332550004756804,1036.7399999993238,876.1457519305525
42338,33.332550004756804,1036.7599999993238,876.1507461631263
42339,33.332550004756804,1036.7799999993238,876.155740289292
42340,33.332550004756804,1036.7999999993237,876.1607343090485
42341,33.332550004756804,1036.8199999993237,876.1657282223948
42342,33.332550004756804,1036.8399999993237,876.17072202933
42343,33.332550004756804,1036.8599999993237,876.175715729853
42344,33.332550004756804,1036.8799999993237,876.1807093239627
42345,33.332550004756804,1036.8999999993237,876.1857028116582
42346,33.332550004756804,1036.9199999993236,876.1906961929384
42347,33.332550004756804,1036.9399999993236,876.1956894678023
42348,33.332550004756804,1036.9599999993236,876.2006826362488
42349,33.332550004756804,1036.9799999993236,876.205675698277
42350,33.332550004756804,1036.9999999993236,876.2106686538858
42351,33.332550004756804,1037.0199999993235,876.2156615030742
42352,33.332550004756804,1037.0399999993235,876.2206542458413
42353,33.332550004756804,1037.0599999993235,876.2256468821859
42354,33.332550004756804,1037.0799999993235,876.230639412107
42355,33.332550004756804,1037.0999999993235,876.2356318356037
42356,33.332550004756804,1037.1199999993235,876.2406241526749
42357,33.332550004756804,1037.1399999993234,876.2456163633195
42358,33.332550004756804,1037.1599999993234,876.2506084675366
42359,33.332550004756804,1037.1799999993234,876.2556004653252
42360,33.332550004756804,1037.1999999993234,876.2605923566841
42361,33.332550004756804,1037.2199999993234,876.2655841416125
42362,33.332550004756804,1037.2399999993233,876.2705758201092
42363,33.332550004756804,1037.2599999993233,876.2755673921733
42364,33.332550004756804,1037.2799999993233,876.2805588578037
42365,33.332550004756804,1037.2999999993233,876.2855502169995
42366,33.332550004756804,1037.3199999993233,876.2905414697594
42367,33.332550004756804,1037.3399999993233,876.2955326160827
42368,33.332550004756804,1037.3599999993232,876.3005236559682
42369,33.332550004756804,1037.3799999993232,876.3055145894149
42370,33.332550004756804,1037.3999999993232,876.3105054164218
42371,33.332550004756804,1037.4199999993232,876.3154961369879
42372,33.332550004756804,1037.4399999993232,876.3204867511122
42373,33.332550004756804,1037.4599999993231,876.3254772587935
42374,33.332550004756804,1037.4799999993231,876.3304676600413
42375,33.332550004756804,1037.499999999323,876.3354579549874
42376,33.332550004756804,1037.519999999323,876.3404481436704
42377,33.332550004756804,1037.539999999323,876.3454382260892
42378,33.332550004756804,1037.559999999323,876.3504282022427
42379,33.332550004756804,1037.579999999323,876.35541807213
42380,33.332550004756804,1037.599999999323,876.3604078357499
42381,33.332550004756804,1037.619999999323,876.3653974931017
42382,33.332550004756804,1037.639999999323,876.3703870441841
42383,33.332550004756804,1037.659999999323,876.3753764889963
42384,33.332550004756804,1037.679999999323,876.380365827537
42385,33.332550004756804,1037.699999999323,876.3853550598055
42386,33.332550004756804,1037.719999999323,876.3903441858006
42387,33.332550004756804,1037.739999999323,876.3953332055213
42388,33.332550004756804,1037.7599999993229,876.4003221189665
42389,33.332550004756804,1037.7799999993229,876.4053109261354
42390,33.332550004756804,1037.7999999993228,876.4102996270268
42391,33.332550004756804,1037.8199999993228,876.4152882216397
42392,33.332550004756804,1037.8399999993228,876.4202767099731
42393,33.332550004756804,1037.8599999993228,876.425265092026
42394,33.332550004756804,1037.8799999993228,876.4302533677975
42395,33.332550004756804,1037.8999999993227,876.4352415372864
42396,33.332550004756804,1037.9199999993227,876.4402296004918
42397,33.332550004756804,1037.9399999993227,876.4452175574125
42398,33.332550004756804,1037.9599999993227,876.4502054080477
42399,33.332550004756804,1037.9799999993227,876.4551931523963
42400,33.332550004756804,1037.9999999993227,876.4601807904572
42401,33.332550004756804,1038.0199999993226,876.4651683222295
42402,33.332550004756804,1038.0399999993226,876.470155747712
42403,33.332550004756804,1038.0599999993226,876.475143066904
42404,33.332550004756804,1038.0799999993226,876.4801302798043
42405,33.28809656274836,1038.0999999993226,876.4851173864117
42406,33.28809656274836,1038.1199999993225,876.4901043867255
42407,33.28809656274836,1038.1399999993225,876.4950912807445
42408,33.28809656274836,1038.1599999993225,876.5000780684678
42409,33.28809656274836,1038.1799999993225,876.5050647498942
42410,33.28809656274836,1038.1999999993225,876.5100513250229
42411,33.28809656274836,1038.2199999993225,876.5150377938527
42412,33.28809656274836,1038.2399999993224,876.5200241563826
42413,33.28809656274836,1038.2599999993224,876.5250104126118
42414,33.28809656274836,1038.2799999993224,876.529996562539
42415,33.28809656274836,1038.2999999993224,876.5349826061633
42416,33.28809656274836,1038.3199999993224,876.5399685434837
42417,33.28809656274836,1038.3399999993223,876.5449543744992
42418,33.28809656274836,1038.3599999993223,876.5499400992087
42419,33.28809656274836,1038.3799999993223,876.5549257176112
42420,33.28809656274836,1038.3999999993223,876.5599112297058
42421,33.28809656274836,1038.4199999993223,876.5648966354913
42422,33.28809656274836,1038.4399999993223,876.5698819349668
42423,33.28809656274836,1038.4599999993222,876.5748671281314
42424,33.28809656274836,1038.4799999993222,876.5798522149838
42425,33.28809656274836,1038.4999999993222,876.584837195534
42426,33.28809656274836,1038.5199999993222,876.5898220699033
42427,33.28809656274836,1038.5399999993222,876.5948068381157
42428,33.28809656274836,1038.5599999993221,876.59979150017
42429,33.28809656274836,1038.5799999993221,876.6047760560654
42430,33.28809656274836,1038.599999999322,876.6097605058006
42431,33.28809656274836,1038.619999999322,876.6147448493749
42432,33.28809656274836,1038.639999999322,876.6197290867872
42433,33.28809656274836,1038.659999999322,876.6247132180363
42434,33.28809656274836,1038.679999999322,876.6296972431213
42435,33.28809656274836,1038.699999999322,876.6346811620413
42436,33.28809656274836,1038.719999999322,876.6396649747951
42437,33.28809656274836,1038.739999999322,876.6446486813818
42438,33.28809656274836,1038.759999999322,876.6496322818003
42439,33.28809656274836,1038.779999999322,876.6546157760497
42440,33.28809656274836,1038.799999999322,876.6595991641288
42441,33.28809656274836,1038.819999999322,876.6645824460368
42442,33.28809656274836,1038.839999999322,876.6695656217724
42443,33.28809656274836,1038.8599999993219,876.674548691335
42444,33.28809656274836,1038.8799999993219,876.6795316547232
42445,33.28809656274836,1038.8999999993218,876.6845145119362
42446,33.28809656274836,1038.9199999993218,876.6894972629728
42447,33.28809656274836,1038.9399999993218,876.6944799078323
42448,33.28809656274836,1038.9599999993218,876.6994624465133
42449,33.28809656274836,1038.9799999993218,876.704444879015
42450,33.28809656274836,1038.9999999993217,876.7094272053364
42451,33.28809656274836,1039.0199999993217,876.7144094254764
42452,33.28809656274836,1039.0399999993217,876.7193915394341
42453,33.28809656274836,1039.0599999993217,876.7243735472084
42454,33.28809656274836,1039.0799999993217,876.7293554487983
42455,33.28809656274836,1039.0999999993217,876.7343372442027
42456,33.28809656274836,1039.1199999993216,876.7393189334207
42457,33.28809656274836,1039.1399999993216,876.7443005164512
42458,33.28809656274836,1039.1599999993216,876.7492819932933
42459,33.28809656274836,1039.1799999993216,876.7542633639458
42460,33.28809656274836,1039.1999999993216,876.7592446284078
42461,33.28809656274836,1039.2199999993215,876.7642257866784
42462,33.28809656274836,1039.2399999993215,876.7692068387563
42463,33.28809656274836,1039.2599999993215,876.7741877846407
42464,33.28809656274836,1039.2799999993215,876.7791686243306
42465,33.28809656274836,1039.2999999993215,876.7841493578248
42466,33.28809656274836,1039.3199999993215,876.7891299851225
42467,33.28809656274836,1039.3399999993214,876.7941105062225
42468,33.28809656274836,1039.3599999993214,876.7990909211239
42469,33.28809656274836,1039.3799999993214,876.8040712298257
42470,33.28809656274836,1039.3999999993214,876.8090514323268
42471,33.28809656274836,1039.4199999993214,876.8140315286262
42472,33.28809656274836,1039.4399999993213,876.819011518723
42473,33.28809656274836,1039.4599999993213,876.823991402616
42474,33.28809656274836,1039.4799999993213,876.8289711803043
42475,33.28809656274836,1039.4999999993213,876.8339508517869
42476,33.28809656274836,1039.5199999993213,876.8389304170763
42477,33.28809656274836,1039.5399999993213,876.8439098763104
42478,33.28809656274836,1039.5599999993212,876.8488892295046
42479,33.28809656274836,1039.5799999993212,876.8538684766581
42480,33.28809656274836,1039.5999999993212,876.8588476177699
42481,33.28809656274836,1039.6199999993212,876.8638266528388
42482,33.28809656274836,1039.6399999993212,876.868805581864
42483,33.28809656274836,1039.6599999993211,876.8737844048444
42484,33.28809656274836,1039.6799999993211,876.878763121779
42485,33.28809656274836,1039.699999999321,876.8837417326667
42486,33.28809656274836,1039.719999999321,876.8887202375066
42487,33.28809656274836,1039.739999999321,876.8936986362977
42488,33.28809656274836,1039.759999999321,876.8986769290389
42489,33.28809656274836,1039.779999999321,876.9036551157292
42490,33.28809656274836,1039.799999999321,876.9086331963676
42491,33.28809656274836,1039.819999999321,876.9136111709532
42492,33.28809656274836,1039.839999999321,876.9185890394849
42493,33.28809656274836,1039.859999999321,876.9235668019617
42494,33.28809656274836,1039.879999999321,876.9285444583825
42495,33.28809656274836,1039.899999999321,876.9335220087463
42496,33.28809656274836,1039.919999999321,876.9384994530521
42497,33.28809656274836,1039.939999999321,876.9434767912991
42498,33.28809656274836,1039.9599999993209,876.948454023486
42499,33.28809656274836,1039.9799999993209,876.9534311496119
42500,33.28809656274836,1039.9999999993208,876.9584081696759
42501,33.28809656274836,1040.0199999993208,876.9633850836768
42502,33.28809656274836,1040.0399999993208,876.9683618916138
42503,33.28809656274836,1040.0599999993208,876.9733385934857
42504,33.28809656274836,1040.0799999993208,876.9783151892915
42505,33.28809656274836,1040.0999999993207,876.9832916790302
42506,33.28809656274836,1040.1199999993207,876.988268062701
42507,33.28809656274836,1040.1399999993207,876.9932443403026
42508,33.28809656274836,1040.1599999993207,876.9982205118341
42509,33.28809656274836,1040.1799999993207,877.0031965772945
42510,33.28809656274836,1040.1999999993207,877.0081725366828
42511,33.28809656274836,1040.2199999993206,877.0131483899979
42512,33.28809656274836,1040.2399999993206,877.0181241372389
42513,33.28809656274836,1040.2599999993206,877.0230997784048
42514,33.28809656274836,1040.2799999993206,877.0280753134945
42515,33.28809656274836,1040.2999999993206,877.0330507425069
42516,33.28809656274836,1040.3199999993205,877.0380260654413
42517,33.28809656274836,1040.3399999993205,877.0430012822964
42518,33.28809656274836,1040.3599999993205,877.0479763930713
42519,33.28809656274836,1040.3799999993205,877.052951397765
42520,33.28809656274836,1040.3999999993205,877.0579262963764
42521,33.28809656274836,1040.4199999993205,877.0629010889046
42522,33.28809656274836,1040.4399999993204,877.0678757753485
42523,33.28809656274836,1040.4599999993204,877.0728503557071
42524,33.28809656274836,1040.4799999993204,877.0778248299796
42525,33.28809656274836,1040.4999999993204,877.0827991981647
42526,33.28809656274836,1040.5199999993204,877.0877734602615
42527,33.28809656274836,1040.5399999993203,877.0927476162905
42528,33.28809656274836,1040.5599999993203,877.0977216663858
42529,33.28809656274836,1040.5799999993203,877.1026956105593
42530,33.28809656274836,1040.5999999993203,877.1076694488097
42531,33.28809656274836,1040.6199999993203,877.1126431811361
42532,33.28809656274836,1040.6399999993203,877.1176168075375
42533,33.28809656274836,1040.6599999993202,877.1225903280128
42534,33.28809656274836,1040.6799999993202,877.1275637425612
42535,33.28809656274836,1040.6999999993202,877.1325370511814
42536,33.28809656274836,1040.7199999993202,877.1375102538726
42537,33.28809656274836,1040.7399999993202,877.1424833506338
42538,33.28809656274836,1040.7599999993201,877.1474563414639
42539,33.28809656274836,1040.7799999993201,877.152429226362
42540,33.28809656274836,1040.79999999932,877.157402005327
42541,33.28809656274836,1040.81999999932,877.1623746783579
42542,33.28809656274836,1040.83999999932,877.1673472454537
42543,33.28809656274836,1040.85999999932,877.1723197066134
42544,33.28809656274836,1040.87999999932,877.1772920618359
42545,33.28809656274836,1040.89999999932,877.1822643111204
42546,33.28809656274836,1040.91999999932,877.1872364544658
42547,33.28809656274836,1040.93999999932,877.192208491871
42548,33.28809656274836,1040.95999999932,877.1971804233351
42549,33.28809656274836,1040.97999999932,877.202152248857
42550,33.28809656274836,1040.99999999932,877.2071239684359
42551,33.28809656274836,1041.01999999932,877.2120955820706
42552,33.28809656274836,1041.03999999932,877.21706708976
42553,33.28809656274836,1041.0599999993199,877.2220384915033
42554,33.28809656274836,1041.0799999993199,877.2270097872995
42555,33.28809656274836,1041.0999999993198,877.2319809771475
42556,33.28809656274836,1041.1199999993198,877.2369520610463
42557,33.28809656274836,1041.1399999993198,877.2419230389949
42558,33.28809656274836,1041.1599999993198,877.2468939109922
42559,33.28809656274836,1041.1799999993198,877.2518646770374
42560,33.28809656274836,1041.1999999993197,877.2568353371292
42561,33.28809656274836,1041.2199999993197,877.2618058912669
42562,33.28809656274836,1041.2399999993197,877.2667763394494
42563,33.28809656274836,1041.2599999993197,877.2717466816756
42564,33.28809656274836,1041.2799999993197,877.2767169179446
42565,33.28809656274836,1041.2999999993197,877.2816870482552
42566,33.28809656274836,1041.3199999993196,877.2866570726067
42567,33.28809656274836,1041.3399999993196,877.2916269909978
42568,33.28809656274836,1041.3599999993196,877.2965968034276
42569,33.28809656274836,1041.3799999993196,877.3015665098952
42570,33.28809656274836,1041.3999999993196,877.3065361103995
42571,33.28809656274836,1041.4199999993195,877.3115056049395
42572,33.28809656274836,1041.4399999993195,877.3164749935142
42573,33.28809656274836,1041.4599999993195,877.3214442761226
42574,33.28809656274836,1041.4799999993195,877.3264134527637
42575,33.28809656274836,1041.4999999993195,877.3313825234364
42576,33.28809656274836,1041.5199999993195,877.3363514881398
42577,33.28809656274836,1041.5399999993194,877.3413203468729
42578,33.28809656274836,1041.5599999993194,877.3462890996661
42579,33.28809656274836,1041.5799999993194,877.3512577466461
42580,33.28809656274836,1041.5999999993194,877.3562262878223
42581,33.28809656274836,1041.6199999993194,877.3611947231939
42582,33.28809656274836,1041.6399999993193,877.3661630527597
42583,33.28809656274836,1041.6599999993193,877.3711312765188
42584,33.28809656274836,1041.6799999993193,877.3760993944702
42585,33.28809656274836,1041.6999999993193,877.3810674066128
42586,33.28809656274836,1041.7199999993193,877.3860353129458
42587,33.28809656274836,1041.7399999993193,877.391003113468
42588,33.28809656274836,1041.7599999993192,877.3959708081785
42589,33.28809656274836,1041.7799999993192,877.4009383970763
42590,33.28809656274836,1041.7999999993192,877.4059058801604
42591,33.28809656274836,1041.8199999993192,877.4108732574297
42592,33.28809656274836,1041.8399999993192,877.4158405288832
42593,33.28809656274836,1041.8599999993191,877.4208076945201
42594,33.28809656274836,1041.8799999993191,877.4257747543393
42595,33.28809656274836,1041.899999999319,877.4307417083396
42596,33.28809656274836,1041.919999999319,877.4357085565202
42597,33.28809656274836,1041.939999999319,877.4406752988801
42598,33.28809656274836,1041.959999999319,877.4456419354183
42599,33.28809656274836,1041.979999999319,877.4506084661336
42600,33.28809656274836,1041.999999999319,877.4555748910253
42601,33.28809656274836,1042.019999999319,877.4605412100922
42602,33.28809656274836,1042.039999999319,877.4655074233333
42603,33.28809656274836,1042.059999999319,877.4704735307477
42604,33.28809656274836,1042.079999999319,877.4754395323342
42605,33.28809656274836,1042.099999999319,877.480405428092
42606,33.28809656274836,1042.119999999319,877.4853712180201
42607,33.28809656274836,1042.139999999319,877.4903369021174
42608,33.28809656274836,1042.1599999993189,877.4953024803829
42609,33.28809656274836,1042.1799999993189,877.5002679528155
42610,33.28809656274836,1042.1999999993188,877.5052333194145
42611,33.28809656274836,1042.2199999993188,877.5101985801787
42612,33.28809656274836,1042.2399999993188,877.5151637351071
42613,33.28809656274836,1042.2599999993188,877.5201287841987
42614,33.28809656274836,1042.2799999993188,877.5250937274525
42615,33.28809656274836,1042.2999999993187,877.5300585648675
42616,33.28809656274836,1042.3199999993187,877.5350232964428
42617,33.28809656274836,1042.3399999993187,877.5399879221773
42618,33.28809656274836,1042.3599999993187,877.5449524420699
42619,33.28809656274836,1042.3799999993187,877.5499168561197
42620,33.28809656274836,1042.3999999993187,877.5548811643257
42621,33.28809656274836,1042.4199999993186,877.5598453666869
42622,33.28809656274836,1042.4399999993186,877.5648094632023
42623,33.28809656274836,1042.4599999993186,877.569773453871
42624,33.28809656274836,1042.4799999993186,877.5747373386918
42625,33.28809656274836,1042.4999999993186,877.5797011176637
42626,33.28809656274836,1042.5199999993185,877.584664790786
42627,33.28809656274836,1042.5399999993185,877.5896283580573
42628,33.28809656274836,1042.5599999993185,877.5945918194769
42629,33.28809656274836,1042.5799999993185,877.599555175088
42630,33.28809656274836,1042.5999999993185,877.6045184250167
42631,33.28809656274836,1042.6199999993185,877.6094815692715
42632,33.28809656274836,1042.6399999993184,877.6144446078512
42633,33.28809656274836,1042.6599999993184,877.6194075407548
42634,33.28809656274836,1042.6799999993184,877.6243703679813
42635,33.28809656274836,1042.6999999993184,877.6293330895298
42636,33.28809656274836,1042.7199999993184,877.6342957053994
42637,33.28809656274836,1042.7399999993183,877.6392582155889
42638,33.28809656274836,1042.7599999993183,877.6442206200974
42639,33.28809656274836,1042.7799999993183,877.6491829189239
42640,33.28809656274836,1042.7999999993183,877.6541451120673
42641,33.28809656274836,1042.8199999993183,877.6591071995268
42642,33.28809656274836,1042.8399999993183,877.6640691813012
42643,33.28809656274836,1042.8599999993182,877.6690310573896
42644,33.28809656274836,1042.8799999993182,877.673992827791
42645,33.24374184071304,1042.8999999993182,877.6789544925044
42646,33.24374184071304,1042.9199999993182,877.6839160515289
42647,33.24374184071304,1042.9399999993182,877.6888775048633
42648,33.24374184071304,1042.9599999993181,877.6938388525067
42649,33.24374184071304,1042.9799999993181,877.6988000944582
42650,33.24374184071304,1042.999999999318,877.7037612307167
42651,33.24374184071304,1043.019999999318,877.7087222612813
42652,33.24374184071304,1043.039999999318,877.7136831861509
42653,33.24374184071304,1043.059999999318,877.7186440053244
42654,33.24374184071304,1043.079999999318,877.7236047188011
42655,33.24374184071304,1043.099999999318,877.7285653265798
42656,33.24374184071304,1043.119999999318,877.7335258286595
42657,33.24374184071304,1043.139999999318,877.7384862250392
42658,33.24374184071304,1043.159999999318,877.743446515718
42659,33.24374184071304,1043.179999999318,877.7484067006949
42660,33.24374184071304,1043.199999999318,877.7533667799688
42661,33.24374184071304,1043.219999999318,877.7583267535388
42662,33.24374184071304,1043.239999999318,877.7632866214038
42663,33.24374184071304,1043.2599999993179,877.768246383563
42664,33.24374184071304,1043.2799999993179,877.7732060400152
42665,33.24374184071304,1043.2999999993178,877.7781655907595
42666,33.24374184071304,1043.3199999993178,877.7831250357949
42667,33.24374184071304,1043.3399999993178,877.7880843751204
42668,33.24374184071304,1043.3599999993178,877.793043608735
42669,33.24374184071304,1043.3799999993178,877.7980027366377
42670,33.24374184071304,1043.3999999993177,877.8029617588275
42671,33.24374184071304,1043.4199999993177,877.8079206753033
42672,33.24374184071304,1043.4399999993177,877.8128794860643
42673,33.24374184071304,1043.4599999993177,877.8178381911093
42674,33.24374184071304,1043.4799999993177,877.8227967904376
42675,33.24374184071304,1043.4999999993177,877.8277552840478
42676,33.24374184071304,1043.5199999993176,877.8327136719392
42677,33.24374184071304,1043.5399999993176,877.8376719541109
42678,33.24374184071304,1043.5599999993176,877.8426301305616
42679,33.24374184071304,1043.5799999993176,877.8475882012905
42680,33.24374184071304,1043.5999999993176,877.852546166344
42681,33.24374184071304,1043.6199999993175,877.8575040258243
42682,33.24374184071304,1043.6399999993175,877.8624617797362
42683,33.24374184071304,1043.6599999993175,877.867419428079
42684,33.24374184071304,1043.6799999993175,877.8723769708514
42685,33.24374184071304,1043.6999999993175,877.8773344080527
42686,33.24374184071304,1043.7199999993175,877.8822917396817
42687,33.24374184071304,1043.7399999993174,877.8872489657375
42688,33.24374184071304,1043.7599999993174,877.8922060862192
42689,33.24374184071304,1043.7799999993174,877.8971631011257
42690,33.24374184071304,1043.7999999993174,877.902120010456
42691,33.24374184071304,1043.8199999993174,877.9070768142091
42692,33.24374184071304,1043.8399999993173,877.912033512384
42693,33.24374184071304,1043.8599999993173,877.9169901049798
42694,33.24374184071304,1043.8799999993173,877.9219465919955
42695,33.24374184071304,1043.8999999993173,877.92690297343
42696,33.24374184071304,1043.9199999993173,877.9318592492823
42697,33.24374184071304,1043.9399999993173,877.9368154195515
42698,33.24374184071304,1043.9599999993172,877.9417714842367
42699,33.24374184071304,1043.9799999993172,877.9467274433368
42700,33.24374184071304,1043.9999999993172,877.9516832968509
42701,33.24374184071304,1044.0199999993172,877.9566390447778
42702,33.24374184071304,1044.0399999993172,877.9615946871166
42703,33.24374184071304,1044.0599999993171,877.9665502238664
42704,33.24374184071304,1044.0799999993171,877.9715056550261
42705,33.24374184071304,1044.099999999317,877.9764609805949
42706,33.24374184071304,1044.119999999317,877.9814162005715
42707,33.24374184071304,1044.139999999317,877.9863713149551
42708,33.24374184071304,1044.159999999317,877.9913263237448
42709,33.24374184071304,1044.179999999317,877.9962812269395
42710,33.24374184071304,1044.199999999317,878.0012360245381
42711,33.24374184071304,1044.219999999317,878.0061907165398
42712,33.24374184071304,1044.239999999317,878.0111453029435
42713,33.24374184071304,1044.259999999317,878.0160997837484
42714,33.24374184071304,1044.279999999317,878.0210541589532
42715,33.24374184071304,1044.299999999317,878.0260084285571
42716,33.24374184071304,1044.319999999317,878.030962592559
42717,33.24374184071304,1044.339999999317,878.035916650958
42718,33.24374184071304,1044.3599999993169,878.0408706037532
42719,33.24374184071304,1044.3799999993169,878.0458244509434
42720,33.24374184071304,1044.3999999993168,878.0507781925278
42721,33.24374184071304,1044.4199999993168,878.0557318285053
42722,33.24374184071304,1044.4399999993168,878.0606853588748
42723,33.24374184071304,1044.4599999993168,878.0656387836356
42724,33.24374184071304,1044.4799999993168,878.0705921027865
42725,33.24374184071304,1044.4999999993167,878.0755453163265
42726,33.24374184071304,1044.5199999993167,878.0804984242546
42727,33.24374184071304,1044.5399999993167,878.08545142657
42728,33.24374184071304,1044.5599999993167,878.0904043232715
42729,33.24374184071304,1044.5799999993167,878.0953571143583
42730,33.24374184071304,1044.5999999993167,878.1003097998292
42731,33.24374184071304,1044.6199999993166,878.1052623797442
42732,33.24374184071304,1044.6399999993166,878.1102148542044
42733,33.24374184071304,1044.6599999993166,878.1151672232133
42734,33.24374184071304,1044.6799999993166,878.1201194867701
42735,33.24374184071304,1044.6999999993166,878.1250716448737
42736,33.24374184071304,1044.7199999993165,878.1300236975231
42737,33.24374184071304,1044.7399999993165,878.1349756447174
42738,33.24374184071304,1044.7599999993165,878.1399274864556
42739,33.24374184071304,1044.7799999993165,878.1448792227366
42740,33.24374184071304,1044.7999999993165,878.1498308535595
42741,33.24374184071304,1044.8199999993165,878.1547823789233
42742,33.24374184071304,1044.8399999993164,878.159733798827
42743,33.24374184071304,1044.8599999993164,878.1646851132696
42744,33.24374184071304,1044.8799999993164,878.1696363222501
42745,33.24374184071304,1044.8999999993164,878.1745874257676
42746,33.24374184071304,1044.9199999993164,878.1795384238211
42747,33.24374184071304,1044.9399999993163,878.1844893164096
42748,33.24374184071304,1044.9599999993163,878.1894401035321
42749,33.24374184071304,1044.9799999993163,878.1943907851876
42750,33.24374184071304,1044.9999999993163,878.1993413613751
42751,33.24374184071304,1045.0199999993163,878.2042918320936
42752,33.24374184071304,1045.0399999993163,878.2092421973423
42753,33.24374184071304,1045.0599999993162,878.21419245712
42754,33.24374184071304,1045.0799999993162,878.2191426114258
42755,33.24374184071304,1045.0999999993162,878.2240926602587
42756,33.24374184071304,1045.1199999993162,878.2290426036178
42757,33.24374184071304,1045.1399999993162,878.233992441502
42758,33.24374184071304,1045.1599999993161,878.2389421739103
42759,33.24374184071304,1045.1799999993161,878.2438918008419
42760,33.24374184071304,1045.199999999316,878.2488413222956
42761,33.24374184071304,1045.219999999316,878.2537907382705
42762,33.24374184071304,1045.239999999316,878.2587400487656
42763,33.24374184071304,1045.259999999316,878.26368925378
42764,33.24374184071304,1045.279999999316,878.2686383533126
42765,33.24374184071304,1045.299999999316,878.2735873473624
42766,33.24374184071304,1045.319999999316,878.2785362359285
42767,33.24374184071304,1045.339999999316,878.2834850190098
42768,33.24374184071304,1045.359999999316,878.2884336966055
42769,33.24374184071304,1045.379999999316,878.2933822687145
42770,33.24374184071304,1045.399999999316,878.2983307353358
42771,33.24374184071304,1045.419999999316,878.3032790964684
42772,33.24374184071304,1045.439999999316,878.3082273521114
42773,33.24374184071304,1045.4599999993159,878.3131755022638
42774,33.24374184071304,1045.4799999993159,878.3181235469245
42775,33.24374184071304,1045.4999999993158,878.3230714860928
42776,33.24374184071304,1045.5199999993158,878.3280193197673
42777,33.24374184071304,1045.5399999993158,878.3329670479474
42778,33.24374184071304,1045.5599999993158,878.3379146706319
42779,33.24374184071304,1045.5799999993158,878.3428621878198
42780,33.24374184071304,1045.5999999993157,878.3478095995102
42781,33.24374184071304,1045.6199999993157,878.3527569057022
42782,33.24374184071304,1045.6399999993157,878.3577041064655
42783,33.24374184071304,1045.6599999993157,878.3626512018934
42784,33.24374184071304,1045.6799999993157,878.3675981919877
42785,33.24374184071304,1045.6999999993157,878.3725450767473
42786,33.24374184071304,1045.7199999993156,878.3774918561713
42787,33.24374184071304,1045.7399999993156,878.3824385302588
42788,33.24374184071304,1045.7599999993156,878.3873850990086
42789,33.24374184071304,1045.7799999993156,878.3923315624199
42790,33.24374184071304,1045.7999999993156,878.3972779204917
42791,33.24374184071304,1045.8199999993155,878.4022241732229
42792,33.24374184071304,1045.8399999993155,878.4071703206125
42793,33.24374184071304,1045.8599999993155,878.4121163626597
42794,33.24374184071304,1045.8799999993155,878.4170622993635
42795,33.24374184071304,1045.8999999993155,878.4220081307228
42796,33.24374184071304,1045.9199999993155,878.4269538567366
42797,33.24374184071304,1045.9399999993154,878.4318994774042
42798,33.24374184071304,1045.9599999993154,878.4368449927242
42799,33.24374184071304,1045.9799999993154,878.4417904026959
42800,33.24374184071304,1045.9999999993154,878.4467357073183
42801,33.24374184071304,1046.0199999993154,878.4516809065904
42802,33.24374184071304,1046.0399999993153,878.456626000511
42803,33.24374184071304,1046.0599999993153,878.4615709890795
42804,33.24374184071304,1046.0799999993153,878.4665158722947
42805,33.24374184071304,1046.0999999993153,878.4714606501557
42806,33.24374184071304,1046.1199999993153,878.4764053226614
42807,33.24374184071304,1046.1399999993153,878.481349889811
42808,33.24374184071304,1046.1599999993152,878.4862943516033
42809,33.24374184071304,1046.1799999993152,878.4912387080375
42810,33.24374184071304,1046.1999999993152,878.4961829591125
42811,33.24374184071304,1046.2199999993152,878.5011271048274
42812,33.24374184071304,1046.2399999993152,878.5060711451812
42813,33.24374184071304,1046.2599999993151,878.5110150801729
42814,33.24374184071304,1046.2799999993151,878.5159589098015
42815,33.24374184071304,1046.299999999315,878.5209026340661
42816,33.24374184071304,1046.319999999315,878.5258462529657
42817,33.24374184071304,1046.339999999315,878.5307897664993
42818,33.24374184071304,1046.359999999315,878.5357331746659
42819,33.24374184071304,1046.379999999315,878.5406764774646
42820,33.24374184071304,1046.399999999315,878.5456196748943
42821,33.24374184071304,1046.419999999315,878.550562766954
42822,33.24374184071304,1046.439999999315,878.5555057536429
42823,33.24374184071304,1046.459999999315,878.5604486349599
42824,33.24374184071304,1046.479999999315,878.565391410904
42825,33.24374184071304,1046.499999999315,878.5703340814742
42826,33.24374184071304,1046.519999999315,878.5752766466696
42827,33.24374184071304,1046.539999999315,878.5802191064893
42828,33.24374184071304,1046.5599999993149,878.5851614609321
42829,33.24374184071304,1046.5799999993149,878.5901037099972
42830,33.24374184071304,1046.5999999993148,878.5950458536835
42831,33.24374184071304,1046.6199999993148,878.59998789199
42832,33.24374184071304,1046.6399999993148,878.604929824916
42833,33.24374184071304,1046.6599999993148,878.6098716525412
42834,33.24374184071304,1046.6799999993148,878.6148133749514
42835,33.24374184071304,1046.6999999993147,878.6197549921463
42836,33.24374184071304,1046.7199999993147,878.6246965041249
42837,33.24374184071304,1046.7399999993147,878.6296379108862
42838,33.24374184071304,1046.7599999993147,878.6345792124293
42839,33.24374184071304,1046.7799999993147,878.6395204087532
42840,33.24374184071304,1046.7999999993147,878.6444614998569
42841,33.24374184071304,1046.8199999993146,878.6494024857394
42842,33.24374184071304,1046.8399999993146,878.6543433663998
42843,33.24374184071304,1046.8599999993146,878.6592841418369
42844,33.24374184071304,1046.8799999993146,878.66422481205
42845,33.24374184071304,1046.8999999993146,878.669165377038
42846,33.24374184071304,1046.9199999993145,878.6741058367999
42847,33.24374184071304,1046.9399999993145,878.6790461913348
42848,33.24374184071304,1046.9599999993145,878.6839864406417
42849,33.24374184071304,1046.9799999993145,878.6889265847195
42850,33.24374184071304,1046.9999999993145,878.6938666235674
42851,33.24374184071304,1047.0199999993145,878.6988065571843
42852,33.24374184071304,1047.0399999993144,878.7037463855693
42853,33.24374184071304,1047.0599999993144,878.7086861087214
42854,33.24374184071304,1047.0799999993144,878.7136257266396
42855,33.24374184071304,1047.0999999993144,878.718565239323
42856,33.24374184071304,1047.1199999993144,878.7235046467705
42857,33.24374184071304,1047.1399999993143,878.7284439489812
42858,33.24374184071304,1047.1599999993143,878.7333831459541
42859,33.24374184071304,1047.1799999993143,878.7383222376883
42860,33.24374184071304,1047.1999999993143,878.7432612241828
42861,33.24374184071304,1047.2199999993143,878.7482001054365
42862,33.24374184071304,1047.2399999993143,878.7531388814485
42863,33.24374184071304,1047.2599999993142,878.7580775522179
42864,33.24374184071304,1047.2799999993142,878.7630161177436
42865,33.24374184071304,1047.2999999993142,878.7679545780247
42866,33.24374184071304,1047.3199999993142,878.7728929330602
42867,33.24374184071304,1047.3399999993142,878.7778311828491
42868,33.24374184071304,1047.3599999993141,878.7827693273905
42869,33.24374184071304,1047.3799999993141,878.7877073666833
42870,33.24374184071304,1047.399999999314,878.7926453007267
42871,33.24374184071304,1047.419999999314,878.7975831295196
42872,33.24374184071304,1047.439999999314,878.802520853061
42873,33.24374184071304,1047.459999999314,878.80745847135
42874,33.24374184071304,1047.479999999314,878.8123959843855
42875,33.24374184071304,1047.499999999314,878.8173333921667
42876,33.24374184071304,1047.519999999314,878.8222706946925
42877,33.24374184071304,1047.539999999314,878.827207891962
42878,33.24374184071304,1047.559999999314,878.8321449839741
42879,33.24374184071304,1047.579999999314,878.8370819707279
42880,33.24374184071304,1047.599999999314,878.8420188522225
42881,33.24374184071304,1047.619999999314,878.8469556284568
42882,33.24374184071304,1047.6399999993139,878.85189229943
42883,33.24374184071304,1047.6599999993139,878.8568288651423
42884,33.24374184071304,1047.6799999993138,878.861765325687
42885,33.24374184071304,1047.6999999993138,878.8667016811444
42886,33.19948553199795,1047.7199999993138,878.8716379315135
42887,33.19948553199795,1047.7399999993138,878.8765740767935
42888,33.19948553199795,1047.7599999993138,878.8815101169833
42889,33.19948553199795,1047.7799999993138,878.8864460520821
42890,33.19948553199795,1047.7999999993137,878.8913818820887
42891,33.19948553199795,1047.8199999993137,878.8963176070022
42892,33.19948553199795,1047.8399999993137,878.9012532268217
42893,33.19948553199795,1047.8599999993137,878.9061887415462
42894,33.19948553199795,1047.8799999993137,878.9111241511747
42895,33.19948553199795,1047.8999999993136,878.9160594557063
42896,33.19948553199795,1047.9199999993136,878.92099465514
42897,33.19948553199795,1047.9399999993136,878.9259297494749
42898,33.19948553199795,1047.9599999993136,878.9308647387099
42899,33.19948553199795,1047.9799999993136,878.9357996228442
42900,33.19948553199795,1047.9999999993136,878.9407344018767
42901,33.19948553199795,1048.0199999993135,878.9456690758064
42902,33.19948553199795,1048.0399999993135,878.9506036446326
42903,33.19948553199795,1048.0599999993135,878.955538108354
42904,33.19948553199795,1048.0799999993135,878.9604724669697
42905,33.19948553199795,1048.0999999993135,878.9654067204789
42906,33.19948553199795,1048.1199999993134,878.9703408688805
42907,33.19948553199795,1048.1399999993134,878.9752749121736
42908,33.19948553199795,1048.1599999993134,878.9802088503573
42909,33.19948553199795,1048.1799999993134,878.9851426834304
42910,33.19948553199795,1048.1999999993134,878.990076411392
42911,33.19948553199795,1048.2199999993134,878.9950100342413
42912,33.19948553199795,1048.2399999993133,878.9999435519773
42913,33.19948553199795,1048.2599999993133,879.0048769645989
42914,33.19948553199795,1048.2799999993133,879.0098102721053
42915,33.19948553199795,1048.2999999993133,879.0147434744954
42916,33.19948553199795,1048.3199999993133,879.0196765717683
42917,33.19948553199795,1048.3399999993132,879.0246095639229
42918,33.19948553199795,1048.3599999993132,879.0295424509584
42919,33.19948553199795,1048.3799999993132,879.0344752328738
42920,33.19948553199795,1048.3999999993132,879.0394079096681
42921,33.19948553199795,1048.4199999993132,879.0443404813403
42922,33.19948553199795,1048.4399999993132,879.0492729478896
42923,33.19948553199795,1048.4599999993131,879.0542053093147
42924,33.19948553199795,1048.4799999993131,879.059137565615
42925,33.19948553199795,1048.499999999313,879.0640697167893
42926,33.19948553199795,1048.519999999313,879.0690017628367
42927,33.19948553199795,1048.539999999313,879.0739337037563
42928,33.19948553199795,1048.559999999313,879.0788655395471
42929,33.19948553199795,1048.579999999313,879.083797270208
42930,33.19948553199795,1048.599999999313,879.0887288957383
42931,33.19948553199795,1048.619999999313,879.0936604161368
42932,33.19948553199795,1048.639999999313,879.0985918314026
42933,33.19948553199795,1048.659999999313,879.1035231415348
42934,33.19948553199795,1048.679999999313,879.1084543465354
42935,33.19948553199795,1048.699999999313,879.1133854464937
42936,33.19948553199795,1048.719999999313,879.118316441471
42937,33.19948553199795,1048.7399999993129,879.1232473314666
42938,33.19948553199795,1048.7599999993129,879.1281781164793
42939,33.19948553199795,1048.7799999993128,879.1331087965082
42940,33.19948553199795,1048.7999999993128,879.1380393715523
42941,33.19948553199795,1048.8199999993128,879.1429698416107
42942,33.19948553199795,1048.8399999993128,879.1479002066825
42943,33.19948553199795,1048.8599999993128,879.1528304667667
42944,33.19948553199795,1048.8799999993128,879.1577606218622
42945,33.19948553199795,1048.8999999993127,879.1626906719681
42946,33.19948553199795,1048.9199999993127,879.1676206170836
42947,33.19948553199795,1048.9399999993127,879.1725504572075
42948,33.19948553199795,1048.9599999993127,879.177480192339
42949,33.19948553199795,1048.9799999993127,879.1824098224771
42950,33.19948553199795,1048.9999999993126,879.1873393476208
42951,33.19948553199795,1049.0199999993126,879.1922687677691
42952,33.19948553199795,1049.0399999993126,879.1971980829211
42953,33.19948553199795,1049.0599999993126,879.2021272930758
42954,33.19948553199795,1049.0799999993126,879.2070563982323
42955,33.19948553199795,1049.0999999993126,879.2119853983896
42956,33.19948553199795,1049.1199999993125,879.2169142935468
42957,33.19948553199795,1049.1399999993125,879.2218430837028
42958,33.19948553199795,1049.1599999993125,879.2267717688567
42959,33.19948553199795,1049.1799999993125,879.2317003490076
42960,33.19948553199795,1049.1999999993125,879.2366288241545
42961,33.19948553199795,1049.2199999993124,879.2415571942964
42962,33.19948553199795,1049.2399999993124,879.2464854594324
42963,33.19948553199795,1049.2599999993124,879.2514136195614
42964,33.19948553199795,1049.2799999993124,879.2563416746825
42965,33.19948553199795,1049.2999999993124,879.2612696247949
42966,33.19948553199795,1049.3199999993124,879.2661974698974
42967,33.19948553199795,1049.3399999993123,879.2711252099892
42968,33.19948553199795,1049.3599999993123,879.2760528450693
42969,33.19948553199795,1049.3799999993123,879.2809803751367
42970,33.19948553199795,1049.3999999993123,879.2859078001903
42971,33.19948553199795,1049.4199999993123,879.2908351202294
42972,33.19948553199795,1049.4399999993122,879.2957623352529
42973,33.19948553199795,1049.4599999993122,879.3006894452599
42974,33.19948553199795,1049.4799999993122,879.3056164502493
42975,33.19948553199795,1049.4999999993122,879.3105433502203
42976,33.19948553199795,1049.5199999993122,879.3154701451718
42977,33.19948553199795,1049.5399999993122,879.320396835103
42978,33.19948553199795,1049.5599999993121,879.3253234200129
42979,33.19948553199795,1049.5799999993121,879.3302498999004
42980,33.19948553199795,1049.599999999312,879.3351762747646
42981,33.19948553199795,1049.619999999312,879.3401025446046
42982,33.19948553199795,1049.639999999312,879.3450287094194
42983,33.19948553199795,1049.659999999312,879.3499547692079
42984,33.19948553199795,1049.679999999312,879.3548807239694
42985,33.19948553199795,1049.699999999312,879.3598065737079
42986,33.19948553199795,1049.719999999312,879.3647323185268
42987,33.19948553199795,1049.739999999312,879.3696579584818
42988,33.19948553199795,1049.759999999312,879.3745834935719
42989,33.19948553199795,1049.779999999312,879.3795089237963
42990,33.19948553199795,1049.799999999312,879.3844342491539
42991,33.19948553199795,1049.819999999312,879.3893594696438
42992,33.19948553199795,1049.8399999993119,879.394284585265
42993,33.19948553199795,1049.8599999993119,879.3992095960167
42994,33.19948553199795,1049.8799999993118,879.4041345018977
42995,33.19948553199795,1049.8999999993118,879.4090593029072
42996,33.19948553199795,1049.9199999993118,879.4139839990441
42997,33.19948553199795,1049.9399999993118,879.4189085903076
42998,33.19948553199795,1049.9599999993118,879.4238330766967
42999,33.19948553199795,1049.9799999993118,879.4287574582105
43000,33.19948553199795,1049.9999999993117,879.4336817348479
43001,33.19948553199795,1050.0199999993117,879.438605906608
43002,33.19948553199795,1050.0399999993117,879.4435299734898
43003,33.19948553199795,1050.0599999993117,879.4484539354925
43004,33.19948553199795,1050.0799999993117,879.4533777926149
43005,33.19948553199795,1050.0999999993116,879.4583015448562
43006,33.19948553199795,1050.1199999993116,879.4632251922154
43007,33.19948553199795,1050.1399999993116,879.4681487346916
43008,33.19948553199795,1050.1599999993116,879.4730721722838
43009,33.19948553199795,1050.1799999993116,879.477995504991
43010,33.19948553199795,1050.1999999993116,879.4829187328123
43011,33.19948553199795,1050.2199999993115,879.4878418557468
43012,33.19948553199795,1050.2399999993115,879.4927648737934
43013,33.19948553199795,1050.2599999993115,879.4976877869511
43014,33.19948553199795,1050.2799999993115,879.5026105952192
43015,33.19948553199795,1050.2999999993115,879.5075332985964
43016,33.19948553199795,1050.3199999993114,879.5124558970821
43017,33.19948553199795,1050.3399999993114,879.517378390675
43018,33.19948553199795,1050.3599999993114,879.5223007793744
43019,33.19948553199795,1050.3799999993114,879.5272230631792
43020,33.19948553199795,1050.3999999993114,879.5321452420885
43021,33.19948553199795,1050.4199999993114,879.5370673161013
43022,33.19948553199795,1050.4399999993113,879.5419892852168
43023,33.19948553199795,1050.4599999993113,879.5469111494339
43024,33.19948553199795,1050.4799999993113,879.5518329087516
43025,33.19948553199795,1050.4999999993113,879.5567545631691
43026,33.19948553199795,1050.5199999993113,879.5616761126852
43027,33.19948553199795,1050.5399999993112,879.5665975572991
43028,33.19948553199795,1050.5599999993112,879.5715188970099
43029,33.19948553199795,1050.5799999993112,879.5764401318165
43030,33.19948553199795,1050.5999999993112,879.581361261718
43031,33.19948553199795,1050.6199999993112,879.5862822867135
43032,33.19948553199795,1050.6399999993112,879.591203206802
43033,33.19948553199795,1050.6599999993111,879.5961240219825
43034,33.19948553199795,1050.6799999993111,879.6010447322541
43035,33.19948553199795,1050.699999999311,879.6059653376158
43036,33.19948553199795,1050.719999999311,879.6108858380738
43037,33.19948553199795,1050.739999999311,879.6158062337394
43038,33.19948553199795,1050.759999999311,879.6207265246586
43039,33.19948553199795,1050.779999999311,879.6256467108307
43040,33.19948553199795,1050.799999999311,879.6305667922545
43041,33.19948553199795,1050.819999999311,879.6354867689291
43042,33.19948553199795,1050.839999999311,879.6404066408536
43043,33.19948553199795,1050.859999999311,879.645326408027
43044,33.19948553199795,1050.879999999311,879.6502460704485
43045,33.19948553199795,1050.899999999311,879.655165628117
43046,33.19948553199795,1050.919999999311,879.6600850810314
43047,33.19948553199795,1050.9399999993109,879.6650044291911
43048,33.19948553199795,1050.9599999993109,879.6699236725949
43049,33.19948553199795,1050.9799999993108,879.6748428112419
43050,33.19948553199795,1050.9999999993108,879.6797618451311
43051,33.19948553199795,1051.0199999993108,879.6846807742617
43052,33.19948553199795,1051.0399999993108,879.6895995986325
43053,33.19948553199795,1051.0599999993108,879.6945183182428
43054,33.19948553199795,1051.0799999993108,879.6994369330914
43055,33.19948553199795,1051.0999999993107,879.7043554431776
43056,33.19948553199795,1051.1199999993107,879.7092738485003
43057,33.19948553199795,1051.1399999993107,879.7141921490586
43058,33.19948553199795,1051.1599999993107,879.7191103448515
43059,33.19948553199795,1051.1799999993107,879.724028435878
43060,33.19948553199795,1051.1999999993106,879.7289464221373
43061,33.19948553199795,1051.2199999993106,879.7338643036283
43062,33.19948553199795,1051.2399999993106,879.73878208035
43063,33.19948553199795,1051.2599999993106,879.7436997523016
43064,33.19948553199795,1051.2799999993106,879.7486173194822
43065,33.19948553199795,1051.2999999993106,879.7535347818906
43066,33.19948553199795,1051.3199999993105,879.7584521395261
43067,33.19948553199795,1051.3399999993105,879.7633693923875
43068,33.19948553199795,1051.3599999993105,879.768286540474
43069,33.19948553199795,1051.3799999993105,879.7732035837847
43070,33.19948553199795,1051.3999999993105,879.7781205223185
43071,33.19948553199795,1051.4199999993104,879.7830373560746
43072,33.19948553199795,1051.4399999993104,879.7879540850519
43073,33.19948553199795,1051.4599999993104,879.7928707092494
43074,33.19948553199795,1051.4799999993104,879.7977872286664
43075,33.19948553199795,1051.4999999993104,879.8027036433017
43076,33.19948553199795,1051.5199999993104,879.8076199531545
43077,33.19948553199795,1051.5399999993103,879.8125361582238
43078,33.19948553199795,1051.5599999993103,879.8174522585086
43079,33.19948553199795,1051.5799999993103,879.822368254008
43080,33.19948553199795,1051.5999999993103,879.827284144721
43081,33.19948553199795,1051.6199999993103,879.8321999306468
43082,33.19948553199795,1051.6399999993102,879.8371156117842
43083,33.19948553199795,1051.6599999993102,879.8420311881323
43084,33.19948553199795,1051.6799999993102,879.8469466596903
43085,33.19948553199795,1051.6999999993102,879.8518620264571
43086,33.19948553199795,1051.7199999993102,879.8567772884318
43087,33.19948553199795,1051.7399999993102,879.8616924456232
43088,33.19948553199795,1051.7599999993101,879.8666074981586
43089,33.19948553199795,1051.7799999993101,879.8715224460768
43090,33.19948553199795,1051.79999999931,879.8764372893769
43091,33.19948553199795,1051.81999999931,879.8813520280578
43092,33.19948553199795,1051.83999999931,879.8862666621187
43093,33.19948553199795,1051.85999999931,879.8911811915586
43094,33.19948553199795,1051.87999999931,879.8960956163766
43095,33.19948553199795,1051.89999999931,879.9010099365715
43096,33.19948553199795,1051.91999999931,879.9059241521427
43097,33.19948553199795,1051.93999999931,879.9108382630891
43098,33.19948553199795,1051.95999999931,879.9157522694097
43099,33.19948553199795,1051.97999999931,879.9206661711037
43100,33.19948553199795,1051.99999999931,879.9255799681699
43101,33.19948553199795,1052.01999999931,879.9304936606076
43102,33.19948553199795,1052.0399999993099,879.9354072484157
43103,33.19948553199795,1052.0599999993099,879.9403207315934
43104,33.19948553199795,1052.0799999993098,879.9452341101396
43105,33.19948553199795,1052.0999999993098,879.9501473840534
43106,33.19948553199795,1052.1199999993098,879.9550605533339
43107,33.19948553199795,1052.1399999993098,879.95997361798
43108,33.19948553199795,1052.1599999993098,879.9648865779909
43109,33.19948553199795,1052.1799999993098,879.9697994333656
43110,33.19948553199795,1052.1999999993097,879.974712184103
43111,33.19948553199795,1052.2199999993097,879.9796248302025
43112,33.19948553199795,1052.2399999993097,879.9845373716629
43113,33.19948553199795,1052.2599999993097,879.9894498084833
43114,33.19948553199795,1052.2799999993097,879.9943621406627
43115,33.19948553199795,1052.2999999993096,879.9992743682003
43116,33.19948553199795,1052.3199999993096,880.0041864914166
43117,33.19948553199795,1052.3399999993096,880.0090985108212
43118,33.19948553199795,1052.3599999993096,880.0140104264343
43119,33.19948553199795,1052.3799999993096,880.018922238255
43120,33.19948553199795,1052.3999999993096,880.0238339462823
43121,33.19948553199795,1052.4199999993095,880.0287455505154
43122,33.19948553199795,1052.4399999993095,880.0336570509535
43123,33.19948553199795,1052.4599999993095,880.0385684475956
43124,33.19948553199795,1052.4799999993095,880.0434797404408
43125,33.19948553199795,1052.4999999993095,880.0483909294883
43126,33.19948553199795,1052.5199999993094,880.0533020147371
43127,33.19948553199795,1052.5399999993094,880.0582129961865
43128,33.19948553199795,1052.5599999993094,880.0631238738355
43129,33.19948553199795,1052.5799999993094,880.0680346476831
43130,33.19948553199795,1052.5999999993094,880.0729453177286
43131,33.19948553199795,1052.6199999993094,880.0778558839709
43132,33.19948553199795,1052.6399999993093,880.0827663464092
43133,33.15532733117383,1052.6599999993093,880.0876767050428
43134,33.15532733117383,1052.6799999993093,880.0925869598706
43135,33.15532733117383,1052.6999999993093,880.0974971108917
43136,33.15532733117383,1052.7199999993093,880.1024071581054
43137,33.15532733117383,1052.7399999993092,880.1073171015106
43138,33.15532733117383,1052.7599999993092,880.1122269411168
43139,33.15532733117383,1052.7799999993092,880.117136677041
43140,33.15532733117383,1052.7999999993092,880.1220463093077
43141,33.15532733117383,1052.8199999993092,880.1269558379161
43142,33.15532733117383,1052.8399999993092,880.1318652628651
43143,33.15532733117383,1052.8599999993091,880.136774584154
43144,33.15532733117383,1052.8799999993091,880.1416838017818
43145,33.15532733117383,1052.899999999309,880.1465929157478
43146,33.15532733117383,1052.919999999309,880.151501926051
43147,33.15532733117383,1052.939999999309,880.1564108326905
43148,33.15532733117383,1052.959999999309,880.1613196356656
43149,33.15532733117383,1052.979999999309,880.1662283349752
43150,33.15532733117383,1052.999999999309,880.1711369306187
43151,33.15532733117383,1053.019999999309,880.1760454225949
43152,33.15532733117383,1053.039999999309,880.1809538109032
43153,33.15532733117383,1053.059999999309,880.1858620955426
43154,33.15532733117383,1053.079999999309,880.1907702765122
43155,33.15532733117383,1053.099999999309,880.1956783538112
43156,33.15532733117383,1053.119999999309,880.2005863274387
43157,33.15532733117383,1053.1399999993089,880.2054941973938
43158,33.15532733117383,1053.1599999993089,880.2104019636756
43159,33.15532733117383,1053.1799999993088,880.2153096262833
43160,33.15532733117383,1053.1999999993088,880.220217185216
43161,33.15532733117383,1053.2199999993088,880.2251246404728
43162,33.15532733117383,1053.2399999993088,880.2300319920529
43163,33.15532733117383,1053.2599999993088,880.2349392399553
43164,33.15532733117383,1053.2799999993088,880.2398463841793
43165,33.15532733117383,1053.2999999993087,880.2447534247239
43166,33.15532733117383,1053.3199999993087,880.2496603615881
43167,33.15532733117383,1053.3399999993087,880.2545671947713
43168,33.15532733117383,1053.3599999993087,880.2594739242725
43169,33.15532733117383,1053.3799999993087,880.2643805500908
43170,33.15532733117383,1053.3999999993086,880.2692870722253
43171,33.15532733117383,1053.4199999993086,880.2741934906752
43172,33.15532733117383,1053.4399999993086,880.2790998054396
43173,33.15532733117383,1053.4599999993086,880.2840060165177
43174,33.15532733117383,1053.4799999993086,880.2889121239084
43175,33.15532733117383,1053.4999999993086,880.2938181276111
43176,33.15532733117383,1053.5199999993085,880.2987240276248
43177,33.15532733117383,1053.5399999993085,880.3036298239485
43178,33.15532733117383,1053.5599999993085,880.3085355165816
43179,33.15532733117383,1053.5799999993085,880.3134411055231
43180,33.15532733117383,1053.5999999993085,880.3183465907721
43181,33.15532733117383,1053.6199999993084,880.3232519723276
43182,33.15532733117383,1053.6399999993084,880.328157250189
43183,33.15532733117383,1053.6599999993084,880.3330624243551
43184,33.15532733117383,1053.6799999993084,880.3379674948254
43185,33.15532733117383,1053.6999999993084,880.3428724615987
43186,33.15532733117383,1053.7199999993084,880.3477773246744
43187,33.15532733117383,1053.7399999993083,880.3526820840515
43188,33.15532733117383,1053.7599999993083,880.3575867397291
43189,33.15532733117383,1053.7799999993083,880.3624912917192
43190,33.15532733117383,1053.7999999993083,880.367395740155
43191,33.15532733117383,1053.8199999993083,880.3723000850531
43192,33.15532733117383,1053.8399999993082,880.3772043264128
43193,33.15532733117383,1053.8599999993082,880.3821084642329
43194,33.15532733117383,1053.8799999993082,880.3870124985128
43195,33.15532733117383,1053.8999999993082,880.3919164292515
43196,33.15532733117383,1053.9199999993082,880.3968202564482
43197,33.15532733117383,1053.9399999993082,880.4017239801019
43198,33.15532733117383,1053.9599999993081,880.4066276002119
43199,33.15532733117383,1053.9799999993081,880.4115311167772
43200,33.15532733117383,1053.999999999308,880.4164345297968
43201,33.15532733117383,1054.019999999308,880.42133783927
43202,33.15532733117383,1054.039999999308,880.426241045196
43203,33.15532733117383,1054.059999999308,880.4311441475737
43204,33.15532733117383,1054.079999999308,880.4360471464024
43205,33.15532733117383,1054.099999999308,880.4409500416812
43206,33.15532733117383,1054.119999999308,880.445852833409
43207,33.15532733117383,1054.139999999308,880.4507555215853
43208,33.15532733117383,1054.159999999308,880.455658106209
43209,33.15532733117383,1054.179999999308,880.4605605872791
43210,33.15532733117383,1054.199999999308,880.465462964795
43211,33.15532733117383,1054.219999999308,880.4703652387558
43212,33.15532733117383,1054.2399999993079,880.4752674091604
43213,33.15532733117383,1054.2599999993079,880.4801694760081
43214,33.15532733117383,1054.2799999993078,880.4850714392979
43215,33.15532733117383,1054.2999999993078,880.4899732990291
43216,33.15532733117383,1054.3199999993078,880.4948750552006
43217,33.15532733117383,1054.3399999993078,880.4997767078117
43218,33.15532733117383,1054.3599999993078,880.5046782568616
43219,33.15532733117383,1054.3799999993078,880.5095797023491
43220,33.15532733117383,1054.3999999993077,880.5144810442737
43221,33.15532733117383,1054.4199999993077,880.5193822826342
43222,33.15532733117383,1054.4399999993077,880.5242834174298
43223,33.15532733117383,1054.4599999993077,880.5291844486599
43224,33.15532733117383,1054.4799999993077,880.5340853763233
43225,33.15532733117383,1054.4999999993076,880.5389862004193
43226,33.15532733117383,1054.5199999993076,880.543886920947
43227,33.15532733117383,1054.5399999993076,880.5487875379054
43228,33.15532733117383,1054.5599999993076,880.5536880512936
43229,33.15532733117383,1054.5799999993076,880.558588461111
43230,33.15532733117383,1054.5999999993076,880.5634887673565
43231,33.15532733117383,1054.6199999993075,880.5683889700293
43232,33.15532733117383,1054.6399999993075,880.5732890691286
43233,33.15532733117383,1054.6599999993075,880.5781890646533
43234,33.15532733117383,1054.6799999993075,880.5830889566028
43235,33.15532733117383,1054.6999999993075,880.587988744976
43236,33.15532733117383,1054.7199999993074,880.5928884297721
43237,33.15532733117383,1054.7399999993074,880.5977880109901
43238,33.15532733117383,1054.7599999993074,880.6026874886294
43239,33.15532733117383,1054.7799999993074,880.6075868626889
43240,33.15532733117383,1054.7999999993074,880.6124861331875
43241,33.15532733117383,1054.8199999993074,880.6173853002573
43242,33.15532733117383,1054.8399999993073,880.6222843639099
43243,33.15532733117383,1054.8599999993073,880.6271833241444
43244,33.15532733117383,1054.8799999993073,880.63208218096
43245,33.15532733117383,1054.8999999993073,880.6369809343557
43246,33.15532733117383,1054.9199999993073,880.6418795843308
43247,33.15532733117383,1054.9399999993072,880.6467781308843
43248,33.15532733117383,1054.9599999993072,880.6516765740154
43249,33.15532733117383,1054.9799999993072,880.6565749137231
43250,33.15532733117383,1054.9999999993072,880.6614731500067
43251,33.15532733117383,1055.0199999993072,880.6663712828653
43252,33.15532733117383,1055.0399999993072,880.6712693122979
43253,33.15532733117383,1055.0599999993071,880.6761672383037
43254,33.15532733117383,1055.0799999993071,880.6810650608819
43255,33.15532733117383,1055.099999999307,880.6859627800316
43256,33.15532733117383,1055.119999999307,880.6908603957518
43257,33.15532733117383,1055.139999999307,880.6957579080417
43258,33.15532733117383,1055.159999999307,880.7006553169006
43259,33.15532733117383,1055.179999999307,880.7055526223273
43260,33.15532733117383,1055.199999999307,880.7104498243212
43261,33.15532733117383,1055.219999999307,880.7153469228814
43262,33.15532733117383,1055.239999999307,880.7202439180069
43263,33.15532733117383,1055.259999999307,880.7251408096968
43264,33.15532733117383,1055.279999999307,880.7300375979503
43265,33.15532733117383,1055.299999999307,880.7349342827666
43266,33.15532733117383,1055.319999999307,880.7398308641448
43267,33.15532733117383,1055.3399999993069,880.7447273420839
43268,33.15532733117383,1055.3599999993069,880.7496237165832
43269,33.15532733117383,1055.3799999993068,880.7545199876417
43270,33.15532733117383,1055.3999999993068,880.7594161552587
43271,33.15532733117383,1055.4199999993068,880.7643122194331
43272,33.15532733117383,1055.4399999993068,880.7692081801641
43273,33.15532733117383,1055.4599999993068,880.7741040374509
43274,33.15532733117383,1055.4799999993068,880.7789997912926
43275,33.15532733117383,1055.4999999993067,880.7838954416883
43276,33.15532733117383,1055.5199999993067,880.7887909886372
43277,33.15532733117383,1055.5399999993067,880.7936864321383
43278,33.15532733117383,1055.5599999993067,880.7985817721908
43279,33.15532733117383,1055.5799999993067,880.8034770087938
43280,33.15532733117383,1055.5999999993066,880.8083721419465
43281,33.15532733117383,1055.6199999993066,880.813267171648
43282,33.15532733117383,1055.6399999993066,880.8181620978974
43283,33.15532733117383,1055.6599999993066,880.8230569206937
43284,33.15532733117383,1055.6799999993066,880.8279516400363
43285,33.15532733117383,1055.6999999993066,880.8328462559242
43286,33.15532733117383,1055.7199999993065,880.8377407683565
43287,33.15532733117383,1055.7399999993065,880.8426351773323
43288,33.15532733117383,1055.7599999993065,880.8475294828509
43289,33.15532733117383,1055.7799999993065,880.8524236849112
43290,33.15532733117383,1055.7999999993065,880.8573177835124
43291,33.15532733117383,1055.8199999993064,880.8622117786832
43292,33.15532733117383,1055.8399999993064,880.8671056705483
43293,33.15532733117383,1055.8599999993064,880.8719994591173
43294,33.15532733117383,1055.8799999993064,880.8768931443894
43295,33.15532733117383,1055.8999999993064,880.8817867263638
43296,33.15532733117383,1055.9199999993064,880.8866802050395
43297,33.15532733117383,1055.9399999993063,880.8915735804158
43298,33.15532733117383,1055.9599999993063,880.8964668524916
43299,33.15532733117383,1055.9799999993063,880.9013600212662
43300,33.15532733117383,1055.9999999993063,880.9062530867387
43301,33.15532733117383,1056.0199999993063,880.9111460489083
43302,33.15532733117383,1056.0399999993062,880.916038907774
43303,33.15532733117383,1056.0599999993062,880.920931663335
43304,33.15532733117383,1056.0799999993062,880.9258243155904
43305,33.15532733117383,1056.0999999993062,880.9307168645394
43306,33.15532733117383,1056.1199999993062,880.935609310181
43307,33.15532733117383,1056.1399999993062,880.9405016525145
43308,33.15532733117383,1056.1599999993061,880.9453938915389
43309,33.15532733117383,1056.1799999993061,880.9502860272534
43310,33.15532733117383,1056.199999999306,880.955178059657
43311,33.15532733117383,1056.219999999306,880.960069988749
43312,33.15532733117383,1056.239999999306,880.9649618145285
43313,33.15532733117383,1056.259999999306,880.9698535369945
43314,33.15532733117383,1056.279999999306,880.9747451561462
43315,33.15532733117383,1056.299999999306,880.9796366719829
43316,33.15532733117383,1056.319999999306,880.9845280845036
43317,33.15532733117383,1056.339999999306,880.9894193937074
43318,33.15532733117383,1056.359999999306,880.9943105995934
43319,33.15532733117383,1056.379999999306,880.9992017021608
43320,33.15532733117383,1056.399999999306,881.0040927014087
43321,33.15532733117383,1056.419999999306,881.0089835973363
43322,33.15532733117383,1056.4399999993059,881.0138743899427
43323,33.15532733117383,1056.4599999993059,881.0187650792269
43324,33.15532733117383,1056.4799999993058,881.0236556651882
43325,33.15532733117383,1056.4999999993058,881.0285461478258
43326,33.15532733117383,1056.5199999993058,881.0334365271385
43327,33.15532733117383,1056.5399999993058,881.0383268031258
43328,33.15532733117383,1056.5599999993058,881.0432169757865
43329,33.15532733117383,1056.5799999993058,881.04810704512
43330,33.15532733117383,1056.5999999993057,881.0529970111253
43331,33.15532733117383,1056.6199999993057,881.0578868738015
43332,33.15532733117383,1056.6399999993057,881.0627766331478
43333,33.15532733117383,1056.6599999993057,881.0676662891633
43334,33.15532733117383,1056.6799999993057,881.0725558418471
43335,33.15532733117383,1056.6999999993056,881.0774452911985
43336,33.15532733117383,1056.7199999993056,881.0823346372165
43337,33.15532733117383,1056.7399999993056,881.0872238799002
43338,33.15532733117383,1056.7599999993056,881.0921130192488
43339,33.15532733117383,1056.7799999993056,881.0970020552614
43340,33.15532733117383,1056.7999999993056,881.1018909879372
43341,33.15532733117383,1056.8199999993055,881.1067798172752
43342,33.15532733117383,1056.8399999993055,881.1116685433168
43343,33.15532733117383,1056.8599999993055,881.1165571661871
43344,33.15532733117383,1056.8799999993055,881.1214456858946
43345,33.15532733117383,1056.8999999993055,881.1263341024386
43346,33.15532733117383,1056.9199999993054,881.131222415818
43347,33.15532733117383,1056.9399999993054,881.1361106260321
43348,33.15532733117383,1056.9599999993054,881.1409987330799
43349,33.15532733117383,1056.9799999993054,881.1458867369605
43350,33.15532733117383,1056.9999999993054,881.1507746376732
43351,33.15532733117383,1057.0199999993054,881.155662435217
43352,33.15532733117383,1057.0399999993053,881.1605501295911
43353,33.15532733117383,1057.0599999993053,881.1654377207947
43354,33.15532733117383,1057.0799999993053,881.1703252088269
43355,33.15532733117383,1057.0999999993053,881.1752125936866
43356,33.15532733117383,1057.1199999993053,881.1800998753732
43357,33.15532733117383,1057.1399999993052,881.1849870538858
43358,33.15532733117383,1057.1599999993052,881.1898741292235
43359,33.15532733117383,1057.1799999993052,881.1947611013854
43360,33.15532733117383,1057.1999999993052,881.1996479703707
43361,33.15532733117383,1057.2199999993052,881.2045347361785
43362,33.15532733117383,1057.2399999993052,881.2094213988079
43363,33.15532733117383,1057.2599999993051,881.214307958258
43364,33.15532733117383,1057.2799999993051,881.219194414528
43365,33.15532733117383,1057.299999999305,881.2240807676171
43366,33.15532733117383,1057.319999999305,881.2289670175244
43367,33.15532733117383,1057.339999999305,881.2338531642489
43368,33.15532733117383,1057.359999999305,881.2387392077899
43369,33.15532733117383,1057.379999999305,881.2436251481464
43370,33.15532733117383,1057.399999999305,881.2485109853176
43371,33.15532733117383,1057.419999999305,881.2533967193026
43372,33.15532733117383,1057.439999999305,881.2582823501006
43373,33.15532733117383,1057.459999999305,881.2631678777107
43374,33.15532733117383,1057.479999999305,881.268053302132
43375,33.15532733117383,1057.499999999305,881.2729386233636
43376,33.11126693402903,1057.519999999305,881.2778238414048
43377,33.11126693402903,1057.5399999993049,881.2827089562546
43378,33.11126693402903,1057.5599999993049,881.2875939679122
43379,33.11126693402903,1057.5799999993048,881.2924788763767
43380,33.11126693402903,1057.5999999993048,881.2973636816472
43381,33.11126693402903,1057.6199999993048,881.3022483837228
43382,33.11126693402903,1057.6399999993048,881.3071329826028
43383,33.11126693402903,1057.6599999993048,881.3120174782862
43384,33.11126693402903,1057.6799999993048,881.3169018707721
43385,33.11126693402903,1057.6999999993047,881.3217861600598
43386,33.11126693402903,1057.7199999993047,881.3266703461483
43387,33.11126693402903,1057.7399999993047,881.3315544290367
43388,33.11126693402903,1057.7599999993047,881.3364384087242
43389,33.11126693402903,1057.7799999993047,881.34132228521
43390,33.11126693402903,1057.7999999993046,881.3462060584932
43391,33.11126693402903,1057.8199999993046,881.3510897285728
43392,33.11126693402903,1057.8399999993046,881.355973295448
43393,33.11126693402903,1057.8599999993046,881.360856759164
43394,33.11126693402903,1057.8799999993046,881.3657401198226
43395,33.11126693402903,1057.8999999993046,881.3706233774293
43396,33.11126693402903,1057.9199999993045,881.3755065319832
43397,33.11126693402903,1057.9399999993045,881.3803895834834
43398,33.11126693402903,1057.9599999993045,881.3852725319291
43399,33.11126693402903,1057.9799999993045,881.3901553773194
43400,33.11126693402903,1057.9999999993045,881.3950381196535
43401,33.11126693402903,1058.0199999993044,881.3999207589304
43402,33.11126693402903,1058.0399999993044,881.4048032951493
43403,33.11126693402903,1058.0599999993044,881.4096857283095
43404,33.11126693402903,1058.0799999993044,881.4145680584098
43405,33.11126693402903,1058.0999999993044,881.4194502854496
43406,33.11126693402903,1058.1199999993044,881.4243324094278
43407,33.11126693402903,1058.1399999993043,881.4292144303439
43408,33.11126693402903,1058.1599999993043,881.4340963481967
43409,33.11126693402903,1058.1799999993043,881.4389781629856
43410,33.11126693402903,1058.1999999993043,881.4438598747095
43411,33.11126693402903,1058.2199999993043,881.4487414833676
43412,33.11126693402903,1058.2399999993042,881.4536229889591
43413,33.11126693402903,1058.2599999993042,881.4585043914831
43414,33.11126693402903,1058.2799999993042,881.4633856909387
43415,33.11126693402903,1058.2999999993042,881.4682668873252
43416,33.11126693402903,1058.3199999993042,881.4731479806416
43417,33.11126693402903,1058.3399999993042,881.478028970887
43418,33.11126693402903,1058.3599999993041,881.4829098580606
43419,33.11126693402903,1058.3799999993041,881.4877906421615
43420,33.11126693402903,1058.399999999304,881.4926713231888
43421,33.11126693402903,1058.419999999304,881.4975519011417
43422,33.11126693402903,1058.439999999304,881.5024323760193
43423,33.11126693402903,1058.459999999304,881.5073127478208
43424,33.11126693402903,1058.479999999304,881.5121930165453
43425,33.11126693402903,1058.499999999304,881.5170731821919
43426,33.11126693402903,1058.519999999304,881.5219532447597
43427,33.11126693402903,1058.539999999304,881.5268332042481
43428,33.11126693402903,1058.559999999304,881.5317130606559
43429,33.11126693402903,1058.579999999304,881.5365928139823
43430,33.11126693402903,1058.599999999304,881.5414724642267
43431,33.11126693402903,1058.619999999304,881.5463520113879
43432,33.11126693402903,1058.6399999993039,881.5512314554652
43433,33.11126693402903,1058.6599999993039,881.5561107964577
43434,33.11126693402903,1058.6799999993038,881.5609900343645
43435,33.11126693402903,1058.6999999993038,881.5658691691849
43436,33.11126693402903,1058.7199999993038,881.5707482009179
43437,33.11126693402903,1058.7399999993038,881.5756271295627
43438,33.11126693402903,1058.7599999993038,881.5805059551183
43439,33.11126693402903,1058.7799999993038,881.5853846775839
43440,33.11126693402903,1058.7999999993037,881.5902632969587
43441,33.11126693402903,1058.8199999993037,881.5951418132419
43442,33.11126693402903,1058.8399999993037,881.6000202264324
43443,33.11126693402903,1058.8599999993037,881.6048985365295
43444,33.11126693402903,1058.8799999993037,881.6097767435904
43445,33.11126693402903,1058.8999999993036,881.614654847715
43446,33.11126693402903,1058.9199999993036,881.619532848907
43447,33.11126693402903,1058.9399999993036,881.6244107471657
43448,33.11126693402903,1058.9599999993036,881.6292885424903
43449,33.11126693402903,1058.9799999993036,881.6341662348797
43450,33.11126693402903,1058.9999999993036,881.6390438243332
43451,33.11126693402903,1059.0199999993035,881.6439213108498
43452,33.11126693402903,1059.0399999993035,881.6487986944288
43453,33.11126693402903,1059.0599999993035,881.6536759750693
43454,33.11126693402903,1059.0799999993035,881.6585531527704
43455,33.11126693402903,1059.0999999993035,881.6634302275313
43456,33.11126693402903,1059.1199999993034,881.6683071993511
43457,33.11126693402903,1059.1399999993034,881.673184068229
43458,33.11126693402903,1059.1599999993034,881.6780608341641
43459,33.11126693402903,1059.1799999993034,881.6829374971554
43460,33.11126693402903,1059.1999999993034,881.6878140572022
43461,33.11126693402903,1059.2199999993034,881.6926905143036
43462,33.11126693402903,1059.2399999993033,881.6975668684588
43463,33.11126693402903,1059.2599999993033,881.7024431196668
43464,33.11126693402903,1059.2799999993033,881.7073192679268
43465,33.11126693402903,1059.2999999993033,881.712195313238
43466,33.11126693402903,1059.3199999993033,881.7170712555995
43467,33.11126693402903,1059.3399999993032,881.7219470950105
43468,33.11126693402903,1059.3599999993032,881.72682283147
43469,33.11126693402903,1059.3799999993032,881.7316984649773
43470,33.11126693402903,1059.3999999993032,881.7365739955313
43471,33.11126693402903,1059.4199999993032,881.7414494231314
43472,33.11126693402903,1059.4399999993032,881.7463247477766
43473,33.11126693402903,1059.4599999993031,881.751199969466
43474,33.11126693402903,1059.4799999993031,881.7560750881989
43475,33.11126693402903,1059.499999999303,881.7609501039743
43476,33.11126693402903,1059.519999999303,881.7658250167915
43477,33.11126693402903,1059.539999999303,881.7706998266494
43478,33.11126693402903,1059.559999999303,881.7755745335473
43479,33.11126693402903,1059.579999999303,881.7804491374844
43480,33.11126693402903,1059.599999999303,881.7853236384597
43481,33.11126693402903,1059.619999999303,881.7901980364724
43482,33.11126693402903,1059.639999999303,881.7950723315215
43483,33.11126693402903,1059.659999999303,881.7999465236064
43484,33.11126693402903,1059.679999999303,881.8048206127261
43485,33.11126693402903,1059.699999999303,881.8096945988797
43486,33.11126693402903,1059.719999999303,881.8145684820664
43487,33.11126693402903,1059.7399999993029,881.8194422622854
43488,33.11126693402903,1059.7599999993029,881.8243159395357
43489,33.11126693402903,1059.7799999993028,881.8291895138166
43490,33.11126693402903,1059.7999999993028,881.834062985127
43491,33.11126693402903,1059.8199999993028,881.8389363534662
43492,33.11126693402903,1059.8399999993028,881.8438096188335
43493,33.11126693402903,1059.8599999993028,881.8486827812277
43494,33.11126693402903,1059.8799999993028,881.8535558406481
43495,33.11126693402903,1059.8999999993027,881.8584287971617
43496,33.11126693402903,1059.9199999993027,881.8633016508603
43497,33.11126693402903,1059.9399999993027,881.868174401746
43498,33.11126693402903,1059.9599999993027,881.8730470498181
43499,33.11126693402903,1059.9799999993027,881.8779195950755
43500,33.11126693402903,1059.9999999993026,881.8827920375173
43501,33.11126693402903,1060.0199999993026,881.8876643771429
43502,33.11126693402903,1060.0399999993026,881.8925366139512
43503,33.11126693402903,1060.0599999993026,881.8974087479414
43504,33.11126693402903,1060.0799999993026,881.9022807791129
43505,33.11126693402903,1060.0999999993026,881.9071527074645
43506,33.11126693402903,1060.1199999993025,881.9120245329956
43507,33.11126693402903,1060.1399999993025,881.9168962557052
43508,33.11126693402903,1060.1599999993025,881.9217678755924
43509,33.11126693402903,1060.1799999993025,881.9266393926565
43510,33.11126693402903,1060.1999999993025,881.9315108068965
43511,33.11126693402903,1060.2199999993024,881.9363821183117
43512,33.11126693402903,1060.2399999993024,881.9412533269011
43513,33.11126693402903,1060.2599999993024,881.9461244326639
43514,33.11126693402903,1060.2799999993024,881.9509954355992
43515,33.11126693402903,1060.2999999993024,881.9558663357062
43516,33.11126693402903,1060.3199999993024,881.960737132984
43517,33.11126693402903,1060.3399999993023,881.9656078274319
43518,33.11126693402903,1060.3599999993023,881.9704784190488
43519,33.11126693402903,1060.3799999993023,881.975348907834
43520,33.11126693402903,1060.3999999993023,881.9802192937866
43521,33.11126693402903,1060.4199999993023,881.9850895769057
43522,33.11126693402903,1060.4399999993022,881.9899597571905
43523,33.11126693402903,1060.4599999993022,881.9948298346402
43524,33.11126693402903,1060.4799999993022,881.9996998092538
43525,33.11126693402903,1060.4999999993022,882.0045696810306
43526,33.11126693402903,1060.5199999993022,882.0094394499696
43527,33.11126693402903,1060.5399999993022,882.0143091160701
43528,33.11126693402903,1060.5599999993021,882.019178679331
43529,33.11126693402903,1060.5799999993021,882.0240481397518
43530,33.11126693402903,1060.599999999302,882.0289174973313
43531,33.11126693402903,1060.619999999302,882.0337867520689
43532,33.11126693402903,1060.639999999302,882.0386559039636
43533,33.11126693402903,1060.659999999302,882.0435249530145
43534,33.11126693402903,1060.679999999302,882.0483938992209
43535,33.11126693402903,1060.699999999302,882.0532627425818
43536,33.11126693402903,1060.719999999302,882.0581314830964
43537,33.11126693402903,1060.739999999302,882.063000120764
43538,33.11126693402903,1060.759999999302,882.0678686555834
43539,33.11126693402903,1060.779999999302,882.0727370875541
43540,33.11126693402903,1060.799999999302,882.077605416675
43541,33.11126693402903,1060.819999999302,882.0824736429454
43542,33.11126693402903,1060.8399999993019,882.0873417663644
43543,33.11126693402903,1060.8599999993019,882.092209786931
43544,33.11126693402903,1060.8799999993018,882.0970777046446
43545,33.11126693402903,1060.8999999993018,882.101945519504
43546,33.11126693402903,1060.9199999993018,882.1068132315861
43547,33.11126693402903,1060.9399999993018,882.1116808409749
43548,33.11126693402903,1060.9599999993018,882.1165483476707
43549,33.11126693402903,1060.9799999993018,882.1214157516724
43550,33.11126693402903,1060.9999999993017,882.1262830529794
43551,33.11126693402903,1061.0199999993017,882.1311502515907
43552,33.11126693402903,1061.0399999993017,882.1360173475055
43553,33.11126693402903,1061.0599999993017,882.1408843407229
43554,33.11126693402903,1061.0799999993017,882.1457512312421
43555,33.11126693402903,1061.0999999993016,882.1506180190622
43556,33.11126693402903,1061.1199999993016,882.1554847041824
43557,33.11126693402903,1061.1399999993016,882.1603512866018
43558,33.11126693402903,1061.1599999993016,882.1652177663195
43559,33.11126693402903,1061.1799999993016,882.1700841433349
43560,33.11126693402903,1061.1999999993016,882.1749504176469
43561,33.11126693402903,1061.2199999993015,882.1798165892546
43562,33.11126693402903,1061.2399999993015,882.1846826581574
43563,33.11126693402903,1061.2599999993015,882.1895486243542
43564,33.11126693402903,1061.2799999993015,882.1944144878443
43565,33.11126693402903,1061.2999999993015,882.1992802486268
43566,33.11126693402903,1061.3199999993014,882.2041459067009
43567,33.11126693402903,1061.3399999993014,882.2090114620657
43568,33.11126693402903,1061.3599999993014,882.2138769147205
43569,33.11126693402903,1061.3799999993014,882.2187422646641
43570,33.11126693402903,1061.3999999993014,882.2236075118959
43571,33.11126693402903,1061.4199999993014,882.2284726564151
43572,33.11126693402903,1061.4399999993013,882.2333376982207
43573,33.11126693402903,1061.4599999993013,882.2382026373119
43574,33.11126693402903,1061.4799999993013,882.2430674736879
43575,33.11126693402903,1061.4999999993013,882.2479322073478
43576,33.11126693402903,1061.5199999993013,882.2527968382908
43577,33.11126693402903,1061.5399999993012,882.257661366516
43578,33.11126693402903,1061.5599999993012,882.2625257920225
43579,33.11126693402903,1061.5799999993012,882.2673901148096
43580,33.11126693402903,1061.5999999993012,882.2722543348763
43581,33.11126693402903,1061.6199999993012,882.2771184522218
43582,33.11126693402903,1061.6399999993012,882.2819824668452
43583,33.11126693402903,1061.6599999993011,882.2868463787457
43584,33.11126693402903,1061.6799999993011,882.2917101879225
43585,33.11126693402903,1061.699999999301,882.2965738943747
43586,33.11126693402903,1061.719999999301,882.3014374981013
43587,33.11126693402903,1061.739999999301,882.3063009991017
43588,33.11126693402903,1061.759999999301,882.311164397375
43589,33.11126693402903,1061.779999999301,882.3160276929203
43590,33.11126693402903,1061.799999999301,882.3208908857367
43591,33.11126693402903,1061.819999999301,882.3257539758234
43592,33.11126693402903,1061.839999999301,882.3306169631796
43593,33.11126693402903,1061.859999999301,882.3354798478044
43594,33.11126693402903,1061.879999999301,882.3403426296969
43595,33.11126693402903,1061.899999999301,882.3452053088563
43596,33.11126693402903,1061.919999999301,882.3500678852829
43597,33.11126693402903,1061.9399999993009,882.3549303590665
43598,33.11126693402903,1061.9599999993009,882.3597927302872
43599,33.11126693402903,1061.9799999993008,882.3646549989438
43600,33.11126693402903,1061.9999999993008,882.3695171650357
43601,33.11126693402903,1062.0199999993008,882.3743792285621
43602,33.11126693402903,1062.0399999993008,882.3792411895221
43603,33.11126693402903,1062.0599999993008,882.3841030479148
43604,33.11126693402903,1062.0799999993008,882.3889648037393
43605,33.11126693402903,1062.0999999993007,882.3938264569949
43606,33.11126693402903,1062.1199999993007,882.3986880076808
43607,33.11126693402903,1062.1399999993007,882.403549455796
43608,33.11126693402903,1062.1599999993007,882.4084108013396
43609,33.11126693402903,1062.1799999993007,882.413272044311
43610,33.11126693402903,1062.1999999993006,882.4181331847093
43611,33.11126693402903,1062.2199999993006,882.4229942225335
43612,33.11126693402903,1062.2399999993006,882.4278551577828
43613,33.11126693402903,1062.2599999993006,882.4327159904565
43614,33.11126693402903,1062.2799999993006,882.4375767205536
43615,33.11126693402903,1062.2999999993006,882.4424373480733
43616,33.11126693402903,1062.3199999993005,882.4472978730148
43617,33.11126693402903,1062.3399999993005,882.4521582953772
43618,33.11126693402903,1062.3599999993005,882.4570186151598
43619,33.06730403756372,1062.3799999993005,882.4618788323615
43620,33.06730403756372,1062.3999999993005,882.4667389469818
43621,33.06730403756372,1062.4199999993004,882.4715989590195
43622,33.06730403756372,1062.4399999993004,882.476458868474
43623,33.06730403756372,1062.4599999993004,882.4813186753443
43624,33.06730403756372,1062.4799999993004,882.4861783796297
43625,33.06730403756372,1062.4999999993004,882.4910379813292
43626,33.06730403756372,1062.5199999993004,882.4958974804421
43627,33.06730403756372,1062.5399999993003,882.5007568769674
43628,33.06730403756372,1062.5599999993003,882.5056161709045
43629,33.06730403756372,1062.5799999993003,882.5104753622525
43630,33.06730403756372,1062.5999999993003,882.5153344510103
43631,33.06730403756372,1062.6199999993003,882.5201934371773
43632,33.06730403756372,1062.6399999993002,882.5250523207526
43633,33.06730403756372,1062.6599999993002,882.5299111017354
43634,33.06730403756372,1062.6799999993002,882.5347697801247
43635,33.06730403756372,1062.6999999993002,882.5396283559198
43636,33.06730403756372,1062.7199999993002,882.5444868291198
43637,33.06730403756372,1062.7399999993002,882.5493451997239
43638,33.06730403756372,1062.7599999993001,882.5542034677312
43639,33.06730403756372,1062.7799999993001,882.5590616331409
43640,33.06730403756372,1062.7999999993,882.5639196959522
43641,33.06730403756372,1062.8199999993,882.5687776561642
43642,33.06730403756372,1062.8399999993,882.5736355137761
43643,33.06730403756372,1062.8599999993,882.578493268787
43644,33.06730403756372,1062.8799999993,882.5833509211961
43645,33.06730403756372,1062.8999999993,882.5882084710025
43646,33.06730403756372,1062.9199999993,882.5930659182054
43647,33.06730403756372,1062.9399999993,882.5979232628067
43648,33.06730403756372,1062.9599999993,882.6027805048917
43649,33.06730403756372,1062.9799999993,882.607637644521
43650,33.06730403756372,1062.9999999993,882.6124946816938
43651,33.06730403756372,1063.0199999993,882.6173516164092
43652,33.06730403756372,1063.0399999992999,882.6222084486665
43653,33.06730403756372,1063.0599999992999,882.6270651784647
43654,33.06730403756372,1063.0799999992998,882.6319218058031
43655,33.06730403756372,1063.0999999992998,882.6367783306808
43656,33.06730403756372,1063.1199999992998,882.641634753097
43657,33.06730403756372,1063.1399999992998,882.6464910730509
43658,33.06730403756372,1063.1599999992998,882.6513472905416
43659,33.06730403756372,1063.1799999992998,882.6562034055682
43660,33.06730403756372,1063.1999999992997,882.66105941813
43661,33.06730403756372,1063.2199999992997,882.6659153282261
43662,33.06730403756372,1063.2399999992997,882.6707711358556
43663,33.06730403756372,1063.2599999992997,882.6756268410178
43664,33.06730403756372,1063.2799999992997,882.6804824437118
43665,33.06730403756372,1063.2999999992996,882.6853379439367
43666,33.06730403756372,1063.3199999992996,882.6901933416917
43667,33.06730403756372,1063.3399999992996,882.695048636976
43668,33.06730403756372,1063.3599999992996,882.6999038297888
43669,33.06730403756372,1063.3799999992996,882.7047589201292
43670,33.06730403756372,1063.3999999992996,882.7096139079963
43671,33.06730403756372,1063.4199999992995,882.7144687933894
43672,33.06730403756372,1063.4399999992995,882.7193235763076
43673,33.06730403756372,1063.4599999992995,882.7241782567501
43674,33.06730403756372,1063.4799999992995,882.729032834716
43675,33.06730403756372,1063.4999999992995,882.7338873102045
43676,33.06730403756372,1063.5199999992994,882.7387416832148
43677,33.06730403756372,1063.5399999992994,882.7435959537461
43678,33.06730403756372,1063.5599999992994,882.7484501217974
43679,33.06730403756372,1063.5799999992994,882.753304187368
43680,33.06730403756372,1063.5999999992994,882.758158150457
43681,33.06730403756372,1063.6199999992994,882.7630120110637
43682,33.06730403756372,1063.6399999992993,882.767865769187
43683,33.06730403756372,1063.6599999992993,882.7727194248263
43684,33.06730403756372,1063.6799999992993,882.7775729779806
43685,33.06730403756372,1063.6999999992993,882.7824264286493
43686,33.06730403756372,1063.7199999992993,882.7872797768313
43687,33.06730403756372,1063.7399999992992,882.7921330225258
43688,33.06730403756372,1063.7599999992992,882.7969861657322
43689,33.06730403756372,1063.7799999992992,882.8018392064495
43690,33.06730403756372,1063.7999999992992,882.8066921446768
43691,33.06730403756372,1063.8199999992992,882.8115449804134
43692,33.06730403756372,1063.8399999992992,882.8163977136584
43693,33.06730403756372,1063.8599999992991,882.8212503444109
43694,33.06730403756372,1063.8799999992991,882.8261028726702
43695,33.06730403756372,1063.899999999299,882.8309552984354
43696,33.06730403756372,1063.919999999299,882.8358076217056
43697,33.06730403756372,1063.939999999299,882.84065984248
43698,33.06730403756372,1063.959999999299,882.8455119607627
43699,33.06730403756372,1063.979999999299,882.8503639766527
43700,33.06730403756372,1063.999999999299,882.8552158902057
43701,33.06730403756372,1064.019999999299,882.8600677014209
43702,33.06730403756372,1064.039999999299,882.8649194102975
43703,33.06730403756372,1064.059999999299,882.8697710168346
43704,33.06730403756372,1064.079999999299,882.8746225210315
43705,33.06730403756372,1064.099999999299,882.8794739228871
43706,33.06730403756372,1064.119999999299,882.8843252224008
43707,33.06730403756372,1064.1399999992989,882.8891764195716
43708,33.06730403756372,1064.1599999992989,882.8940275143989
43709,33.06730403756372,1064.1799999992988,882.8988785068816
43710,33.06730403756372,1064.1999999992988,882.9037293970191
43711,33.06730403756372,1064.2199999992988,882.9085801848105
43712,33.06730403756372,1064.2399999992988,882.9134308702548
43713,33.06730403756372,1064.2599999992988,882.9182814533514
43714,33.06730403756372,1064.2799999992988,882.9231319340994
43715,33.06730403756372,1064.2999999992987,882.9279823124979
43716,33.06730403756372,1064.3199999992987,882.9328325885461
43717,33.06730403756372,1064.3399999992987,882.9376827622433
43718,33.06730403756372,1064.3599999992987,882.9425328335885
43719,33.06730403756372,1064.3799999992987,882.9473828025809
43720,33.06730403756372,1064.3999999992986,882.9522326692197
43721,33.06730403756372,1064.4199999992986,882.9570824335041
43722,33.06730403756372,1064.4399999992986,882.9619320954332
43723,33.06730403756372,1064.4599999992986,882.9667816550062
43724,33.06730403756372,1064.4799999992986,882.9716311122223
43725,33.06730403756372,1064.4999999992986,882.9764804670807
43726,33.06730403756372,1064.5199999992985,882.9813297195805
43727,33.06730403756372,1064.5399999992985,882.9861788697208
43728,33.06730403756372,1064.5599999992985,882.9910279175009
43729,33.06730403756372,1064.5799999992985,882.99587686292
43730,33.06730403756372,1064.5999999992985,883.0007257059772
43731,33.06730403756372,1064.6199999992984,883.0055744466716
43732,33.06730403756372,1064.6399999992984,883.0104230850025
43733,33.06730403756372,1064.6599999992984,883.015271620969
43734,33.06730403756372,1064.6799999992984,883.0201200545703
43735,33.06730403756372,1064.6999999992984,883.0249683858054
43736,33.06730403756372,1064.7199999992984,883.0298166146738
43737,33.06730403756372,1064.7399999992983,883.0346647411744
43738,33.06730403756372,1064.7599999992983,883.0395127653065
43739,33.06730403756372,1064.7799999992983,883.0443606870692
43740,33.06730403756372,1064.7999999992983,883.0492085064617
43741,33.06730403756372,1064.8199999992983,883.0540562234831
43742,33.06730403756372,1064.8399999992982,883.0589038381328
43743,33.06730403756372,1064.8599999992982,883.0637513504097
43744,33.06730403756372,1064.8799999992982,883.0685987603131
43745,33.06730403756372,1064.8999999992982,883.0734460678422
43746,33.06730403756372,1064.9199999992982,883.078293272996
43747,33.06730403756372,1064.9399999992982,883.0831403757738
43748,33.06730403756372,1064.9599999992981,883.0879873761749
43749,33.06730403756372,1064.9799999992981,883.092834274205
43750,33.06730403756372,1064.999999999298,883.0976810699711
43751,33.06730403756372,1065.019999999298,883.1025277635197
43752,33.06730403756372,1065.039999999298,883.1073743548496
43753,33.06730403756372,1065.059999999298,883.1122208439602
43754,33.06730403756372,1065.079999999298,883.1170672308507
43755,33.06730403756372,1065.099999999298,883.1219135155202
43756,33.06730403756372,1065.119999999298,883.1267596979678
43757,33.06730403756372,1065.139999999298,883.1316057781928
43758,33.06730403756372,1065.159999999298,883.1364517561943
43759,33.06730403756372,1065.179999999298,883.1412976319716
43760,33.06730403756372,1065.199999999298,883.1461434055237
43761,33.06730403756372,1065.219999999298,883.1509890768499
43762,33.06730403756372,1065.2399999992979,883.1558346459493
43763,33.06730403756372,1065.2599999992979,883.1606801128211
43764,33.06730403756372,1065.2799999992978,883.1655254774644
43765,33.06730403756372,1065.2999999992978,883.1703707398784
43766,33.06730403756372,1065.3199999992978,883.1752159000624
43767,33.06730403756372,1065.3399999992978,883.1800609580156
43768,33.06730403756372,1065.3599999992978,883.184905913737
43769,33.06730403756372,1065.3799999992978,883.1897507672259
43770,33.06730403756372,1065.3999999992977,883.1945955184813
43771,33.06730403756372,1065.4199999992977,883.1994401675025
43772,33.06730403756372,1065.4399999992977,883.2042847142887
43773,33.06730403756372,1065.4599999992977,883.2091291588391
43774,33.06730403756372,1065.4799999992977,883.2139735011529
43775,33.06730403756372,1065.4999999992976,883.218817741229
43776,33.06730403756372,1065.5199999992976,883.2236618790669
43777,33.06730403756372,1065.5399999992976,883.2285059146656
43778,33.06730403756372,1065.5599999992976,883.2333498480243
43779,33.06730403756372,1065.5799999992976,883.2381936791422
43780,33.06730403756372,1065.5999999992976,883.2430374080185
43781,33.06730403756372,1065.6199999992975,883.2478810346523
43782,33.06730403756372,1065.6399999992975,883.2527245590429
43783,33.06730403756372,1065.6599999992975,883.2575679811894
43784,33.06730403756372,1065.6799999992975,883.2624113010909
43785,33.06730403756372,1065.6999999992975,883.2672545187467
43786,33.06730403756372,1065.7199999992974,883.2720976341559
43787,33.06730403756372,1065.7399999992974,883.2769406473177
43788,33.06730403756372,1065.7599999992974,883.2817835582313
43789,33.06730403756372,1065.7799999992974,883.2866263668958
43790,33.06730403756372,1065.7999999992974,883.2914690733105
43791,33.06730403756372,1065.8199999992974,883.2963116774745
43792,33.06730403756372,1065.8399999992973,883.3011541793869
43793,33.06730403756372,1065.8599999992973,883.305996579047
43794,33.06730403756372,1065.8799999992973,883.310838876454
43795,33.06730403756372,1065.8999999992973,883.315681071607
43796,33.06730403756372,1065.9199999992973,883.3205231645051
43797,33.06730403756372,1065.9399999992972,883.3253651551476
43798,33.06730403756372,1065.9599999992972,883.3302070435335
43799,33.06730403756372,1065.9799999992972,883.3350488296622
43800,33.06730403756372,1065.9999999992972,883.3398905135415
43801,33.06730403756372,1066.0199999992972,883.3447320952862
43802,33.06730403756372,1066.0399999992972,883.3495735749331
43803,33.06730403756372,1066.0599999992971,883.3544149524813
43804,33.06730403756372,1066.0799999992971,883.35925622793
43805,33.06730403756372,1066.099999999297,883.3640974012785
43806,33.06730403756372,1066.119999999297,883.3689384725259
43807,33.06730403756372,1066.139999999297,883.3737794416713
43808,33.06730403756372,1066.159999999297,883.3786203087141
43809,33.06730403756372,1066.179999999297,883.3834610736532
43810,33.06730403756372,1066.199999999297,883.388301736488
43811,33.06730403756372,1066.219999999297,883.3931422972175
43812,33.06730403756372,1066.239999999297,883.3979827558411
43813,33.06730403756372,1066.259999999297,883.4028231123579
43814,33.06730403756372,1066.279999999297,883.4076633667669
43815,33.06730403756372,1066.299999999297,883.4125035190674
43816,33.06730403756372,1066.319999999297,883.4173435692586
43817,33.06730403756372,1066.3399999992969,883.4221835173397
43818,33.06730403756372,1066.3599999992969,883.4270233633099
43819,33.06730403756372,1066.3799999992968,883.4318631071683
43820,33.06730403756372,1066.3999999992968,883.4367027489142
43821,33.06730403756372,1066.4199999992968,883.4415422885467
43822,33.06730403756372,1066.4399999992968,883.4463817260648
43823,33.06730403756372,1066.4599999992968,883.451221061468
43824,33.06730403756372,1066.4799999992968,883.4560602947553
43825,33.06730403756372,1066.4999999992967,883.4608994259258
43826,33.06730403756372,1066.5199999992967,883.4657384549789
43827,33.06730403756372,1066.5399999992967,883.4705773819137
43828,33.06730403756372,1066.5599999992967,883.4754162067294
43829,33.06730403756372,1066.5799999992967,883.4802549294251
43830,33.06730403756372,1066.5999999992966,883.48509355
43831,33.06730403756372,1066.6199999992966,883.4899320684533
43832,33.06730403756372,1066.6399999992966,883.4947704847841
43833,33.06730403756372,1066.6599999992966,883.4996087989917
43834,33.06730403756372,1066.6799999992966,883.5044470110753
43835,33.06730403756372,1066.6999999992966,883.5092851210339
43836,33.06730403756372,1066.7199999992965,883.5141231288669
43837,33.06730403756372,1066.7399999992965,883.5189610345733
43838,33.06730403756372,1066.7599999992965,883.5237988381524
43839,33.06730403756372,1066.7799999992965,883.5286365396033
43840,33.06730403756372,1066.7999999992965,883.5334741389253
43841,33.06730403756372,1066.8199999992964,883.5383116361174
43842,33.06730403756372,1066.8399999992964,883.5431490311789
43843,33.06730403756372,1066.8599999992964,883.547986324109
43844,33.06730403756372,1066.8799999992964,883.5528235149069
43845,33.06730403756372,1066.8999999992964,883.5576606035715
43846,33.06730403756372,1066.9199999992964,883.5624975901023
43847,33.06730403756372,1066.9399999992963,883.5673344744985
43848,33.06730403756372,1066.9599999992963,883.572171256759
43849,33.06730403756372,1066.9799999992963,883.5770079368832
43850,33.06730403756372,1066.9999999992963,883.5818445148702
43851,33.06730403756372,1067.0199999992963,883.5866809907304
43852,33.06730403756372,1067.0399999992962,883.5915173645941
43853,33.06730403756372,1067.0599999992962,883.5963536364902
43854,33.06730403756372,1067.0799999992962,883.6011898064179
43855,33.06730403756372,1067.0999999992962,883.6060258743763
43856,33.06730403756372,1067.1199999992962,883.6108618403647
43857,33.06730403756372,1067.1399999992962,883.6156977043821
43858,33.06730403756372,1067.1599999992961,883.6205334664279
43859,33.06730403756372,1067.1799999992961,883.6253691265011
43860,33.06730403756372,1067.199999999296,883.630204684601
43861,33.06730403756372,1067.219999999296,883.6350401407268
43862,33.06730403756372,1067.239999999296,883.6398754948776
43863,33.023438339983834,1067.259999999296,883.6447107470527
43864,33.023438339983834,1067.279999999296,883.6495458972512
43865,33.023438339983834,1067.299999999296,883.6543809454723
43866,33.023438339983834,1067.319999999296,883.6592158917152
43867,33.023438339983834,1067.339999999296,883.6640507359791
43868,33.023438339983834,1067.359999999296,883.6688854782631
43869,33.023438339983834,1067.379999999296,883.6737201185664
43870,33.023438339983834,1067.399999999296,883.6785546568882
43871,33.023438339983834,1067.419999999296,883.6833890932278
43872,33.023438339983834,1067.4399999992959,883.6882234275843
43873,33.023438339983834,1067.4599999992959,883.6930576599568
43874,33.023438339983834,1067.4799999992958,883.6978917903446
43875,33.023438339983834,1067.4999999992958,883.7027258187468
43876,33.023438339983834,1067.5199999992958,883.7075597451626
43877,33.023438339983834,1067.5399999992958,883.7123935695913
43878,33.023438339983834,1067.5599999992958,883.717227292032
43879,33.023438339983834,1067.5799999992958,883.7220609124838
43880,33.023438339983834,1067.5999999992957,883.726894430946
43881,33.023438339983834,1067.6199999992957,883.7317278474178
43882,33.023438339983834,1067.6399999992957,883.7365611618983
43883,33.023438339983834,1067.6599999992957,883.7413943743867
43884,33.023438339983834,1067.6799999992957,883.7462274848822
43885,33.023438339983834,1067.6999999992956,883.751060493384
43886,33.023438339983834,1067.7199999992956,883.7558933998912
43887,33.023438339983834,1067.7399999992956,883.7607262044031
43888,33.023438339983834,1067.7599999992956,883.7655589069188
43889,33.023438339983834,1067.7799999992956,883.7703915074376
43890,33.023438339983834,1067.7999999992956,883.7752240059585
43891,33.023438339983834,1067.8199999992955,883.7800564024809
43892,33.023438339983834,1067.8399999992955,883.7848886970039
43893,33.023438339983834,1067.8599999992955,883.7897208895266
43894,33.023438339983834,1067.8799999992955,883.7945529800483
43895,33.023438339983834,1067.8999999992955,883.799384968568
43896,33.023438339983834,1067.9199999992954,883.8042168550851
43897,33.023438339983834,1067.9399999992954,883.8090486395987
43898,33.023438339983834,1067.9599999992954,883.813880322108
43899,33.023438339983834,1067.9799999992954,883.8187119026122
43900,33.023438339983834,1067.9999999992954,883.8235433811104
43901,33.023438339983834,1068.0199999992954,883.8283747576019
43902,33.023438339983834,1068.0399999992953,883.8332060320972
43903,33.023438339983834,1068.0599999992953,883.8380372047163
43904,33.023438339983834,1068.0799999992953,883.8428682754753
43905,33.023438339983834,1068.0999999992953,883.8476992443734
43906,33.023438339983834,1068.1199999992953,883.8525301114098
43907,33.023438339983834,1068.1399999992952,883.8573608765837
43908,33.023438339983834,1068.1599999992952,883.8621915398943
43909,33.023438339983834,1068.1799999992952,883.8670221013407
43910,33.023438339983834,1068.1999999992952,883.8718525609221
43911,33.023438339983834,1068.2199999992952,883.8766829186377
43912,33.023438339983834,1068.2399999992952,883.8815131744867
43913,33.023438339983834,1068.2599999992951,883.8863433284683
43914,33.023438339983834,1068.2799999992951,883.8911733805818
43915,33.023438339983834,1068.299999999295,883.8960033308263
43916,33.023438339983834,1068.319999999295,883.9008331792008
43917,33.023438339983834,1068.339999999295,883.9056629257047
43918,33.023438339983834,1068.359999999295,883.9104925703373
43919,33.023438339983834,1068.379999999295,883.9153221130975
43920,33.023438339983834,1068.399999999295,883.9201515539847
43921,33.023438339983834,1068.419999999295,883.924980892998
43922,33.023438339983834,1068.439999999295,883.9298101301365
43923,33.023438339983834,1068.459999999295,883.9346392653995
43924,33.023438339983834,1068.479999999295,883.9394682987862
43925,33.023438339983834,1068.499999999295,883.9442972302958
43926,33.023438339983834,1068.519999999295,883.9491260599274
43927,33.023438339983834,1068.5399999992949,883.9539547876802
43928,33.023438339983834,1068.5599999992949,883.9587834135535
43929,33.023438339983834,1068.5799999992948,883.9636119375464
43930,33.023438339983834,1068.5999999992948,883.9684403596581
43931,33.023438339983834,1068.6199999992948,883.9732686798877
43932,33.023438339983834,1068.6399999992948,883.9780968982345
43933,33.023438339983834,1068.6599999992948,883.9829250146978
43934,33.023438339983834,1068.6799999992948,883.9877530292765
43935,33.023438339983834,1068.6999999992947,883.99258094197
43936,33.023438339983834,1068.7199999992947,883.9974087527775
43937,33.023438339983834,1068.7399999992947,884.0022364616981
43938,33.023438339983834,1068.7599999992947,884.007064068731
43939,33.023438339983834,1068.7799999992947,884.0118915738753
43940,33.023438339983834,1068.7999999992946,884.0167189771304
43941,33.023438339983834,1068.8199999992946,884.0215462784953
43942,33.023438339983834,1068.8399999992946,884.0263734779693
43943,33.023438339983834,1068.8599999992946,884.0312005755516
43944,33.023438339983834,1068.8799999992946,884.0360275712412
43945,33.023438339983834,1068.8999999992946,884.0408544650376
43946,33.023438339983834,1068.9199999992945,884.0456812569397
43947,33.023438339983834,1068.9399999992945,884.0505079469468
43948,33.023438339983834,1068.9599999992945,884.0553345350581
43949,33.023438339983834,1068.9799999992945,884.0601610212728
43950,33.023438339983834,1068.9999999992945,884.0649874055902
43951,33.023438339983834,1069.0199999992944,884.0698136880092
43952,33.023438339983834,1069.0399999992944,884.0746398685292
43953,33.023438339983834,1069.0599999992944,884.0794659471671
43954,33.023438339983834,1069.0799999992944,884.0842919240522
43955,33.023438339983834,1069.0999999992944,884.089117799196
43956,33.023438339983834,1069.1199999992944,884.0939435725976
43957,33.023438339983834,1069.1399999992943,884.0987692442563
43958,33.023438339983834,1069.1599999992943,884.1035948141713
43959,33.023438339983834,1069.1799999992943,884.1084202823417
43960,33.023438339983834,1069.1999999992943,884.1132456487668
43961,33.023438339983834,1069.2199999992943,884.1180709134456
43962,33.023438339983834,1069.2399999992942,884.1228960763776
43963,33.023438339983834,1069.2599999992942,884.1277211375618
43964,33.023438339983834,1069.2799999992942,884.1325460969974
43965,33.023438339983834,1069.2999999992942,884.1373709546837
43966,33.023438339983834,1069.3199999992942,884.1421957106196
43967,33.023438339983834,1069.3399999992942,884.1470203648046
43968,33.023438339983834,1069.3599999992941,884.1518449172378
43969,33.023438339983834,1069.3799999992941,884.1566693679183
43970,33.023438339983834,1069.399999999294,884.1614937168455
43971,33.023438339983834,1069.419999999294,884.1663179640184
43972,33.023438339983834,1069.439999999294,884.1711421094362
43973,33.023438339983834,1069.459999999294,884.1759661530982
43974,33.023438339983834,1069.479999999294,884.1807900950035
43975,33.023438339983834,1069.499999999294,884.1856139351514
43976,33.023438339983834,1069.519999999294,884.190437673541
43977,33.023438339983834,1069.539999999294,884.1952613101715
43978,33.023438339983834,1069.559999999294,884.2000848450422
43979,33.023438339983834,1069.579999999294,884.2049082781521
43980,33.023438339983834,1069.599999999294,884.2097316095005
43981,33.023438339983834,1069.619999999294,884.2145548390866
43982,33.023438339983834,1069.6399999992939,884.2193779669096
43983,33.023438339983834,1069.6599999992939,884.2242009929687
43984,33.023438339983834,1069.6799999992938,884.229023917263
43985,33.023438339983834,1069.6999999992938,884.2338467397918
43986,33.023438339983834,1069.7199999992938,884.2386694605542
43987,33.023438339983834,1069.7399999992938,884.2434920795495
43988,33.023438339983834,1069.7599999992938,884.2483145967768
43989,33.023438339983834,1069.7799999992938,884.2531370122354
43990,33.023438339983834,1069.7999999992937,884.2579593259243
43991,33.023438339983834,1069.8199999992937,884.2627815378428
43992,33.023438339983834,1069.8399999992937,884.2676036479902
43993,33.023438339983834,1069.8599999992937,884.2724256563656
43994,33.023438339983834,1069.8799999992937,884.2772475629682
43995,33.023438339983834,1069.8999999992936,884.2820693677971
43996,33.023438339983834,1069.9199999992936,884.2868910708517
43997,33.023438339983834,1069.9399999992936,884.291712672131
43998,33.023438339983834,1069.9599999992936,884.2965341716342
43999,33.023438339983834,1069.9799999992936,884.3013555693607
44000,33.023438339983834,1069.9999999992935,884.3061768653095
44001,33.023438339983834,1070.0199999992935,884.3109980594797
44002,33.023438339983834,1070.0399999992935,884.3158191518708
44003,33.023438339983834,1070.0599999992935,884.3206401424817
44004,33.023438339983834,1070.0799999992935,884.3254610313392
44005,33.023438339983834,1070.0999999992935,884.3302818185649
44006,33.023438339983834,1070.1199999992934,884.3351025041686
44007,33.023438339983834,1070.1399999992934,884.3399230881496
44008,33.023438339983834,1070.1599999992934,884.344743570507
44009,33.023438339983834,1070.1799999992934,884.34956395124
44010,33.023438339983834,1070.1999999992934,884.3543842303478
44011,33.023438339983834,1070.2199999992933,884.3592044078297
44012,33.023438339983834,1070.2399999992933,884.3640244836847
44013,33.023438339983834,1070.2599999992933,884.3688444579121
44014,33.023438339983834,1070.2799999992933,884.3736643305111
44015,33.023438339983834,1070.2999999992933,884.3784841014809
44016,33.023438339983834,1070.3199999992933,884.3833037708207
44017,33.023438339983834,1070.3399999992932,884.3881233385297
44018,33.023438339983834,1070.3599999992932,884.3929428046071
44019,33.023438339983834,1070.3799999992932,884.397762169052
44020,33.023438339983834,1070.3999999992932,884.4025814318638
44021,33.023438339983834,1070.4199999992932,884.4074005930415
44022,33.023438339983834,1070.4399999992931,884.4122196525844
44023,33.023438339983834,1070.4599999992931,884.4170386104918
44024,33.023438339983834,1070.479999999293,884.4218574667626
44025,33.023438339983834,1070.499999999293,884.4266762213962
44026,33.023438339983834,1070.519999999293,884.4314948743918
44027,33.023438339983834,1070.539999999293,884.4363134257485
44028,33.023438339983834,1070.559999999293,884.4411318754655
44029,33.023438339983834,1070.579999999293,884.4459502235421
44030,33.023438339983834,1070.599999999293,884.4507684699774
44031,33.023438339983834,1070.619999999293,884.4555866147707
44032,33.023438339983834,1070.639999999293,884.4604046579211
44033,33.023438339983834,1070.659999999293,884.4652225994279
44034,33.023438339983834,1070.679999999293,884.4700404392902
44035,33.023438339983834,1070.699999999293,884.4748581775073
44036,33.023438339983834,1070.719999999293,884.4796758140782
44037,33.023438339983834,1070.7399999992929,884.4844933490023
44038,33.023438339983834,1070.7599999992929,884.4893107822786
44039,33.023438339983834,1070.7799999992928,884.4941281139065
44040,33.023438339983834,1070.7999999992928,884.4989453438851
44041,33.023438339983834,1070.8199999992928,884.5037624722136
44042,33.023438339983834,1070.8399999992928,884.5085794988912
44043,33.023438339983834,1070.8599999992928,884.5133964239171
44044,33.023438339983834,1070.8799999992927,884.5182132472905
44045,33.023438339983834,1070.8999999992927,884.5230299690106
44046,33.023438339983834,1070.9199999992927,884.5278465890766
44047,33.023438339983834,1070.9399999992927,884.5326631074877
44048,33.023438339983834,1070.9599999992927,884.537479524243
44049,33.023438339983834,1070.9799999992927,884.5422958393418
44050,33.023438339983834,1070.9999999992926,884.5471120527833
44051,33.023438339983834,1071.0199999992926,884.5519281645667
44052,33.023438339983834,1071.0399999992926,884.5567441746911
44053,33.023438339983834,1071.0599999992926,884.5615600831558
44054,33.023438339983834,1071.0799999992926,884.5663758899599
44055,33.023438339983834,1071.0999999992925,884.57119159514
44056,33.023438339983834,1071.1199999992925,884.5760071988119
44057,33.023438339983834,1071.1399999992925,884.5808227009835
44058,33.023438339983834,1071.1599999992925,884.585638101654
44059,33.023438339983834,1071.1799999992925,884.5904534008226
44060,33.023438339983834,1071.1999999992925,884.5952685984885
44061,33.023438339983834,1071.2199999992924,884.6000836946508
44062,33.023438339983834,1071.2399999992924,884.6048986893089
44063,33.023438339983834,1071.2599999992924,884.6097135824618
44064,33.023438339983834,1071.2799999992924,884.6145283741089
44065,33.023438339983834,1071.2999999992924,884.6193430642493
44066,33.023438339983834,1071.3199999992923,884.6241576528821
44067,33.023438339983834,1071.3399999992923,884.6289721400066
44068,33.023438339983834,1071.3599999992923,884.633786525622
44069,33.023438339983834,1071.3799999992923,884.6386008097274
44070,33.023438339983834,1071.3999999992923,884.6434149923222
44071,33.023438339983834,1071.4199999992923,884.6482290734053
44072,33.023438339983834,1071.4399999992922,884.6530430529762
44073,33.023438339983834,1071.4599999992922,884.6578569310338
44074,33.023438339983834,1071.4799999992922,884.6626707075776
44075,33.023438339983834,1071.4999999992922,884.6674843826066
44076,33.023438339983834,1071.5199999992922,884.6722979561201
44077,33.023438339983834,1071.5399999992921,884.6771114281173
44078,33.023438339983834,1071.5599999992921,884.6819247985973
44079,33.023438339983834,1071.579999999292,884.6867380675593
44080,33.023438339983834,1071.599999999292,884.6915512350025
44081,33.023438339983834,1071.619999999292,884.6963643009262
44082,33.023438339983834,1071.639999999292,884.7011772653295
44083,33.023438339983834,1071.659999999292,884.7059901282117
44084,33.023438339983834,1071.679999999292,884.7108028895719
44085,33.023438339983834,1071.699999999292,884.7156155494093
44086,33.023438339983834,1071.719999999292,884.7204281077231
44087,33.023438339983834,1071.739999999292,884.7252405645127
44088,33.023438339983834,1071.759999999292,884.730052919777
44089,33.023438339983834,1071.779999999292,884.7348651735153
44090,33.023438339983834,1071.799999999292,884.7396773257269
44091,33.023438339983834,1071.819999999292,884.7444893764108
44092,33.023438339983834,1071.8399999992919,884.7493013255663
44093,33.023438339983834,1071.8599999992919,884.7541131731926
44094,33.023438339983834,1071.8799999992918,884.758924919289
44095,33.023438339983834,1071.8999999992918,884.7637365638545
44096,33.023438339983834,1071.9199999992918,884.7685481068885
44097,33.023438339983834,1071.9399999992918,884.77335954839
44098,33.023438339983834,1071.9599999992918,884.7781708883583
44099,33.023438339983834,1071.9799999992917,884.7829821267926
44100,33.023438339983834,1071.9999999992917,884.7877932636922
44101,33.023438339983834,1072.0199999992917,884.792604299056
44102,33.023438339983834,1072.0399999992917,884.7974152328835
44103,33.023438339983834,1072.0599999992917,884.8022260651737
44104,33.023438339983834,1072.0799999992917,884.8070367959259
44105,33.023438339983834,1072.0999999992916,884.8118474251393
44106,33.023438339983834,1072.1199999992916,884.8166579528613
44107,33.023438339983834,1072.1399999992916,884.8214683792031
44108,32.97966954069534,1072.1599999992916,884.8262787041709
44109,32.97966954069534,1072.1799999992916,884.8310889277641
44110,32.97966954069534,1072.1999999992915,884.8358990499817
44111,32.97966954069534,1072.2199999992915,884.8407090708229
44112,32.97966954069534,1072.2399999992915,884.845518990287
44113,32.97966954069534,1072.2599999992915,884.8503288083732
44114,32.97966954069534,1072.2799999992915,884.8551385250807
44115,32.97966954069534,1072.2999999992915,884.8599481404087
44116,32.97966954069534,1072.3199999992914,884.8647576543565
44117,32.97966954069534,1072.3399999992914,884.8695670669231
44118,32.97966954069534,1072.3599999992914,884.8743763781079
44119,32.97966954069534,1072.3799999992914,884.8791855879099
44120,32.97966954069534,1072.3999999992914,884.8839946963285
44121,32.97966954069534,1072.4199999992913,884.8888037033628
44122,32.97966954069534,1072.4399999992913,884.893612609012
44123,32.97966954069534,1072.4599999992913,884.8984214132755
44124,32.97966954069534,1072.4799999992913,884.9032301161523
44125,32.97966954069534,1072.4999999992913,884.9080387176416
44126,32.97966954069534,1072.5199999992913,884.9128472177428
44127,32.97966954069534,1072.5399999992912,884.9176556164548
44128,32.97966954069534,1072.5599999992912,884.922463913777
44129,32.97966954069534,1072.5799999992912,884.9272721097087
44130,32.97966954069534,1072.5999999992912,884.932080204249
44131,32.97966954069534,1072.6199999992912,884.936888197397
44132,32.97966954069534,1072.6399999992911,884.9416960891521
44133,32.97966954069534,1072.6599999992911,884.9465038795133
44134,32.97966954069534,1072.679999999291,884.95131156848
44135,32.97966954069534,1072.699999999291,884.9561191560514
44136,32.97966954069534,1072.719999999291,884.9609266422266
44137,32.97966954069534,1072.739999999291,884.9657340270048
44138,32.97966954069534,1072.759999999291,884.9705413103853
44139,32.97966954069534,1072.779999999291,884.9753484923673
44140,32.97966954069534,1072.799999999291,884.9801555729499
44141,32.97966954069534,1072.819999999291,884.9849625521324
44142,32.97966954069534,1072.839999999291,884.989769429914
44143,32.97966954069534,1072.859999999291,884.9945762062938
44144,32.97966954069534,1072.879999999291,884.9993828812711
44145,32.97966954069534,1072.899999999291,885.0041894548451
44146,32.97966954069534,1072.919999999291,885.008995927015
44147,32.97966954069534,1072.9399999992909,885.01380229778
44148,32.97966954069534,1072.9599999992909,885.0186085671394
44149,32.97966954069534,1072.9799999992908,885.0234147350923
44150,32.97966954069534,1072.9999999992908,885.0282208016379
44151,32.97966954069534,1073.0199999992908,885.0330267667754
44152,32.97966954069534,1073.0399999992908,885.0378326305041
44153,32.97966954069534,1073.0599999992908,885.0426383928232
44154,32.97966954069534,1073.0799999992907,885.0474440537317
44155,32.97966954069534,1073.0999999992907,885.0522496132292
44156,32.97966954069534,1073.1199999992907,885.0570550713145
44157,32.97966954069534,1073.1399999992907,885.0618604280392
44158,32.97966954069534,1073.1599999992907,885.0666656834958
44159,32.97966954069534,1073.1799999992907,885.0714708376881
44160,32.97966954069534,1073.1999999992906,885.0762758906154
44161,32.97966954069534,1073.2199999992906,885.0810808422768
44162,32.97966954069534,1073.2399999992906,885.0858856926717
44163,32.97966954069534,1073.2599999992906,885.0906904417991
44164,32.97966954069534,1073.2799999992906,885.0954950896582
44165,32.97966954069534,1073.2999999992905,885.1002996362483
44166,32.97966954069534,1073.3199999992905,885.1051040815686
44167,32.97966954069534,1073.3399999992905,885.1099084256183
44168,32.97966954069534,1073.3599999992905,885.1147126683966
44169,32.97966954069534,1073.3799999992905,885.1195168099026
44170,32.97966954069534,1073.3999999992905,885.1243208501357
44171,32.97966954069534,1073.4199999992904,885.129124789095
44172,32.97966954069534,1073.4399999992904,885.1339286267797
44173,32.97966954069534,1073.4599999992904,885.1387323631891
44174,32.97966954069534,1073.4799999992904,885.1435359983222
44175,32.97966954069534,1073.4999999992904,885.1483395321785
44176,32.97966954069534,1073.5199999992903,885.153142964757
44177,32.97966954069534,1073.5399999992903,885.1579462960569
44178,32.97966954069534,1073.5599999992903,885.1627495260775
44179,32.97966954069534,1073.5799999992903,885.167552654818
44180,32.97966954069534,1073.5999999992903,885.1723556822775
44181,32.97966954069534,1073.6199999992903,885.1771586084553
44182,32.97966954069534,1073.6399999992902,885.1819614333507
44183,32.97966954069534,1073.6599999992902,885.1867641569627
44184,32.97966954069534,1073.6799999992902,885.1915667792906
44185,32.97966954069534,1073.6999999992902,885.1963693003337
44186,32.97966954069534,1073.7199999992902,885.2011717200911
44187,32.97966954069534,1073.7399999992901,885.205974038562
44188,32.97966954069534,1073.7599999992901,885.2107762557456
44189,32.97966954069534,1073.77999999929,885.2155783716412
44190,32.97966954069534,1073.79999999929,885.2203803862479
44191,32.97966954069534,1073.81999999929,885.2251822995651
44192,32.97966954069534,1073.83999999929,885.2299841115918
44193,32.97966954069534,1073.85999999929,885.2347858223272
44194,32.97966954069534,1073.87999999929,885.2395874317707
44195,32.97966954069534,1073.89999999929,885.2443889399214
44196,32.97966954069534,1073.91999999929,885.2491903467784
44197,32.97966954069534,1073.93999999929,885.253991652341
44198,32.97966954069534,1073.95999999929,885.2587928566085
44199,32.97966954069534,1073.97999999929,885.2635939595799
44200,32.97966954069534,1073.99999999929,885.2683949612546
44201,32.97966954069534,1074.01999999929,885.2731958616317
44202,32.97966954069534,1074.0399999992899,885.2779966607105
44203,32.97966954069534,1074.0599999992899,885.2827973584901
44204,32.97966954069534,1074.0799999992898,885.2875979549698
44205,32.97966954069534,1074.0999999992898,885.2923984501488
44206,32.97966954069534,1074.1199999992898,885.2971988440262
44207,32.97966954069534,1074.1399999992898,885.3019991366012
44208,32.97966954069534,1074.1599999992898,885.3067993279379
44209,32.97966954069534,1074.1799999992897,885.3115994181268
44210,32.97966954069534,1074.1999999992897,885.31639940717
44211,32.97966954069534,1074.2199999992897,885.3211992950668
44212,32.97966954069534,1074.2399999992897,885.3259990818163
44213,32.97966954069534,1074.2599999992897,885.330798767418
44214,32.97966954069534,1074.2799999992897,885.3355983518708
44215,32.97966954069534,1074.2999999992896,885.340397835174
44216,32.97966954069534,1074.3199999992896,885.3451972173269
44217,32.97966954069534,1074.3399999992896,885.3499964983287
44218,32.97966954069534,1074.3599999992896,885.3547956781784
44219,32.97966954069534,1074.3799999992896,885.3595947568755
44220,32.97966954069534,1074.3999999992895,885.3643937344191
44221,32.97966954069534,1074.4199999992895,885.3691926108083
44222,32.97966954069534,1074.4399999992895,885.3739913860425
44223,32.97966954069534,1074.4599999992895,885.3787900601208
44224,32.97966954069534,1074.4799999992895,885.3835886330423
44225,32.97966954069534,1074.4999999992895,885.3883871048065
44226,32.97966954069534,1074.5199999992894,885.3931854754123
44227,32.97966954069534,1074.5399999992894,885.3979837448592
44228,32.97966954069534,1074.5599999992894,885.4027819131462
44229,32.97966954069534,1074.5799999992894,885.4075799802727
44230,32.97966954069534,1074.5999999992894,885.4123779462377
44231,32.97966954069534,1074.6199999992893,885.4171758110405
44232,32.97966954069534,1074.6399999992893,885.4219735746802
44233,32.97966954069534,1074.6599999992893,885.4267712371563
44234,32.97966954069534,1074.6799999992893,885.4315687984679
44235,32.97966954069534,1074.6999999992893,885.436366258614
44236,32.97966954069534,1074.7199999992893,885.441163617594
44237,32.97966954069534,1074.7399999992892,885.4459608754071
44238,32.97966954069534,1074.7599999992892,885.4507580320525
44239,32.97966954069534,1074.7799999992892,885.4555550875293
44240,32.97966954069534,1074.7999999992892,885.4603520418369
44241,32.97966954069534,1074.8199999992892,885.4651488949744
44242,32.97966954069534,1074.8399999992891,885.469945646941
44243,32.97966954069534,1074.8599999992891,885.4747422977359
44244,32.97966954069534,1074.879999999289,885.4795388473584
44245,32.97966954069534,1074.899999999289,885.4843352958077
44246,32.97966954069534,1074.919999999289,885.4891316430829
44247,32.97966954069534,1074.939999999289,885.4939278891834
44248,32.97966954069534,1074.959999999289,885.4987240341082
44249,32.97966954069534,1074.979999999289,885.5035200778567
44250,32.97966954069534,1074.999999999289,885.508316020428
44251,32.97966954069534,1075.019999999289,885.5131118618212
44252,32.97966954069534,1075.039999999289,885.5179076020357
44253,32.97966954069534,1075.059999999289,885.5227032410706
44254,32.97966954069534,1075.079999999289,885.5274987789253
44255,32.97966954069534,1075.099999999289,885.5322942155988
44256,32.97966954069534,1075.119999999289,885.5370895510904
44257,32.97966954069534,1075.1399999992889,885.5418847853992
44258,32.97966954069534,1075.1599999992889,885.5466799185247
44259,32.97966954069534,1075.1799999992888,885.55147495054
44260,32.97966954069534,1075.1999999992888,885.5562698815284
44261,32.97966954069534,1075.2199999992888,885.5610647114903
44262,32.97966954069534,1075.2399999992888,885.5658594404249
44263,32.97966954069534,1075.2599999992888,885.5706540683315
44264,32.97966954069534,1075.2799999992887,885.5754485952091
44265,32.97966954069534,1075.2999999992887,885.5802430210571
44266,32.97966954069534,1075.3199999992887,885.5850373458746
44267,32.97966954069534,1075.3399999992887,885.589831569661
44268,32.97966954069534,1075.3599999992887,885.5946256924153
44269,32.97966954069534,1075.3799999992887,885.5994197141368
44270,32.97966954069534,1075.3999999992886,885.6042136348248
44271,32.97966954069534,1075.4199999992886,885.6090074544783
44272,32.97966954069534,1075.4399999992886,885.6138011730967
44273,32.97966954069534,1075.4599999992886,885.6185947906791
44274,32.97966954069534,1075.4799999992886,885.6233883072249
44275,32.97966954069534,1075.4999999992885,885.6281817227332
44276,32.97966954069534,1075.5199999992885,885.6329750372031
44277,32.97966954069534,1075.5399999992885,885.6377682506339
44278,32.97966954069534,1075.5599999992885,885.6425613630249
44279,32.97966954069534,1075.5799999992885,885.6473543743753
44280,32.97966954069534,1075.5999999992885,885.6521472846841
44281,32.97966954069534,1075.6199999992884,885.6569400939509
44282,32.97966954069534,1075.6399999992884,885.6617328021746
44283,32.97966954069534,1075.6599999992884,885.6665254093544
44284,32.97966954069534,1075.6799999992884,885.6713179154898
44285,32.97966954069534,1075.6999999992884,885.6761103205798
44286,32.97966954069534,1075.7199999992883,885.6809026246236
44287,32.97966954069534,1075.7399999992883,885.6856948276205
44288,32.97966954069534,1075.7599999992883,885.6904869295697
44289,32.97966954069534,1075.7799999992883,885.6952789304704
44290,32.97966954069534,1075.7999999992883,885.7000708303218
44291,32.97966954069534,1075.8199999992883,885.7048626291231
44292,32.97966954069534,1075.8399999992882,885.7096543268736
44293,32.97966954069534,1075.8599999992882,885.7144459235725
44294,32.97966954069534,1075.8799999992882,885.7192374192189
44295,32.97966954069534,1075.8999999992882,885.7240288138121
44296,32.97966954069534,1075.9199999992882,885.7288201073513
44297,32.97966954069534,1075.9399999992881,885.7336112998357
44298,32.97966954069534,1075.9599999992881,885.7384023912646
44299,32.97966954069534,1075.979999999288,885.7431933816371
44300,32.97966954069534,1075.999999999288,885.7479842709524
44301,32.97966954069534,1076.019999999288,885.7527750592099
44302,32.97966954069534,1076.039999999288,885.7575657464087
44303,32.97966954069534,1076.059999999288,885.7623563325479
44304,32.97966954069534,1076.079999999288,885.7671468176269
44305,32.97966954069534,1076.099999999288,885.7719372016448
44306,32.97966954069534,1076.119999999288,885.776727484601
44307,32.97966954069534,1076.139999999288,885.7815176664944
44308,32.97966954069534,1076.159999999288,885.7863077473245
44309,32.97966954069534,1076.179999999288,885.7910977270911
44310,32.97966954069534,1076.199999999288,885.7958876058813
44311,32.97966954069534,1076.219999999288,885.8006773837741
44312,32.97966954069534,1076.2399999992879,885.8054670607688
44313,32.97966954069534,1076.2599999992879,885.8102566368647
44314,32.97966954069534,1076.2799999992878,885.8150461120609
44315,32.97966954069534,1076.2999999992878,885.8198354863567
44316,32.97966954069534,1076.3199999992878,885.8246247597514
44317,32.97966954069534,1076.3399999992878,885.8294139322439
44318,32.97966954069534,1076.3599999992878,885.8342030038337
44319,32.97966954069534,1076.3799999992877,885.83899197452
44320,32.97966954069534,1076.3999999992877,885.8437808443019
44321,32.97966954069534,1076.4199999992877,885.8485696131787
44322,32.97966954069534,1076.4399999992877,885.8533582811497
44323,32.97966954069534,1076.4599999992877,885.8581468482139
44324,32.97966954069534,1076.4799999992877,885.8629353143707
44325,32.97966954069534,1076.4999999992876,885.8677236796192
44326,32.97966954069534,1076.5199999992876,885.8725119439587
44327,32.97966954069534,1076.5399999992876,885.8773001073884
44328,32.97966954069534,1076.5599999992876,885.8820881699074
44329,32.97966954069534,1076.5799999992876,885.8868761315151
44330,32.97966954069534,1076.5999999992875,885.8916639922106
44331,32.97966954069534,1076.6199999992875,885.8964517519931
44332,32.97966954069534,1076.6399999992875,885.9012394108619
44333,32.97966954069534,1076.6599999992875,885.9060269688161
44334,32.97966954069534,1076.6799999992875,885.910814425855
44335,32.97966954069534,1076.6999999992875,885.9156017819779
44336,32.97966954069534,1076.7199999992874,885.9203890371839
44337,32.97966954069534,1076.7399999992874,885.9251761914722
44338,32.97966954069534,1076.7599999992874,885.9299632448422
44339,32.97966954069534,1076.7799999992874,885.9347501972928
44340,32.97966954069534,1076.7999999992874,885.9395370488235
44341,32.97966954069534,1076.8199999992873,885.9443237994333
44342,32.97966954069534,1076.8399999992873,885.9491104491216
44343,32.97966954069534,1076.8599999992873,885.9538969978875
44344,32.97966954069534,1076.8799999992873,885.9586834457302
44345,32.97966954069534,1076.8999999992873,885.9634697926491
44346,32.97966954069534,1076.9199999992873,885.9682560386433
44347,32.97966954069534,1076.9399999992872,885.973042183712
44348,32.97966954069534,1076.9599999992872,885.9778282278544
44349,32.97966954069534,1076.9799999992872,885.9826141710697
44350,32.97966954069534,1076.9999999992872,885.9874000133572
44351,32.97966954069534,1077.0199999992872,885.992185754716
44352,32.97966954069534,1077.0399999992871,885.9969713951455
44353,32.93599734029832,1077.0599999992871,886.0017569346447
44354,32.93599734029832,1077.079999999287,886.006542373213
44355,32.93599734029832,1077.099999999287,886.0113277108496
44356,32.93599734029832,1077.119999999287,886.0161129475537
44357,32.93599734029832,1077.139999999287,886.0208980833244
44358,32.93599734029832,1077.159999999287,886.0256831181609
44359,32.93599734029832,1077.179999999287,886.0304680520626
44360,32.93599734029832,1077.199999999287,886.0352528850311
44361,32.93599734029832,1077.219999999287,886.0400376171515
44362,32.93599734029832,1077.239999999287,886.044822248486
44363,32.93599734029832,1077.259999999287,886.0496067790338
44364,32.93599734029832,1077.279999999287,886.0543912087942
44365,32.93599734029832,1077.299999999287,886.0591755377664
44366,32.93599734029832,1077.319999999287,886.0639597659496
44367,32.93599734029832,1077.3399999992869,886.068743893343
44368,32.93599734029832,1077.3599999992869,886.073527919946
44369,32.93599734029832,1077.3799999992868,886.0783118457575
44370,32.93599734029832,1077.3999999992868,886.0830956707771
44371,32.93599734029832,1077.4199999992868,886.0878793950038
44372,32.93599734029832,1077.4399999992868,886.0926630184368
44373,32.93599734029832,1077.4599999992868,886.0974465410756
44374,32.93599734029832,1077.4799999992867,886.1022299629191
44375,32.93599734029832,1077.4999999992867,886.1070132839666
44376,32.93599734029832,1077.5199999992867,886.1117965042174
44377,32.93599734029832,1077.5399999992867,886.1165796236708
44378,32.93599734029832,1077.5599999992867,886.1213626423258
44379,32.93599734029832,1077.5799999992867,886.1261455601818
44380,32.93599734029832,1077.5999999992866,886.130928377238
44381,32.93599734029832,1077.6199999992866,886.1357110934936
44382,32.93599734029832,1077.6399999992866,886.1404937089478
44383,32.93599734029832,1077.6599999992866,886.1452762235999
44384,32.93599734029832,1077.6799999992866,886.1500586374491
44385,32.93599734029832,1077.6999999992865,886.1548409504945
44386,32.93599734029832,1077.7199999992865,886.1596231627356
44387,32.93599734029832,1077.7399999992865,886.1644052741713
44388,32.93599734029832,1077.7599999992865,886.169187284801
44389,32.93599734029832,1077.7799999992865,886.1739691946239
44390,32.93599734029832,1077.7999999992865,886.1787510036391
44391,32.93599734029832,1077.8199999992864,886.1835327118462
44392,32.93599734029832,1077.8399999992864,886.1883143192441
44393,32.93599734029832,1077.8599999992864,886.1930958258321
44394,32.93599734029832,1077.8799999992864,886.1978772316094
44395,32.93599734029832,1077.8999999992864,886.2026585365753
44396,32.93599734029832,1077.9199999992863,886.207439740729
44397,32.93599734029832,1077.9399999992863,886.2122208440697
44398,32.93599734029832,1077.9599999992863,886.2170018465966
44399,32.93599734029832,1077.9799999992863,886.221782748309
44400,32.93599734029832,1077.9999999992863,886.226563549206
44401,32.93599734029832,1078.0199999992863,886.2313442492871
44402,32.93599734029832,1078.0399999992862,886.2361248485512
44403,32.93599734029832,1078.0599999992862,886.2409053469977
44404,32.93599734029832,1078.0799999992862,886.2456857446258
44405,32.93599734029832,1078.0999999992862,886.2504660414347
44406,32.93599734029832,1078.1199999992862,886.2552462374236
44407,32.93599734029832,1078.1399999992861,886.2600263325919
44408,32.93599734029832,1078.1599999992861,886.2648063269386
44409,32.93599734029832,1078.179999999286,886.269586220463
44410,32.93599734029832,1078.199999999286,886.2743660131644
44411,32.93599734029832,1078.219999999286,886.2791457050464
44412,32.93599734029832,1078.239999999286,886.283925296204
44413,32.93599734029832,1078.259999999286,886.2887047866919
44414,32.93599734029832,1078.279999999286,886.2934841765097
44415,32.93599734029832,1078.299999999286,886.2982634656563
44416,32.93599734029832,1078.319999999286,886.3030426541312
44417,32.93599734029832,1078.339999999286,886.3078217419335
44418,32.93599734029832,1078.359999999286,886.3126007290624
44419,32.93599734029832,1078.379999999286,886.3173796155172
44420,32.93599734029832,1078.399999999286,886.3221584012971
44421,32.93599734029832,1078.419999999286,886.3269370864012
44422,32.93599734029832,1078.4399999992859,886.3317156708289
44423,32.93599734029832,1078.4599999992859,886.3364941545793
44424,32.93599734029832,1078.4799999992858,886.3412725376518
44425,32.93599734029832,1078.4999999992858,886.3460508200454
44426,32.93599734029832,1078.5199999992858,886.3508290017595
44427,32.93599734029832,1078.5399999992858,886.3556070827933
44428,32.93599734029832,1078.5599999992858,886.3603850631459
44429,32.93599734029832,1078.5799999992857,886.3651629428167
44430,32.93599734029832,1078.5999999992857,886.3699407218048
44431,32.93599734029832,1078.6199999992857,886.3747184001096
44432,32.93599734029832,1078.6399999992857,886.3794959777301
44433,32.93599734029832,1078.6599999992857,886.3842734546657
44434,32.93599734029832,1078.6799999992857,886.3890508309156
44435,32.93599734029832,1078.6999999992856,886.393828106479
44436,32.93599734029832,1078.7199999992856,886.398605281355
44437,32.93599734029832,1078.7399999992856,886.403382355543
44438,32.93599734029832,1078.7599999992856,886.4081593290422
44439,32.93599734029832,1078.7799999992856,886.4129362018517
44440,32.93599734029832,1078.7999999992855,886.4177129739709
44441,32.93599734029832,1078.8199999992855,886.422489645399
44442,32.93599734029832,1078.8399999992855,886.4272662161351
44443,32.93599734029832,1078.8599999992855,886.4320426861785
44444,32.93599734029832,1078.8799999992855,886.4368190555285
44445,32.93599734029832,1078.8999999992855,886.4415953241843
44446,32.93599734029832,1078.9199999992854,886.446371492145
44447,32.93599734029832,1078.9399999992854,886.45114755941
44448,32.93599734029832,1078.9599999992854,886.4559235259783
44449,32.93599734029832,1078.9799999992854,886.4606993918493
44450,32.93599734029832,1078.9999999992854,886.4654751570223
44451,32.93599734029832,1079.0199999992853,886.4702508214964
44452,32.93599734029832,1079.0399999992853,886.4750263852708
44453,32.93599734029832,1079.0599999992853,886.4798018483448
44454,32.93599734029832,1079.0799999992853,886.4845772107176
44455,32.93599734029832,1079.0999999992853,886.4893524723884
44456,32.93599734029832,1079.1199999992853,886.4941276333566
44457,32.93599734029832,1079.1399999992852,886.4989026936212
44458,32.93599734029832,1079.1599999992852,886.5036776531815
44459,32.93599734029832,1079.1799999992852,886.5084525120368
44460,32.93599734029832,1079.1999999992852,886.5132272701862
44461,32.93599734029832,1079.2199999992852,886.5180019276291
44462,32.93599734029832,1079.2399999992851,886.522776484371
44463,32.93599734029832,1079.2599999992851,886.5275509405152
44464,32.93599734029832,1079.279999999285,886.5323252961082
44465,32.93599734029832,1079.299999999285,886.537099551149
44466,32.93599734029832,1079.319999999285,886.541873705637
44467,32.93599734029832,1079.339999999285,886.5466477595714
44468,32.93599734029832,1079.359999999285,886.5514217129515
44469,32.93599734029832,1079.379999999285,886.5561955657764
44470,32.93599734029832,1079.399999999285,886.5609693180454
44471,32.93599734029832,1079.419999999285,886.5657429697577
44472,32.93599734029832,1079.439999999285,886.5705165209125
44473,32.93599734029832,1079.459999999285,886.5752899715092
44474,32.93599734029832,1079.479999999285,886.5800633215468
44475,32.93599734029832,1079.499999999285,886.5848365710248
44476,32.93599734029832,1079.519999999285,886.5896097199421
44477,32.93599734029832,1079.5399999992849,886.5943827682981
44478,32.93599734029832,1079.5599999992849,886.5991557160921
44479,32.93599734029832,1079.5799999992848,886.6039285633233
44480,32.93599734029832,1079.5999999992848,886.6087013099908
44481,32.93599734029832,1079.6199999992848,886.613473956094
44482,32.93599734029832,1079.6399999992848,886.6182465016321
44483,32.93599734029832,1079.6599999992848,886.6230189466042
44484,32.93599734029832,1079.6799999992847,886.6277912910098
44485,32.93599734029832,1079.6999999992847,886.6325635348478
44486,32.93599734029832,1079.7199999992847,886.6373356781177
44487,32.93599734029832,1079.7399999992847,886.6421077208186
44488,32.93599734029832,1079.7599999992847,886.6468796629497
44489,32.93599734029832,1079.7799999992847,886.6516515045103
44490,32.93599734029832,1079.7999999992846,886.6564232454996
44491,32.93599734029832,1079.8199999992846,886.6611948859169
44492,32.93599734029832,1079.8399999992846,886.6659664257613
44493,32.93599734029832,1079.8599999992846,886.6707378650322
44494,32.93599734029832,1079.8799999992846,886.6755092037286
44495,32.93599734029832,1079.8999999992845,886.6802804418498
44496,32.93599734029832,1079.9199999992845,886.6850515793952
44497,32.93599734029832,1079.9399999992845,886.689822616364
44498,32.93599734029832,1079.9599999992845,886.6945935527554
44499,32.93599734029832,1079.9799999992845,886.6993643885685
44500,32.93599734029832,1079.9999999992845,886.7041351238026
44501,32.93599734029832,1080.0199999992844,886.708905758457
44502,32.93599734029832,1080.0399999992844,886.713676292531
44503,32.93599734029832,1080.0599999992844,886.7184467260236
44504,32.93599734029832,1080.0799999992844,886.7232170589341
44505,32.93599734029832,1080.0999999992844,886.7279872912619
44506,32.93599734029832,1080.1199999992843,886.7327574230061
44507,32.93599734029832,1080.1399999992843,886.737527454166
44508,32.93599734029832,1080.1599999992843,886.7422973847407
44509,32.93599734029832,1080.1799999992843,886.7470672147296
44510,32.93599734029832,1080.1999999992843,886.7518369441317
44511,32.93599734029832,1080.2199999992843,886.7566065729465
44512,32.93599734029832,1080.2399999992842,886.761376101173
44513,32.93599734029832,1080.2599999992842,886.7661455288188
44514,32.93599734029832,1080.2799999992842,886.7709148559949
44515,32.93599734029832,1080.2999999992842,886.7756840827383
44516,32.93599734029832,1080.3199999992842,886.7804532090482
44517,32.93599734029832,1080.3399999992841,886.7852222349239
44518,32.93599734029832,1080.3599999992841,886.7899911603647
44519,32.93599734029832,1080.379999999284,886.7947599853696
44520,32.93599734029832,1080.399999999284,886.7995287099382
44521,32.93599734029832,1080.419999999284,886.8042973340694
44522,32.93599734029832,1080.439999999284,886.8090658577626
44523,32.93599734029832,1080.459999999284,886.813834281017
44524,32.93599734029832,1080.479999999284,886.8186026038318
44525,32.93599734029832,1080.499999999284,886.8233708262062
44526,32.93599734029832,1080.519999999284,886.8281389481396
44527,32.93599734029832,1080.539999999284,886.832906969631
44528,32.93599734029832,1080.559999999284,886.8376748906799
44529,32.93599734029832,1080.579999999284,886.8424427112853
44530,32.93599734029832,1080.599999999284,886.8472104314467
44531,32.93599734029832,1080.619999999284,886.8519780511631
44532,32.93599734029832,1080.6399999992839,886.8567455704338
44533,32.93599734029832,1080.6599999992839,886.861512989258
44534,32.93599734029832,1080.6799999992838,886.8662803076351
44535,32.93599734029832,1080.6999999992838,886.8710475255641
44536,32.93599734029832,1080.7199999992838,886.8758146430445
44537,32.93599734029832,1080.7399999992838,886.8805816600753
44538,32.93599734029832,1080.7599999992838,886.8853485766559
44539,32.93599734029832,1080.7799999992837,886.8901153927854
44540,32.93599734029832,1080.7999999992837,886.8948821084632
44541,32.93599734029832,1080.8199999992837,886.8996487236884
44542,32.93599734029832,1080.8399999992837,886.9044152384603
44543,32.93599734029832,1080.8599999992837,886.909181652778
44544,32.93599734029832,1080.8799999992837,886.9139479666409
44545,32.93599734029832,1080.8999999992836,886.9187141800481
44546,32.93599734029832,1080.9199999992836,886.923480292999
44547,32.93599734029832,1080.9399999992836,886.9282463054927
44548,32.93599734029832,1080.9599999992836,886.9330122175286
44549,32.93599734029832,1080.9799999992836,886.9377780291057
44550,32.93599734029832,1080.9999999992835,886.9425437402234
44551,32.93599734029832,1081.0199999992835,886.9473093508809
44552,32.93599734029832,1081.0399999992835,886.9520748610774
44553,32.93599734029832,1081.0599999992835,886.9568402708122
44554,32.93599734029832,1081.0799999992835,886.9616055800846
44555,32.93599734029832,1081.0999999992835,886.9663707888935
44556,32.93599734029832,1081.1199999992834,886.9711358972386
44557,32.93599734029832,1081.1399999992834,886.9759009051188
44558,32.93599734029832,1081.1599999992834,886.9806658125334
44559,32.93599734029832,1081.1799999992834,886.9854306194817
44560,32.93599734029832,1081.1999999992834,886.990195325963
44561,32.93599734029832,1081.2199999992833,886.9949599319764
44562,32.93599734029832,1081.2399999992833,886.9997244375212
44563,32.93599734029832,1081.2599999992833,887.0044888425966
44564,32.93599734029832,1081.2799999992833,887.0092531472127
44565,32.93599734029832,1081.2999999992833,887.0140173514958
44566,32.93599734029832,1081.3199999992833,887.0187814554755
44567,32.93599734029832,1081.3399999992832,887.0235454591513
44568,32.93599734029832,1081.3599999992832,887.0283093625221
44569,32.93599734029832,1081.3799999992832,887.0330731655874
44570,32.93599734029832,1081.3999999992832,887.0378368683464
44571,32.93599734029832,1081.4199999992832,887.0426004707983
44572,32.93599734029832,1081.4399999992831,887.0473639729423
44573,32.93599734029832,1081.4599999992831,887.0521273747778
44574,32.93599734029832,1081.479999999283,887.0568906763039
44575,32.93599734029832,1081.499999999283,887.0616538775198
44576,32.93599734029832,1081.519999999283,887.0664169784249
44577,32.93599734029832,1081.539999999283,887.0711799790182
44578,32.93599734029832,1081.559999999283,887.0759428792992
44579,32.93599734029832,1081.579999999283,887.080705679267
44580,32.93599734029832,1081.599999999283,887.0854683789208
44581,32.93599734029832,1081.619999999283,887.09023097826
44582,32.93599734029832,1081.639999999283,887.0949934772838
44583,32.93599734029832,1081.659999999283,887.0997558759913
44584,32.93599734029832,1081.679999999283,887.1045181743818
44585,32.93599734029832,1081.699999999283,887.1092803724547
44586,32.93599734029832,1081.719999999283,887.114042470209
44587,32.93599734029832,1081.7399999992829,887.118804467644
44588,32.93599734029832,1081.7599999992829,887.1235663647591
44589,32.93599734029832,1081.7799999992828,887.1283281615533
44590,32.93599734029832,1081.7999999992828,887.1330898580261
44591,32.93599734029832,1081.8199999992828,887.1378514541766
44592,32.93599734029832,1081.8399999992828,887.142612950004
44593,32.93599734029832,1081.8599999992828,887.1473743455076
44594,32.93599734029832,1081.8799999992827,887.1521356406867
44595,32.93599734029832,1081.8999999992827,887.1568968355404
44596,32.93599734029832,1081.9199999992827,887.161657930068
44597,32.93599734029832,1081.9399999992827,887.1664189242688
44598,32.93599734029832,1081.9599999992827,887.1711798181419
44599,32.89242144058125,1081.9799999992827,887.1759406116868
44600,32.89242144058125,1081.9999999992826,887.1807013049025
44601,32.89242144058125,1082.0199999992826,887.1854618977884
44602,32.89242144058125,1082.0399999992826,887.1902223903436
44603,32.89242144058125,1082.0599999992826,887.1949827825674
44604,32.89242144058125,1082.0799999992826,887.199743074459
44605,32.89242144058125,1082.0999999992825,887.2045032660177
44606,32.89242144058125,1082.1199999992825,887.2092633572427
44607,32.89242144058125,1082.1399999992825,887.2140233481332
44608,32.89242144058125,1082.1599999992825,887.2187832386886
44609,32.89242144058125,1082.1799999992825,887.223543028908
44610,32.89242144058125,1082.1999999992825,887.2283027187907
44611,32.89242144058125,1082.2199999992824,887.2330623083359
44612,32.89242144058125,1082.2399999992824,887.2378217975429
44613,32.89242144058125,1082.2599999992824,887.2425811864109
44614,32.89242144058125,1082.2799999992824,887.2473404749392
44615,32.89242144058125,1082.2999999992824,887.2520996631379
44616,32.89242144058125,1082.3199999992823,887.2568587511238
44617,32.89242144058125,1082.3399999992823,887.2616177389139
44618,32.89242144058125,1082.3599999992823,887.2663766265073
44619,32.89242144058125,1082.3799999992823,887.2711354139034
44620,32.89242144058125,1082.3999999992823,887.2758941011014
44621,32.89242144058125,1082.4199999992823,887.2806526881005
44622,32.89242144058125,1082.4399999992822,887.2854111749
44623,32.89242144058125,1082.4599999992822,887.2901695614992
44624,32.89242144058125,1082.4799999992822,887.2949278478972
44625,32.89242144058125,1082.4999999992822,887.2996860340933
44626,32.89242144058125,1082.5199999992822,887.3044441200868
44627,32.89242144058125,1082.5399999992821,887.3092021058769
44628,32.89242144058125,1082.5599999992821,887.3139599914629
44629,32.89242144058125,1082.579999999282,887.318717776844
44630,32.89242144058125,1082.599999999282,887.3234754620194
44631,32.89242144058125,1082.619999999282,887.3282330469883
44632,32.89242144058125,1082.639999999282,887.3329905317502
44633,32.89242144058125,1082.659999999282,887.3377479163041
44634,32.89242144058125,1082.679999999282,887.3425052006494
44635,32.89242144058125,1082.699999999282,887.3472623847852
44636,32.89242144058125,1082.719999999282,887.3520194687108
44637,32.89242144058125,1082.739999999282,887.3567764524254
44638,32.89242144058125,1082.759999999282,887.3615333359284
44639,32.89242144058125,1082.779999999282,887.3662901192189
44640,32.89242144058125,1082.799999999282,887.3710468022962
44641,32.89242144058125,1082.819999999282,887.3758033851595
44642,32.89242144058125,1082.8399999992819,887.3805598678082
44643,32.89242144058125,1082.8599999992819,887.3853162502413
44644,32.89242144058125,1082.8799999992818,887.3900725324582
44645,32.89242144058125,1082.8999999992818,887.3948287144582
44646,32.89242144058125,1082.9199999992818,887.3995847962404
44647,32.89242144058125,1082.9399999992818,887.4043407778042
44648,32.89242144058125,1082.9599999992818,887.4090966591488
44649,32.89242144058125,1082.9799999992817,887.4138524402732
44650,32.89242144058125,1082.9999999992817,887.4186081211769
44651,32.89242144058125,1083.0199999992817,887.4233637018591
44652,32.89242144058125,1083.0399999992817,887.428119182319
44653,32.89242144058125,1083.0599999992817,887.432874562556
44654,32.89242144058125,1083.0799999992817,887.4376298425691
44655,32.89242144058125,1083.0999999992816,887.4423850223577
44656,32.89242144058125,1083.1199999992816,887.447140101921
44657,32.89242144058125,1083.1399999992816,887.4518950812583
44658,32.89242144058125,1083.1599999992816,887.4566499603687
44659,32.89242144058125,1083.1799999992816,887.4614047392516
44660,32.89242144058125,1083.1999999992815,887.4661594179063
44661,32.89242144058125,1083.2199999992815,887.4709139963319
44662,32.89242144058125,1083.2399999992815,887.4756684745277
44663,32.89242144058125,1083.2599999992815,887.4804228524928
44664,32.89242144058125,1083.2799999992815,887.4851771302266
44665,32.89242144058125,1083.2999999992815,887.4899313077284
44666,32.89242144058125,1083.3199999992814,887.4946853850136
44667,32.89242144058125,1083.3399999992814,887.4994393622084
44668,32.89242144058125,1083.3599999992814,887.5041932393245
44669,32.89242144058125,1083.3799999992814,887.5089470163613
44670,32.89242144058125,1083.3999999992814,887.5137006933178
44671,32.89242144058125,1083.4199999992813,887.5184542701934
44672,32.89242144058125,1083.4399999992813,887.5232077469873
44673,32.89242144058125,1083.4599999992813,887.5279611236988
44674,32.89242144058125,1083.4799999992813,887.5327144003271
44675,32.89242144058125,1083.4999999992813,887.5374675768714
44676,32.89242144058125,1083.5199999992813,887.5422206533311
44677,32.89242144058125,1083.5399999992812,887.5469736297053
44678,32.89242144058125,1083.5599999992812,887.5517265059933
44679,32.89242144058125,1083.5799999992812,887.5564792821943
44680,32.89242144058125,1083.5999999992812,887.5612319583078
44681,32.89242144058125,1083.6199999992812,887.5659845343326
44682,32.89242144058125,1083.6399999992811,887.5707370102683
44683,32.89242144058125,1083.6599999992811,887.5754893861141
44684,32.89242144058125,1083.679999999281,887.5802416618692
44685,32.89242144058125,1083.699999999281,887.5849938375328
44686,32.89242144058125,1083.719999999281,887.5897459131043
44687,32.89242144058125,1083.739999999281,887.5944978885827
44688,32.89242144058125,1083.759999999281,887.5992497639675
44689,32.89242144058125,1083.779999999281,887.6040015392578
44690,32.89242144058125,1083.799999999281,887.6087532144528
44691,32.89242144058125,1083.819999999281,887.6135047895519
44692,32.89242144058125,1083.839999999281,887.6182562645544
44693,32.89242144058125,1083.859999999281,887.6230076394593
44694,32.89242144058125,1083.879999999281,887.627758914266
44695,32.89242144058125,1083.899999999281,887.6325100889737
44696,32.89242144058125,1083.919999999281,887.6372611635818
44697,32.89242144058125,1083.9399999992809,887.6420121380894
44698,32.89242144058125,1083.9599999992809,887.6467630124957
44699,32.89242144058125,1083.9799999992808,887.6515137868001
44700,32.89242144058125,1083.9999999992808,887.6562644610018
44701,32.89242144058125,1084.0199999992808,887.6610150351
44702,32.89242144058125,1084.0399999992808,887.6657655090941
44703,32.89242144058125,1084.0599999992808,887.6705158829831
44704,32.89242144058125,1084.0799999992807,887.6752661567664
44705,32.89242144058125,1084.0999999992807,887.6800163304432
44706,32.89242144058125,1084.1199999992807,887.6847664040129
44707,32.89242144058125,1084.1399999992807,887.6895163774744
44708,32.89242144058125,1084.1599999992807,887.6942662508274
44709,32.89242144058125,1084.1799999992807,887.6990160240708
44710,32.89242144058125,1084.1999999992806,887.7037656972041
44711,32.89242144058125,1084.2199999992806,887.7085152702263
44712,32.89242144058125,1084.2399999992806,887.7132647431367
44713,32.89242144058125,1084.2599999992806,887.7180141159347
44714,32.89242144058125,1084.2799999992806,887.7227633886195
44715,32.89242144058125,1084.2999999992805,887.7275125611902
44716,32.89242144058125,1084.3199999992805,887.7322616336463
44717,32.89242144058125,1084.3399999992805,887.7370106060123
44718,32.89242144058125,1084.3599999992805,887.7417594784073
44719,32.89242144058125,1084.3799999992805,887.7465082508411
44720,32.89242144058125,1084.3999999992805,887.7512569233129
44721,32.89242144058125,1084.4199999992804,887.756005495822
44722,32.89242144058125,1084.4399999992804,887.7607539683677
44723,32.89242144058125,1084.4599999992804,887.7655023409492
44724,32.89242144058125,1084.4799999992804,887.7702506135657
44725,32.89242144058125,1084.4999999992804,887.7749987862165
44726,32.89242144058125,1084.5199999992803,887.7797468589009
44727,32.89242144058125,1084.5399999992803,887.7844948316181
44728,32.89242144058125,1084.5599999992803,887.7892427043673
44729,32.89242144058125,1084.5799999992803,887.7939904771479
44730,32.89242144058125,1084.5999999992803,887.798738149959
44731,32.89242144058125,1084.6199999992803,887.8034857228
44732,32.89242144058125,1084.6399999992802,887.80823319567
44733,32.89242144058125,1084.6599999992802,887.8129805685684
44734,32.89242144058125,1084.6799999992802,887.8177278414943
44735,32.89242144058125,1084.6999999992802,887.822475014447
44736,32.89242144058125,1084.7199999992802,887.8272220874259
44737,32.89242144058125,1084.7399999992801,887.8319690604301
44738,32.89242144058125,1084.7599999992801,887.8367159334589
44739,32.89242144058125,1084.77999999928,887.8414627065115
44740,32.89242144058125,1084.79999999928,887.8462093795872
44741,32.89242144058125,1084.81999999928,887.8509559526852
44742,32.89242144058125,1084.83999999928,887.8557024258049
44743,32.89242144058125,1084.85999999928,887.8604487989454
44744,32.89242144058125,1084.87999999928,887.8651950721061
44745,32.89242144058125,1084.89999999928,887.8699412452861
44746,32.89242144058125,1084.91999999928,887.8746873184847
44747,32.89242144058125,1084.93999999928,887.8794332917012
44748,32.89242144058125,1084.95999999928,887.8841791649347
44749,32.89242144058125,1084.97999999928,887.8889249381847
44750,32.89242144058125,1084.99999999928,887.8936706114503
44751,32.89242144058125,1085.01999999928,887.8984161847308
44752,32.89242144058125,1085.0399999992799,887.9031616580254
44753,32.89242144058125,1085.0599999992799,887.9079070313334
44754,32.89242144058125,1085.0799999992798,887.912652304654
44755,32.89242144058125,1085.0999999992798,887.9173974779865
44756,32.89242144058125,1085.1199999992798,887.9221425513301
44757,32.89242144058125,1085.1399999992798,887.9268875246842
44758,32.89242144058125,1085.1599999992798,887.9316323980479
44759,32.89242144058125,1085.1799999992797,887.9363771714205
44760,32.89242144058125,1085.1999999992797,887.9411218448013
44761,32.89242144058125,1085.2199999992797,887.9458664181894
44762,32.89242144058125,1085.2399999992797,887.9506108915843
44763,32.89242144058125,1085.2599999992797,887.9553552649851
44764,32.89242144058125,1085.2799999992797,887.9600995383911
44765,32.89242144058125,1085.2999999992796,887.9648437118014
44766,32.89242144058125,1085.3199999992796,887.9695877852155
44767,32.89242144058125,1085.3399999992796,887.9743317586325
44768,32.89242144058125,1085.3599999992796,887.9790756320863
44769,32.89242144058125,1085.3799999992796,887.9838194056887
44770,32.89242144058125,1085.3999999992795,887.9885630794477
44771,32.89242144058125,1085.4199999992795,887.9933066533624
44772,32.89242144058125,1085.4399999992795,887.9980501274323
44773,32.89242144058125,1085.4599999992795,888.0027935016565
44774,32.89242144058125,1085.4799999992795,888.0075367760343
44775,32.89242144058125,1085.4999999992795,888.0122799505649
44776,32.89242144058125,1085.5199999992794,888.0170230252477
44777,32.89242144058125,1085.5399999992794,888.0217660000818
44778,32.89242144058125,1085.5599999992794,888.0265088750665
44779,32.89242144058125,1085.5799999992794,888.031251650201
44780,32.89242144058125,1085.5999999992794,888.0359943254848
44781,32.89242144058125,1085.6199999992793,888.040736900917
44782,32.89242144058125,1085.6399999992793,888.0454793764967
44783,32.89242144058125,1085.6599999992793,888.0502217522234
44784,32.89242144058125,1085.6799999992793,888.0549640280963
44785,32.89242144058125,1085.6999999992793,888.0597062041145
44786,32.89242144058125,1085.7199999992793,888.0644482802775
44787,32.89242144058125,1085.7399999992792,888.0691902565843
44788,32.89242144058125,1085.7599999992792,888.0739321330344
44789,32.89242144058125,1085.7799999992792,888.0786739096269
44790,32.89242144058125,1085.7999999992792,888.0834155863611
44791,32.89242144058125,1085.8199999992792,888.0881571632362
44792,32.89242144058125,1085.8399999992791,888.0928986402516
44793,32.89242144058125,1085.8599999992791,888.0976400174065
44794,32.89242144058125,1085.879999999279,888.1023812947002
44795,32.89242144058125,1085.899999999279,888.1071224721318
44796,32.89242144058125,1085.919999999279,888.1118635497006
44797,32.89242144058125,1085.939999999279,888.1166045274059
44798,32.89242144058125,1085.959999999279,888.121345405247
44799,32.89242144058125,1085.979999999279,888.126086183223
44800,32.89242144058125,1085.999999999279,888.1308268613334
44801,32.89242144058125,1086.019999999279,888.1355674395772
44802,32.89242144058125,1086.039999999279,888.1403079179539
44803,32.89242144058125,1086.059999999279,888.1450482964626
44804,32.89242144058125,1086.079999999279,888.1497885751027
44805,32.89242144058125,1086.099999999279,888.1545287538733
44806,32.89242144058125,1086.119999999279,888.1592688327736
44807,32.89242144058125,1086.1399999992789,888.164008811803
44808,32.89242144058125,1086.1599999992789,888.1687486909608
44809,32.89242144058125,1086.1799999992788,888.1734884702462
44810,32.89242144058125,1086.1999999992788,888.1782281496584
44811,32.89242144058125,1086.2199999992788,888.1829677291967
44812,32.89242144058125,1086.2399999992788,888.1877072088603
44813,32.89242144058125,1086.2599999992788,888.1924465886485
44814,32.89242144058125,1086.2799999992787,888.1971858685606
44815,32.89242144058125,1086.2999999992787,888.2019250485959
44816,32.89242144058125,1086.3199999992787,888.2066641287535
44817,32.89242144058125,1086.3399999992787,888.2114031090327
44818,32.89242144058125,1086.3599999992787,888.2161419894329
44819,32.89242144058125,1086.3799999992787,888.2208807699997
44820,32.89242144058125,1086.3999999992786,888.2256194508439
44821,32.89242144058125,1086.4199999992786,888.230358031972
44822,32.89242144058125,1086.4399999992786,888.2350965133833
44823,32.89242144058125,1086.4599999992786,888.239834895077
44824,32.89242144058125,1086.4799999992786,888.2445731770525
44825,32.89242144058125,1086.4999999992785,888.249311359309
44826,32.89242144058125,1086.5199999992785,888.2540494418457
44827,32.89242144058125,1086.5399999992785,888.2587874246619
44828,32.89242144058125,1086.5599999992785,888.2635253077568
44829,32.89242144058125,1086.5799999992785,888.2682630911298
44830,32.89242144058125,1086.5999999992785,888.27300077478
44831,32.89242144058125,1086.6199999992784,888.2777383587068
44832,32.89242144058125,1086.6399999992784,888.2824758429093
44833,32.89242144058125,1086.6599999992784,888.2872132273869
44834,32.89242144058125,1086.6799999992784,888.2919505121389
44835,32.89242144058125,1086.6999999992784,888.2966876971644
44836,32.89242144058125,1086.7199999992783,888.3014247824627
44837,32.89242144058125,1086.7399999992783,888.3061617680332
44838,32.89242144058125,1086.7599999992783,888.310898653875
44839,32.89242144058125,1086.7799999992783,888.3156354399874
44840,32.89242144058125,1086.7999999992783,888.3203721263698
44841,32.89242144058125,1086.8199999992783,888.3251087130212
44842,32.89242144058125,1086.8399999992782,888.3298451999411
44843,32.89242144058125,1086.8599999992782,888.3345815871287
44844,32.89242144058125,1086.8799999992782,888.3393178745831
44845,32.89242144058125,1086.8999999992782,888.3440540623037
44846,32.848941544515185,1086.9199999992782,888.3487901502898
44847,32.848941544515185,1086.9399999992781,888.3535261385406
44848,32.848941544515185,1086.9599999992781,888.3582620270553
44849,32.848941544515185,1086.979999999278,888.3629978158332
44850,32.848941544515185,1086.999999999278,888.3677335048736
44851,32.848941544515185,1087.019999999278,888.3724690941758
44852,32.848941544515185,1087.039999999278,888.377204583739
44853,32.848941544515185,1087.059999999278,888.3819399735625
44854,32.848941544515185,1087.079999999278,888.3866752636454
44855,32.848941544515185,1087.099999999278,888.3914104539872
44856,32.848941544515185,1087.119999999278,888.3961455445871
44857,32.848941544515185,1087.139999999278,888.4008805354442
44858,32.848941544515185,1087.159999999278,888.4056154265579
44859,32.848941544515185,1087.179999999278,888.4103502179274
44860,32.848941544515185,1087.199999999278,888.415084909552
44861,32.848941544515185,1087.219999999278,888.4198195014309
44862,32.848941544515185,1087.2399999992779,888.4245539935634
44863,32.848941544515185,1087.2599999992779,888.4292883859489
44864,32.848941544515185,1087.2799999992778,888.4340226785864
44865,32.848941544515185,1087.2999999992778,888.4387568714753
44866,32.848941544515185,1087.3199999992778,888.443490964615
44867,32.848941544515185,1087.3399999992778,888.4482249580045
44868,32.848941544515185,1087.3599999992778,888.4529588516432
44869,32.848941544515185,1087.3799999992777,888.4576926455303
44870,32.848941544515185,1087.3999999992777,888.4624263397137
44871,32.848941544515185,1087.4199999992777,888.4671599342827
44872,32.848941544515185,1087.4399999992777,888.4718934292409
44873,32.848941544515185,1087.4599999992777,888.4766268245878
44874,32.848941544515185,1087.4799999992777,888.4813601203225
44875,32.848941544515185,1087.4999999992776,888.4860933164443
44876,32.848941544515185,1087.5199999992776,888.4908264129525
44877,32.848941544515185,1087.5399999992776,888.4955594098464
44878,32.848941544515185,1087.5599999992776,888.500292307125
44879,32.848941544515185,1087.5799999992776,888.5050251047879
44880,32.848941544515185,1087.5999999992775,888.5097578028342
44881,32.848941544515185,1087.6199999992775,888.5144904012632
44882,32.848941544515185,1087.6399999992775,888.5192229000742
44883,32.848941544515185,1087.6599999992775,888.5239552992664
44884,32.848941544515185,1087.6799999992775,888.528687598839
44885,32.848941544515185,1087.6999999992775,888.5334197987914
44886,32.848941544515185,1087.7199999992774,888.5381518991229
44887,32.848941544515185,1087.7399999992774,888.5428838998326
44888,32.848941544515185,1087.7599999992774,888.5476158009199
44889,32.848941544515185,1087.7799999992774,888.552347602384
44890,32.848941544515185,1087.7999999992774,888.5570793042241
44891,32.848941544515185,1087.8199999992773,888.5618109064395
44892,32.848941544515185,1087.8399999992773,888.5665424090296
44893,32.848941544515185,1087.8599999992773,888.5712738119935
44894,32.848941544515185,1087.8799999992773,888.5760051153305
44895,32.848941544515185,1087.8999999992773,888.5807363190399
44896,32.848941544515185,1087.9199999992773,888.585467423121
44897,32.848941544515185,1087.9399999992772,888.590198427573
44898,32.848941544515185,1087.9599999992772,888.5949293323952
44899,32.848941544515185,1087.9799999992772,888.5996601375867
44900,32.848941544515185,1087.9999999992772,888.604390843147
44901,32.848941544515185,1088.0199999992772,888.6091214490752
44902,32.848941544515185,1088.0399999992771,888.6138519553707
44903,32.848941544515185,1088.0599999992771,888.6185823620327
44904,32.848941544515185,1088.079999999277,888.6233126690605
44905,32.848941544515185,1088.099999999277,888.6280428764533
44906,32.848941544515185,1088.119999999277,888.6327729842103
44907,32.848941544515185,1088.139999999277,888.637502992331
44908,32.848941544515185,1088.159999999277,888.6422329008144
44909,32.848941544515185,1088.179999999277,888.6469627096599
44910,32.848941544515185,1088.199999999277,888.6516924188667
44911,32.848941544515185,1088.219999999277,888.6564220284341
44912,32.848941544515185,1088.239999999277,888.6611515383614
44913,32.848941544515185,1088.259999999277,888.6658809486479
44914,32.848941544515185,1088.279999999277,888.6706102592927
44915,32.848941544515185,1088.299999999277,888.6753394702953
44916,32.848941544515185,1088.319999999277,888.6800685816547
44917,32.848941544515185,1088.3399999992769,888.6847975933703
44918,32.848941544515185,1088.3599999992769,888.6895265054413
44919,32.848941544515185,1088.3799999992768,888.6942553178671
44920,32.848941544515185,1088.3999999992768,888.6989840306469
44921,32.848941544515185,1088.4199999992768,888.7037126438413
44922,32.848941544515185,1088.4399999992768,888.7084411575393
44923,32.848941544515185,1088.4599999992768,888.7131695717432
44924,32.848941544515185,1088.4799999992767,888.7178978864523
44925,32.848941544515185,1088.4999999992767,888.7226261016659
44926,32.848941544515185,1088.5199999992767,888.7273542173833
44927,32.848941544515185,1088.5399999992767,888.7320822336037
44928,32.848941544515185,1088.5599999992767,888.7368101503264
44929,32.848941544515185,1088.5799999992767,888.7415379675506
44930,32.848941544515185,1088.5999999992766,888.7462656852756
44931,32.848941544515185,1088.6199999992766,888.7509933035006
44932,32.848941544515185,1088.6399999992766,888.755720822225
44933,32.848941544515185,1088.6599999992766,888.7604482414481
44934,32.848941544515185,1088.6799999992766,888.765175561169
44935,32.848941544515185,1088.6999999992765,888.7699027813871
44936,32.848941544515185,1088.7199999992765,888.7746299021017
44937,32.848941544515185,1088.7399999992765,888.7793569233118
44938,32.848941544515185,1088.7599999992765,888.7840838450169
44939,32.848941544515185,1088.7799999992765,888.7888106672162
44940,32.848941544515185,1088.7999999992765,888.793537389909
44941,32.848941544515185,1088.8199999992764,888.7982640130946
44942,32.848941544515185,1088.8399999992764,888.8029905367722
44943,32.848941544515185,1088.8599999992764,888.8077169609411
44944,32.848941544515185,1088.8799999992764,888.8124432856005
44945,32.848941544515185,1088.8999999992764,888.8171695107497
44946,32.848941544515185,1088.9199999992763,888.821895636388
44947,32.848941544515185,1088.9399999992763,888.8266216625148
44948,32.848941544515185,1088.9599999992763,888.8313475891291
44949,32.848941544515185,1088.9799999992763,888.8360734162303
44950,32.848941544515185,1088.9999999992763,888.8407991438177
44951,32.848941544515185,1089.0199999992763,888.8455247718904
44952,32.848941544515185,1089.0399999992762,888.8502503004479
44953,32.848941544515185,1089.0599999992762,888.8549757294893
44954,32.848941544515185,1089.0799999992762,888.8597010590139
44955,32.848941544515185,1089.0999999992762,888.864426289021
44956,32.848941544515185,1089.1199999992762,888.86915141951
44957,32.848941544515185,1089.1399999992761,888.8738764504799
44958,32.848941544515185,1089.1599999992761,888.8786013819301
44959,32.848941544515185,1089.179999999276,888.88332621386
44960,32.848941544515185,1089.199999999276,888.8880509462685
44961,32.848941544515185,1089.219999999276,888.8927755791553
44962,32.848941544515185,1089.239999999276,888.8975001125194
44963,32.848941544515185,1089.259999999276,888.9022245463601
44964,32.848941544515185,1089.279999999276,888.9069488806767
44965,32.848941544515185,1089.299999999276,888.9116731154686
44966,32.848941544515185,1089.319999999276,888.9163972507348
44967,32.848941544515185,1089.339999999276,888.9211212864748
44968,32.848941544515185,1089.359999999276,888.9258452226877
44969,32.848941544515185,1089.379999999276,888.9305690593728
44970,32.848941544515185,1089.399999999276,888.9352927965296
44971,32.848941544515185,1089.419999999276,888.940016434157
44972,32.848941544515185,1089.4399999992759,888.9447399723252
44973,32.848941544515185,1089.4599999992759,888.9494634111162
44974,32.848941544515185,1089.4799999992758,888.9541867505304
44975,32.848941544515185,1089.4999999992758,888.9589099905672
44976,32.848941544515185,1089.5199999992758,888.9636331312258
44977,32.848941544515185,1089.5399999992758,888.9683561725055
44978,32.848941544515185,1089.5599999992758,888.9730791144056
44979,32.848941544515185,1089.5799999992757,888.9778019569252
44980,32.848941544515185,1089.5999999992757,888.9825247000638
44981,32.848941544515185,1089.6199999992757,888.9872473438205
44982,32.848941544515185,1089.6399999992757,888.9919698881946
44983,32.848941544515185,1089.6599999992757,888.9966923331855
44984,32.848941544515185,1089.6799999992757,889.0014146787923
44985,32.848941544515185,1089.6999999992756,889.0061369250144
44986,32.848941544515185,1089.7199999992756,889.010859071851
44987,32.848941544515185,1089.7399999992756,889.0155811193014
44988,32.848941544515185,1089.7599999992756,889.0203030673648
44989,32.848941544515185,1089.7799999992756,889.0250249160406
44990,32.848941544515185,1089.7999999992755,889.0297466653279
44991,32.848941544515185,1089.8199999992755,889.0344683152261
44992,32.848941544515185,1089.8399999992755,889.0391898657346
44993,32.848941544515185,1089.8599999992755,889.0439113168524
44994,32.848941544515185,1089.8799999992755,889.0486326685789
44995,32.848941544515185,1089.8999999992755,889.0533539209133
44996,32.848941544515185,1089.9199999992754,889.058075073855
44997,32.848941544515185,1089.9399999992754,889.0627961274032
44998,32.848941544515185,1089.9599999992754,889.0675170815572
44999,32.848941544515185,1089.9799999992754,889.0722379363162
45000,32.848941544515185,1089.9999999992754,889.0769586916796
45001,32.848941544515185,1090.0199999992753,889.0816793476465
45002,32.848941544515185,1090.0399999992753,889.0863999042164
45003,32.848941544515185,1090.0599999992753,889.0911203613883
45004,32.848941544515185,1090.0799999992753,889.0958407191617
45005,32.848941544515185,1090.0999999992753,889.1005609775358
45006,32.848941544515185,1090.1199999992753,889.1052811365098
45007,32.848941544515185,1090.1399999992752,889.110001196083
45008,32.848941544515185,1090.1599999992752,889.1147211562546
45009,32.848941544515185,1090.1799999992752,889.1194410170241
45010,32.848941544515185,1090.1999999992752,889.1241607783905
45011,32.848941544515185,1090.2199999992752,889.1288804403533
45012,32.848941544515185,1090.2399999992751,889.1336000029117
45013,32.848941544515185,1090.2599999992751,889.138319466065
45014,32.848941544515185,1090.279999999275,889.1430388298123
45015,32.848941544515185,1090.299999999275,889.1477580941531
45016,32.848941544515185,1090.319999999275,889.1524772590865
45017,32.848941544515185,1090.339999999275,889.1571963246118
45018,32.848941544515185,1090.359999999275,889.1619152907284
45019,32.848941544515185,1090.379999999275,889.1666341574354
45020,32.848941544515185,1090.399999999275,889.1713529247322
45021,32.848941544515185,1090.419999999275,889.176071592618
45022,32.848941544515185,1090.439999999275,889.1807901610925
45023,32.848941544515185,1090.459999999275,889.185508630235
45024,32.848941544515185,1090.479999999275,889.1902270001193
45025,32.848941544515185,1090.499999999275,889.194945270745
45026,32.848941544515185,1090.519999999275,889.1996634421114
45027,32.848941544515185,1090.5399999992749,889.2043815142175
45028,32.848941544515185,1090.5599999992749,889.2090994870629
45029,32.848941544515185,1090.5799999992748,889.2138173606467
45030,32.848941544515185,1090.5999999992748,889.2185351349681
45031,32.848941544515185,1090.6199999992748,889.2232528100265
45032,32.848941544515185,1090.6399999992748,889.2279703858211
45033,32.848941544515185,1090.6599999992748,889.2326878623512
45034,32.848941544515185,1090.6799999992747,889.2374052396161
45035,32.848941544515185,1090.6999999992747,889.2421225176151
45036,32.848941544515185,1090.7199999992747,889.2468396963475
45037,32.848941544515185,1090.7399999992747,889.2515567758124
45038,32.848941544515185,1090.7599999992747,889.2562737560094
45039,32.848941544515185,1090.7799999992747,889.2609906369374
45040,32.848941544515185,1090.7999999992746,889.265707418596
45041,32.848941544515185,1090.8199999992746,889.2704241009842
45042,32.848941544515185,1090.8399999992746,889.2751406841014
45043,32.848941544515185,1090.8599999992746,889.279857167947
45044,32.848941544515185,1090.8799999992746,889.28457355252
45045,32.848941544515185,1090.8999999992745,889.2892898378199
45046,32.848941544515185,1090.9199999992745,889.2940060238458
45047,32.848941544515185,1090.9399999992745,889.2987221105972
45048,32.848941544515185,1090.9599999992745,889.3034380980731
45049,32.848941544515185,1090.9799999992745,889.308153986273
45050,32.848941544515185,1090.9999999992745,889.3128697751962
45051,32.848941544515185,1091.0199999992744,889.3175854648418
45052,32.848941544515185,1091.0399999992744,889.3223010552092
45053,32.848941544515185,1091.0599999992744,889.3270165462976
45054,32.848941544515185,1091.0799999992744,889.3317319381063
45055,32.848941544515185,1091.0999999992744,889.3364472306345
45056,32.848941544515185,1091.1199999992743,889.3411624238815
45057,32.848941544515185,1091.1399999992743,889.3458775178468
45058,32.848941544515185,1091.1599999992743,889.3505925125295
45059,32.848941544515185,1091.1799999992743,889.3553074079288
45060,32.848941544515185,1091.1999999992743,889.3600222040441
45061,32.848941544515185,1091.2199999992743,889.3647369008746
45062,32.848941544515185,1091.2399999992742,889.3694514984196
45063,32.848941544515185,1091.2599999992742,889.3741659966785
45064,32.848941544515185,1091.2799999992742,889.3788803956503
45065,32.848941544515185,1091.2999999992742,889.3835946953345
45066,32.848941544515185,1091.3199999992742,889.3883088957303
45067,32.848941544515185,1091.3399999992741,889.3930229968371
45068,32.848941544515185,1091.3599999992741,889.397736998654
45069,32.848941544515185,1091.379999999274,889.4024509011803
45070,32.848941544515185,1091.399999999274,889.4071647044152
45071,32.848941544515185,1091.419999999274,889.4118784083582
45072,32.848941544515185,1091.439999999274,889.4165920130085
45073,32.848941544515185,1091.459999999274,889.4213055183678
45074,32.848941544515185,1091.479999999274,889.4260189245286
45075,32.848941544515185,1091.499999999274,889.4307322315607
45076,32.848941544515185,1091.519999999274,889.4354454394633
45077,32.848941544515185,1091.539999999274,889.4401585482357
45078,32.848941544515185,1091.559999999274,889.4448715578773
45079,32.848941544515185,1091.579999999274,889.4495844683872
45080,32.848941544515185,1091.599999999274,889.4542972797649
45081,32.848941544515185,1091.619999999274,889.4590099920094
45082,32.848941544515185,1091.6399999992739,889.4637226051202
45083,32.848941544515185,1091.6599999992739,889.4684351190965
45084,32.848941544515185,1091.6799999992738,889.4731475339377
45085,32.848941544515185,1091.6999999992738,889.4778598496429
45086,32.848941544515185,1091.7199999992738,889.4825720662114
45087,32.848941544515185,1091.7399999992738,889.4872841836426
45088,32.848941544515185,1091.7599999992738,889.4919962019358
45089,32.848941544515185,1091.7799999992737,889.4967081210901
45090,32.848941544515185,1091.7999999992737,889.5014199411049
45091,32.848941544515185,1091.8199999992737,889.5061316619795
45092,32.848941544515185,1091.8399999992737,889.510843283713
45093,32.848941544515185,1091.8599999992737,889.515554806305
45094,32.805557356248066,1091.8799999992737,889.5202662297545
45095,32.805557356248066,1091.8999999992736,889.5249775540609
45096,32.805557356248066,1091.9199999992736,889.5296887792234
45097,32.805557356248066,1091.9399999992736,889.5343999052415
45098,32.805557356248066,1091.9599999992736,889.5391109321142
45099,32.805557356248066,1091.9799999992736,889.5438218598409
45100,32.805557356248066,1091.9999999992735,889.5485326884209
45101,32.805557356248066,1092.0199999992735,889.5532434178534
45102,32.805557356248066,1092.0399999992735,889.5579540481378
45103,32.805557356248066,1092.0599999992735,889.5626645792734
45104,32.805557356248066,1092.0799999992735,889.5673750112593
45105,32.805557356248066,1092.0999999992735,889.572085344095
45106,32.805557356248066,1092.1199999992734,889.5767955777795
45107,32.805557356248066,1092.1399999992734,889.5815057123124
45108,32.805557356248066,1092.1599999992734,889.5862157476928
45109,32.805557356248066,1092.1799999992734,889.59092568392
45110,32.805557356248066,1092.1999999992734,889.5956355209933
45111,32.805557356248066,1092.2199999992733,889.600345258912
45112,32.805557356248066,1092.2399999992733,889.6050548976752
45113,32.805557356248066,1092.2599999992733,889.6097644372825
45114,32.805557356248066,1092.2799999992733,889.614473877733
45115,32.805557356248066,1092.2999999992733,889.6191832190259
45116,32.805557356248066,1092.3199999992733,889.6238924611606
45117,32.805557356248066,1092.3399999992732,889.6286016041364
45118,32.805557356248066,1092.3599999992732,889.6333106479525
45119,32.805557356248066,1092.3799999992732,889.6380195926082
45120,32.805557356248066,1092.3999999992732,889.6427284381028
45121,32.805557356248066,1092.4199999992732,889.6474371844356
45122,32.805557356248066,1092.4399999992731,889.6521458316058
45123,32.805557356248066,1092.4599999992731,889.6568543796128
45124,32.805557356248066,1092.479999999273,889.6615628284598
45125,32.805557356248066,1092.499999999273,889.6662711782337
45126,32.805557356248066,1092.519999999273,889.6709794289868
45127,32.805557356248066,1092.539999999273,889.6756875807182
45128,32.805557356248066,1092.559999999273,889.6803956334273
45129,32.805557356248066,1092.579999999273,889.6851035871134
45130,32.805557356248066,1092.599999999273,889.6898114417758
45131,32.805557356248066,1092.619999999273,889.6945191974136
45132,32.805557356248066,1092.639999999273,889.6992268540263
45133,32.805557356248066,1092.659999999273,889.7039344116131
45134,32.805557356248066,1092.679999999273,889.7086418701732
45135,32.805557356248066,1092.699999999273,889.7133492297061
45136,32.805557356248066,1092.7199999992729,889.7180564902109
45137,32.805557356248066,1092.7399999992729,889.7227636516869
45138,32.805557356248066,1092.7599999992728,889.7274707141335
45139,32.805557356248066,1092.7799999992728,889.7321776775499
45140,32.805557356248066,1092.7999999992728,889.7368845419354
45141,32.805557356248066,1092.8199999992728,889.7415913072892
45142,32.805557356248066,1092.8399999992728,889.7462979736108
45143,32.805557356248066,1092.8599999992728,889.7510045408993
45144,32.805557356248066,1092.8799999992727,889.7557110091541
45145,32.805557356248066,1092.8999999992727,889.7604173783743
45146,32.805557356248066,1092.9199999992727,889.7651236485593
45147,32.805557356248066,1092.9399999992727,889.7698298197084
45148,32.805557356248066,1092.9599999992727,889.774535891821
45149,32.805557356248066,1092.9799999992726,889.7792418648961
45150,32.805557356248066,1092.9999999992726,889.7839477389332
45151,32.805557356248066,1093.0199999992726,889.7886535139315
45152,32.805557356248066,1093.0399999992726,889.7933591898905
45153,32.805557356248066,1093.0599999992726,889.7980647668091
45154,32.805557356248066,1093.0799999992726,889.8027702446869
45155,32.805557356248066,1093.0999999992725,889.8074756235231
45156,32.805557356248066,1093.1199999992725,889.812180903317
45157,32.805557356248066,1093.1399999992725,889.8168860840677
45158,32.805557356248066,1093.1599999992725,889.8215911657747
45159,32.805557356248066,1093.1799999992725,889.8262961484372
45160,32.805557356248066,1093.1999999992724,889.8310010320546
45161,32.805557356248066,1093.2199999992724,889.835705816626
45162,32.805557356248066,1093.2399999992724,889.8404105021508
45163,32.805557356248066,1093.2599999992724,889.8451150886283
45164,32.805557356248066,1093.2799999992724,889.8498195760577
45165,32.805557356248066,1093.2999999992724,889.8545239644383
45166,32.805557356248066,1093.3199999992723,889.8592282537694
45167,32.805557356248066,1093.3399999992723,889.8639324440503
45168,32.805557356248066,1093.3599999992723,889.8686365352803
45169,32.805557356248066,1093.3799999992723,889.8733405274587
45170,32.805557356248066,1093.3999999992723,889.8780444205847
45171,32.805557356248066,1093.4199999992722,889.8827482146577
45172,32.805557356248066,1093.4399999992722,889.8874519096769
45173,32.805557356248066,1093.4599999992722,889.8921555056415
45174,32.805557356248066,1093.4799999992722,889.8968590025511
45175,32.805557356248066,1093.4999999992722,889.9015624004106
45176,32.805557356248066,1093.5199999992722,889.9062656993201
45177,32.805557356248066,1093.5399999992721,889.910968899326
45178,32.805557356248066,1093.5599999992721,889.9156720004275
45179,32.805557356248066,1093.579999999272,889.920375002624
45180,32.805557356248066,1093.599999999272,889.9250779059147
45181,32.805557356248066,1093.619999999272,889.9297807102989
45182,32.805557356248066,1093.639999999272,889.934483415776
45183,32.805557356248066,1093.659999999272,889.9391860223451
45184,32.805557356248066,1093.679999999272,889.9438885300057
45185,32.805557356248066,1093.699999999272,889.9485909387569
45186,32.805557356248066,1093.719999999272,889.953293248598
45187,32.805557356248066,1093.739999999272,889.9579954595284
45188,32.805557356248066,1093.759999999272,889.9626975715474
45189,32.805557356248066,1093.779999999272,889.9673995846542
45190,32.805557356248066,1093.799999999272,889.9721014988481
45191,32.805557356248066,1093.8199999992719,889.9768033141285
45192,32.805557356248066,1093.8399999992719,889.9815050304945
45193,32.805557356248066,1093.8599999992718,889.9862066479456
45194,32.805557356248066,1093.8799999992718,889.9909081664808
45195,32.805557356248066,1093.8999999992718,889.9956095860997
45196,32.805557356248066,1093.9199999992718,890.0003109068117
45197,32.805557356248066,1093.9399999992718,890.0050121291255
45198,32.805557356248066,1093.9599999992718,890.0097132534569
45199,32.805557356248066,1093.9799999992717,890.0144142798052
45200,32.805557356248066,1093.9999999992717,890.0191152081699
45201,32.805557356248066,1094.0199999992717,890.0238160385501
45202,32.805557356248066,1094.0399999992717,890.0285167709453
45203,32.805557356248066,1094.0599999992717,890.0332174053549
45204,32.805557356248066,1094.0799999992716,890.0379179417782
45205,32.805557356248066,1094.0999999992716,890.0426183802147
45206,32.805557356248066,1094.1199999992716,890.0473187206635
45207,32.805557356248066,1094.1399999992716,890.052018963124
45208,32.805557356248066,1094.1599999992716,890.0567191075958
45209,32.805557356248066,1094.1799999992716,890.061419154078
45210,32.805557356248066,1094.1999999992715,890.0661191025699
45211,32.805557356248066,1094.2199999992715,890.0708189530711
45212,32.805557356248066,1094.2399999992715,890.0755187055809
45213,32.805557356248066,1094.2599999992715,890.0802183600985
45214,32.805557356248066,1094.2799999992715,890.0849179166233
45215,32.805557356248066,1094.2999999992714,890.0896173751547
45216,32.805557356248066,1094.3199999992714,890.0943167356921
45217,32.805557356248066,1094.3399999992714,890.0990159982348
45218,32.805557356248066,1094.3599999992714,890.1037151627821
45219,32.805557356248066,1094.3799999992714,890.1084142293334
45220,32.805557356248066,1094.3999999992714,890.1131131978882
45221,32.805557356248066,1094.4199999992713,890.1178120684456
45222,32.805557356248066,1094.4399999992713,890.1225108410051
45223,32.805557356248066,1094.4599999992713,890.127209515566
45224,32.805557356248066,1094.4799999992713,890.1319080921278
45225,32.805557356248066,1094.4999999992713,890.1366065706897
45226,32.805557356248066,1094.5199999992712,890.1413049512587
45227,32.805557356248066,1094.5399999992712,890.1460032339425
45228,32.805557356248066,1094.5599999992712,890.1507014187782
45229,32.805557356248066,1094.5799999992712,890.1553995057654
45230,32.805557356248066,1094.5999999992712,890.1600974949034
45231,32.805557356248066,1094.6199999992712,890.1647953861915
45232,32.805557356248066,1094.6399999992711,890.1694931796291
45233,32.805557356248066,1094.6599999992711,890.1741908752155
45234,32.805557356248066,1094.679999999271,890.17888847295
45235,32.805557356248066,1094.699999999271,890.1835859728321
45236,32.805557356248066,1094.719999999271,890.1882833748612
45237,32.805557356248066,1094.739999999271,890.1929806790364
45238,32.805557356248066,1094.759999999271,890.1976778853573
45239,32.805557356248066,1094.779999999271,890.2023749938231
45240,32.805557356248066,1094.799999999271,890.2070720044333
45241,32.805557356248066,1094.819999999271,890.2117689171871
45242,32.805557356248066,1094.839999999271,890.216465732084
45243,32.805557356248066,1094.859999999271,890.2211624491233
45244,32.805557356248066,1094.879999999271,890.2258590683043
45245,32.805557356248066,1094.899999999271,890.2305555896265
45246,32.805557356248066,1094.9199999992709,890.2352520130892
45247,32.805557356248066,1094.9399999992709,890.2399483386916
45248,32.805557356248066,1094.9599999992708,890.2446445664333
45249,32.805557356248066,1094.9799999992708,890.2493406963134
45250,32.805557356248066,1094.9999999992708,890.2540367283315
45251,32.805557356248066,1095.0199999992708,890.2587326624868
45252,32.805557356248066,1095.0399999992708,890.2634284987787
45253,32.805557356248066,1095.0599999992708,890.2681242372066
45254,32.805557356248066,1095.0799999992707,890.2728198777698
45255,32.805557356248066,1095.0999999992707,890.2775154204677
45256,32.805557356248066,1095.1199999992707,890.2822108652996
45257,32.805557356248066,1095.1399999992707,890.2869062122649
45258,32.805557356248066,1095.1599999992707,890.2916014613629
45259,32.805557356248066,1095.1799999992706,890.2962966125931
45260,32.805557356248066,1095.1999999992706,890.3009916659547
45261,32.805557356248066,1095.2199999992706,890.3056866214472
45262,32.805557356248066,1095.2399999992706,890.3103814790699
45263,32.805557356248066,1095.2599999992706,890.315076238822
45264,32.805557356248066,1095.2799999992706,890.319770900703
45265,32.805557356248066,1095.2999999992705,890.3244654647123
45266,32.805557356248066,1095.3199999992705,890.3291599308492
45267,32.805557356248066,1095.3399999992705,890.333854299113
45268,32.805557356248066,1095.3599999992705,890.3385485695031
45269,32.805557356248066,1095.3799999992705,890.343242742019
45270,32.805557356248066,1095.3999999992704,890.3479368166599
45271,32.805557356248066,1095.4199999992704,890.3526307934251
45272,32.805557356248066,1095.4399999992704,890.3573246723141
45273,32.805557356248066,1095.4599999992704,890.3620184533262
45274,32.805557356248066,1095.4799999992704,890.3667121364607
45275,32.805557356248066,1095.4999999992704,890.3714057217171
45276,32.805557356248066,1095.5199999992703,890.3760992090946
45277,32.805557356248066,1095.5399999992703,890.3807925986023
45278,32.805557356248066,1095.5599999992703,890.3854858903547
45279,32.805557356248066,1095.5799999992703,890.3901790843805
45280,32.805557356248066,1095.5999999992703,890.3948721806788
45281,32.805557356248066,1095.6199999992702,890.3995651792491
45282,32.805557356248066,1095.6399999992702,890.4042580800907
45283,32.805557356248066,1095.6599999992702,890.408950883203
45284,32.805557356248066,1095.6799999992702,890.4136435885854
45285,32.805557356248066,1095.6999999992702,890.4183361962371
45286,32.805557356248066,1095.7199999992702,890.4230287061575
45287,32.805557356248066,1095.7399999992701,890.4277211183461
45288,32.805557356248066,1095.7599999992701,890.4324134328022
45289,32.805557356248066,1095.77999999927,890.437105649525
45290,32.805557356248066,1095.79999999927,890.4417977685141
45291,32.805557356248066,1095.81999999927,890.4464897897687
45292,32.805557356248066,1095.83999999927,890.4511817132883
45293,32.805557356248066,1095.85999999927,890.4558735390722
45294,32.805557356248066,1095.87999999927,890.4605652671196
45295,32.805557356248066,1095.89999999927,890.4652568974301
45296,32.805557356248066,1095.91999999927,890.4699484300029
45297,32.805557356248066,1095.93999999927,890.4746398648374
45298,32.805557356248066,1095.95999999927,890.479331201933
45299,32.805557356248066,1095.97999999927,890.484022441289
45300,32.805557356248066,1095.99999999927,890.4887135829048
45301,32.805557356248066,1096.0199999992699,890.4934046267798
45302,32.805557356248066,1096.0399999992699,890.4980955729133
45303,32.805557356248066,1096.0599999992698,890.5027864213047
45304,32.805557356248066,1096.0799999992698,890.5074771719533
45305,32.805557356248066,1096.0999999992698,890.5121678248585
45306,32.805557356248066,1096.1199999992698,890.5168583800196
45307,32.805557356248066,1096.1399999992698,890.5215488374361
45308,32.805557356248066,1096.1599999992698,890.5262391971072
45309,32.805557356248066,1096.1799999992697,890.5309294590323
45310,32.805557356248066,1096.1999999992697,890.5356196232109
45311,32.805557356248066,1096.2199999992697,890.5403096896422
45312,32.805557356248066,1096.2399999992697,890.5449996583257
45313,32.805557356248066,1096.2599999992697,890.5496895292605
45314,32.805557356248066,1096.2799999992696,890.5543793024463
45315,32.805557356248066,1096.2999999992696,890.5590689778821
45316,32.805557356248066,1096.3199999992696,890.5637585555676
45317,32.805557356248066,1096.3399999992696,890.5684480355019
45318,32.805557356248066,1096.3599999992696,890.5731374176845
45319,32.805557356248066,1096.3799999992696,890.5778267021147
45320,32.805557356248066,1096.3999999992695,890.582515888792
45321,32.805557356248066,1096.4199999992695,890.5872049777156
45322,32.805557356248066,1096.4399999992695,890.591893968885
45323,32.805557356248066,1096.4599999992695,890.5965828622993
45324,32.805557356248066,1096.4799999992695,890.6012716579581
45325,32.805557356248066,1096.4999999992694,890.6059603558607
45326,32.805557356248066,1096.5199999992694,890.6106489560065
45327,32.805557356248066,1096.5399999992694,890.6153374583947
45328,32.805557356248066,1096.5599999992694,890.620025863037
45329,32.805557356248066,1096.5799999992694,890.6247141700633
45330,32.805557356248066,1096.5999999992694,890.6294023794941
45331,32.805557356248066,1096.6199999992693,890.6340904913288
45332,32.805557356248066,1096.6399999992693,890.6387785055668
45333,32.805557356248066,1096.6599999992693,890.6434664222076
45334,32.805557356248066,1096.6799999992693,890.6481542412503
45335,32.805557356248066,1096.6999999992693,890.6528419626943
45336,32.805557356248066,1096.7199999992692,890.6575295865391
45337,32.805557356248066,1096.7399999992692,890.662217112784
45338,32.805557356248066,1096.7599999992692,890.6669045414284
45339,32.805557356248066,1096.7799999992692,890.6715918724716
45340,32.805557356248066,1096.7999999992692,890.676279105913
45341,32.805557356248066,1096.8199999992692,890.6809662417519
45342,32.805557356248066,1096.8399999992691,890.6856532799877
45343,32.805557356248066,1096.8599999992691,890.6903402206198
45344,32.805557356248066,1096.879999999269,890.6950270636474
45345,32.805557356248066,1096.899999999269,890.6997138090702
45346,32.805557356248066,1096.919999999269,890.7044004568872
45347,32.762268581099,1096.939999999269,890.7090870070981
45348,32.762268581099,1096.959999999269,890.713773459702
45349,32.762268581099,1096.979999999269,890.7184598146983
45350,32.762268581099,1096.999999999269,890.7231460720865
45351,32.762268581099,1097.019999999269,890.7278322318658
45352,32.762268581099,1097.039999999269,890.7325182940357
45353,32.762268581099,1097.059999999269,890.7372042585955
45354,32.762268581099,1097.079999999269,890.7418901255445
45355,32.762268581099,1097.099999999269,890.7465758948822
45356,32.762268581099,1097.1199999992689,890.7512615666078
45357,32.762268581099,1097.1399999992689,890.7559471407208
45358,32.762268581099,1097.1599999992688,890.7606326172205
45359,32.762268581099,1097.1799999992688,890.7653179961063
45360,32.762268581099,1097.1999999992688,890.7700032773776
45361,32.762268581099,1097.2199999992688,890.7746884610336
45362,32.762268581099,1097.2399999992688,890.7793735470739
45363,32.762268581099,1097.2599999992688,890.7840585354976
45364,32.762268581099,1097.2799999992687,890.7887434263042
45365,32.762268581099,1097.2999999992687,890.7934282194931
45366,32.762268581099,1097.3199999992687,890.7981129150636
45367,32.762268581099,1097.3399999992687,890.8027975130151
45368,32.762268581099,1097.3599999992687,890.8074820133469
45369,32.762268581099,1097.3799999992686,890.8121664160584
45370,32.762268581099,1097.3999999992686,890.816850721149
45371,32.762268581099,1097.4199999992686,890.821534928618
45372,32.762268581099,1097.4399999992686,890.8262190384648
45373,32.762268581099,1097.4599999992686,890.8309030506888
45374,32.762268581099,1097.4799999992686,890.8355869652893
45375,32.762268581099,1097.4999999992685,890.8402707822656
45376,32.762268581099,1097.5199999992685,890.8449545016173
45377,32.762268581099,1097.5399999992685,890.8496381233435
45378,32.762268581099,1097.5599999992685,890.8543216474437
45379,32.762268581099,1097.5799999992685,890.8590050739309
45380,32.762268581099,1097.5999999992684,890.8636884029216
45381,32.762268581099,1097.6199999992684,890.8683716344268
45382,32.762268581099,1097.6399999992684,890.8730547684459
45383,32.762268581099,1097.6599999992684,890.8777378049781
45384,32.762268581099,1097.6799999992684,890.8824207440229
45385,32.762268581099,1097.6999999992684,890.8871035855796
45386,32.762268581099,1097.7199999992683,890.8917863296475
45387,32.762268581099,1097.7399999992683,890.8964689762261
45388,32.762268581099,1097.7599999992683,890.9011515253146
45389,32.762268581099,1097.7799999992683,890.9058339769126
45390,32.762268581099,1097.7999999992683,890.9105163310194
45391,32.762268581099,1097.8199999992682,890.9151985876342
45392,32.762268581099,1097.8399999992682,890.9198807467565
45393,32.762268581099,1097.8599999992682,890.9245628083855
45394,32.762268581099,1097.8799999992682,890.9292447725209
45395,32.762268581099,1097.8999999992682,890.9339266391618
45396,32.762268581099,1097.9199999992682,890.9386084083076
45397,32.762268581099,1097.9399999992681,890.9432900799577
45398,32.762268581099,1097.9599999992681,890.9479716541115
45399,32.762268581099,1097.979999999268,890.9526531307683
45400,32.762268581099,1097.999999999268,890.9573345099276
45401,32.762268581099,1098.019999999268,890.9620157915886
45402,32.762268581099,1098.039999999268,890.9666969757507
45403,32.762268581099,1098.059999999268,890.9713780624132
45404,32.762268581099,1098.079999999268,890.9760590515757
45405,32.762268581099,1098.099999999268,890.9807399432374
45406,32.762268581099,1098.119999999268,890.9854207373977
45407,32.762268581099,1098.139999999268,890.990101434056
45408,32.762268581099,1098.159999999268,890.9947820332115
45409,32.762268581099,1098.179999999268,890.9994625348638
45410,32.762268581099,1098.199999999268,891.0041429390121
45411,32.762268581099,1098.2199999992679,891.0088232456559
45412,32.762268581099,1098.2399999992679,891.0135034547944
45413,32.762268581099,1098.2599999992678,891.0181835664272
45414,32.762268581099,1098.2799999992678,891.0228635805535
45415,32.762268581099,1098.2999999992678,891.0275434971726
45416,32.762268581099,1098.3199999992678,891.032223316284
45417,32.762268581099,1098.3399999992678,891.036903037887
45418,32.762268581099,1098.3599999992678,891.041582661981
45419,32.762268581099,1098.3799999992677,891.0462621885654
45420,32.762268581099,1098.3999999992677,891.0509416176394
45421,32.762268581099,1098.4199999992677,891.0556209492025
45422,32.762268581099,1098.4399999992677,891.0603001832541
45423,32.762268581099,1098.4599999992677,891.0649793197935
45424,32.762268581099,1098.4799999992676,891.06965835882
45425,32.762268581099,1098.4999999992676,891.0743373003331
45426,32.762268581099,1098.5199999992676,891.0790161443322
45427,32.762268581099,1098.5399999992676,891.0836948908166
45428,32.762268581099,1098.5599999992676,891.0883735397855
45429,32.762268581099,1098.5799999992676,891.0930520912385
45430,32.762268581099,1098.5999999992675,891.0977305451984
45431,32.762268581099,1098.6199999992675,891.1024089017823
45432,32.762268581099,1098.6399999992675,891.107087161
45433,32.762268581099,1098.6599999992675,891.1117653228508
45434,32.762268581099,1098.6799999992675,891.1164433873342
45435,32.762268581099,1098.6999999992674,891.1211213544495
45436,32.762268581099,1098.7199999992674,891.1257992241962
45437,32.762268581099,1098.7399999992674,891.1304769965734
45438,32.762268581099,1098.7599999992674,891.1351546715807
45439,32.762268581099,1098.7799999992674,891.1398322492174
45440,32.762268581099,1098.7999999992674,891.1445097294829
45441,32.762268581099,1098.8199999992673,891.1491871123766
45442,32.762268581099,1098.8399999992673,891.1538643978977
45443,32.762268581099,1098.8599999992673,891.1585415860457
45444,32.762268581099,1098.8799999992673,891.16321867682
45445,32.762268581099,1098.8999999992673,891.1678956702198
45446,32.762268581099,1098.9199999992672,891.1725725662446
45447,32.762268581099,1098.9399999992672,891.1772493648939
45448,32.762268581099,1098.9599999992672,891.1819260661669
45449,32.762268581099,1098.9799999992672,891.1866026700629
45450,32.762268581099,1098.9999999992672,891.1912791765815
45451,32.762268581099,1099.0199999992672,891.1959555857218
45452,32.762268581099,1099.0399999992671,891.2006318974833
45453,32.762268581099,1099.0599999992671,891.2053081118654
45454,32.762268581099,1099.079999999267,891.2099842288675
45455,32.762268581099,1099.099999999267,891.2146602484888
45456,32.762268581099,1099.119999999267,891.2193361707289
45457,32.762268581099,1099.139999999267,891.224011995587
45458,32.762268581099,1099.159999999267,891.2286877230625
45459,32.762268581099,1099.179999999267,891.2333633531549
45460,32.762268581099,1099.199999999267,891.2380388858634
45461,32.762268581099,1099.219999999267,891.2427143211873
45462,32.762268581099,1099.239999999267,891.2473896591263
45463,32.762268581099,1099.259999999267,891.2520648996795
45464,32.762268581099,1099.279999999267,891.2567400428463
45465,32.762268581099,1099.299999999267,891.2614150886262
45466,32.762268581099,1099.3199999992669,891.2660900370184
45467,32.762268581099,1099.3399999992669,891.2707648880224
45468,32.762268581099,1099.3599999992668,891.2754396416376
45469,32.762268581099,1099.3799999992668,891.2801142978632
45470,32.762268581099,1099.3999999992668,891.2847888566987
45471,32.762268581099,1099.4199999992668,891.2894633181434
45472,32.762268581099,1099.4399999992668,891.2941376821967
45473,32.762268581099,1099.4599999992668,891.298811948858
45474,32.762268581099,1099.4799999992667,891.3034861181266
45475,32.762268581099,1099.4999999992667,891.3081601900019
45476,32.762268581099,1099.5199999992667,891.3128341644833
45477,32.762268581099,1099.5399999992667,891.3175080415702
45478,32.762268581099,1099.5599999992667,891.3221818212619
45479,32.762268581099,1099.5799999992666,891.3268555035578
45480,32.762268581099,1099.5999999992666,891.3315290884573
45481,32.762268581099,1099.6199999992666,891.3362025759922
45482,32.762268581099,1099.6399999992666,891.3408759662724
45483,32.762268581099,1099.6599999992666,891.3455492593059
45484,32.762268581099,1099.6799999992666,891.3502224550922
45485,32.762268581099,1099.6999999992665,891.3548955536306
45486,32.762268581099,1099.7199999992665,891.3595685549205
45487,32.762268581099,1099.7399999992665,891.3642414589613
45488,32.762268581099,1099.7599999992665,891.3689142657522
45489,32.762268581099,1099.7799999992665,891.3735869752928
45490,32.762268581099,1099.7999999992664,891.3782595875824
45491,32.762268581099,1099.8199999992664,891.3829321026204
45492,32.762268581099,1099.8399999992664,891.3876045204062
45493,32.762268581099,1099.8599999992664,891.392276840939
45494,32.762268581099,1099.8799999992664,891.3969490642182
45495,32.762268581099,1099.8999999992664,891.4016211902434
45496,32.762268581099,1099.9199999992663,891.4062932190138
45497,32.762268581099,1099.9399999992663,891.4109651505288
45498,32.762268581099,1099.9599999992663,891.4156369847877
45499,32.762268581099,1099.9799999992663,891.4203087217901
45500,32.762268581099,1099.9999999992663,891.4249803615352
45501,32.762268581099,1100.0199999992662,891.4296519040223
45502,32.762268581099,1100.0399999992662,891.4343233492509
45503,32.762268581099,1100.0599999992662,891.4389946972203
45504,32.762268581099,1100.0799999992662,891.44366594793
45505,32.762268581099,1100.0999999992662,891.4483371013793
45506,32.762268581099,1100.1199999992662,891.4530081575675
45507,32.762268581099,1100.1399999992661,891.4576791164941
45508,32.762268581099,1100.1599999992661,891.4623499781584
45509,32.762268581099,1100.179999999266,891.4670207425598
45510,32.762268581099,1100.199999999266,891.4716914096978
45511,32.762268581099,1100.219999999266,891.4763619795715
45512,32.762268581099,1100.239999999266,891.4810324521804
45513,32.762268581099,1100.259999999266,891.4857028275239
45514,32.762268581099,1100.279999999266,891.4903731056014
45515,32.762268581099,1100.299999999266,891.4950432864123
45516,32.762268581099,1100.319999999266,891.4997133699558
45517,32.762268581099,1100.339999999266,891.5043833562314
45518,32.762268581099,1100.359999999266,891.5090532452385
45519,32.762268581099,1100.379999999266,891.5137230369764
45520,32.762268581099,1100.399999999266,891.5183927314446
45521,32.762268581099,1100.4199999992659,891.5230623286423
45522,32.762268581099,1100.4399999992659,891.5277318285689
45523,32.762268581099,1100.4599999992658,891.5324012312238
45524,32.762268581099,1100.4799999992658,891.5370705366065
45525,32.762268581099,1100.4999999992658,891.5417397447163
45526,32.762268581099,1100.5199999992658,891.5464088555525
45527,32.762268581099,1100.5399999992658,891.5510778691146
45528,32.762268581099,1100.5599999992658,891.5557467854019
45529,32.762268581099,1100.5799999992657,891.5604156044137
45530,32.762268581099,1100.5999999992657,891.5650843261495
45531,32.762268581099,1100.6199999992657,891.5697529506086
45532,32.762268581099,1100.6399999992657,891.5744214778318
45533,32.762268581099,1100.6599999992657,891.5790899079219
45534,32.762268581099,1100.6799999992656,891.5837582408852
45535,32.762268581099,1100.6999999992656,891.588426476721
45536,32.762268581099,1100.7199999992656,891.5930946154288
45537,32.762268581099,1100.7399999992656,891.5977626570077
45538,32.762268581099,1100.7599999992656,891.6024306014574
45539,32.762268581099,1100.7799999992656,891.6070984487772
45540,32.762268581099,1100.7999999992655,891.6117661989663
45541,32.762268581099,1100.8199999992655,891.6164338520242
45542,32.762268581099,1100.8399999992655,891.6211014079504
45543,32.762268581099,1100.8599999992655,891.6257688667441
45544,32.762268581099,1100.8799999992655,891.6304362284047
45545,32.762268581099,1100.8999999992654,891.6351034929316
45546,32.762268581099,1100.9199999992654,891.6397706603243
45547,32.762268581099,1100.9399999992654,891.644437730582
45548,32.762268581099,1100.9599999992654,891.6491047037042
45549,32.762268581099,1100.9799999992654,891.6537715796902
45550,32.762268581099,1100.9999999992654,891.6584383585395
45551,32.762268581099,1101.0199999992653,891.6631050402513
45552,32.762268581099,1101.0399999992653,891.667771624825
45553,32.762268581099,1101.0599999992653,891.6724381122602
45554,32.762268581099,1101.0799999992653,891.6771045025561
45555,32.762268581099,1101.0999999992653,891.681770795712
45556,32.762268581099,1101.1199999992652,891.6864369917275
45557,32.762268581099,1101.1399999992652,891.6911030906018
45558,32.762268581099,1101.1599999992652,891.6957690923343
45559,32.762268581099,1101.1799999992652,891.7004349969245
45560,32.762268581099,1101.1999999992652,891.7051008043717
45561,32.762268581099,1101.2199999992652,891.7097665146753
45562,32.762268581099,1101.2399999992651,891.7144321278346
45563,32.762268581099,1101.2599999992651,891.7190976438491
45564,32.762268581099,1101.279999999265,891.723763062718
45565,32.762268581099,1101.299999999265,891.7284283844409
45566,32.762268581099,1101.319999999265,891.733093609017
45567,32.762268581099,1101.339999999265,891.7377587364458
45568,32.762268581099,1101.359999999265,891.7424237667266
45569,32.762268581099,1101.379999999265,891.7470886998588
45570,32.762268581099,1101.399999999265,891.7517535358418
45571,32.762268581099,1101.419999999265,891.756418274675
45572,32.762268581099,1101.439999999265,891.7610829163576
45573,32.762268581099,1101.459999999265,891.7657474608892
45574,32.762268581099,1101.479999999265,891.7704119082691
45575,32.762268581099,1101.499999999265,891.7750762584967
45576,32.762268581099,1101.5199999992649,891.7797405115714
45577,32.762268581099,1101.5399999992649,891.7844046674925
45578,32.762268581099,1101.5599999992648,891.7890687262594
45579,32.762268581099,1101.5799999992648,891.7937326878715
45580,32.762268581099,1101.5999999992648,891.7983965523282
45581,32.762268581099,1101.6199999992648,891.8030603196288
45582,32.762268581099,1101.6399999992648,891.8077239897727
45583,32.762268581099,1101.6599999992648,891.8123875628124
45584,32.762268581099,1101.6799999992647,891.8170510388484
45585,32.762268581099,1101.6999999992647,891.8217144178855
45586,32.762268581099,1101.7199999992647,891.826377699923
45587,32.762268581099,1101.7399999992647,891.8310408849604
45588,32.762268581099,1101.7599999992647,891.8357039729971
45589,32.762268581099,1101.7799999992646,891.8403669640323
45590,32.762268581099,1101.7999999992646,891.8450298580657
45591,32.762268581099,1101.8199999992646,891.8496926550964
45592,32.762268581099,1101.8399999992646,891.854355355124
45593,32.762268581099,1101.8599999992646,891.8590179581477
45594,32.762268581099,1101.8799999992646,891.8636804641669
45595,32.762268581099,1101.8999999992645,891.8683428731812
45596,32.71907492555263,1101.9199999992645,891.8730051851898
45597,32.71907492555263,1101.9399999992645,891.8776674001921
45598,32.71907492555263,1101.9599999992645,891.8823295181875
45599,32.71907492555263,1101.9799999992645,891.8869915391754
45600,32.71907492555263,1101.9999999992644,891.8916534631552
45601,32.71907492555263,1102.0199999992644,891.8963152901263
45602,32.71907492555263,1102.0399999992644,891.900977020088
45603,32.71907492555263,1102.0599999992644,891.9056386530398
45604,32.71907492555263,1102.0799999992644,891.910300188981
45605,32.71907492555263,1102.0999999992644,891.914961627911
45606,32.71907492555263,1102.1199999992643,891.9196229698292
45607,32.71907492555263,1102.1399999992643,891.924284214735
45608,32.71907492555263,1102.1599999992643,891.9289453626278
45609,32.71907492555263,1102.1799999992643,891.933606413507
45610,32.71907492555263,1102.1999999992643,891.938267367372
45611,32.71907492555263,1102.2199999992642,891.942928224222
45612,32.71907492555263,1102.2399999992642,891.9475889840566
45613,32.71907492555263,1102.2599999992642,891.9522496468751
45614,32.71907492555263,1102.2799999992642,891.9569102126769
45615,32.71907492555263,1102.2999999992642,891.9615706814614
45616,32.71907492555263,1102.3199999992642,891.9662310532278
45617,32.71907492555263,1102.3399999992641,891.9708913279758
45618,32.71907492555263,1102.3599999992641,891.9755515057046
45619,32.71907492555263,1102.379999999264,891.9802115864137
45620,32.71907492555263,1102.399999999264,891.9848715701023
45621,32.71907492555263,1102.419999999264,891.98953145677
45622,32.71907492555263,1102.439999999264,891.994191246416
45623,32.71907492555263,1102.459999999264,891.9988509390398
45624,32.71907492555263,1102.479999999264,892.0035105346408
45625,32.71907492555263,1102.499999999264,892.0081700332183
45626,32.71907492555263,1102.519999999264,892.0128294347718
45627,32.71907492555263,1102.539999999264,892.0174887393006
45628,32.71907492555263,1102.559999999264,892.022147946804
45629,32.71907492555263,1102.579999999264,892.0268070572815
45630,32.71907492555263,1102.599999999264,892.0314660707326
45631,32.71907492555263,1102.6199999992639,892.0361249871564
45632,32.71907492555263,1102.6399999992639,892.0407838065526
45633,32.71907492555263,1102.6599999992638,892.0454425289203
45634,32.71907492555263,1102.6799999992638,892.0501011543133
45635,32.71907492555263,1102.6999999992638,892.0547596828126
45636,32.71907492555263,1102.7199999992638,892.0594181144205
45637,32.71907492555263,1102.7399999992638,892.0640764491366
45638,32.71907492555263,1102.7599999992638,892.06873468696
45639,32.71907492555263,1102.7799999992637,892.0733928278903
45640,32.71907492555263,1102.7999999992637,892.0780508719268
45641,32.71907492555263,1102.8199999992637,892.082708819069
45642,32.71907492555263,1102.8399999992637,892.0873666693161
45643,32.71907492555263,1102.8599999992637,892.0920244226677
45644,32.71907492555263,1102.8799999992636,892.0966820791231
45645,32.71907492555263,1102.8999999992636,892.1013396386816
45646,32.71907492555263,1102.9199999992636,892.1059971013426
45647,32.71907492555263,1102.9399999992636,892.1106544671056
45648,32.71907492555263,1102.9599999992636,892.1153117359701
45649,32.71907492555263,1102.9799999992636,892.1199689079352
45650,32.71907492555263,1102.9999999992635,892.1246259830006
45651,32.71907492555263,1103.0199999992635,892.1292829611654
45652,32.71907492555263,1103.0399999992635,892.1339398424291
45653,32.71907492555263,1103.0599999992635,892.1385966267911
45654,32.71907492555263,1103.0799999992635,892.143253314251
45655,32.71907492555263,1103.0999999992634,892.1479099048079
45656,32.71907492555263,1103.1199999992634,892.1525663984612
45657,32.71907492555263,1103.1399999992634,892.1572227952105
45658,32.71907492555263,1103.1599999992634,892.161879095055
45659,32.71907492555263,1103.1799999992634,892.1665352979942
45660,32.71907492555263,1103.1999999992634,892.1711914040275
45661,32.71907492555263,1103.2199999992633,892.1758474131542
45662,32.71907492555263,1103.2399999992633,892.1805033253737
45663,32.71907492555263,1103.2599999992633,892.1851591406854
45664,32.71907492555263,1103.2799999992633,892.1898148590888
45665,32.71907492555263,1103.2999999992633,892.1944704805832
45666,32.71907492555263,1103.3199999992632,892.199126005168
45667,32.71907492555263,1103.3399999992632,892.2037814328426
45668,32.71907492555263,1103.3599999992632,892.2084367636063
45669,32.71907492555263,1103.3799999992632,892.2130919974587
45670,32.71907492555263,1103.3999999992632,892.217747134399
45671,32.71907492555263,1103.4199999992632,892.2224021744267
45672,32.71907492555263,1103.4399999992631,892.2270571175412
45673,32.71907492555263,1103.4599999992631,892.2317119637418
45674,32.71907492555263,1103.479999999263,892.2363667130279
45675,32.71907492555263,1103.499999999263,892.241021365399
45676,32.71907492555263,1103.519999999263,892.2456759208543
45677,32.71907492555263,1103.539999999263,892.2503303793934
45678,32.71907492555263,1103.559999999263,892.2549847410156
45679,32.71907492555263,1103.579999999263,892.2596390057203
45680,32.71907492555263,1103.599999999263,892.2642931735069
45681,32.71907492555263,1103.619999999263,892.2689472443747
45682,32.71907492555263,1103.639999999263,892.2736012183232
45683,32.71907492555263,1103.659999999263,892.2782550953517
45684,32.71907492555263,1103.679999999263,892.2829088754597
45685,32.71907492555263,1103.699999999263,892.2875625587142
45686,32.71907492555263,1103.7199999992629,892.2922161451957
45687,32.71907492555263,1103.7399999992629,892.296869634905
45688,32.71907492555263,1103.7599999992628,892.3015230278417
45689,32.71907492555263,1103.7799999992628,892.306176324005
45690,32.71907492555263,1103.7999999992628,892.3108295233944
45691,32.71907492555263,1103.8199999992628,892.3154826260093
45692,32.71907492555263,1103.8399999992628,892.320135631849
45693,32.71907492555263,1103.8599999992628,892.324788540913
45694,32.71907492555263,1103.8799999992627,892.3294413532007
45695,32.71907492555263,1103.8999999992627,892.3340940687114
45696,32.71907492555263,1103.9199999992627,892.3387466874445
45697,32.71907492555263,1103.9399999992627,892.3433992093995
45698,32.71907492555263,1103.9599999992627,892.3480516345758
45699,32.71907492555263,1103.9799999992626,892.3527039629727
45700,32.71907492555263,1103.9999999992626,892.3573561945896
45701,32.71907492555263,1104.0199999992626,892.362008329426
45702,32.71907492555263,1104.0399999992626,892.3666603674811
45703,32.71907492555263,1104.0599999992626,892.3713123087546
45704,32.71907492555263,1104.0799999992626,892.3759641532456
45705,32.71907492555263,1104.0999999992625,892.3806159009537
45706,32.71907492555263,1104.1199999992625,892.3852675518781
45707,32.71907492555263,1104.1399999992625,892.3899191060183
45708,32.71907492555263,1104.1599999992625,892.3945705633737
45709,32.71907492555263,1104.1799999992625,892.3992219239437
45710,32.71907492555263,1104.1999999992624,892.4038731877278
45711,32.71907492555263,1104.2199999992624,892.4085243547252
45712,32.71907492555263,1104.2399999992624,892.4131754249354
45713,32.71907492555263,1104.2599999992624,892.4178263983578
45714,32.71907492555263,1104.2799999992624,892.4224772749917
45715,32.71907492555263,1104.2999999992624,892.4271280548365
45716,32.71907492555263,1104.3199999992623,892.4317787378918
45717,32.71907492555263,1104.3399999992623,892.4364293241568
45718,32.71907492555263,1104.3599999992623,892.4410798136311
45719,32.71907492555263,1104.3799999992623,892.4457302063138
45720,32.71907492555263,1104.3999999992623,892.4503805022044
45721,32.71907492555263,1104.4199999992622,892.4550307013025
45722,32.71907492555263,1104.4399999992622,892.4596808036072
45723,32.71907492555263,1104.4599999992622,892.464330809118
45724,32.71907492555263,1104.4799999992622,892.4689807178344
45725,32.71907492555263,1104.4999999992622,892.4736305297557
45726,32.71907492555263,1104.5199999992622,892.4782802448814
45727,32.71907492555263,1104.5399999992621,892.4829298632108
45728,32.71907492555263,1104.5599999992621,892.4875793847432
45729,32.71907492555263,1104.579999999262,892.4922288094781
45730,32.71907492555263,1104.599999999262,892.4968781374149
45731,32.71907492555263,1104.619999999262,892.5015273685531
45732,32.71907492555263,1104.639999999262,892.5061765028919
45733,32.71907492555263,1104.659999999262,892.5108255404308
45734,32.71907492555263,1104.679999999262,892.5154744811692
45735,32.71907492555263,1104.699999999262,892.5201233251067
45736,32.71907492555263,1104.719999999262,892.5247720723194
45737,32.71907492555263,1104.739999999262,892.5294207228804
45738,32.71907492555263,1104.759999999262,892.5340692767895
45739,32.71907492555263,1104.779999999262,892.5387177340459
45740,32.71907492555263,1104.799999999262,892.543366094649
45741,32.71907492555263,1104.8199999992619,892.5480143585982
45742,32.71907492555263,1104.8399999992619,892.5526625258929
45743,32.71907492555263,1104.8599999992618,892.5573105965325
45744,32.71907492555263,1104.8799999992618,892.5619585705164
45745,32.71907492555263,1104.8999999992618,892.566606447844
45746,32.71907492555263,1104.9199999992618,892.5712542285148
45747,32.71907492555263,1104.9399999992618,892.575901912528
45748,32.71907492555263,1104.9599999992618,892.5805494998832
45749,32.71907492555263,1104.9799999992617,892.5851969905797
45750,32.71907492555263,1104.9999999992617,892.5898443846169
45751,32.71907492555263,1105.0199999992617,892.5944916819941
45752,32.71907492555263,1105.0399999992617,892.5991388827109
45753,32.71907492555263,1105.0599999992617,892.6037859867666
45754,32.71907492555263,1105.0799999992616,892.6084329941607
45755,32.71907492555263,1105.0999999992616,892.6130799048924
45756,32.71907492555263,1105.1199999992616,892.6177267189612
45757,32.71907492555263,1105.1399999992616,892.6223734363665
45758,32.71907492555263,1105.1599999992616,892.6270200571078
45759,32.71907492555263,1105.1799999992616,892.6316665811843
45760,32.71907492555263,1105.1999999992615,892.6363130085955
45761,32.71907492555263,1105.2199999992615,892.6409593393408
45762,32.71907492555263,1105.2399999992615,892.6456055734196
45763,32.71907492555263,1105.2599999992615,892.6502517108313
45764,32.71907492555263,1105.2799999992615,892.6548977515753
45765,32.71907492555263,1105.2999999992614,892.659543695651
45766,32.71907492555263,1105.3199999992614,892.6641895430578
45767,32.71907492555263,1105.3399999992614,892.668835293795
45768,32.71907492555263,1105.3599999992614,892.6734809478622
45769,32.71907492555263,1105.3799999992614,892.6781265052587
45770,32.71907492555263,1105.3999999992614,892.6827719659838
45771,32.71907492555263,1105.4199999992613,892.687417330037
45772,32.71907492555263,1105.4399999992613,892.6920625974177
45773,32.71907492555263,1105.4599999992613,892.6967077681253
45774,32.71907492555263,1105.4799999992613,892.7013528421592
45775,32.71907492555263,1105.4999999992613,892.7059978195188
45776,32.71907492555263,1105.5199999992612,892.7106427002034
45777,32.71907492555263,1105.5399999992612,892.7152874842125
45778,32.71907492555263,1105.5599999992612,892.7199321715455
45779,32.71907492555263,1105.5799999992612,892.7245767622018
45780,32.71907492555263,1105.5999999992612,892.7292212561807
45781,32.71907492555263,1105.6199999992612,892.7338656534818
45782,32.71907492555263,1105.6399999992611,892.7385099541043
45783,32.71907492555263,1105.6599999992611,892.7431541580477
45784,32.71907492555263,1105.679999999261,892.7477982653114
45785,32.71907492555263,1105.699999999261,892.7524422758947
45786,32.71907492555263,1105.719999999261,892.7570861897992
45787,32.71907492555263,1105.739999999261,892.7617300071082
45788,32.71907492555263,1105.759999999261,892.7663737278865
45789,32.71907492555263,1105.779999999261,892.7710173521334
45790,32.71907492555263,1105.799999999261,892.7756608798485
45791,32.71907492555263,1105.819999999261,892.780304311031
45792,32.71907492555263,1105.839999999261,892.7849476456805
45793,32.71907492555263,1105.859999999261,892.7895908837963
45794,32.71907492555263,1105.879999999261,892.7942340253778
45795,32.71907492555263,1105.899999999261,892.7988770704244
45796,32.71907492555263,1105.9199999992609,892.8035200189355
45797,32.71907492555263,1105.9399999992609,892.8081628709106
45798,32.71907492555263,1105.9599999992608,892.8128056263489
45799,32.71907492555263,1105.9799999992608,892.81744828525
45800,32.71907492555263,1105.9999999992608,892.8220908476131
45801,32.71907492555263,1106.0199999992608,892.8267333134378
45802,32.71907492555263,1106.0399999992608,892.8313756827234
45803,32.71907492555263,1106.0599999992608,892.8360179554694
45804,32.71907492555263,1106.0799999992607,892.8406601316751
45805,32.71907492555263,1106.0999999992607,892.8453022113399
45806,32.71907492555263,1106.1199999992607,892.8499441944632
45807,32.71907492555263,1106.1399999992607,892.8545860810444
45808,32.71907492555263,1106.1599999992607,892.859227871083
45809,32.71907492555263,1106.1799999992606,892.8638695645784
45810,32.71907492555263,1106.1999999992606,892.8685111615299
45811,32.71907492555263,1106.2199999992606,892.873152661937
45812,32.71907492555263,1106.2399999992606,892.877794065799
45813,32.71907492555263,1106.2599999992606,892.8824353731153
45814,32.71907492555263,1106.2799999992606,892.8870765838853
45815,32.71907492555263,1106.2999999992605,892.8917176981086
45816,32.71907492555263,1106.3199999992605,892.8963587157843
45817,32.71907492555263,1106.3399999992605,892.900999636912
45818,32.71907492555263,1106.3599999992605,892.9056404614912
45819,32.71907492555263,1106.3799999992605,892.9102811895211
45820,32.71907492555263,1106.3999999992604,892.9149218210011
45821,32.71907492555263,1106.4199999992604,892.9195623559308
45822,32.71907492555263,1106.4399999992604,892.9242027943094
45823,32.71907492555263,1106.4599999992604,892.9288431361364
45824,32.71907492555263,1106.4799999992604,892.9334833814111
45825,32.71907492555263,1106.4999999992604,892.938123530133
45826,32.71907492555263,1106.5199999992603,892.9427635823015
45827,32.71907492555263,1106.5399999992603,892.947403537916
45828,32.71907492555263,1106.5599999992603,892.9520433969758
45829,32.71907492555263,1106.5799999992603,892.9566831594805
45830,32.71907492555263,1106.5999999992603,892.9613228254293
45831,32.71907492555263,1106.6199999992602,892.9659623948216
45832,32.71907492555263,1106.6399999992602,892.970601867657
45833,32.71907492555263,1106.6599999992602,892.9752412439348
45834,32.71907492555263,1106.6799999992602,892.9798805236543
45835,32.71907492555263,1106.6999999992602,892.984519706815
45836,32.71907492555263,1106.7199999992602,892.9891587934164
45837,32.71907492555263,1106.7399999992601,892.9937977834619
45838,32.71907492555263,1106.7599999992601,892.998436677049
45839,32.71907492555263,1106.77999999926,893.0030754742379
45840,32.71907492555263,1106.79999999926,893.007714175028
45841,32.71907492555263,1106.81999999926,893.0123527794187
45842,32.71907492555263,1106.83999999926,893.0169912874095
45843,32.71907492555263,1106.85999999926,893.0216296989997
45844,32.71907492555263,1106.87999999926,893.0262680141888
45845,32.71907492555263,1106.89999999926,893.0309062329761
45846,32.675976097253496,1106.91999999926,893.0355443553611
45847,32.675976097253496,1106.93999999926,893.0401823813431
45848,32.675976097253496,1106.95999999926,893.0448203109216
45849,32.675976097253496,1106.97999999926,893.049458144096
45850,32.675976097253496,1106.99999999926,893.0540958808656
45851,32.675976097253496,1107.0199999992599,893.0587335212298
45852,32.675976097253496,1107.0399999992599,893.0633710651881
45853,32.675976097253496,1107.0599999992598,893.0680085127399
45854,32.675976097253496,1107.0799999992598,893.0726458638845
45855,32.675976097253496,1107.0999999992598,893.0772831186214
45856,32.675976097253496,1107.1199999992598,893.0819202769499
45857,32.675976097253496,1107.1399999992598,893.0865573388695
45858,32.675976097253496,1107.1599999992598,893.0911943043795
45859,32.675976097253496,1107.1799999992597,893.0958311734795
45860,32.675976097253496,1107.1999999992597,893.1004679461687
45861,32.675976097253496,1107.2199999992597,893.1051046224466
45862,32.675976097253496,1107.2399999992597,893.1097412023125
45863,32.675976097253496,1107.2599999992597,893.114377685766
45864,32.675976097253496,1107.2799999992596,893.1190140728064
45865,32.675976097253496,1107.2999999992596,893.1236503634331
45866,32.675976097253496,1107.3199999992596,893.1282865576454
45867,32.675976097253496,1107.3399999992596,893.1329226554429
45868,32.675976097253496,1107.3599999992596,893.1375586568249
45869,32.675976097253496,1107.3799999992596,893.1421945617908
45870,32.675976097253496,1107.3999999992595,893.14683037034
45871,32.675976097253496,1107.4199999992595,893.1514660824719
45872,32.675976097253496,1107.4399999992595,893.1561016981859
45873,32.675976097253496,1107.4599999992595,893.1607372174815
45874,32.675976097253496,1107.4799999992595,893.1653726403579
45875,32.675976097253496,1107.4999999992594,893.1700079668146
45876,32.675976097253496,1107.5199999992594,893.1746431968511
45877,32.675976097253496,1107.5399999992594,893.1792783304667
45878,32.675976097253496,1107.5599999992594,893.1839133676608
45879,32.675976097253496,1107.5799999992594,893.1885483084328
45880,32.675976097253496,1107.5999999992594,893.1931831527822
45881,32.675976097253496,1107.6199999992593,893.1978179007084
45882,32.675976097253496,1107.6399999992593,893.2024525522106
45883,32.675976097253496,1107.6599999992593,893.2070871072884
45884,32.675976097253496,1107.6799999992593,893.2117215659412
45885,32.675976097253496,1107.6999999992593,893.2163559281682
45886,32.675976097253496,1107.7199999992592,893.2209901939691
45887,32.675976097253496,1107.7399999992592,893.2256243633431
45888,32.675976097253496,1107.7599999992592,893.2302584362949
45889,32.675976097253496,1107.7799999992592,893.2348924129151
45890,32.675976097253496,1107.7999999992592,893.2395262932472
45891,32.675976097253496,1107.8199999992592,893.2441600772906
45892,32.675976097253496,1107.8399999992591,893.2487937650448
45893,32.675976097253496,1107.8599999992591,893.2534273565091
45894,32.675976097253496,1107.879999999259,893.2580608516829
45895,32.675976097253496,1107.899999999259,893.2626942505657
45896,32.675976097253496,1107.919999999259,893.2673275531569
45897,32.675976097253496,1107.939999999259,893.2719607594557
45898,32.675976097253496,1107.959999999259,893.2765938694619
45899,32.675976097253496,1107.979999999259,893.2812268831746
45900,32.675976097253496,1107.999999999259,893.2858598005931
45901,32.675976097253496,1108.019999999259,893.2904926217171
45902,32.675976097253496,1108.039999999259,893.2951253465459
45903,32.675976097253496,1108.059999999259,893.2997579750788
45904,32.675976097253496,1108.079999999259,893.3043905073154
45905,32.675976097253496,1108.099999999259,893.309022943255
45906,32.675976097253496,1108.1199999992589,893.3136552828969
45907,32.675976097253496,1108.1399999992589,893.3182875262407
45908,32.675976097253496,1108.1599999992588,893.3229196732858
45909,32.675976097253496,1108.1799999992588,893.3275517240314
45910,32.675976097253496,1108.1999999992588,893.3321836784771
45911,32.675976097253496,1108.2199999992588,893.3368155366222
45912,32.675976097253496,1108.2399999992588,893.3414472984662
45913,32.675976097253496,1108.2599999992588,893.3460789640084
45914,32.675976097253496,1108.2799999992587,893.3507105332482
45915,32.675976097253496,1108.2999999992587,893.3553420061851
45916,32.675976097253496,1108.3199999992587,893.3599733828185
45917,32.675976097253496,1108.3399999992587,893.3646046631476
45918,32.675976097253496,1108.3599999992587,893.369235847172
45919,32.675976097253496,1108.3799999992586,893.3738669348911
45920,32.675976097253496,1108.3999999992586,893.3784979263044
45921,32.675976097253496,1108.4199999992586,893.383128821411
45922,32.675976097253496,1108.4399999992586,893.3877596202105
45923,32.675976097253496,1108.4599999992586,893.3923903227025
45924,32.675976097253496,1108.4799999992586,893.397020928886
45925,32.675976097253496,1108.4999999992585,893.4016514387607
45926,32.675976097253496,1108.5199999992585,893.4062818523258
45927,32.675976097253496,1108.5399999992585,893.4109121695809
45928,32.675976097253496,1108.5599999992585,893.4155423905253
45929,32.675976097253496,1108.5799999992585,893.4201725151584
45930,32.675976097253496,1108.5999999992584,893.4248025434796
45931,32.675976097253496,1108.6199999992584,893.4294324754884
45932,32.675976097253496,1108.6399999992584,893.4340623111841
45933,32.675976097253496,1108.6599999992584,893.4386920505661
45934,32.675976097253496,1108.6799999992584,893.443321693634
45935,32.675976097253496,1108.6999999992584,893.4479512403868
45936,32.675976097253496,1108.7199999992583,893.4525806908243
45937,32.675976097253496,1108.7399999992583,893.4572100449458
45938,32.675976097253496,1108.7599999992583,893.4618393027506
45939,32.675976097253496,1108.7799999992583,893.4664684642455
45940,32.675976097253496,1108.7999999992583,893.4710975295338
45941,32.675976097253496,1108.8199999992582,893.4757264986532
45942,32.675976097253496,1108.8399999992582,893.480355371603
45943,32.675976097253496,1108.8599999992582,893.4849841483825
45944,32.675976097253496,1108.8799999992582,893.4896128289912
45945,32.675976097253496,1108.8999999992582,893.4942414134285
45946,32.675976097253496,1108.9199999992582,893.4988699016939
45947,32.675976097253496,1108.9399999992581,893.5034982937866
45948,32.675976097253496,1108.9599999992581,893.5081265897062
45949,32.675976097253496,1108.979999999258,893.5127547894521
45950,32.675976097253496,1108.999999999258,893.5173828930235
45951,32.675976097253496,1109.019999999258,893.5220109004201
45952,32.675976097253496,1109.039999999258,893.5266388116412
45953,32.675976097253496,1109.059999999258,893.5312666266861
45954,32.675976097253496,1109.079999999258,893.5358943455543
45955,32.675976097253496,1109.099999999258,893.5405219682452
45956,32.675976097253496,1109.119999999258,893.5451494947582
45957,32.675976097253496,1109.139999999258,893.5497769250927
45958,32.675976097253496,1109.159999999258,893.5544042592481
45959,32.675976097253496,1109.179999999258,893.5590314972238
45960,32.675976097253496,1109.199999999258,893.5636586390193
45961,32.675976097253496,1109.2199999992579,893.5682856846339
45962,32.675976097253496,1109.2399999992579,893.572912634067
45963,32.675976097253496,1109.2599999992578,893.5775394873182
45964,32.675976097253496,1109.2799999992578,893.5821662443866
45965,32.675976097253496,1109.2999999992578,893.5867929052719
45966,32.675976097253496,1109.3199999992578,893.5914194699733
45967,32.675976097253496,1109.3399999992578,893.5960459384903
45968,32.675976097253496,1109.3599999992578,893.6006723108222
45969,32.675976097253496,1109.3799999992577,893.6052985869686
45970,32.675976097253496,1109.3999999992577,893.6099247669288
45971,32.675976097253496,1109.4199999992577,893.6145508507021
45972,32.675976097253496,1109.4399999992577,893.6191768382881
45973,32.675976097253496,1109.4599999992577,893.6238027296862
45974,32.675976097253496,1109.4799999992576,893.6284285248956
45975,32.675976097253496,1109.4999999992576,893.633054223916
45976,32.675976097253496,1109.5199999992576,893.6376798267466
45977,32.675976097253496,1109.5399999992576,893.6423053333868
45978,32.675976097253496,1109.5599999992576,893.6469307438362
45979,32.675976097253496,1109.5799999992576,893.651556058094
45980,32.675976097253496,1109.5999999992575,893.6561812761597
45981,32.675976097253496,1109.6199999992575,893.6608063980327
45982,32.675976097253496,1109.6399999992575,893.6654314237124
45983,32.675976097253496,1109.6599999992575,893.6700563531982
45984,32.675976097253496,1109.6799999992575,893.6746811864896
45985,32.675976097253496,1109.6999999992574,893.6793059235858
45986,32.675976097253496,1109.7199999992574,893.6839305644864
45987,32.675976097253496,1109.7399999992574,893.6885551091908
45988,32.675976097253496,1109.7599999992574,893.6931795576983
45989,32.675976097253496,1109.7799999992574,893.6978039100084
45990,32.675976097253496,1109.7999999992574,893.7024281661294
45991,32.675976097253496,1109.8199999992573,893.7070523261718
45992,32.675976097253496,1109.8399999992573,893.7116763901643
45993,32.675976097253496,1109.8599999992573,893.7163003581062
45994,32.675976097253496,1109.8799999992573,893.720924229997
45995,32.675976097253496,1109.8999999992573,893.725548005836
45996,32.675976097253496,1109.9199999992572,893.7301716856227
45997,32.675976097253496,1109.9399999992572,893.7347952693566
45998,32.675976097253496,1109.9599999992572,893.7394187570369
45999,32.675976097253496,1109.9799999992572,893.7440421486631
46000,32.675976097253496,1109.9999999992572,893.7486654442347
46001,32.675976097253496,1110.0199999992572,893.753288643751
46002,32.675976097253496,1110.0399999992571,893.7579117472114
46003,32.675976097253496,1110.0599999992571,893.7625347546154
46004,32.675976097253496,1110.079999999257,893.7671576659625
46005,32.675976097253496,1110.099999999257,893.7717804812519
46006,32.675976097253496,1110.119999999257,893.7764032004831
46007,32.675976097253496,1110.139999999257,893.7810258236555
46008,32.675976097253496,1110.159999999257,893.7856483507684
46009,32.675976097253496,1110.179999999257,893.7902707818214
46010,32.675976097253496,1110.199999999257,893.7948931168138
46011,32.675976097253496,1110.219999999257,893.7995153557451
46012,32.675976097253496,1110.239999999257,893.8041374986148
46013,32.675976097253496,1110.259999999257,893.8087595454219
46014,32.675976097253496,1110.279999999257,893.8133814961662
46015,32.675976097253496,1110.299999999257,893.818003350847
46016,32.675976097253496,1110.3199999992569,893.8226251094637
46017,32.675976097253496,1110.3399999992569,893.8272467720158
46018,32.675976097253496,1110.3599999992568,893.8318683385025
46019,32.675976097253496,1110.3799999992568,893.8364898089234
46020,32.675976097253496,1110.3999999992568,893.8411111832778
46021,32.675976097253496,1110.4199999992568,893.8457324615651
46022,32.675976097253496,1110.4399999992568,893.8503536437848
46023,32.675976097253496,1110.4599999992568,893.8549747299363
46024,32.675976097253496,1110.4799999992567,893.859595720019
46025,32.675976097253496,1110.4999999992567,893.8642166140323
46026,32.675976097253496,1110.5199999992567,893.8688374119756
46027,32.675976097253496,1110.5399999992567,893.8734581138484
46028,32.675976097253496,1110.5599999992567,893.87807871965
46029,32.675976097253496,1110.5799999992566,893.8826992293799
46030,32.675976097253496,1110.5999999992566,893.8873196430374
46031,32.675976097253496,1110.6199999992566,893.8919399606219
46032,32.675976097253496,1110.6399999992566,893.8965601821329
46033,32.675976097253496,1110.6599999992566,893.9011803075699
46034,32.675976097253496,1110.6799999992566,893.9058003369322
46035,32.675976097253496,1110.6999999992565,893.9104202702191
46036,32.675976097253496,1110.7199999992565,893.9150401074302
46037,32.675976097253496,1110.7399999992565,893.9196598485648
46038,32.675976097253496,1110.7599999992565,893.9242794936224
46039,32.675976097253496,1110.7799999992565,893.9288990426023
46040,32.675976097253496,1110.7999999992564,893.933518495504
46041,32.675976097253496,1110.8199999992564,893.9381378523377
46042,32.675976097253496,1110.8399999992564,893.9427571132206
46043,32.675976097253496,1110.8599999992564,893.9473762781727
46044,32.675976097253496,1110.8799999992564,893.9519953471932
46045,32.675976097253496,1110.8999999992564,893.9566143202818
46046,32.675976097253496,1110.9199999992563,893.9612331974378
46047,32.675976097253496,1110.9399999992563,893.9658519786605
46048,32.675976097253496,1110.9599999992563,893.9704706639494
46049,32.675976097253496,1110.9799999992563,893.975089253304
46050,32.675976097253496,1110.9999999992563,893.9797077467235
46051,32.675976097253496,1111.0199999992562,893.9843261442076
46052,32.675976097253496,1111.0399999992562,893.9889444457555
46053,32.675976097253496,1111.0599999992562,893.9935626513666
46054,32.675976097253496,1111.0799999992562,893.9981807610404
46055,32.675976097253496,1111.0999999992562,894.0027987747764
46056,32.675976097253496,1111.1199999992562,894.0074166925738
46057,32.675976097253496,1111.1399999992561,894.0120345144321
46058,32.675976097253496,1111.1599999992561,894.0166522403508
46059,32.675976097253496,1111.179999999256,894.0212698703292
46060,32.675976097253496,1111.199999999256,894.0258874043668
46061,32.675976097253496,1111.219999999256,894.030504842463
46062,32.675976097253496,1111.239999999256,894.0351221846172
46063,32.675976097253496,1111.259999999256,894.0397394308288
46064,32.675976097253496,1111.279999999256,894.0443565810973
46065,32.675976097253496,1111.299999999256,894.0489736354219
46066,32.675976097253496,1111.319999999256,894.0535905938023
46067,32.675976097253496,1111.339999999256,894.0582074562377
46068,32.675976097253496,1111.359999999256,894.0628242227276
46069,32.675976097253496,1111.379999999256,894.0674408932714
46070,32.675976097253496,1111.399999999256,894.0720574678685
46071,32.675976097253496,1111.4199999992559,894.0766739465183
46072,32.675976097253496,1111.4399999992559,894.0812903292203
46073,32.675976097253496,1111.4599999992558,894.0859066159738
46074,32.675976097253496,1111.4799999992558,894.0905228067784
46075,32.675976097253496,1111.4999999992558,894.0951389016333
46076,32.675976097253496,1111.5199999992558,894.099754900538
46077,32.675976097253496,1111.5399999992558,894.1043708034919
46078,32.675976097253496,1111.5599999992558,894.1089866104944
46079,32.675976097253496,1111.5799999992557,894.1136023215449
46080,32.675976097253496,1111.5999999992557,894.118217936643
46081,32.675976097253496,1111.6199999992557,894.1228334557878
46082,32.675976097253496,1111.6399999992557,894.1274488789791
46083,32.675976097253496,1111.6599999992557,894.132064206216
46084,32.675976097253496,1111.6799999992556,894.1366794374981
46085,32.675976097253496,1111.6999999992556,894.1412945728246
46086,32.675976097253496,1111.7199999992556,894.145909612195
46087,32.675976097253496,1111.7399999992556,894.1505245556089
46088,32.675976097253496,1111.7599999992556,894.1551394030655
46089,32.675976097253496,1111.7799999992556,894.1597541545643
46090,32.675976097253496,1111.7999999992555,894.1643688101047
46091,32.675976097253496,1111.8199999992555,894.1689833696862
46092,32.675976097253496,1111.8399999992555,894.1735978333219
46093,32.675976097253496,1111.8599999992555,894.1782122011408
46094,32.675976097253496,1111.8799999992555,894.1828264731553
46095,32.675976097253496,1111.8999999992554,894.1874406493648
46096,32.675976097253496,1111.9199999992554,894.1920547297688
46097,32.63297180500037,1111.9399999992554,894.1966687143664
46098,32.63297180500037,1111.9599999992554,894.2012826031573
46099,32.63297180500037,1111.9799999992554,894.2058963961409
46100,32.63297180500037,1111.9999999992554,894.2105100933165
46101,32.63297180500037,1112.0199999992553,894.2151236946837
46102,32.63297180500037,1112.0399999992553,894.2197372002418
46103,32.63297180500037,1112.0599999992553,894.2243506099901
46104,32.63297180500037,1112.0799999992553,894.2289639239283
46105,32.63297180500037,1112.0999999992553,894.2335771420557
46106,32.63297180500037,1112.1199999992552,894.2381902643715
46107,32.63297180500037,1112.1399999992552,894.2428032908754
46108,32.63297180500037,1112.1599999992552,894.2474162215667
46109,32.63297180500037,1112.1799999992552,894.2520290564448
46110,32.63297180500037,1112.1999999992552,894.2566417955093
46111,32.63297180500037,1112.2199999992552,894.2612544387594
46112,32.63297180500037,1112.2399999992551,894.2658669861945
46113,32.63297180500037,1112.2599999992551,894.2704794378142
46114,32.63297180500037,1112.279999999255,894.2750917936178
46115,32.63297180500037,1112.299999999255,894.2797040536047
46116,32.63297180500037,1112.319999999255,894.2843162177745
46117,32.63297180500037,1112.339999999255,894.2889282861264
46118,32.63297180500037,1112.359999999255,894.29354025866
46119,32.63297180500037,1112.379999999255,894.2981521353745
46120,32.63297180500037,1112.399999999255,894.3027639162694
46121,32.63297180500037,1112.419999999255,894.3073756013442
46122,32.63297180500037,1112.439999999255,894.3119871905983
46123,32.63297180500037,1112.459999999255,894.3165986840311
46124,32.63297180500037,1112.479999999255,894.321210081642
46125,32.63297180500037,1112.499999999255,894.3258213834305
46126,32.63297180500037,1112.5199999992549,894.3304325893959
46127,32.63297180500037,1112.5399999992549,894.3350436995376
46128,32.63297180500037,1112.5599999992548,894.3396547138551
46129,32.63297180500037,1112.5799999992548,894.3442656323479
46130,32.63297180500037,1112.5999999992548,894.3488764550152
46131,32.63297180500037,1112.6199999992548,894.3534871818566
46132,32.63297180500037,1112.6399999992548,894.3580978128715
46133,32.63297180500037,1112.6599999992548,894.3627083480592
46134,32.63297180500037,1112.6799999992547,894.3673187874192
46135,32.63297180500037,1112.6999999992547,894.371929130951
46136,32.63297180500037,1112.7199999992547,894.3765393786539
46137,32.63297180500037,1112.7399999992547,894.3811495305273
46138,32.63297180500037,1112.7599999992547,894.3857595865707
46139,32.63297180500037,1112.7799999992546,894.3903695467834
46140,32.63297180500037,1112.7999999992546,894.394979411165
46141,32.63297180500037,1112.8199999992546,894.3995891797148
46142,32.63297180500037,1112.8399999992546,894.4041988524323
46143,32.63297180500037,1112.8599999992546,894.408808429337
46144,32.63297180500037,1112.8799999992546,894.4134179105355
46145,32.63297180500037,1112.8999999992545,894.4180272960367
46146,32.63297180500037,1112.9199999992545,894.4226365858402
46147,32.63297180500037,1112.9399999992545,894.4272457799455
46148,32.63297180500037,1112.9599999992545,894.4318548783517
46149,32.63297180500037,1112.9799999992545,894.4364638810586
46150,32.63297180500037,1112.9999999992544,894.4410727880653
46151,32.63297180500037,1113.0199999992544,894.4456815993714
46152,32.63297180500037,1113.0399999992544,894.4502903149762
46153,32.63297180500037,1113.0599999992544,894.4548989348793
46154,32.63297180500037,1113.0799999992544,894.4595074590801
46155,32.63297180500037,1113.0999999992544,894.4641158875778
46156,32.63297180500037,1113.1199999992543,894.468724220372
46157,32.63297180500037,1113.1399999992543,894.4733324574621
46158,32.63297180500037,1113.1599999992543,894.4779405988476
46159,32.63297180500037,1113.1799999992543,894.4825486445277
46160,32.63297180500037,1113.1999999992543,894.487156594502
46161,32.63297180500037,1113.2199999992542,894.4917644487699
46162,32.63297180500037,1113.2399999992542,894.4963722073308
46163,32.63297180500037,1113.2599999992542,894.5009798701841
46164,32.63297180500037,1113.2799999992542,894.5055874373293
46165,32.63297180500037,1113.2999999992542,894.5101949087657
46166,32.63297180500037,1113.3199999992542,894.5148022844928
46167,32.63297180500037,1113.3399999992541,894.51940956451
46168,32.63297180500037,1113.3599999992541,894.5240167488168
46169,32.63297180500037,1113.379999999254,894.5286238374125
46170,32.63297180500037,1113.399999999254,894.5332308302966
46171,32.63297180500037,1113.419999999254,894.5378377274684
46172,32.63297180500037,1113.439999999254,894.5424445289275
46173,32.63297180500037,1113.459999999254,894.5470512346732
46174,32.63297180500037,1113.479999999254,894.551657844705
46175,32.63297180500037,1113.499999999254,894.5562643590223
46176,32.63297180500037,1113.519999999254,894.5608707776245
46177,32.63297180500037,1113.539999999254,894.565477100511
46178,32.63297180500037,1113.559999999254,894.5700833276812
46179,32.63297180500037,1113.579999999254,894.5746894591347
46180,32.63297180500037,1113.599999999254,894.5792954948707
46181,32.63297180500037,1113.6199999992539,894.5839014348887
46182,32.63297180500037,1113.6399999992539,894.5885072791882
46183,32.63297180500037,1113.6599999992538,894.5931130277685
46184,32.63297180500037,1113.6799999992538,894.5977186806291
46185,32.63297180500037,1113.6999999992538,894.6023242377694
46186,32.63297180500037,1113.7199999992538,894.6069296991888
46187,32.63297180500037,1113.7399999992538,894.6115350648868
46188,32.63297180500037,1113.7599999992538,894.6161403348627
46189,32.63297180500037,1113.7799999992537,894.6207455091161
46190,32.63297180500037,1113.7999999992537,894.6253505876463
46191,32.63297180500037,1113.8199999992537,894.6299555704527
46192,32.63297180500037,1113.8399999992537,894.6345604575347
46193,32.63297180500037,1113.8599999992537,894.6391652488918
46194,32.63297180500037,1113.8799999992536,894.6437699445538
46195,32.63297180500037,1113.8999999992536,894.6483745446283
46196,32.63297180500037,1113.9199999992536,894.6529790491234
46197,32.63297180500037,1113.9399999992536,894.6575834580384
46198,32.63297180500037,1113.9599999992536,894.6621877713729
46199,32.63297180500037,1113.9799999992536,894.6667919891263
46200,32.63297180500037,1113.9999999992535,894.671396111298
46201,32.63297180500037,1114.0199999992535,894.6760001378874
46202,32.63297180500037,1114.0399999992535,894.6806040688939
46203,32.63297180500037,1114.0599999992535,894.6852079043169
46204,32.63297180500037,1114.0799999992535,894.6898116441561
46205,32.63297180500037,1114.0999999992534,894.6944152884106
46206,32.63297180500037,1114.1199999992534,894.69901883708
46207,32.63297180500037,1114.1399999992534,894.7036222901636
46208,32.63297180500037,1114.1599999992534,894.7082256476609
46209,32.63297180500037,1114.1799999992534,894.7128289095714
46210,32.63297180500037,1114.1999999992534,894.7174320758943
46211,32.63297180500037,1114.2199999992533,894.7220351466292
46212,32.63297180500037,1114.2399999992533,894.7266381217755
46213,32.63297180500037,1114.2599999992533,894.7312410013327
46214,32.63297180500037,1114.2799999992533,894.7358437853001
46215,32.63297180500037,1114.2999999992533,894.7404464736771
46216,32.63297180500037,1114.3199999992532,894.7450490664633
46217,32.63297180500037,1114.3399999992532,894.749651563658
46218,32.63297180500037,1114.3599999992532,894.7542539652605
46219,32.63297180500037,1114.3799999992532,894.7588562712706
46220,32.63297180500037,1114.3999999992532,894.7634584816874
46221,32.63297180500037,1114.4199999992532,894.7680605965104
46222,32.63297180500037,1114.4399999992531,894.7726626157391
46223,32.63297180500037,1114.4599999992531,894.7772645393729
46224,32.63297180500037,1114.479999999253,894.7818663674112
46225,32.63297180500037,1114.499999999253,894.7864680998534
46226,32.63297180500037,1114.519999999253,894.791069736699
46227,32.63297180500037,1114.539999999253,894.7956712779473
46228,32.63297180500037,1114.559999999253,894.8002727235979
46229,32.63297180500037,1114.579999999253,894.8048740736501
46230,32.63297180500037,1114.599999999253,894.8094753281034
46231,32.63297180500037,1114.619999999253,894.8140764869571
46232,32.63297180500037,1114.639999999253,894.8186775502107
46233,32.63297180500037,1114.659999999253,894.8232785178637
46234,32.63297180500037,1114.679999999253,894.8278793899156
46235,32.63297180500037,1114.699999999253,894.8324801663655
46236,32.63297180500037,1114.7199999992529,894.8370808472131
46237,32.63297180500037,1114.7399999992529,894.8416814324577
46238,32.63297180500037,1114.7599999992528,894.8462819220988
46239,32.63297180500037,1114.7799999992528,894.8508823161358
46240,32.63297180500037,1114.7999999992528,894.855482614568
46241,32.63297180500037,1114.8199999992528,894.8600828173951
46242,32.63297180500037,1114.8399999992528,894.8646829246163
46243,32.63297180500037,1114.8599999992528,894.8692829362311
46244,32.63297180500037,1114.8799999992527,894.8738828522389
46245,32.63297180500037,1114.8999999992527,894.8784826726784
46246,32.63297180500037,1114.9199999992527,894.8830823976504
46247,32.63297180500037,1114.9399999992527,894.8876820271612
46248,32.63297180500037,1114.9599999992527,894.8922815612104
46249,32.63297180500037,1114.9799999992526,894.8968809997974
46250,32.63297180500037,1114.9999999992526,894.9014803429216
46251,32.63297180500037,1115.0199999992526,894.9060795905824
46252,32.63297180500037,1115.0399999992526,894.9106787427793
46253,32.63297180500037,1115.0599999992526,894.9152777995116
46254,32.63297180500037,1115.0799999992525,894.9198767607788
46255,32.63297180500037,1115.0999999992525,894.9244756265805
46256,32.63297180500037,1115.1199999992525,894.9290743969159
46257,32.63297180500037,1115.1399999992525,894.9336730717845
46258,32.63297180500037,1115.1599999992525,894.9382716511857
46259,32.63297180500037,1115.1799999992525,894.9428701351189
46260,32.63297180500037,1115.1999999992524,894.9474685235838
46261,32.63297180500037,1115.2199999992524,894.9520668165795
46262,32.63297180500037,1115.2399999992524,894.9566650141056
46263,32.63297180500037,1115.2599999992524,894.9612631161615
46264,32.63297180500037,1115.2799999992524,894.9658611227466
46265,32.63297180500037,1115.2999999992523,894.9704590338603
46266,32.63297180500037,1115.3199999992523,894.975056849502
46267,32.63297180500037,1115.3399999992523,894.9796545696713
46268,32.63297180500037,1115.3599999992523,894.9842521943675
46269,32.63297180500037,1115.3799999992523,894.9888497235901
46270,32.63297180500037,1115.3999999992523,894.9934471573384
46271,32.63297180500037,1115.4199999992522,894.998044495612
46272,32.63297180500037,1115.4399999992522,895.0026417384103
46273,32.63297180500037,1115.4599999992522,895.0072388857326
46274,32.63297180500037,1115.4799999992522,895.0118359375784
46275,32.63297180500037,1115.4999999992522,895.0164328939472
46276,32.63297180500037,1115.5199999992521,895.0210297548384
46277,32.63297180500037,1115.5399999992521,895.0256265202514
46278,32.63297180500037,1115.559999999252,895.0302231901857
46279,32.63297180500037,1115.579999999252,895.0348197646406
46280,32.63297180500037,1115.599999999252,895.0394162436156
46281,32.63297180500037,1115.619999999252,895.0440126271102
46282,32.63297180500037,1115.639999999252,895.0486089151236
46283,32.63297180500037,1115.659999999252,895.0532051076555
46284,32.63297180500037,1115.679999999252,895.0578012047051
46285,32.63297180500037,1115.699999999252,895.0623972062721
46286,32.63297180500037,1115.719999999252,895.0669931123557
46287,32.63297180500037,1115.739999999252,895.0715889229554
46288,32.63297180500037,1115.759999999252,895.0761846380706
46289,32.63297180500037,1115.779999999252,895.0807802577008
46290,32.63297180500037,1115.799999999252,895.0853757818454
46291,32.63297180500037,1115.8199999992519,895.0899712105038
46292,32.63297180500037,1115.8399999992519,895.0945665436755
46293,32.63297180500037,1115.8599999992518,895.0991617813598
46294,32.63297180500037,1115.8799999992518,895.1037569235563
46295,32.63297180500037,1115.8999999992518,895.1083519702643
46296,32.63297180500037,1115.9199999992518,895.1129469215317
46297,32.63297180500037,1115.9399999992518,895.1175417774537
46298,32.63297180500037,1115.9599999992517,895.1221365380347
46299,32.63297180500037,1115.9799999992517,895.1267312032744
46300,32.63297180500037,1115.9999999992517,895.1313257731722
46301,32.63297180500037,1116.0199999992517,895.1359202477274
46302,32.63297180500037,1116.0399999992517,895.1405146269395
46303,32.63297180500037,1116.0599999992517,895.145108910808
46304,32.63297180500037,1116.0799999992516,895.1497030993322
46305,32.63297180500037,1116.0999999992516,895.1542971925116
46306,32.63297180500037,1116.1199999992516,895.1588911903457
46307,32.63297180500037,1116.1399999992516,895.1634850928339
46308,32.63297180500037,1116.1599999992516,895.1680788999755
46309,32.63297180500037,1116.1799999992515,895.17267261177
46310,32.63297180500037,1116.1999999992515,895.1772662282169
46311,32.63297180500037,1116.2199999992515,895.1818597493157
46312,32.63297180500037,1116.2399999992515,895.1864531750656
46313,32.63297180500037,1116.2599999992515,895.1910465054661
46314,32.63297180500037,1116.2799999992515,895.1956397405168
46315,32.63297180500037,1116.2999999992514,895.200232880217
46316,32.63297180500037,1116.3199999992514,895.2048259245661
46317,32.63297180500037,1116.3399999992514,895.2094188735635
46318,32.63297180500037,1116.3599999992514,895.2140117272089
46319,32.63297180500037,1116.3799999992514,895.2186044855015
46320,32.63297180500037,1116.3999999992513,895.2231971484407
46321,32.63297180500037,1116.4199999992513,895.227789716026
46322,32.63297180500037,1116.4399999992513,895.2323821882569
46323,32.63297180500037,1116.4599999992513,895.2369745651328
46324,32.63297180500037,1116.4799999992513,895.241566846653
46325,32.63297180500037,1116.4999999992513,895.2461590328171
46326,32.63297180500037,1116.5199999992512,895.2507511236245
46327,32.63297180500037,1116.5399999992512,895.2553431190745
46328,32.63297180500037,1116.5599999992512,895.2599350191666
46329,32.63297180500037,1116.5799999992512,895.2645268239004
46330,32.63297180500037,1116.5999999992512,895.2691185332751
46331,32.63297180500037,1116.6199999992511,895.2737101472902
46332,32.63297180500037,1116.6399999992511,895.2783016659453
46333,32.63297180500037,1116.659999999251,895.2828930892396
46334,32.63297180500037,1116.679999999251,895.2874844171725
46335,32.63297180500037,1116.699999999251,895.2920756497437
46336,32.63297180500037,1116.719999999251,895.2966667869524
46337,32.63297180500037,1116.739999999251,895.3012578287982
46338,32.63297180500037,1116.759999999251,895.3058487752803
46339,32.63297180500037,1116.779999999251,895.3104396263984
46340,32.63297180500037,1116.799999999251,895.3150303821518
46341,32.63297180500037,1116.819999999251,895.3196210425399
46342,32.63297180500037,1116.839999999251,895.3242116075622
46343,32.63297180500037,1116.859999999251,895.3288020772181
46344,32.63297180500037,1116.879999999251,895.333392451507
46345,32.63297180500037,1116.899999999251,895.3379827304285
46346,32.63297180500037,1116.9199999992509,895.3425729139818
46347,32.63297180500037,1116.9399999992509,895.3471630022258
46348,32.63297180500037,1116.9599999992508,895.3517529952516
46349,32.590061758740845,1116.9799999992508,895.3563428930622
46350,32.590061758740845,1116.9999999992508,895.3609326956572
46351,32.590061758740845,1117.0199999992508,895.3655224030359
46352,32.590061758740845,1117.0399999992508,895.3701120151978
46353,32.590061758740845,1117.0599999992507,895.3747015321425
46354,32.590061758740845,1117.0799999992507,895.3792909538691
46355,32.590061758740845,1117.0999999992507,895.3838802803774
46356,32.590061758740845,1117.1199999992507,895.3884695116667
46357,32.590061758740845,1117.1399999992507,895.3930586477364
46358,32.590061758740845,1117.1599999992507,895.397647688586
46359,32.590061758740845,1117.1799999992506,895.4022366342149
46360,32.590061758740845,1117.1999999992506,895.4068254846226
46361,32.590061758740845,1117.2199999992506,895.4114142398084
46362,32.590061758740845,1117.2399999992506,895.4160028997719
46363,32.590061758740845,1117.2599999992506,895.4205914645125
46364,32.590061758740845,1117.2799999992505,895.4251799340298
46365,32.590061758740845,1117.2999999992505,895.4297683083229
46366,32.590061758740845,1117.3199999992505,895.4343565873914
46367,32.590061758740845,1117.3399999992505,895.4389447712349
46368,32.590061758740845,1117.3599999992505,895.4435328598527
46369,32.590061758740845,1117.3799999992505,895.4481208532442
46370,32.590061758740845,1117.3999999992504,895.4527087514089
46371,32.590061758740845,1117.4199999992504,895.4572965543463
46372,32.590061758740845,1117.4399999992504,895.4618842620557
46373,32.590061758740845,1117.4599999992504,895.4664718745368
46374,32.590061758740845,1117.4799999992504,895.4710593917888
46375,32.590061758740845,1117.4999999992503,895.4756468138112
46376,32.590061758740845,1117.5199999992503,895.4802341406034
46377,32.590061758740845,1117.5399999992503,895.484821372165
46378,32.590061758740845,1117.5599999992503,895.4894085084953
46379,32.590061758740845,1117.5799999992503,895.4939955495939
46380,32.590061758740845,1117.5999999992503,895.4985824954601
46381,32.590061758740845,1117.6199999992502,895.5031693460934
46382,32.590061758740845,1117.6399999992502,895.5077561014932
46383,32.590061758740845,1117.6599999992502,895.512342761659
46384,32.590061758740845,1117.6799999992502,895.5169293265902
46385,32.590061758740845,1117.6999999992502,895.5215157962863
46386,32.590061758740845,1117.7199999992501,895.5261021707466
46387,32.590061758740845,1117.7399999992501,895.5306884499707
46388,32.590061758740845,1117.75999999925,895.5352746339581
46389,32.590061758740845,1117.77999999925,895.5398607227081
46390,32.590061758740845,1117.79999999925,895.5444467162201
46391,32.590061758740845,1117.81999999925,895.5490326144937
46392,32.590061758740845,1117.83999999925,895.5536184175284
46393,32.590061758740845,1117.85999999925,895.5582041253233
46394,32.590061758740845,1117.87999999925,895.5627897378781
46395,32.590061758740845,1117.89999999925,895.5673752551922
46396,32.590061758740845,1117.91999999925,895.5719606772651
46397,32.590061758740845,1117.93999999925,895.5765460040963
46398,32.590061758740845,1117.95999999925,895.5811312357459
46399,32.590061758740845,1117.97999999925,895.5857163722891
46400,32.590061758740845,1117.99999999925,895.5903014137266
46401,32.590061758740845,1118.0199999992499,895.5948863600579
46402,32.590061758740845,1118.0399999992499,895.5994712112825
46403,32.590061758740845,1118.0599999992498,895.6040559674
46404,32.590061758740845,1118.0799999992498,895.6086406284096
46405,32.590061758740845,1118.0999999992498,895.6132251943109
46406,32.590061758740845,1118.1199999992498,895.6178096651032
46407,32.590061758740845,1118.1399999992498,895.622394040786
46408,32.590061758740845,1118.1599999992497,895.6269783213589
46409,32.590061758740845,1118.1799999992497,895.6315625068212
46410,32.590061758740845,1118.1999999992497,895.6361465971723
46411,32.590061758740845,1118.2199999992497,895.6407305924118
46412,32.590061758740845,1118.2399999992497,895.6453144925391
46413,32.590061758740845,1118.2599999992497,895.6498982975536
46414,32.590061758740845,1118.2799999992496,895.6544820074547
46415,32.590061758740845,1118.2999999992496,895.6590656222419
46416,32.590061758740845,1118.3199999992496,895.6636491419146
46417,32.590061758740845,1118.3399999992496,895.6682325664723
46418,32.590061758740845,1118.3599999992496,895.6728158959144
46419,32.590061758740845,1118.3799999992495,895.6773991302404
46420,32.590061758740845,1118.3999999992495,895.6819822694497
46421,32.590061758740845,1118.4199999992495,895.6865653135418
46422,32.590061758740845,1118.4399999992495,895.6911482625161
46423,32.590061758740845,1118.4599999992495,895.695731116372
46424,32.590061758740845,1118.4799999992495,895.7003138751091
46425,32.590061758740845,1118.4999999992494,895.7048965387268
46426,32.590061758740845,1118.5199999992494,895.7094791072244
46427,32.590061758740845,1118.5399999992494,895.7140615806015
46428,32.590061758740845,1118.5599999992494,895.7186439588575
46429,32.590061758740845,1118.5799999992494,895.7232262419917
46430,32.590061758740845,1118.5999999992493,895.7278084300037
46431,32.590061758740845,1118.6199999992493,895.7323905228931
46432,32.590061758740845,1118.6399999992493,895.736972520659
46433,32.590061758740845,1118.6599999992493,895.7415544233012
46434,32.590061758740845,1118.6799999992493,895.7461362308188
46435,32.590061758740845,1118.6999999992493,895.7507179432115
46436,32.590061758740845,1118.7199999992492,895.7552995604786
46437,32.590061758740845,1118.7399999992492,895.7598810826197
46438,32.590061758740845,1118.7599999992492,895.7644625096341
46439,32.590061758740845,1118.7799999992492,895.7690438415212
46440,32.590061758740845,1118.7999999992492,895.7736250782806
46441,32.590061758740845,1118.8199999992491,895.7782062199117
46442,32.590061758740845,1118.8399999992491,895.7827872664138
46443,32.590061758740845,1118.859999999249,895.7873682177866
46444,32.590061758740845,1118.879999999249,895.7919490740294
46445,32.590061758740845,1118.899999999249,895.7965298351417
46446,32.590061758740845,1118.919999999249,895.8011105011228
46447,32.590061758740845,1118.939999999249,895.8056910719723
46448,32.590061758740845,1118.959999999249,895.8102715476897
46449,32.590061758740845,1118.979999999249,895.8148519283478
46450,32.590061758740845,1118.999999999249,895.8194322140192
46451,32.590061758740845,1119.019999999249,895.8240124047035
46452,32.590061758740845,1119.039999999249,895.8285925004
46453,32.590061758740845,1119.059999999249,895.8331725011082
46454,32.590061758740845,1119.079999999249,895.8377524068275
46455,32.590061758740845,1119.099999999249,895.8423322175573
46456,32.590061758740845,1119.1199999992489,895.8469119332973
46457,32.590061758740845,1119.1399999992489,895.8514915540467
46458,32.590061758740845,1119.1599999992488,895.856071079805
46459,32.590061758740845,1119.1799999992488,895.8606505105718
46460,32.590061758740845,1119.1999999992488,895.8652298463463
46461,32.590061758740845,1119.2199999992488,895.8698090871281
46462,32.590061758740845,1119.2399999992488,895.8743882329168
46463,32.590061758740845,1119.2599999992487,895.8789672837115
46464,32.590061758740845,1119.2799999992487,895.8835462395119
46465,32.590061758740845,1119.2999999992487,895.8881251003174
46466,32.590061758740845,1119.3199999992487,895.8927038661275
46467,32.590061758740845,1119.3399999992487,895.8972825369415
46468,32.590061758740845,1119.3599999992487,895.9018611127589
46469,32.590061758740845,1119.3799999992486,895.9064395935792
46470,32.590061758740845,1119.3999999992486,895.9110179794019
46471,32.590061758740845,1119.4199999992486,895.9155962702263
46472,32.590061758740845,1119.4399999992486,895.9201744660519
46473,32.590061758740845,1119.4599999992486,895.9247525668782
46474,32.590061758740845,1119.4799999992485,895.9293305727047
46475,32.590061758740845,1119.4999999992485,895.9339084835307
46476,32.590061758740845,1119.5199999992485,895.9384862993558
46477,32.590061758740845,1119.5399999992485,895.9430640201792
46478,32.590061758740845,1119.5599999992485,895.9476416460006
46479,32.590061758740845,1119.5799999992485,895.9522191768194
46480,32.590061758740845,1119.5999999992484,895.9567966126351
46481,32.590061758740845,1119.6199999992484,895.961373953447
46482,32.590061758740845,1119.6399999992484,895.9659511992546
46483,32.590061758740845,1119.6599999992484,895.9705283500574
46484,32.590061758740845,1119.6799999992484,895.9751054058548
46485,32.590061758740845,1119.6999999992483,895.9796823666463
46486,32.590061758740845,1119.7199999992483,895.9842592324313
46487,32.590061758740845,1119.7399999992483,895.9888360032093
46488,32.590061758740845,1119.7599999992483,895.9934126789797
46489,32.590061758740845,1119.7799999992483,895.9979892597419
46490,32.590061758740845,1119.7999999992483,896.0025657454954
46491,32.590061758740845,1119.8199999992482,896.0071421362397
46492,32.590061758740845,1119.8399999992482,896.0117184319743
46493,32.590061758740845,1119.8599999992482,896.0162946326984
46494,32.590061758740845,1119.8799999992482,896.0208707384118
46495,32.590061758740845,1119.8999999992482,896.0254467491136
46496,32.590061758740845,1119.9199999992481,896.0300226648035
46497,32.590061758740845,1119.9399999992481,896.0345984854808
46498,32.590061758740845,1119.959999999248,896.0391742111451
46499,32.590061758740845,1119.979999999248,896.0437498417975
46500,32.590061758740845,1119.999999999248,896.048325377518
46501,32.590061758740845,1120.019999999248,896.0529008183707
46502,32.590061758740845,1120.039999999248,896.0574761643551
46503,32.590061758740845,1120.059999999248,896.0620514154706
46504,32.590061758740845,1120.079999999248,896.0666265717167
46505,32.590061758740845,1120.099999999248,896.0712016330928
46506,32.590061758740845,1120.119999999248,896.0757765995983
46507,32.590061758740845,1120.139999999248,896.0803514712328
46508,32.590061758740845,1120.159999999248,896.0849262479957
46509,32.590061758740845,1120.179999999248,896.0895009298864
46510,32.590061758740845,1120.199999999248,896.0940755169044
46511,32.590061758740845,1120.2199999992479,896.098650009049
46512,32.590061758740845,1120.2399999992479,896.1032244063199
46513,32.590061758740845,1120.2599999992478,896.1077987087165
46514,32.590061758740845,1120.2799999992478,896.1123729162381
46515,32.590061758740845,1120.2999999992478,896.1169470288843
46516,32.590061758740845,1120.3199999992478,896.1215210466545
46517,32.590061758740845,1120.3399999992478,896.1260949695481
46518,32.590061758740845,1120.3599999992477,896.1306687975647
46519,32.590061758740845,1120.3799999992477,896.1352425307035
46520,32.590061758740845,1120.3999999992477,896.1398161689642
46521,32.590061758740845,1120.4199999992477,896.1443897123462
46522,32.590061758740845,1120.4399999992477,896.1489631608489
46523,32.590061758740845,1120.4599999992477,896.1535365144717
46524,32.590061758740845,1120.4799999992476,896.1581097732142
46525,32.590061758740845,1120.4999999992476,896.1626829370757
46526,32.590061758740845,1120.5199999992476,896.1672560060557
46527,32.590061758740845,1120.5399999992476,896.1718289801537
46528,32.590061758740845,1120.5599999992476,896.1764018593691
46529,32.590061758740845,1120.5799999992475,896.1809746437015
46530,32.590061758740845,1120.5999999992475,896.1855473331501
46531,32.590061758740845,1120.6199999992475,896.1901199277146
46532,32.590061758740845,1120.6399999992475,896.1946924273943
46533,32.590061758740845,1120.6599999992475,896.1992648321888
46534,32.590061758740845,1120.6799999992475,896.2038371420973
46535,32.590061758740845,1120.6999999992474,896.2084093571194
46536,32.590061758740845,1120.7199999992474,896.2129814772546
46537,32.590061758740845,1120.7399999992474,896.2175535025023
46538,32.590061758740845,1120.7599999992474,896.2221254328618
46539,32.590061758740845,1120.7799999992474,896.2266972683328
46540,32.590061758740845,1120.7999999992473,896.2312690089148
46541,32.590061758740845,1120.8199999992473,896.2358406546069
46542,32.590061758740845,1120.8399999992473,896.2404122054089
46543,32.590061758740845,1120.8599999992473,896.2449836613201
46544,32.590061758740845,1120.8799999992473,896.24955502234
46545,32.590061758740845,1120.8999999992473,896.254126288468
46546,32.590061758740845,1120.9199999992472,896.2586974597035
46547,32.590061758740845,1120.9399999992472,896.2632685360461
46548,32.590061758740845,1120.9599999992472,896.2678395174952
46549,32.590061758740845,1120.9799999992472,896.2724104040502
46550,32.590061758740845,1120.9999999992472,896.2769811957141
46551,32.590061758740845,1121.0199999992471,896.2815518925754
46552,32.590061758740845,1121.0399999992471,896.2861224946904
46553,32.590061758740845,1121.059999999247,896.2906930020584
46554,32.590061758740845,1121.079999999247,896.2952634146791
46555,32.590061758740845,1121.099999999247,896.2998337325517
46556,32.590061758740845,1121.119999999247,896.3044039556759
46557,32.590061758740845,1121.139999999247,896.3089740840509
46558,32.590061758740845,1121.159999999247,896.3135441176763
46559,32.590061758740845,1121.179999999247,896.3181140565516
46560,32.590061758740845,1121.199999999247,896.3226839006761
46561,32.590061758740845,1121.219999999247,896.3272536500493
46562,32.590061758740845,1121.239999999247,896.3318233046708
46563,32.590061758740845,1121.259999999247,896.3363928645399
46564,32.590061758740845,1121.279999999247,896.340962329656
46565,32.590061758740845,1121.299999999247,896.3455317000187
46566,32.590061758740845,1121.3199999992469,896.3501009756274
46567,32.590061758740845,1121.3399999992469,896.3546701564815
46568,32.590061758740845,1121.3599999992468,896.3592392425804
46569,32.590061758740845,1121.3799999992468,896.3638082339238
46570,32.590061758740845,1121.3999999992468,896.3683771305109
46571,32.590061758740845,1121.4199999992468,896.3729459323413
46572,32.590061758740845,1121.4399999992468,896.3775146394144
46573,32.590061758740845,1121.4599999992467,896.3820832517296
46574,32.590061758740845,1121.4799999992467,896.3866517692863
46575,32.590061758740845,1121.4999999992467,896.3912201920842
46576,32.590061758740845,1121.5199999992467,896.3957885201226
46577,32.590061758740845,1121.5399999992467,896.4003567534008
46578,32.590061758740845,1121.5599999992467,896.4049248919185
46579,32.590061758740845,1121.5799999992466,896.4094929356751
46580,32.590061758740845,1121.5999999992466,896.4140608846699
46581,32.590061758740845,1121.6199999992466,896.4186287389025
46582,32.590061758740845,1121.6399999992466,896.4231964983722
46583,32.590061758740845,1121.6599999992466,896.4277641630787
46584,32.590061758740845,1121.6799999992465,896.4323317330212
46585,32.590061758740845,1121.6999999992465,896.4368992081993
46586,32.590061758740845,1121.7199999992465,896.4414665886125
46587,32.590061758740845,1121.7399999992465,896.44603387426
46588,32.590061758740845,1121.7599999992465,896.4506010651415
46589,32.590061758740845,1121.7799999992465,896.4551681612563
46590,32.590061758740845,1121.7999999992464,896.4597351626039
46591,32.590061758740845,1121.8199999992464,896.4643020691839
46592,32.590061758740845,1121.8399999992464,896.4688688809955
46593,32.590061758740845,1121.8599999992464,896.4734355980383
46594,32.590061758740845,1121.8799999992464,896.4780022203117
46595,32.590061758740845,1121.8999999992463,896.4825687478152
46596,32.590061758740845,1121.9199999992463,896.4871351805482
46597,32.590061758740845,1121.9399999992463,896.4917015185101
46598,32.590061758740845,1121.9599999992463,896.4962677617006
46599,32.590061758740845,1121.9799999992463,896.5008339101188
46600,32.590061758740845,1121.9999999992463,896.5053999637644
46601,32.547245669565626,1122.0199999992462,896.5099659226422
46602,32.547245669565626,1122.0399999992462,896.5145317868497
46603,32.547245669565626,1122.0599999992462,896.5190975564357
46604,32.547245669565626,1122.0799999992462,896.5236632313994
46605,32.547245669565626,1122.0999999992462,896.5282288117404
46606,32.547245669565626,1122.1199999992461,896.5327942974582
46607,32.547245669565626,1122.1399999992461,896.5373596885521
46608,32.547245669565626,1122.159999999246,896.5419249850218
46609,32.547245669565626,1122.179999999246,896.5464901868665
46610,32.547245669565626,1122.199999999246,896.5510552940859
46611,32.547245669565626,1122.219999999246,896.5556203066793
46612,32.547245669565626,1122.239999999246,896.5601852246461
46613,32.547245669565626,1122.259999999246,896.564750047986
46614,32.547245669565626,1122.279999999246,896.5693147766982
46615,32.547245669565626,1122.299999999246,896.5738794107824
46616,32.547245669565626,1122.319999999246,896.5784439502379
46617,32.547245669565626,1122.339999999246,896.5830083950642
46618,32.547245669565626,1122.359999999246,896.5875727452608
46619,32.547245669565626,1122.379999999246,896.592137000827
46620,32.547245669565626,1122.399999999246,896.5967011617626
46621,32.547245669565626,1122.4199999992459,896.6012652280667
46622,32.547245669565626,1122.4399999992459,896.605829199739
46623,32.547245669565626,1122.4599999992458,896.6103930767788
46624,32.547245669565626,1122.4799999992458,896.6149568591857
46625,32.547245669565626,1122.4999999992458,896.6195205469589
46626,32.547245669565626,1122.5199999992458,896.6240841400981
46627,32.547245669565626,1122.5399999992458,896.6286476386028
46628,32.547245669565626,1122.5599999992457,896.6332110424723
46629,32.547245669565626,1122.5799999992457,896.6377743517062
46630,32.547245669565626,1122.5999999992457,896.6423375663038
46631,32.547245669565626,1122.6199999992457,896.6469006862648
46632,32.547245669565626,1122.6399999992457,896.6514637115883
46633,32.547245669565626,1122.6599999992457,896.6560266422741
46634,32.547245669565626,1122.6799999992456,896.6605894783215
46635,32.547245669565626,1122.6999999992456,896.66515221973
46636,32.547245669565626,1122.7199999992456,896.669714866499
46637,32.547245669565626,1122.7399999992456,896.6742774186281
46638,32.547245669565626,1122.7599999992456,896.6788398761166
46639,32.547245669565626,1122.7799999992455,896.683402238964
46640,32.547245669565626,1122.7999999992455,896.6879645071699
46641,32.547245669565626,1122.8199999992455,896.6925266807336
46642,32.547245669565626,1122.8399999992455,896.6970887596547
46643,32.547245669565626,1122.8599999992455,896.7016507439324
46644,32.547245669565626,1122.8799999992455,896.7062126335665
46645,32.547245669565626,1122.8999999992454,896.7107744285562
46646,32.547245669565626,1122.9199999992454,896.7153361289011
46647,32.547245669565626,1122.9399999992454,896.7198977346005
46648,32.547245669565626,1122.9599999992454,896.7244592456541
46649,32.547245669565626,1122.9799999992454,896.7290206620612
46650,32.547245669565626,1122.9999999992453,896.7335819838213
46651,32.547245669565626,1123.0199999992453,896.7381432109338
46652,32.547245669565626,1123.0399999992453,896.7427043434047
46653,32.547245669565626,1123.0599999992453,896.7472653813287
46654,32.547245669565626,1123.0799999992453,896.7518263247415
46655,32.547245669565626,1123.0999999992453,896.7563871736425
46656,32.547245669565626,1123.1199999992452,896.7609479280311
46657,32.547245669565626,1123.1399999992452,896.7655085879069
46658,32.547245669565626,1123.1599999992452,896.7700691532692
46659,32.547245669565626,1123.1799999992452,896.7746296241176
46660,32.547245669565626,1123.1999999992452,896.7791900004514
46661,32.547245669565626,1123.2199999992451,896.7837502822703
46662,32.547245669565626,1123.2399999992451,896.7883104695735
46663,32.547245669565626,1123.259999999245,896.7928705623606
46664,32.547245669565626,1123.279999999245,896.797430560631
46665,32.547245669565626,1123.299999999245,896.8019904643843
46666,32.547245669565626,1123.319999999245,896.8065502736198
46667,32.547245669565626,1123.339999999245,896.811109988337
46668,32.547245669565626,1123.359999999245,896.8156696085354
46669,32.547245669565626,1123.379999999245,896.8202291342143
46670,32.547245669565626,1123.399999999245,896.8247885653733
46671,32.547245669565626,1123.419999999245,896.8293479020119
46672,32.547245669565626,1123.439999999245,896.8339071441295
46673,32.547245669565626,1123.459999999245,896.8384662917256
46674,32.547245669565626,1123.479999999245,896.8430253447996
46675,32.547245669565626,1123.499999999245,896.8475843033509
46676,32.547245669565626,1123.5199999992449,896.852143167379
46677,32.547245669565626,1123.5399999992449,896.8567019368835
46678,32.547245669565626,1123.5599999992448,896.8612606118637
46679,32.547245669565626,1123.5799999992448,896.8658191923191
46680,32.547245669565626,1123.5999999992448,896.8703776782493
46681,32.547245669565626,1123.6199999992448,896.8749360696535
46682,32.547245669565626,1123.6399999992448,896.8794943665313
46683,32.547245669565626,1123.6599999992447,896.8840525688821
46684,32.547245669565626,1123.6799999992447,896.8886106767054
46685,32.547245669565626,1123.6999999992447,896.8931686900007
46686,32.547245669565626,1123.7199999992447,896.8977266087675
46687,32.547245669565626,1123.7399999992447,896.9022844330051
46688,32.547245669565626,1123.7599999992447,896.906842162713
46689,32.547245669565626,1123.7799999992446,896.9113997978908
46690,32.547245669565626,1123.7999999992446,896.9159573385379
46691,32.547245669565626,1123.8199999992446,896.9205147846536
46692,32.547245669565626,1123.8399999992446,896.9250721362375
46693,32.547245669565626,1123.8599999992446,896.929629393289
46694,32.547245669565626,1123.8799999992445,896.9341865558076
46695,32.547245669565626,1123.8999999992445,896.9387436237928
46696,32.547245669565626,1123.9199999992445,896.9433005972439
46697,32.547245669565626,1123.9399999992445,896.9478574761606
46698,32.547245669565626,1123.9599999992445,896.9524142605421
46699,32.547245669565626,1123.9799999992445,896.956970950388
46700,32.547245669565626,1123.9999999992444,896.9615275456978
46701,32.547245669565626,1124.0199999992444,896.9660840464709
46702,32.547245669565626,1124.0399999992444,896.9706404527067
46703,32.547245669565626,1124.0599999992444,896.9751967644133
46704,32.547245669565626,1124.0799999992444,896.9797529816973
46705,32.547245669565626,1124.0999999992443,896.9843091045876
46706,32.547245669565626,1124.1199999992443,896.9888651330838
46707,32.547245669565626,1124.1399999992443,896.9934210671852
46708,32.547245669565626,1124.1599999992443,896.9979769068914
46709,32.547245669565626,1124.1799999992443,897.0025326522018
46710,32.547245669565626,1124.1999999992443,897.0070883031159
46711,32.547245669565626,1124.2199999992442,897.0116438596331
46712,32.547245669565626,1124.2399999992442,897.0161993217529
46713,32.547245669565626,1124.2599999992442,897.0207546894748
46714,32.547245669565626,1124.2799999992442,897.0253099627981
46715,32.547245669565626,1124.2999999992442,897.0298651417226
46716,32.547245669565626,1124.3199999992441,897.0344202262473
46717,32.547245669565626,1124.3399999992441,897.038975216372
46718,32.547245669565626,1124.359999999244,897.0435301120962
46719,32.547245669565626,1124.379999999244,897.0480849134191
46720,32.547245669565626,1124.399999999244,897.0526396203403
46721,32.547245669565626,1124.419999999244,897.0571942328593
46722,32.547245669565626,1124.439999999244,897.0617487509754
46723,32.547245669565626,1124.459999999244,897.0663031746883
46724,32.547245669565626,1124.479999999244,897.0708575039973
46725,32.547245669565626,1124.499999999244,897.075411738902
46726,32.547245669565626,1124.519999999244,897.0799658794016
46727,32.547245669565626,1124.539999999244,897.0845199254958
46728,32.547245669565626,1124.559999999244,897.089073877184
46729,32.547245669565626,1124.579999999244,897.0936277344656
46730,32.547245669565626,1124.599999999244,897.0981814973401
46731,32.547245669565626,1124.6199999992439,897.102735165807
46732,32.547245669565626,1124.6399999992439,897.1072887398657
46733,32.547245669565626,1124.6599999992438,897.1118422195157
46734,32.547245669565626,1124.6799999992438,897.1163956047563
46735,32.547245669565626,1124.6999999992438,897.1209488955873
46736,32.547245669565626,1124.7199999992438,897.1255020920079
46737,32.547245669565626,1124.7399999992438,897.1300551940176
46738,32.547245669565626,1124.7599999992437,897.134608201616
46739,32.547245669565626,1124.7799999992437,897.1391611148024
46740,32.547245669565626,1124.7999999992437,897.1437139335764
46741,32.547245669565626,1124.8199999992437,897.1482666579373
46742,32.547245669565626,1124.8399999992437,897.1528192878845
46743,32.547245669565626,1124.8599999992437,897.1573718234177
46744,32.547245669565626,1124.8799999992436,897.1619242645363
46745,32.547245669565626,1124.8999999992436,897.1664766112398
46746,32.547245669565626,1124.9199999992436,897.1710288635275
46747,32.547245669565626,1124.9399999992436,897.1755810213989
46748,32.547245669565626,1124.9599999992436,897.1801330848535
46749,32.547245669565626,1124.9799999992435,897.1846850538909
46750,32.547245669565626,1124.9999999992435,897.1892369285104
46751,32.547245669565626,1125.0199999992435,897.1937887087114
46752,32.547245669565626,1125.0399999992435,897.1983403944935
46753,32.547245669565626,1125.0599999992435,897.2028919858561
46754,32.547245669565626,1125.0799999992435,897.207443482809
46755,32.547245669565626,1125.0999999992434,897.2119948854656
46756,32.547245669565626,1125.1199999992434,897.2165461938464
46757,32.547245669565626,1125.1399999992434,897.2210974079508
46758,32.547245669565626,1125.1599999992434,897.2256485277782
46759,32.547245669565626,1125.1799999992434,897.2301995533281
46760,32.547245669565626,1125.1999999992433,897.2347504846001
46761,32.547245669565626,1125.2199999992433,897.2393013215935
46762,32.547245669565626,1125.2399999992433,897.2438520643079
46763,32.547245669565626,1125.2599999992433,897.2484027127427
46764,32.547245669565626,1125.2799999992433,897.2529532668974
46765,32.547245669565626,1125.2999999992433,897.2575037267713
46766,32.547245669565626,1125.3199999992432,897.2620540923641
46767,32.547245669565626,1125.3399999992432,897.2666043636751
46768,32.547245669565626,1125.3599999992432,897.2711545407038
46769,32.547245669565626,1125.3799999992432,897.2757046234498
46770,32.547245669565626,1125.3999999992432,897.2802546119124
46771,32.547245669565626,1125.4199999992431,897.2848045060911
46772,32.547245669565626,1125.4399999992431,897.2893543059854
46773,32.547245669565626,1125.459999999243,897.2939040115947
46774,32.547245669565626,1125.479999999243,897.2984536229185
46775,32.547245669565626,1125.499999999243,897.3030031399563
46776,32.547245669565626,1125.519999999243,897.3075525627075
46777,32.547245669565626,1125.539999999243,897.3121018911717
46778,32.547245669565626,1125.559999999243,897.3166511253481
46779,32.547245669565626,1125.579999999243,897.3212002652365
46780,32.547245669565626,1125.599999999243,897.3257493108362
46781,32.547245669565626,1125.619999999243,897.3302982621466
46782,32.547245669565626,1125.639999999243,897.3348471191672
46783,32.547245669565626,1125.659999999243,897.3393958818975
46784,32.547245669565626,1125.679999999243,897.343944550337
46785,32.547245669565626,1125.699999999243,897.3484931244851
46786,32.547245669565626,1125.7199999992429,897.3530416043412
46787,32.547245669565626,1125.7399999992429,897.3575899899049
46788,32.547245669565626,1125.7599999992428,897.3621382811756
46789,32.547245669565626,1125.7799999992428,897.3666864781528
46790,32.547245669565626,1125.7999999992428,897.3712345808359
46791,32.547245669565626,1125.8199999992428,897.3757825892244
46792,32.547245669565626,1125.8399999992428,897.3803305033179
46793,32.547245669565626,1125.8599999992427,897.3848783231156
46794,32.547245669565626,1125.8799999992427,897.3894260486171
46795,32.547245669565626,1125.8999999992427,897.3939736798219
46796,32.547245669565626,1125.9199999992427,897.3985212167294
46797,32.547245669565626,1125.9399999992427,897.403068659339
46798,32.547245669565626,1125.9599999992427,897.4076160076504
46799,32.547245669565626,1125.9799999992426,897.4121632616628
46800,32.547245669565626,1125.9999999992426,897.4167104213759
46801,32.547245669565626,1126.0199999992426,897.421257486789
46802,32.547245669565626,1126.0399999992426,897.4258044579017
46803,32.547245669565626,1126.0599999992426,897.4303513347132
46804,32.547245669565626,1126.0799999992425,897.4348981172233
46805,32.547245669565626,1126.0999999992425,897.4394448054435
46806,32.547245669565626,1126.1199999992425,897.4439913994969
46807,32.547245669565626,1126.1399999992425,897.4485378993958
46808,32.547245669565626,1126.1599999992425,897.4530843051396
46809,32.547245669565626,1126.1799999992425,897.4576306167277
46810,32.547245669565626,1126.1999999992424,897.4621768341595
46811,32.547245669565626,1126.2199999992424,897.4667229574347
46812,32.547245669565626,1126.2399999992424,897.4712689865527
46813,32.547245669565626,1126.2599999992424,897.4758149215128
46814,32.547245669565626,1126.2799999992424,897.4803607623146
46815,32.547245669565626,1126.2999999992423,897.4849065089576
46816,32.547245669565626,1126.3199999992423,897.4894521614411
46817,32.547245669565626,1126.3399999992423,897.4939977197647
46818,32.547245669565626,1126.3599999992423,897.4985431839278
46819,32.547245669565626,1126.3799999992423,897.50308855393
46820,32.547245669565626,1126.3999999992423,897.5076338297705
46821,32.547245669565626,1126.4199999992422,897.5121790114489
46822,32.547245669565626,1126.4399999992422,897.5167240989647
46823,32.547245669565626,1126.4599999992422,897.5212690923173
46824,32.547245669565626,1126.4799999992422,897.5258139915062
46825,32.547245669565626,1126.4999999992422,897.5303587965309
46826,32.547245669565626,1126.5199999992421,897.5349035073908
46827,32.547245669565626,1126.5399999992421,897.5394481240854
46828,32.547245669565626,1126.559999999242,897.5439926466141
46829,32.547245669565626,1126.579999999242,897.5485370749765
46830,32.547245669565626,1126.599999999242,897.5530814091719
46831,32.547245669565626,1126.619999999242,897.5576256491998
46832,32.547245669565626,1126.639999999242,897.5621697950598
46833,32.547245669565626,1126.659999999242,897.5667138467513
46834,32.547245669565626,1126.679999999242,897.5712578042737
46835,32.547245669565626,1126.699999999242,897.5758016676265
46836,32.547245669565626,1126.719999999242,897.5803454368091
46837,32.547245669565626,1126.739999999242,897.5848891118211
46838,32.547245669565626,1126.759999999242,897.5894326926618
46839,32.547245669565626,1126.779999999242,897.5939761793308
46840,32.547245669565626,1126.799999999242,897.5985195718274
46841,32.547245669565626,1126.8199999992419,897.6030628701512
46842,32.547245669565626,1126.8399999992419,897.6076060743018
46843,32.547245669565626,1126.8599999992418,897.6121491842783
46844,32.547245669565626,1126.8799999992418,897.6166922000805
46845,32.547245669565626,1126.8999999992418,897.6212351217076
46846,32.547245669565626,1126.9199999992418,897.6257779491593
46847,32.547245669565626,1126.9399999992418,897.6303206824349
46848,32.547245669565626,1126.9599999992417,897.6348633215339
46849,32.547245669565626,1126.9799999992417,897.6394058664558
46850,32.547245669565626,1126.9999999992417,897.6439483172
46851,32.547245669565626,1127.0199999992417,897.6484906737661
46852,32.547245669565626,1127.0399999992417,897.6530329361534
46853,32.547245669565626,1127.0599999992417,897.6575751043614
46854,32.504523249703155,1127.0799999992416,897.6621171783896
46855,32.504523249703155,1127.0999999992416,897.6666591582375
46856,32.504523249703155,1127.1199999992416,897.671201043925
46857,32.504523249703155,1127.1399999992416,897.675742835567
46858,32.504523249703155,1127.1599999992416,897.6802845331737
46859,32.504523249703155,1127.1799999992415,897.6848261367444
46860,32.504523249703155,1127.1999999992415,897.6893676462787
46861,32.504523249703155,1127.2199999992415,897.6939090617761
46862,32.504523249703155,1127.2399999992415,897.698450383236
46863,32.504523249703155,1127.2599999992415,897.7029916106579
46864,32.504523249703155,1127.2799999992415,897.7075327440414
46865,32.504523249703155,1127.2999999992414,897.7120737833857
46866,32.504523249703155,1127.3199999992414,897.7166147286905
46867,32.504523249703155,1127.3399999992414,897.7211555799552
46868,32.504523249703155,1127.3599999992414,897.7256963371792
46869,32.504523249703155,1127.3799999992414,897.7302370003621
46870,32.504523249703155,1127.3999999992413,897.7347775695033
46871,32.504523249703155,1127.4199999992413,897.7393180446023
46872,32.504523249703155,1127.4399999992413,897.7438584256587
46873,32.504523249703155,1127.4599999992413,897.7483987126718
46874,32.504523249703155,1127.4799999992413,897.7529389056411
46875,32.504523249703155,1127.4999999992413,897.7574790045662
46876,32.504523249703155,1127.5199999992412,897.7620190094465
46877,32.504523249703155,1127.5399999992412,897.7665589202815
46878,32.504523249703155,1127.5599999992412,897.7710987370705
46879,32.504523249703155,1127.5799999992412,897.7756384598132
46880,32.504523249703155,1127.5999999992412,897.7801780885089
46881,32.504523249703155,1127.6199999992411,897.7847176231572
46882,32.504523249703155,1127.6399999992411,897.7892570637576
46883,32.504523249703155,1127.659999999241,897.7937964103096
46884,32.504523249703155,1127.679999999241,897.7983356628125
46885,32.504523249703155,1127.699999999241,897.802874821266
46886,32.504523249703155,1127.719999999241,897.8074138856693
46887,32.504523249703155,1127.739999999241,897.8119528560221
46888,32.504523249703155,1127.759999999241,897.8164917323238
46889,32.504523249703155,1127.779999999241,897.8210305145739
46890,32.504523249703155,1127.799999999241,897.8255692027718
46891,32.504523249703155,1127.819999999241,897.8301077969171
46892,32.504523249703155,1127.839999999241,897.8346462970092
46893,32.504523249703155,1127.859999999241,897.8391847030475
46894,32.504523249703155,1127.879999999241,897.8437230150316
46895,32.504523249703155,1127.899999999241,897.848261232961
46896,32.504523249703155,1127.9199999992409,897.852799356835
46897,32.504523249703155,1127.9399999992409,897.8573373866533
46898,32.504523249703155,1127.9599999992408,897.8618753224152
46899,32.504523249703155,1127.9799999992408,897.8664131641203
46900,32.504523249703155,1127.9999999992408,897.870950911768
46901,32.504523249703155,1128.0199999992408,897.8754885653577
46902,32.504523249703155,1128.0399999992408,897.880026124889
46903,32.504523249703155,1128.0599999992407,897.8845635903614
46904,32.504523249703155,1128.0799999992407,897.8891009617743
46905,32.504523249703155,1128.0999999992407,897.8936382391272
46906,32.504523249703155,1128.1199999992407,897.8981754224195
46907,32.504523249703155,1128.1399999992407,897.9027125116779
46908,32.504523249703155,1128.1599999992407,897.9072495070029
46909,32.504523249703155,1128.1799999992406,897.9117864084021
46910,32.504523249703155,1128.1999999992406,897.916323215875
46911,32.504523249703155,1128.2199999992406,897.920859929421
46912,32.504523249703155,1128.2399999992406,897.9253965490398
46913,32.504523249703155,1128.2599999992406,897.9299330747307
46914,32.504523249703155,1128.2799999992405,897.9344695064932
46915,32.504523249703155,1128.2999999992405,897.9390058443267
46916,32.504523249703155,1128.3199999992405,897.9435420882309
46917,32.504523249703155,1128.3399999992405,897.9480782382051
46918,32.504523249703155,1128.3599999992405,897.9526142942487
46919,32.504523249703155,1128.3799999992405,897.9571502563614
46920,32.504523249703155,1128.3999999992404,897.9616861245426
46921,32.504523249703155,1128.4199999992404,897.9662218987917
46922,32.504523249703155,1128.4399999992404,897.9707575791082
46923,32.504523249703155,1128.4599999992404,897.9752931654915
46924,32.504523249703155,1128.4799999992404,897.9798286579412
46925,32.504523249703155,1128.4999999992403,897.9843640564568
46926,32.504523249703155,1128.5199999992403,897.9888993610376
46927,32.504523249703155,1128.5399999992403,897.9934345716833
46928,32.504523249703155,1128.5599999992403,897.9979696883933
46929,32.504523249703155,1128.5799999992403,898.0025047111669
46930,32.504523249703155,1128.5999999992403,898.0070396400038
46931,32.504523249703155,1128.6199999992402,898.0115744749033
46932,32.504523249703155,1128.6399999992402,898.0161092158651
46933,32.504523249703155,1128.6599999992402,898.0206438628884
46934,32.504523249703155,1128.6799999992402,898.0251784159728
46935,32.504523249703155,1128.6999999992402,898.0297128751179
46936,32.504523249703155,1128.7199999992401,898.034247240323
46937,32.504523249703155,1128.7399999992401,898.0387815115876
46938,32.504523249703155,1128.75999999924,898.0433156889112
46939,32.504523249703155,1128.77999999924,898.0478497722933
46940,32.504523249703155,1128.79999999924,898.0523837617333
46941,32.504523249703155,1128.81999999924,898.0569176572308
46942,32.504523249703155,1128.83999999924,898.0614514587852
46943,32.504523249703155,1128.85999999924,898.065985166396
46944,32.504523249703155,1128.87999999924,898.0705187800626
46945,32.504523249703155,1128.89999999924,898.0750522997845
46946,32.504523249703155,1128.91999999924,898.0795857255613
46947,32.504523249703155,1128.93999999924,898.0841190573923
46948,32.504523249703155,1128.95999999924,898.088652295277
46949,32.504523249703155,1128.97999999924,898.0931854392151
46950,32.504523249703155,1128.99999999924,898.0977184892058
46951,32.504523249703155,1129.0199999992399,898.1022514452487
46952,32.504523249703155,1129.0399999992399,898.1067843073432
46953,32.504523249703155,1129.0599999992398,898.1113170754888
46954,32.504523249703155,1129.0799999992398,898.1158497496851
46955,32.504523249703155,1129.0999999992398,898.1203823299314
46956,32.504523249703155,1129.1199999992398,898.1249148162273
46957,32.504523249703155,1129.1399999992398,898.1294472085722
46958,32.504523249703155,1129.1599999992397,898.1339795070026
46959,32.504523249703155,1129.1799999992397,898.1385117116175
46960,32.504523249703155,1129.1999999992397,898.1430438224235
46961,32.504523249703155,1129.2199999992397,898.1475758394198
46962,32.504523249703155,1129.2399999992397,898.1521077626061
46963,32.504523249703155,1129.2599999992397,898.1566395919818
46964,32.504523249703155,1129.2799999992396,898.1611713275464
46965,32.504523249703155,1129.2999999992396,898.1657029692994
46966,32.504523249703155,1129.3199999992396,898.1702345172403
46967,32.504523249703155,1129.3399999992396,898.1747659713684
46968,32.504523249703155,1129.3599999992396,898.1792973316834
46969,32.504523249703155,1129.3799999992395,898.1838285981847
46970,32.504523249703155,1129.3999999992395,898.1883597708718
46971,32.504523249703155,1129.4199999992395,898.192890849744
46972,32.504523249703155,1129.4399999992395,898.1974218348009
46973,32.504523249703155,1129.4599999992395,898.2019527260421
46974,32.504523249703155,1129.4799999992395,898.206483523467
46975,32.504523249703155,1129.4999999992394,898.211014227075
46976,32.504523249703155,1129.5199999992394,898.2155448368657
46977,32.504523249703155,1129.5399999992394,898.2200753528384
46978,32.504523249703155,1129.5599999992394,898.2246057749927
46979,32.504523249703155,1129.5799999992394,898.2291361033281
46980,32.504523249703155,1129.5999999992393,898.233666337844
46981,32.504523249703155,1129.6199999992393,898.23819647854
46982,32.504523249703155,1129.6399999992393,898.2427265254154
46983,32.504523249703155,1129.6599999992393,898.2472564784698
46984,32.504523249703155,1129.6799999992393,898.2517863377027
46985,32.504523249703155,1129.6999999992393,898.2563161031135
46986,32.504523249703155,1129.7199999992392,898.2608457747017
46987,32.504523249703155,1129.7399999992392,898.2653753524668
46988,32.504523249703155,1129.7599999992392,898.2699048364083
46989,32.504523249703155,1129.7799999992392,898.2744342265256
46990,32.504523249703155,1129.7999999992392,898.2789635228182
46991,32.504523249703155,1129.8199999992391,898.2834927252857
46992,32.504523249703155,1129.8399999992391,898.2880218339274
46993,32.504523249703155,1129.859999999239,898.2925508487428
46994,32.504523249703155,1129.879999999239,898.2970797697316
46995,32.504523249703155,1129.899999999239,898.301608596893
46996,32.504523249703155,1129.919999999239,898.3061373302265
46997,32.504523249703155,1129.939999999239,898.3106659697318
46998,32.504523249703155,1129.959999999239,898.3151945154082
46999,32.504523249703155,1129.979999999239,898.3197229672552
47000,32.504523249703155,1129.999999999239,898.3242513252723
47001,32.504523249703155,1130.019999999239,898.3287795894589
47002,32.504523249703155,1130.039999999239,898.3333077598146
47003,32.504523249703155,1130.059999999239,898.3378358363389
47004,32.504523249703155,1130.079999999239,898.3423638190311
47005,32.504523249703155,1130.099999999239,898.3468917078909
47006,32.504523249703155,1130.1199999992389,898.3514195029177
47007,32.504523249703155,1130.1399999992389,898.3559472041109
47008,32.504523249703155,1130.1599999992388,898.36047481147
47009,32.504523249703155,1130.1799999992388,898.36500232504
47010,32.504523249703155,1130.1999999992388,898.3695297449135
47011,32.504523249703155,1130.2199999992388,898.3740570710952
47012,32.504523249703155,1130.2399999992388,898.3785843035846
47013,32.504523249703155,1130.2599999992387,898.3831114423812
47014,32.504523249703155,1130.2799999992387,898.3876384874844
47015,32.504523249703155,1130.2999999992387,898.3921654388938
47016,32.504523249703155,1130.3199999992387,898.3966922966089
47017,32.504523249703155,1130.3399999992387,898.401219060629
47018,32.504523249703155,1130.3599999992387,898.4057457309538
47019,32.504523249703155,1130.3799999992386,898.4102723075825
47020,32.504523249703155,1130.3999999992386,898.4147987905149
47021,32.504523249703155,1130.4199999992386,898.4193251797502
47022,32.504523249703155,1130.4399999992386,898.4238514752881
47023,32.504523249703155,1130.4599999992386,898.428377677128
47024,32.504523249703155,1130.4799999992385,898.4329037852693
47025,32.504523249703155,1130.4999999992385,898.4374297997116
47026,32.504523249703155,1130.5199999992385,898.4419557204543
47027,32.504523249703155,1130.5399999992385,898.446481547497
47028,32.504523249703155,1130.5599999992385,898.451007280839
47029,32.504523249703155,1130.5799999992385,898.45553292048
47030,32.504523249703155,1130.5999999992384,898.4600584664192
47031,32.504523249703155,1130.6199999992384,898.4645839186563
47032,32.504523249703155,1130.6399999992384,898.4691092771908
47033,32.504523249703155,1130.6599999992384,898.4736345420221
47034,32.504523249703155,1130.6799999992384,898.4781597131496
47035,32.504523249703155,1130.6999999992383,898.4826847905729
47036,32.504523249703155,1130.7199999992383,898.4872097742914
47037,32.504523249703155,1130.7399999992383,898.4917346643047
47038,32.504523249703155,1130.7599999992383,898.4962594606121
47039,32.504523249703155,1130.7799999992383,898.5007841632133
47040,32.504523249703155,1130.7999999992383,898.5053087721077
47041,32.504523249703155,1130.8199999992382,898.5098332872947
47042,32.504523249703155,1130.8399999992382,898.5143577087738
47043,32.504523249703155,1130.8599999992382,898.5188820365445
47044,32.504523249703155,1130.8799999992382,898.5234062706063
47045,32.504523249703155,1130.8999999992382,898.5279304109587
47046,32.504523249703155,1130.9199999992381,898.5324544576011
47047,32.504523249703155,1130.9399999992381,898.5369784105332
47048,32.504523249703155,1130.959999999238,898.5415022697541
47049,32.504523249703155,1130.979999999238,898.5460260352636
47050,32.504523249703155,1130.999999999238,898.5505497070611
47051,32.504523249703155,1131.019999999238,898.5550732851461
47052,32.504523249703155,1131.039999999238,898.5595967695181
47053,32.504523249703155,1131.059999999238,898.5641201601763
47054,32.504523249703155,1131.079999999238,898.5686434571206
47055,32.504523249703155,1131.099999999238,898.5731666603502
47056,32.504523249703155,1131.119999999238,898.5776897698647
47057,32.504523249703155,1131.139999999238,898.5822127856636
47058,32.504523249703155,1131.159999999238,898.5867357077462
47059,32.504523249703155,1131.179999999238,898.5912585361123
47060,32.504523249703155,1131.199999999238,898.5957812708165
47061,32.504523249703155,1131.2199999992379,898.6003039119469
47062,32.504523249703155,1131.2399999992379,898.6048264595066
47063,32.504523249703155,1131.2599999992378,898.6093489134952
47064,32.504523249703155,1131.2799999992378,898.6138712739121
47065,32.504523249703155,1131.2999999992378,898.6183935407568
47066,32.504523249703155,1131.3199999992378,898.6229157140286
47067,32.504523249703155,1131.3399999992378,898.6274377937273
47068,32.504523249703155,1131.3599999992377,898.6319597798521
47069,32.504523249703155,1131.3799999992377,898.6364816724026
47070,32.504523249703155,1131.3999999992377,898.6410034713783
47071,32.504523249703155,1131.4199999992377,898.6455251767787
47072,32.504523249703155,1131.4399999992377,898.6500467886033
47073,32.504523249703155,1131.4599999992377,898.6545683068514
47074,32.504523249703155,1131.4799999992376,898.6590897315226
47075,32.504523249703155,1131.4999999992376,898.6636110626164
47076,32.504523249703155,1131.5199999992376,898.6681323001322
47077,32.504523249703155,1131.5399999992376,898.6726534440696
47078,32.504523249703155,1131.5599999992376,898.6771744944281
47079,32.504523249703155,1131.5799999992375,898.681695451207
47080,32.504523249703155,1131.5999999992375,898.686216314406
47081,32.504523249703155,1131.6199999992375,898.6907370840244
47082,32.504523249703155,1131.6399999992375,898.6952577600617
47083,32.504523249703155,1131.6599999992375,898.6997783425174
47084,32.504523249703155,1131.6799999992375,898.7042988313912
47085,32.504523249703155,1131.6999999992374,898.7088192266822
47086,32.504523249703155,1131.7199999992374,898.7133395283901
47087,32.504523249703155,1131.7399999992374,898.7178597365144
47088,32.504523249703155,1131.7599999992374,898.7223798510545
47089,32.504523249703155,1131.7799999992374,898.7268998720099
47090,32.504523249703155,1131.7999999992373,898.7314197993801
47091,32.504523249703155,1131.8199999992373,898.7359396331645
47092,32.504523249703155,1131.8399999992373,898.7404593733628
47093,32.504523249703155,1131.8599999992373,898.7449790199743
47094,32.504523249703155,1131.8799999992373,898.7494985729984
47095,32.504523249703155,1131.8999999992373,898.7540180324347
47096,32.504523249703155,1131.9199999992372,898.7585373982827
47097,32.504523249703155,1131.9399999992372,898.7630566705418
47098,32.504523249703155,1131.9599999992372,898.7675758492115
47099,32.504523249703155,1131.9799999992372,898.7720949342914
47100,32.504523249703155,1131.9999999992372,898.7766139257809
47101,32.504523249703155,1132.0199999992371,898.7811328236794
47102,32.504523249703155,1132.0399999992371,898.7856516279865
47103,32.504523249703155,1132.059999999237,898.7901703387015
47104,32.504523249703155,1132.079999999237,898.7946889558241
47105,32.504523249703155,1132.099999999237,898.7992074793536
47106,32.504523249703155,1132.119999999237,898.8037259092897
47107,32.504523249703155,1132.139999999237,898.8082442456317
47108,32.46189421251406,1132.159999999237,898.8127624883792
47109,32.46189421251406,1132.179999999237,898.8172806375316
47110,32.46189421251406,1132.199999999237,898.8217986930883
47111,32.46189421251406,1132.219999999237,898.8263166551127
47112,32.46189421251406,1132.239999999237,898.8308345236853
47113,32.46189421251406,1132.259999999237,898.8353522988076
47114,32.46189421251406,1132.279999999237,898.839869980479
47115,32.46189421251406,1132.299999999237,898.844387568699
47116,32.46189421251406,1132.3199999992369,898.848905063467
47117,32.46189421251406,1132.3399999992369,898.8534224647826
47118,32.46189421251406,1132.3599999992368,898.8579397726453
47119,32.46189421251406,1132.3799999992368,898.8624569870545
47120,32.46189421251406,1132.3999999992368,898.8669741080099
47121,32.46189421251406,1132.4199999992368,898.8714911355108
47122,32.46189421251406,1132.4399999992368,898.8760080695567
47123,32.46189421251406,1132.4599999992367,898.8805249101473
47124,32.46189421251406,1132.4799999992367,898.8850416572818
47125,32.46189421251406,1132.4999999992367,898.8895583109598
47126,32.46189421251406,1132.5199999992367,898.8940748711809
47127,32.46189421251406,1132.5399999992367,898.8985913379445
47128,32.46189421251406,1132.5599999992367,898.9031077112501
47129,32.46189421251406,1132.5799999992366,898.9076239910971
47130,32.46189421251406,1132.5999999992366,898.9121401774852
47131,32.46189421251406,1132.6199999992366,898.9166562704138
47132,32.46189421251406,1132.6399999992366,898.9211722698824
47133,32.46189421251406,1132.6599999992366,898.9256881758904
47134,32.46189421251406,1132.6799999992365,898.9302039884374
47135,32.46189421251406,1132.6999999992365,898.9347197075228
47136,32.46189421251406,1132.7199999992365,898.9392353331463
47137,32.46189421251406,1132.7399999992365,898.943750865307
47138,32.46189421251406,1132.7599999992365,898.9482663040047
47139,32.46189421251406,1132.7799999992365,898.9527816492389
47140,32.46189421251406,1132.7999999992364,898.9572969010089
47141,32.46189421251406,1132.8199999992364,898.9618120593144
47142,32.46189421251406,1132.8399999992364,898.9663271241548
47143,32.46189421251406,1132.8599999992364,898.9708420955295
47144,32.46189421251406,1132.8799999992364,898.9753569734381
47145,32.46189421251406,1132.8999999992363,898.9798717578801
47146,32.46189421251406,1132.9199999992363,898.984386448855
47147,32.46189421251406,1132.9399999992363,898.9889010463622
47148,32.46189421251406,1132.9599999992363,898.9934155504013
47149,32.46189421251406,1132.9799999992363,898.9979299609718
47150,32.46189421251406,1132.9999999992363,899.002444278073
47151,32.46189421251406,1133.0199999992362,899.0069585017046
47152,32.46189421251406,1133.0399999992362,899.011472631866
47153,32.46189421251406,1133.0599999992362,899.0159866685567
47154,32.46189421251406,1133.0799999992362,899.0205006117762
47155,32.46189421251406,1133.0999999992362,899.025014461524
47156,32.46189421251406,1133.1199999992361,899.0295282177997
47157,32.46189421251406,1133.1399999992361,899.0340418806026
47158,32.46189421251406,1133.159999999236,899.0385554499322
47159,32.46189421251406,1133.179999999236,899.0430689257881
47160,32.46189421251406,1133.199999999236,899.0475823081698
47161,32.46189421251406,1133.219999999236,899.0520955970768
47162,32.46189421251406,1133.239999999236,899.056608792576
47163,32.46189421251406,1133.259999999236,899.0611218947358
47164,32.46189421251406,1133.279999999236,899.0656349035561
47165,32.46189421251406,1133.299999999236,899.0701478190363
47166,32.46189421251406,1133.319999999236,899.0746606411759
47167,32.46189421251406,1133.339999999236,899.0791733699745
47168,32.46189421251406,1133.359999999236,899.0836860054313
47169,32.46189421251406,1133.379999999236,899.0881985475461
47170,32.46189421251406,1133.399999999236,899.0927109963183
47171,32.46189421251406,1133.4199999992359,899.0972233517473
47172,32.46189421251406,1133.4399999992359,899.1017356138326
47173,32.46189421251406,1133.4599999992358,899.1062477825737
47174,32.46189421251406,1133.4799999992358,899.1107598579703
47175,32.46189421251406,1133.4999999992358,899.1152718400216
47176,32.46189421251406,1133.5199999992358,899.1197837287272
47177,32.46189421251406,1133.5399999992358,899.1242955240866
47178,32.46189421251406,1133.5599999992357,899.1288072260993
47179,32.46189421251406,1133.5799999992357,899.1333188347649
47180,32.46189421251406,1133.5999999992357,899.1378303500826
47181,32.46189421251406,1133.6199999992357,899.1423417720522
47182,32.46189421251406,1133.6399999992357,899.146853100673
47183,32.46189421251406,1133.6599999992357,899.1513643359445
47184,32.46189421251406,1133.6799999992356,899.1558754778664
47185,32.46189421251406,1133.6999999992356,899.160386526438
47186,32.46189421251406,1133.7199999992356,899.1648974816587
47187,32.46189421251406,1133.7399999992356,899.1694083435282
47188,32.46189421251406,1133.7599999992356,899.1739191120458
47189,32.46189421251406,1133.7799999992355,899.1784297872113
47190,32.46189421251406,1133.7999999992355,899.1829403690239
47191,32.46189421251406,1133.8199999992355,899.1874508574831
47192,32.46189421251406,1133.8399999992355,899.1919612525885
47193,32.46189421251406,1133.8599999992355,899.1964715543396
47194,32.46189421251406,1133.8799999992355,899.2009817627359
47195,32.46189421251406,1133.8999999992354,899.2054918777768
47196,32.46189421251406,1133.9199999992354,899.2100018994619
47197,32.46189421251406,1133.9399999992354,899.2145118277906
47198,32.46189421251406,1133.9599999992354,899.2190216627624
47199,32.46189421251406,1133.9799999992354,899.2235314043769
47200,32.46189421251406,1133.9999999992353,899.2280410526334
47201,32.46189421251406,1134.0199999992353,899.2325506075316
47202,32.46189421251406,1134.0399999992353,899.2370600690708
47203,32.46189421251406,1134.0599999992353,899.2415694372506
47204,32.46189421251406,1134.0799999992353,899.2460787120705
47205,32.46189421251406,1134.0999999992353,899.2505878935299
47206,32.46189421251406,1134.1199999992352,899.2550969816284
47207,32.46189421251406,1134.1399999992352,899.2596059763655
47208,32.46189421251406,1134.1599999992352,899.2641148777406
47209,32.46189421251406,1134.1799999992352,899.2686236857531
47210,32.46189421251406,1134.1999999992352,899.2731324004028
47211,32.46189421251406,1134.2199999992351,899.277641021689
47212,32.46189421251406,1134.2399999992351,899.2821495496127
47213,32.46189421251406,1134.259999999235,899.2866579842505
47214,32.46189421251406,1134.279999999235,899.2911663256659
47215,32.46189421251406,1134.299999999235,899.2956745738584
47216,32.46189421251406,1134.319999999235,899.3001827288274
47217,32.46189421251406,1134.339999999235,899.3046907905724
47218,32.46189421251406,1134.359999999235,899.309198759093
47219,32.46189421251406,1134.379999999235,899.3137066343885
47220,32.46189421251406,1134.399999999235,899.3182144164585
47221,32.46189421251406,1134.419999999235,899.3227221053025
47222,32.46189421251406,1134.439999999235,899.32722970092
47223,32.46189421251406,1134.459999999235,899.3317372033106
47224,32.46189421251406,1134.479999999235,899.3362446124736
47225,32.46189421251406,1134.499999999235,899.3407519284085
47226,32.46189421251406,1134.5199999992349,899.345259151115
47227,32.46189421251406,1134.5399999992349,899.3497662805923
47228,32.46189421251406,1134.5599999992348,899.3542733168402
47229,32.46189421251406,1134.5799999992348,899.3587802598581
47230,32.46189421251406,1134.5999999992348,899.3632871096454
47231,32.46189421251406,1134.6199999992348,899.3677938662016
47232,32.46189421251406,1134.6399999992348,899.3723005295262
47233,32.46189421251406,1134.6599999992347,899.3768070996188
47234,32.46189421251406,1134.6799999992347,899.3813135764788
47235,32.46189421251406,1134.6999999992347,899.3858199601057
47236,32.46189421251406,1134.7199999992347,899.390326250499
47237,32.46189421251406,1134.7399999992347,899.3948324476582
47238,32.46189421251406,1134.7599999992347,899.3993385515829
47239,32.46189421251406,1134.7799999992346,899.4038445622724
47240,32.46189421251406,1134.7999999992346,899.4083504797263
47241,32.46189421251406,1134.8199999992346,899.4128563039442
47242,32.46189421251406,1134.8399999992346,899.4173620349254
47243,32.46189421251406,1134.8599999992346,899.4218676726695
47244,32.46189421251406,1134.8799999992345,899.4263732171759
47245,32.46189421251406,1134.8999999992345,899.4308786684442
47246,32.46189421251406,1134.9199999992345,899.4353840264738
47247,32.46189421251406,1134.9399999992345,899.4398892912643
47248,32.46189421251406,1134.9599999992345,899.4443944628152
47249,32.46189421251406,1134.9799999992345,899.4488995411259
47250,32.46189421251406,1134.9999999992344,899.453404526196
47251,32.46189421251406,1135.0199999992344,899.4579094180249
47252,32.46189421251406,1135.0399999992344,899.462414216612
47253,32.46189421251406,1135.0599999992344,899.4669189219571
47254,32.46189421251406,1135.0799999992344,899.4714235340595
47255,32.46189421251406,1135.0999999992343,899.4759280529186
47256,32.46189421251406,1135.1199999992343,899.480432478534
47257,32.46189421251406,1135.1399999992343,899.4849368109053
47258,32.46189421251406,1135.1599999992343,899.4894410500318
47259,32.46189421251406,1135.1799999992343,899.4939451959132
47260,32.46189421251406,1135.1999999992343,899.4984492485488
47261,32.46189421251406,1135.2199999992342,899.5029532079382
47262,32.46189421251406,1135.2399999992342,899.5074570740809
47263,32.46189421251406,1135.2599999992342,899.5119608469795
47264,32.46189421251406,1135.2799999992342,899.5164645267175
47265,32.46189421251406,1135.2999999992342,899.52096811335
47266,32.46189421251406,1135.3199999992341,899.5254716068764
47267,32.46189421251406,1135.3399999992341,899.5299750072961
47268,32.46189421251406,1135.359999999234,899.5344783146088
47269,32.46189421251406,1135.379999999234,899.5389815288138
47270,32.46189421251406,1135.399999999234,899.5434846499107
47271,32.46189421251406,1135.419999999234,899.5479876778991
47272,32.46189421251406,1135.439999999234,899.5524906127782
47273,32.46189421251406,1135.459999999234,899.5569934545478
47274,32.46189421251406,1135.479999999234,899.5614962032072
47275,32.46189421251406,1135.499999999234,899.565998858756
47276,32.46189421251406,1135.519999999234,899.5705014211936
47277,32.46189421251406,1135.539999999234,899.5750038905196
47278,32.46189421251406,1135.559999999234,899.5795062667335
47279,32.46189421251406,1135.579999999234,899.5840085498347
47280,32.46189421251406,1135.599999999234,899.5885107398228
47281,32.46189421251406,1135.6199999992339,899.5930128366972
47282,32.46189421251406,1135.6399999992339,899.5975148404575
47283,32.46189421251406,1135.6599999992338,899.6020167511032
47284,32.46189421251406,1135.6799999992338,899.6065185686336
47285,32.46189421251406,1135.6999999992338,899.6110202930485
47286,32.46189421251406,1135.7199999992338,899.6155219243471
47287,32.46189421251406,1135.7399999992338,899.6200234625292
47288,32.46189421251406,1135.7599999992337,899.6245249075939
47289,32.46189421251406,1135.7799999992337,899.6290262595411
47290,32.46189421251406,1135.7999999992337,899.6335275183701
47291,32.46189421251406,1135.8199999992337,899.6380286840804
47292,32.46189421251406,1135.8399999992337,899.6425297566715
47293,32.46189421251406,1135.8599999992337,899.6470307361429
47294,32.46189421251406,1135.8799999992336,899.6515316224942
47295,32.46189421251406,1135.8999999992336,899.6560324157248
47296,32.46189421251406,1135.9199999992336,899.6605331158341
47297,32.46189421251406,1135.9399999992336,899.6650337228218
47298,32.46189421251406,1135.9599999992336,899.6695342366874
47299,32.46189421251406,1135.9799999992335,899.6740346574302
47300,32.46189421251406,1135.9999999992335,899.6785349850497
47301,32.46189421251406,1136.0199999992335,899.6830352195457
47302,32.46189421251406,1136.0399999992335,899.6875353609174
47303,32.46189421251406,1136.0599999992335,899.6920354091644
47304,32.46189421251406,1136.0799999992335,899.6965353642862
47305,32.46189421251406,1136.0999999992334,899.7010352262823
47306,32.46189421251406,1136.1199999992334,899.7055349951522
47307,32.46189421251406,1136.1399999992334,899.7100346708953
47308,32.46189421251406,1136.1599999992334,899.7145342535113
47309,32.46189421251406,1136.1799999992334,899.7190337429995
47310,32.46189421251406,1136.1999999992333,899.7235331393595
47311,32.46189421251406,1136.2199999992333,899.7280324425907
47312,32.46189421251406,1136.2399999992333,899.7325316526927
47313,32.46189421251406,1136.2599999992333,899.737030769665
47314,32.46189421251406,1136.2799999992333,899.7415297935121
47315,32.46189421251406,1136.2999999992333,899.7460287243262
47316,32.46189421251406,1136.3199999992332,899.7505275621548
47317,32.46189421251406,1136.3399999992332,899.7550263069976
47318,32.46189421251406,1136.3599999992332,899.759524958854
47319,32.46189421251406,1136.3799999992332,899.7640235177233
47320,32.46189421251406,1136.3999999992332,899.7685219836053
47321,32.46189421251406,1136.4199999992331,899.7730203564994
47322,32.46189421251406,1136.4399999992331,899.777518636405
47323,32.46189421251406,1136.459999999233,899.7820168233218
47324,32.46189421251406,1136.479999999233,899.7865149172491
47325,32.46189421251406,1136.499999999233,899.7910129181864
47326,32.46189421251406,1136.519999999233,899.7955108261333
47327,32.46189421251406,1136.539999999233,899.8000086410892
47328,32.46189421251406,1136.559999999233,899.8045063630537
47329,32.46189421251406,1136.579999999233,899.8090039920263
47330,32.46189421251406,1136.599999999233,899.8135015280063
47331,32.46189421251406,1136.619999999233,899.8179989709935
47332,32.46189421251406,1136.639999999233,899.822496320987
47333,32.46189421251406,1136.659999999233,899.8269935779867
47334,32.46189421251406,1136.679999999233,899.831490741992
47335,32.46189421251406,1136.699999999233,899.8359878130021
47336,32.46189421251406,1136.7199999992329,899.8404847910168
47337,32.46189421251406,1136.7399999992329,899.8449816760356
47338,32.46189421251406,1136.7599999992328,899.8494784680578
47339,32.46189421251406,1136.7799999992328,899.853975167083
47340,32.46189421251406,1136.7999999992328,899.8584717731108
47341,32.46189421251406,1136.8199999992328,899.8629682861405
47342,32.46189421251406,1136.8399999992328,899.8674647061716
47343,32.46189421251406,1136.8599999992327,899.8719610332038
47344,32.46189421251406,1136.8799999992327,899.8764572672364
47345,32.46189421251406,1136.8999999992327,899.8809534082691
47346,32.46189421251406,1136.9199999992327,899.8854494563012
47347,32.46189421251406,1136.9399999992327,899.8899454113323
47348,32.46189421251406,1136.9599999992327,899.8944412733618
47349,32.46189421251406,1136.9799999992326,899.8989370423893
47350,32.46189421251406,1136.9999999992326,899.9034327184143
47351,32.46189421251406,1137.0199999992326,899.9079283014362
47352,32.46189421251406,1137.0399999992326,899.9124237914546
47353,32.46189421251406,1137.0599999992326,899.9169191884688
47354,32.46189421251406,1137.0799999992325,899.9214144924786
47355,32.46189421251406,1137.0999999992325,899.9259097034833
47356,32.46189421251406,1137.1199999992325,899.9304048214824
47357,32.46189421251406,1137.1399999992325,899.9348998464754
47358,32.46189421251406,1137.1599999992325,899.9393947784619
47359,32.46189421251406,1137.1799999992325,899.9438896174412
47360,32.46189421251406,1137.1999999992324,899.948384363413
47361,32.46189421251406,1137.2199999992324,899.9528790163766
47362,32.4193582724858,1137.2399999992324,899.9573735763317
47363,32.4193582724858,1137.2599999992324,899.9618680432777
47364,32.4193582724858,1137.2799999992324,899.9663624172141
47365,32.4193582724858,1137.2999999992323,899.970856698147
47366,32.4193582724858,1137.3199999992323,899.9753508861746
47367,32.4193582724858,1137.3399999992323,899.9798449813354
47368,32.4193582724858,1137.3599999992323,899.9843389836291
47369,32.4193582724858,1137.3799999992323,899.9888328930549
47370,32.4193582724858,1137.3999999992323,899.9933267096126
47371,32.4193582724858,1137.4199999992322,899.9978204333015
47372,32.4193582724858,1137.4399999992322,900.0023140642191
47373,32.4193582724858,1137.4599999992322,900.0068076032064
47374,32.4193582724858,1137.4799999992322,900.0113010503454
47375,32.4193582724858,1137.4999999992322,900.0157944056358
47376,32.4193582724858,1137.5199999992321,900.0202876690772
47377,32.4193582724858,1137.5399999992321,900.0247808406691
47378,32.4193582724858,1137.559999999232,900.0292739204111
47379,32.4193582724858,1137.579999999232,900.0337669083028
47380,32.4193582724858,1137.599999999232,900.0382598043439
47381,32.4193582724858,1137.619999999232,900.0427526085336
47382,32.4193582724858,1137.639999999232,900.0472453208719
47383,32.4193582724858,1137.659999999232,900.0517379413582
47384,32.4193582724858,1137.679999999232,900.056230469992
47385,32.4193582724858,1137.699999999232,900.060722906773
47386,32.4193582724858,1137.719999999232,900.0652152517007
47387,32.4193582724858,1137.739999999232,900.0697075047747
47388,32.4193582724858,1137.759999999232,900.0741996659946
47389,32.4193582724858,1137.779999999232,900.0786917353598
47390,32.4193582724858,1137.7999999992319,900.0831837128702
47391,32.4193582724858,1137.8199999992319,900.0876755985252
47392,32.4193582724858,1137.8399999992318,900.0921673923243
47393,32.4193582724858,1137.8599999992318,900.0966590942671
47394,32.4193582724858,1137.8799999992318,900.1011507043534
47395,32.4193582724858,1137.8999999992318,900.1056422225824
47396,32.4193582724858,1137.9199999992318,900.110133648954
47397,32.4193582724858,1137.9399999992318,900.1146249834677
47398,32.4193582724858,1137.9599999992317,900.119116226123
47399,32.4193582724858,1137.9799999992317,900.1236073769195
47400,32.4193582724858,1137.9999999992317,900.1280984358567
47401,32.4193582724858,1138.0199999992317,900.1325894029343
47402,32.4193582724858,1138.0399999992317,900.1370802781519
47403,32.4193582724858,1138.0599999992316,900.1415710615089
47404,32.4193582724858,1138.0799999992316,900.146061753005
47405,32.4193582724858,1138.0999999992316,900.1505523526398
47406,32.4193582724858,1138.1199999992316,900.1550428604129
47407,32.4193582724858,1138.1399999992316,900.1595332763238
47408,32.4193582724858,1138.1599999992316,900.1640236003722
47409,32.4193582724858,1138.1799999992315,900.1685138325574
47410,32.4193582724858,1138.1999999992315,900.1730039728792
47411,32.4193582724858,1138.2199999992315,900.1774940213371
47412,32.4193582724858,1138.2399999992315,900.1819839779307
47413,32.4193582724858,1138.2599999992315,900.1864738426596
47414,32.4193582724858,1138.2799999992314,900.1909636155233
47415,32.4193582724858,1138.2999999992314,900.1954532965215
47416,32.4193582724858,1138.3199999992314,900.1999428856614
47417,32.4193582724858,1138.3399999992314,900.2044323830406
47418,32.4193582724858,1138.3599999992314,900.2089217886873
47419,32.4193582724858,1138.3799999992314,900.2134111026011
47420,32.4193582724858,1138.3999999992313,900.2179003247813
47421,32.4193582724858,1138.4199999992313,900.2223894552278
47422,32.4193582724858,1138.4399999992313,900.22687849394
47423,32.4193582724858,1138.4599999992313,900.2313674409176
47424,32.4193582724858,1138.4799999992313,900.2358562961599
47425,32.4193582724858,1138.4999999992312,900.2403450596668
47426,32.4193582724858,1138.5199999992312,900.2448337314377
47427,32.4193582724858,1138.5399999992312,900.2493223114722
47428,32.4193582724858,1138.5599999992312,900.2538107997698
47429,32.4193582724858,1138.5799999992312,900.2582991963302
47430,32.4193582724858,1138.5999999992312,900.262787501153
47431,32.4193582724858,1138.6199999992311,900.2672757142377
47432,32.4193582724858,1138.6399999992311,900.2717638355839
47433,32.4193582724858,1138.659999999231,900.2762518651912
47434,32.4193582724858,1138.679999999231,900.2807398030591
47435,32.4193582724858,1138.699999999231,900.2852276491872
47436,32.4193582724858,1138.719999999231,900.2897154035751
47437,32.4193582724858,1138.739999999231,900.2942030662224
47438,32.4193582724858,1138.759999999231,900.2986906371286
47439,32.4193582724858,1138.779999999231,900.3031781162935
47440,32.4193582724858,1138.799999999231,900.3076655037163
47441,32.4193582724858,1138.819999999231,900.3121527993968
47442,32.4193582724858,1138.839999999231,900.3166400033347
47443,32.4193582724858,1138.859999999231,900.3211271155293
47444,32.4193582724858,1138.879999999231,900.3256141359803
47445,32.4193582724858,1138.8999999992309,900.3301010646874
47446,32.4193582724858,1138.9199999992309,900.33458790165
47447,32.4193582724858,1138.9399999992308,900.3390746468677
47448,32.4193582724858,1138.9599999992308,900.3435613003402
47449,32.4193582724858,1138.9799999992308,900.348047862067
47450,32.4193582724858,1138.9999999992308,900.3525343320476
47451,32.4193582724858,1139.0199999992308,900.3570207102817
47452,32.4193582724858,1139.0399999992308,900.3615069967689
47453,32.4193582724858,1139.0599999992307,900.3659931915086
47454,32.4193582724858,1139.0799999992307,900.3704792945005
47455,32.4193582724858,1139.0999999992307,900.3749653057441
47456,32.4193582724858,1139.1199999992307,900.3794512252391
47457,32.4193582724858,1139.1399999992307,900.383937052985
47458,32.4193582724858,1139.1599999992306,900.3884227889813
47459,32.4193582724858,1139.1799999992306,900.3929084332277
47460,32.4193582724858,1139.1999999992306,900.3973939857237
47461,32.4193582724858,1139.2199999992306,900.401879446469
47462,32.4193582724858,1139.2399999992306,900.406364815463
47463,32.4193582724858,1139.2599999992306,900.4108500927053
47464,32.4193582724858,1139.2799999992305,900.4153352781957
47465,32.4193582724858,1139.2999999992305,900.4198203719335
47466,32.4193582724858,1139.3199999992305,900.4243053739184
47467,32.4193582724858,1139.3399999992305,900.4287902841598
47468,32.4193582724858,1139.3599999992305,900.4332751027671
47469,32.4193582724858,1139.3799999992304,900.4377598297613
47470,32.4193582724858,1139.3999999992304,900.442244465142
47471,32.4193582724858,1139.4199999992304,900.4467290089088
47472,32.4193582724858,1139.4399999992304,900.4512134610613
47473,32.4193582724858,1139.4599999992304,900.4556978215992
47474,32.4193582724858,1139.4799999992304,900.4601820905219
47475,32.4193582724858,1139.4999999992303,900.4646662678291
47476,32.4193582724858,1139.5199999992303,900.4691503535203
47477,32.4193582724858,1139.5399999992303,900.4736343475951
47478,32.4193582724858,1139.5599999992303,900.478118250053
47479,32.4193582724858,1139.5799999992303,900.4826020608937
47480,32.4193582724858,1139.5999999992302,900.4870857801167
47481,32.4193582724858,1139.6199999992302,900.4915694077216
47482,32.4193582724858,1139.6399999992302,900.496052943708
47483,32.4193582724858,1139.6599999992302,900.5005363880756
47484,32.4193582724858,1139.6799999992302,900.5050197408237
47485,32.4193582724858,1139.6999999992302,900.5095030019521
47486,32.4193582724858,1139.7199999992301,900.5139861714604
47487,32.4193582724858,1139.7399999992301,900.518469249348
47488,32.4193582724858,1139.75999999923,900.5229522356145
47489,32.4193582724858,1139.77999999923,900.5274351302596
47490,32.4193582724858,1139.79999999923,900.5319179332829
47491,32.4193582724858,1139.81999999923,900.5364006446839
47492,32.4193582724858,1139.83999999923,900.5408832644622
47493,32.4193582724858,1139.85999999923,900.5453657926173
47494,32.4193582724858,1139.87999999923,900.5498482291489
47495,32.4193582724858,1139.89999999923,900.5543305740565
47496,32.4193582724858,1139.91999999923,900.5588128273397
47497,32.4193582724858,1139.93999999923,900.5632949889981
47498,32.4193582724858,1139.95999999923,900.5677770590313
47499,32.4193582724858,1139.97999999923,900.5722590374388
47500,32.4193582724858,1139.9999999992299,900.5767409242203
47501,32.4193582724858,1140.0199999992299,900.5812227193752
47502,32.4193582724858,1140.0399999992298,900.5857044229033
47503,32.4193582724858,1140.0599999992298,900.590186034804
47504,32.4193582724858,1140.0799999992298,900.594667555077
47505,32.4193582724858,1140.0999999992298,900.5991489837218
47506,32.4193582724858,1140.1199999992298,900.6036303207379
47507,32.4193582724858,1140.1399999992298,900.6081115661251
47508,32.4193582724858,1140.1599999992297,900.6125927198829
47509,32.4193582724858,1140.1799999992297,900.6170737820107
47510,32.4193582724858,1140.1999999992297,900.6215547525082
47511,32.4193582724858,1140.2199999992297,900.6260356313751
47512,32.4193582724858,1140.2399999992297,900.6305164186108
47513,32.4193582724858,1140.2599999992296,900.634997114215
47514,32.4193582724858,1140.2799999992296,900.6394777181872
47515,32.4193582724858,1140.2999999992296,900.6439582305271
47516,32.4193582724858,1140.3199999992296,900.6484386512342
47517,32.4193582724858,1140.3399999992296,900.652918980308
47518,32.4193582724858,1140.3599999992296,900.6573992177596
47519,32.4193582724858,1140.3799999992295,900.6618793637053
47520,32.4193582724858,1140.3999999992295,900.6663594181581
47521,32.4193582724858,1140.4199999992295,900.6708393811174
47522,32.4193582724858,1140.4399999992295,900.6753192525828
47523,32.4193582724858,1140.4599999992295,900.6797990325539
47524,32.4193582724858,1140.4799999992294,900.6842787210303
47525,32.4193582724858,1140.4999999992294,900.6887583180115
47526,32.4193582724858,1140.5199999992294,900.6932378234973
47527,32.4193582724858,1140.5399999992294,900.697717237487
47528,32.4193582724858,1140.5599999992294,900.7021965599804
47529,32.4193582724858,1140.5799999992294,900.706675790977
47530,32.4193582724858,1140.5999999992293,900.7111549304763
47531,32.4193582724858,1140.6199999992293,900.715633978478
47532,32.4193582724858,1140.6399999992293,900.7201129349816
47533,32.4193582724858,1140.6599999992293,900.7245917999867
47534,32.4193582724858,1140.6799999992293,900.7290705734929
47535,32.4193582724858,1140.6999999992292,900.7335492554998
47536,32.4193582724858,1140.7199999992292,900.7380278460071
47537,32.4193582724858,1140.7399999992292,900.7425063450141
47538,32.4193582724858,1140.7599999992292,900.7469847525207
47539,32.4193582724858,1140.7799999992292,900.7514630685263
47540,32.4193582724858,1140.7999999992292,900.7559412930304
47541,32.4193582724858,1140.8199999992291,900.7604194260327
47542,32.4193582724858,1140.8399999992291,900.7648974675328
47543,32.4193582724858,1140.859999999229,900.7693754175302
47544,32.4193582724858,1140.879999999229,900.7738532760246
47545,32.4193582724858,1140.899999999229,900.7783310430156
47546,32.4193582724858,1140.919999999229,900.7828087185026
47547,32.4193582724858,1140.939999999229,900.7872863024852
47548,32.4193582724858,1140.959999999229,900.7917637949631
47549,32.4193582724858,1140.979999999229,900.7962411959359
47550,32.4193582724858,1140.999999999229,900.8007185054031
47551,32.4193582724858,1141.019999999229,900.8051957233642
47552,32.4193582724858,1141.039999999229,900.809672849819
47553,32.4193582724858,1141.059999999229,900.814149884767
47554,32.4193582724858,1141.079999999229,900.8186268282077
47555,32.4193582724858,1141.0999999992289,900.8231036801408
47556,32.4193582724858,1141.1199999992289,900.8275804405657
47557,32.4193582724858,1141.1399999992288,900.8320571094822
47558,32.4193582724858,1141.1599999992288,900.8365336868898
47559,32.4193582724858,1141.1799999992288,900.841010172788
47560,32.4193582724858,1141.1999999992288,900.8454865671764
47561,32.4193582724858,1141.2199999992288,900.8499628700547
47562,32.4193582724858,1141.2399999992288,900.8544390814224
47563,32.4193582724858,1141.2599999992287,900.858915201279
47564,32.4193582724858,1141.2799999992287,900.8633912296243
47565,32.4193582724858,1141.2999999992287,900.8678671664577
47566,32.4193582724858,1141.3199999992287,900.8723430117789
47567,32.4193582724858,1141.3399999992287,900.8768187655874
47568,32.4193582724858,1141.3599999992286,900.8812944278827
47569,32.4193582724858,1141.3799999992286,900.8857699986836
47570,32.4193582724858,1141.3999999992286,900.8902454781038
47571,32.4193582724858,1141.4199999992286,900.8947208661535
47572,32.4193582724858,1141.4399999992286,900.8991961628324
47573,32.4193582724858,1141.4599999992286,900.90367136814
47574,32.4193582724858,1141.4799999992285,900.9081464820758
47575,32.4193582724858,1141.4999999992285,900.9126215046396
47576,32.4193582724858,1141.5199999992285,900.9170964358307
47577,32.4193582724858,1141.5399999992285,900.9215712756488
47578,32.4193582724858,1141.5599999992285,900.9260460240936
47579,32.4193582724858,1141.5799999992284,900.9305206811646
47580,32.4193582724858,1141.5999999992284,900.9349952468614
47581,32.4193582724858,1141.6199999992284,900.9394697211835
47582,32.4193582724858,1141.6399999992284,900.9439441041307
47583,32.4193582724858,1141.6599999992284,900.9484183957022
47584,32.4193582724858,1141.6799999992284,900.952892595898
47585,32.4193582724858,1141.6999999992283,900.9573667047174
47586,32.4193582724858,1141.7199999992283,900.9618407221601
47587,32.4193582724858,1141.7399999992283,900.9663146482256
47588,32.4193582724858,1141.7599999992283,900.9707884829137
47589,32.4193582724858,1141.7799999992283,900.9752622262238
47590,32.4193582724858,1141.7999999992282,900.9797358781555
47591,32.4193582724858,1141.8199999992282,900.9842094387083
47592,32.4193582724858,1141.8399999992282,900.9886829078819
47593,32.4193582724858,1141.8599999992282,900.9931562856758
47594,32.4193582724858,1141.8799999992282,900.9976295720897
47595,32.4193582724858,1141.8999999992282,901.0021027671232
47596,32.4193582724858,1141.9199999992281,901.0065758707758
47597,32.4193582724858,1141.9399999992281,901.011048883047
47598,32.4193582724858,1141.959999999228,901.0155218039365
47599,32.4193582724858,1141.979999999228,901.0199946334438
47600,32.4193582724858,1141.999999999228,901.0244673715687
47601,32.4193582724858,1142.019999999228,901.0289400183105
47602,32.4193582724858,1142.039999999228,901.033412573669
47603,32.4193582724858,1142.059999999228,901.0378850376436
47604,32.4193582724858,1142.079999999228,901.042357410234
47605,32.4193582724858,1142.099999999228,901.0468296914397
47606,32.4193582724858,1142.119999999228,901.0513018812604
47607,32.4193582724858,1142.139999999228,901.0557739796957
47608,32.4193582724858,1142.159999999228,901.060245986745
47609,32.4193582724858,1142.179999999228,901.064717902408
47610,32.4193582724858,1142.1999999992279,901.0691897266843
47611,32.4193582724858,1142.2199999992279,901.0736614595734
47612,32.4193582724858,1142.2399999992278,901.078133101075
47613,32.4193582724858,1142.2599999992278,901.0826046511885
47614,32.4193582724858,1142.2799999992278,901.0870761099136
47615,32.4193582724858,1142.2999999992278,901.09154747725
47616,32.4193582724858,1142.3199999992278,901.0960187531971
47617,32.4193582724858,1142.3399999992278,901.1004899377546
47618,32.4193582724858,1142.3599999992277,901.1049610309219
47619,32.4193582724858,1142.3799999992277,901.1094320326988
47620,32.4193582724858,1142.3999999992277,901.1139029431129
47621,32.4193582724858,1142.4199999992277,901.1183737622737
47622,32.37691514522714,1142.4399999992277,901.12284449019
47623,32.37691514522714,1142.4599999992276,901.1273151268614
47624,32.37691514522714,1142.4799999992276,901.1317856722874
47625,32.37691514522714,1142.4999999992276,901.1362561264675
47626,32.37691514522714,1142.5199999992276,901.1407264894015
47627,32.37691514522714,1142.5399999992276,901.1451967610889
47628,32.37691514522714,1142.5599999992276,901.1496669415293
47629,32.37691514522714,1142.5799999992275,901.1541370307223
47630,32.37691514522714,1142.5999999992275,901.1586070286673
47631,32.37691514522714,1142.6199999992275,901.1630769353642
47632,32.37691514522714,1142.6399999992275,901.1675467508123
47633,32.37691514522714,1142.6599999992275,901.1720164750114
47634,32.37691514522714,1142.6799999992274,901.1764861079611
47635,32.37691514522714,1142.6999999992274,901.1809556496609
47636,32.37691514522714,1142.7199999992274,901.1854251001103
47637,32.37691514522714,1142.7399999992274,901.189894459309
47638,32.37691514522714,1142.7599999992274,901.1943637272566
47639,32.37691514522714,1142.7799999992274,901.1988329039526
47640,32.37691514522714,1142.7999999992273,901.2033019893968
47641,32.37691514522714,1142.8199999992273,901.2077709835885
47642,32.37691514522714,1142.8399999992273,901.2122398865274
47643,32.37691514522714,1142.8599999992273,901.2167086982132
47644,32.37691514522714,1142.8799999992273,901.2211774186454
47645,32.37691514522714,1142.8999999992272,901.2256460478236
47646,32.37691514522714,1142.9199999992272,901.2301145857474
47647,32.37691514522714,1142.9399999992272,901.2345830324164
47648,32.37691514522714,1142.9599999992272,901.23905138783
47649,32.37691514522714,1142.9799999992272,901.2435196519881
47650,32.37691514522714,1142.9999999992272,901.2479878248901
47651,32.37691514522714,1143.0199999992271,901.2524559065356
47652,32.37691514522714,1143.0399999992271,901.2569238969243
47653,32.37691514522714,1143.059999999227,901.2613917960556
47654,32.37691514522714,1143.079999999227,901.2658596039292
47655,32.37691514522714,1143.099999999227,901.2703273205448
47656,32.37691514522714,1143.119999999227,901.2747949459017
47657,32.37691514522714,1143.139999999227,901.2792624799997
47658,32.37691514522714,1143.159999999227,901.2837299228385
47659,32.37691514522714,1143.179999999227,901.2881972744174
47660,32.37691514522714,1143.199999999227,901.2926645347361
47661,32.37691514522714,1143.219999999227,901.2971317037943
47662,32.37691514522714,1143.239999999227,901.3015987815916
47663,32.37691514522714,1143.259999999227,901.3060657681274
47664,32.37691514522714,1143.279999999227,901.3105326634013
47665,32.37691514522714,1143.2999999992269,901.314999467413
47666,32.37691514522714,1143.3199999992269,901.3194661801622
47667,32.37691514522714,1143.3399999992268,901.3239328016482
47668,32.37691514522714,1143.3599999992268,901.3283993318707
47669,32.37691514522714,1143.3799999992268,901.3328657708295
47670,32.37691514522714,1143.3999999992268,901.3373321185239
47671,32.37691514522714,1143.4199999992268,901.3417983749869
47672,32.37691514522714,1143.4399999992268,901.3462645403107
47673,32.37691514522714,1143.4599999992267,901.3507306145018
47674,32.37691514522714,1143.4799999992267,901.3551965975596
47675,32.37691514522714,1143.4999999992267,901.3596624894839
47676,32.37691514522714,1143.5199999992267,901.364128290274
47677,32.37691514522714,1143.5399999992267,901.3685939999298
47678,32.37691514522714,1143.5599999992266,901.3730596184506
47679,32.37691514522714,1143.5799999992266,901.3775251458362
47680,32.37691514522714,1143.5999999992266,901.3819905820861
47681,32.37691514522714,1143.6199999992266,901.3864559272
47682,32.37691514522714,1143.6399999992266,901.3909211811774
47683,32.37691514522714,1143.6599999992266,901.3953863440179
47684,32.37691514522714,1143.6799999992265,901.399851415721
47685,32.37691514522714,1143.6999999992265,901.4043163962863
47686,32.37691514522714,1143.7199999992265,901.4087812857135
47687,32.37691514522714,1143.7399999992265,901.4132460840023
47688,32.37691514522714,1143.7599999992265,901.417710791152
47689,32.37691514522714,1143.7799999992264,901.4221754071624
47690,32.37691514522714,1143.7999999992264,901.4266399320329
47691,32.37691514522714,1143.8199999992264,901.4311043657633
47692,32.37691514522714,1143.8399999992264,901.4355687083531
47693,32.37691514522714,1143.8599999992264,901.4400329598019
47694,32.37691514522714,1143.8799999992264,901.4444971201092
47695,32.37691514522714,1143.8999999992263,901.4489611892747
47696,32.37691514522714,1143.9199999992263,901.453425167298
47697,32.37691514522714,1143.9399999992263,901.4578890541785
47698,32.37691514522714,1143.9599999992263,901.462352849916
47699,32.37691514522714,1143.9799999992263,901.46681655451
47700,32.37691514522714,1143.9999999992262,901.4712801679602
47701,32.37691514522714,1144.0199999992262,901.4757436902661
47702,32.37691514522714,1144.0399999992262,901.4802071214273
47703,32.37691514522714,1144.0599999992262,901.4846704614433
47704,32.37691514522714,1144.0799999992262,901.4891337103138
47705,32.37691514522714,1144.0999999992262,901.4935968680384
47706,32.37691514522714,1144.1199999992261,901.4980599346165
47707,32.37691514522714,1144.1399999992261,901.502522910048
47708,32.37691514522714,1144.159999999226,901.5069857943323
47709,32.37691514522714,1144.179999999226,901.511448587469
47710,32.37691514522714,1144.199999999226,901.5159112894577
47711,32.37691514522714,1144.219999999226,901.520373900298
47712,32.37691514522714,1144.239999999226,901.5248364199894
47713,32.37691514522714,1144.259999999226,901.5292988485315
47714,32.37691514522714,1144.279999999226,901.5337611859242
47715,32.37691514522714,1144.299999999226,901.5382234321667
47716,32.37691514522714,1144.319999999226,901.5426855872587
47717,32.37691514522714,1144.339999999226,901.5471476511999
47718,32.37691514522714,1144.359999999226,901.5516096239899
47719,32.37691514522714,1144.379999999226,901.5560715056281
47720,32.37691514522714,1144.3999999992259,901.5605332961143
47721,32.37691514522714,1144.4199999992259,901.5649949954479
47722,32.37691514522714,1144.4399999992258,901.5694566036718
47723,32.37691514522714,1144.4599999992258,901.5739181208769
47724,32.37691514522714,1144.4799999992258,901.578379547068
47725,32.37691514522714,1144.4999999992258,901.5828408822449
47726,32.37691514522714,1144.5199999992258,901.587302126407
47727,32.37691514522714,1144.5399999992258,901.5917632795541
47728,32.37691514522714,1144.5599999992257,901.5962243416857
47729,32.37691514522714,1144.5799999992257,901.6006853128013
47730,32.37691514522714,1144.5999999992257,901.6051461929005
47731,32.37691514522714,1144.6199999992257,901.6096069819831
47732,32.37691514522714,1144.6399999992257,901.6140676800485
47733,32.37691514522714,1144.6599999992256,901.6185282870963
47734,32.37691514522714,1144.6799999992256,901.6229888031262
47735,32.37691514522714,1144.6999999992256,901.6274492281377
47736,32.37691514522714,1144.7199999992256,901.6319095621304
47737,32.37691514522714,1144.7399999992256,901.636369805104
47738,32.37691514522714,1144.7599999992256,901.6408299570579
47739,32.37691514522714,1144.7799999992255,901.6452900179919
47740,32.37691514522714,1144.7999999992255,901.6497499879055
47741,32.37691514522714,1144.8199999992255,901.6542098667982
47742,32.37691514522714,1144.8399999992255,901.6586696546697
47743,32.37691514522714,1144.8599999992255,901.6631293515195
47744,32.37691514522714,1144.8799999992254,901.6675889573473
47745,32.37691514522714,1144.8999999992254,901.6720484721527
47746,32.37691514522714,1144.9199999992254,901.6765078959353
47747,32.37691514522714,1144.9399999992254,901.6809672286946
47748,32.37691514522714,1144.9599999992254,901.6854264704302
47749,32.37691514522714,1144.9799999992254,901.6898856211418
47750,32.37691514522714,1144.9999999992253,901.6943446808289
47751,32.37691514522714,1145.0199999992253,901.698803649491
47752,32.37691514522714,1145.0399999992253,901.7032625271278
47753,32.37691514522714,1145.0599999992253,901.707721313739
47754,32.37691514522714,1145.0799999992253,901.712180009324
47755,32.37691514522714,1145.0999999992252,901.7166386138825
47756,32.37691514522714,1145.1199999992252,901.721097127414
47757,32.37691514522714,1145.1399999992252,901.7255555499182
47758,32.37691514522714,1145.1599999992252,901.7300138813947
47759,32.37691514522714,1145.1799999992252,901.734472121843
47760,32.37691514522714,1145.1999999992252,901.7389302712628
47761,32.37691514522714,1145.2199999992251,901.7433883296536
47762,32.37691514522714,1145.2399999992251,901.747846297015
47763,32.37691514522714,1145.259999999225,901.7523041733467
47764,32.37691514522714,1145.279999999225,901.7567619586481
47765,32.37691514522714,1145.299999999225,901.761219652919
47766,32.37691514522714,1145.319999999225,901.7656772561588
47767,32.37691514522714,1145.339999999225,901.7701347683673
47768,32.37691514522714,1145.359999999225,901.7745921895438
47769,32.37691514522714,1145.379999999225,901.7790495196881
47770,32.37691514522714,1145.399999999225,901.7835067587998
47771,32.37691514522714,1145.419999999225,901.7879639068785
47772,32.37691514522714,1145.439999999225,901.7924209639237
47773,32.37691514522714,1145.459999999225,901.7968779299865
47774,32.37691514522714,1145.479999999225,901.8013348051512
47775,32.37691514522714,1145.4999999992249,901.8057915894211
47776,32.37691514522714,1145.5199999992249,901.8102482827958
47777,32.37691514522714,1145.5399999992248,901.8147048852749
47778,32.37691514522714,1145.5599999992248,901.8191613968579
47779,32.37691514522714,1145.5799999992248,901.8236178175446
47780,32.37691514522714,1145.5999999992248,901.8280741473344
47781,32.37691514522714,1145.6199999992248,901.8325303862271
47782,32.37691514522714,1145.6399999992248,901.8369865342221
47783,32.37691514522714,1145.6599999992247,901.841442591319
47784,32.37691514522714,1145.6799999992247,901.8458985575176
47785,32.37691514522714,1145.6999999992247,901.8503544328173
47786,32.37691514522714,1145.7199999992247,901.8548102172177
47787,32.37691514522714,1145.7399999992247,901.8592659107186
47788,32.37691514522714,1145.7599999992246,901.8637215133193
47789,32.37691514522714,1145.7799999992246,901.8681770250196
47790,32.37691514522714,1145.7999999992246,901.872632445819
47791,32.37691514522714,1145.8199999992246,901.8770877757172
47792,32.37691514522714,1145.8399999992246,901.8815430147137
47793,32.37691514522714,1145.8599999992246,901.885998162808
47794,32.37691514522714,1145.8799999992245,901.89045322
47795,32.37691514522714,1145.8999999992245,901.8949081862891
47796,32.37691514522714,1145.9199999992245,901.8993630616749
47797,32.37691514522714,1145.9399999992245,901.9038178461569
47798,32.37691514522714,1145.9599999992245,901.9082725397349
47799,32.37691514522714,1145.9799999992244,901.9127271424084
47800,32.37691514522714,1145.9999999992244,901.9171816541769
47801,32.37691514522714,1146.0199999992244,901.9216360750402
47802,32.37691514522714,1146.0399999992244,901.9260904049977
47803,32.37691514522714,1146.0599999992244,901.9305446440491
47804,32.37691514522714,1146.0799999992244,901.9349987921939
47805,32.37691514522714,1146.0999999992243,901.9394528494319
47806,32.37691514522714,1146.1199999992243,901.9439068157625
47807,32.37691514522714,1146.1399999992243,901.9483606911854
47808,32.37691514522714,1146.1599999992243,901.9528144757
47809,32.37691514522714,1146.1799999992243,901.9572681693062
47810,32.37691514522714,1146.1999999992242,901.9617217720033
47811,32.37691514522714,1146.2199999992242,901.9661752837911
47812,32.37691514522714,1146.2399999992242,901.9706287046693
47813,32.37691514522714,1146.2599999992242,901.9750820346371
47814,32.37691514522714,1146.2799999992242,901.9795352736944
47815,32.37691514522714,1146.2999999992242,901.9839884218408
47816,32.37691514522714,1146.3199999992241,901.9884414790757
47817,32.37691514522714,1146.3399999992241,901.9928944453989
47818,32.37691514522714,1146.359999999224,901.9973473208098
47819,32.37691514522714,1146.379999999224,902.0018001053082
47820,32.37691514522714,1146.399999999224,902.0062527988936
47821,32.37691514522714,1146.419999999224,902.0107054015656
47822,32.37691514522714,1146.439999999224,902.0151579133237
47823,32.37691514522714,1146.459999999224,902.0196103341676
47824,32.37691514522714,1146.479999999224,902.024062664157
47825,32.37691514522714,1146.499999999224,902.0285149033699
47826,32.37691514522714,1146.519999999224,902.0329670518081
47827,32.37691514522714,1146.539999999224,902.0374191094711
47828,32.37691514522714,1146.559999999224,902.0418710763586
47829,32.37691514522714,1146.579999999224,902.0463229524701
47830,32.37691514522714,1146.5999999992239,902.0507747378052
47831,32.37691514522714,1146.6199999992239,902.0552264323636
47832,32.37691514522714,1146.6399999992238,902.0596780361448
47833,32.37691514522714,1146.6599999992238,902.0641295491483
47834,32.37691514522714,1146.6799999992238,902.068580971374
47835,32.37691514522714,1146.6999999992238,902.0730323028213
47836,32.37691514522714,1146.7199999992238,902.0774835434897
47837,32.37691514522714,1146.7399999992238,902.081934693379
47838,32.37691514522714,1146.7599999992237,902.0863857524887
47839,32.37691514522714,1146.7799999992237,902.0908367208184
47840,32.37691514522714,1146.7999999992237,902.0952875983677
47841,32.37691514522714,1146.8199999992237,902.0997383851362
47842,32.37691514522714,1146.8399999992237,902.1041890811235
47843,32.37691514522714,1146.8599999992236,902.1086396863293
47844,32.37691514522714,1146.8799999992236,902.113090200753
47845,32.37691514522714,1146.8999999992236,902.1175406243945
47846,32.37691514522714,1146.9199999992236,902.121990957253
47847,32.37691514522714,1146.9399999992236,902.1264411993284
47848,32.37691514522714,1146.9599999992236,902.1308913506201
47849,32.37691514522714,1146.9799999992235,902.1353414111279
47850,32.37691514522714,1146.9999999992235,902.1397913808512
47851,32.37691514522714,1147.0199999992235,902.1442412597897
47852,32.37691514522714,1147.0399999992235,902.1486910479431
47853,32.37691514522714,1147.0599999992235,902.1531407453108
47854,32.37691514522714,1147.0799999992234,902.1575903518925
47855,32.37691514522714,1147.0999999992234,902.1620398676878
47856,32.37691514522714,1147.1199999992234,902.1664892926962
47857,32.37691514522714,1147.1399999992234,902.1709386269173
47858,32.37691514522714,1147.1599999992234,902.1753878703508
47859,32.37691514522714,1147.1799999992234,902.1798370229964
47860,32.37691514522714,1147.1999999992233,902.1842860848535
47861,32.37691514522714,1147.2199999992233,902.1887350559217
47862,32.37691514522714,1147.2399999992233,902.1931839362007
47863,32.37691514522714,1147.2599999992233,902.1976327256901
47864,32.37691514522714,1147.2799999992233,902.2020814243895
47865,32.37691514522714,1147.2999999992232,902.2065300322984
47866,32.37691514522714,1147.3199999992232,902.2109785494164
47867,32.37691514522714,1147.3399999992232,902.2154269757432
47868,32.37691514522714,1147.3599999992232,902.2198753112783
47869,32.37691514522714,1147.3799999992232,902.2243235560214
47870,32.37691514522714,1147.3999999992232,902.2287717099721
47871,32.37691514522714,1147.4199999992231,902.2332197731298
47872,32.37691514522714,1147.4399999992231,902.2376677454943
47873,32.37691514522714,1147.459999999223,902.2421156270651
47874,32.37691514522714,1147.479999999223,902.2465634178419
47875,32.37691514522714,1147.499999999223,902.251011117895
47876,32.37691514522714,1147.519999999223,902.2554587272986
47877,32.37691514522714,1147.539999999223,902.2599062460525
47878,32.33456454746291,1147.559999999223,902.2643536741566
47879,32.33456454746291,1147.579999999223,902.2688010116103
47880,32.33456454746291,1147.599999999223,902.2732482584133
47881,32.33456454746291,1147.619999999223,902.2776954145652
47882,32.33456454746291,1147.639999999223,902.2821424800655
47883,32.33456454746291,1147.659999999223,902.286589454914
47884,32.33456454746291,1147.679999999223,902.2910363391101
47885,32.33456454746291,1147.6999999992229,902.2954831326535
47886,32.33456454746291,1147.7199999992229,902.2999298355439
47887,32.33456454746291,1147.7399999992228,902.3043764477808
47888,32.33456454746291,1147.7599999992228,902.3088229693637
47889,32.33456454746291,1147.7799999992228,902.3132694002924
47890,32.33456454746291,1147.7999999992228,902.3177157405663
47891,32.33456454746291,1147.8199999992228,902.3221619901852
47892,32.33456454746291,1147.8399999992228,902.3266081491487
47893,32.33456454746291,1147.8599999992227,902.3310542174562
47894,32.33456454746291,1147.8799999992227,902.3355001951074
47895,32.33456454746291,1147.8999999992227,902.3399460821021
47896,32.33456454746291,1147.9199999992227,902.3443918784396
47897,32.33456454746291,1147.9399999992227,902.3488375841197
47898,32.33456454746291,1147.9599999992226,902.353283199142
47899,32.33456454746291,1147.9799999992226,902.3577287235059
47900,32.33456454746291,1147.9999999992226,902.3621741572113
47901,32.33456454746291,1148.0199999992226,902.3666195002576
47902,32.33456454746291,1148.0399999992226,902.3710647526444
47903,32.33456454746291,1148.0599999992226,902.3755099143715
47904,32.33456454746291,1148.0799999992225,902.3799549854383
47905,32.33456454746291,1148.0999999992225,902.3843999658445
47906,32.33456454746291,1148.1199999992225,902.3888448555897
47907,32.33456454746291,1148.1399999992225,902.3932896546735
47908,32.33456454746291,1148.1599999992225,902.3977343630954
47909,32.33456454746291,1148.1799999992224,902.4021789808552
47910,32.33456454746291,1148.1999999992224,902.4066235079523
47911,32.33456454746291,1148.2199999992224,902.4110679443864
47912,32.33456454746291,1148.2399999992224,902.4155122901572
47913,32.33456454746291,1148.2599999992224,902.4199565452641
47914,32.33456454746291,1148.2799999992224,902.4244007097069
47915,32.33456454746291,1148.2999999992223,902.428844783485
47916,32.33456454746291,1148.3199999992223,902.4332887665983
47917,32.33456454746291,1148.3399999992223,902.4377326590461
47918,32.33456454746291,1148.3599999992223,902.4421764608281
47919,32.33456454746291,1148.3799999992223,902.446620171944
47920,32.33456454746291,1148.3999999992222,902.4510637923934
47921,32.33456454746291,1148.4199999992222,902.4555073221758
47922,32.33456454746291,1148.4399999992222,902.4599507612908
47923,32.33456454746291,1148.4599999992222,902.464394109738
47924,32.33456454746291,1148.4799999992222,902.4688373675172
47925,32.33456454746291,1148.4999999992222,902.4732805346289
47926,32.33456454746291,1148.5199999992221,902.4777236111422
47927,32.33456454746291,1148.5399999992221,902.4821665971158
47928,32.33456454746291,1148.559999999222,902.4866094925492
47929,32.33456454746291,1148.579999999222,902.491052297442
47930,32.33456454746291,1148.599999999222,902.4954950117939
47931,32.33456454746291,1148.619999999222,902.4999376356044
47932,32.33456454746291,1148.639999999222,902.5043801688731
47933,32.33456454746291,1148.659999999222,902.5088226115997
47934,32.33456454746291,1148.679999999222,902.5132649637837
47935,32.33456454746291,1148.699999999222,902.5177072254248
47936,32.33456454746291,1148.719999999222,902.5221493965227
47937,32.33456454746291,1148.739999999222,902.5265914770767
47938,32.33456454746291,1148.759999999222,902.5310334670867
47939,32.33456454746291,1148.779999999222,902.5354753665522
47940,32.33456454746291,1148.7999999992219,902.5399171754727
47941,32.33456454746291,1148.8199999992219,902.544358893848
47942,32.33456454746291,1148.8399999992218,902.5488005216775
47943,32.33456454746291,1148.8599999992218,902.553242058961
47944,32.33456454746291,1148.8799999992218,902.557683505698
47945,32.33456454746291,1148.8999999992218,902.5621248618882
47946,32.33456454746291,1148.9199999992218,902.566566127531
47947,32.33456454746291,1148.9399999992218,902.5710073026263
47948,32.33456454746291,1148.9599999992217,902.5754483871734
47949,32.33456454746291,1148.9799999992217,902.5798893811722
47950,32.33456454746291,1148.9999999992217,902.5843302846221
47951,32.33456454746291,1149.0199999992217,902.5887710975227
47952,32.33456454746291,1149.0399999992217,902.5932118198737
47953,32.33456454746291,1149.0599999992216,902.5976524516747
47954,32.33456454746291,1149.0799999992216,902.6020929929252
47955,32.33456454746291,1149.0999999992216,902.606533443625
47956,32.33456454746291,1149.1199999992216,902.6109738037736
47957,32.33456454746291,1149.1399999992216,902.6154140733706
47958,32.33456454746291,1149.1599999992216,902.6198542524156
47959,32.33456454746291,1149.1799999992215,902.6242943409082
47960,32.33456454746291,1149.1999999992215,902.6287343388481
47961,32.33456454746291,1149.2199999992215,902.6331742462347
47962,32.33456454746291,1149.2399999992215,902.6376140630679
47963,32.33456454746291,1149.2599999992215,902.6420537893471
47964,32.33456454746291,1149.2799999992214,902.6464934250719
47965,32.33456454746291,1149.2999999992214,902.6509329702419
47966,32.33456454746291,1149.3199999992214,902.6553724248569
47967,32.33456454746291,1149.3399999992214,902.6598117889163
47968,32.33456454746291,1149.3599999992214,902.6642510624197
47969,32.33456454746291,1149.3799999992214,902.6686902453669
47970,32.33456454746291,1149.3999999992213,902.6731293377572
47971,32.33456454746291,1149.4199999992213,902.6775683395906
47972,32.33456454746291,1149.4399999992213,902.6820072508664
47973,32.33456454746291,1149.4599999992213,902.6864460715843
47974,32.33456454746291,1149.4799999992213,902.690884801744
47975,32.33456454746291,1149.4999999992212,902.695323441345
47976,32.33456454746291,1149.5199999992212,902.6997619903897
47977,32.33456454746291,1149.5399999992212,902.7042004489584
47978,32.33456454746291,1149.5599999992212,902.7086388171058
47979,32.33456454746291,1149.5799999992212,902.7130770948312
47980,32.33456454746291,1149.5999999992212,902.7175152821344
47981,32.33456454746291,1149.6199999992211,902.721953379015
47982,32.33456454746291,1149.6399999992211,902.7263913854724
47983,32.33456454746291,1149.659999999221,902.7308293015066
47984,32.33456454746291,1149.679999999221,902.7352671271168
47985,32.33456454746291,1149.699999999221,902.7397048623028
47986,32.33456454746291,1149.719999999221,902.7441425070642
47987,32.33456454746291,1149.739999999221,902.7485800614007
47988,32.33456454746291,1149.759999999221,902.7530175253117
47989,32.33456454746291,1149.779999999221,902.757454898797
47990,32.33456454746291,1149.799999999221,902.7618921818562
47991,32.33456454746291,1149.819999999221,902.7663293744888
47992,32.33456454746291,1149.839999999221,902.7707664766945
47993,32.33456454746291,1149.859999999221,902.7752034884728
47994,32.33456454746291,1149.879999999221,902.7796404098234
47995,32.33456454746291,1149.8999999992209,902.7840772407459
47996,32.33456454746291,1149.9199999992209,902.7885139812398
47997,32.33456454746291,1149.9399999992208,902.7929506313048
47998,32.33456454746291,1149.9599999992208,902.7973871909406
47999,32.33456454746291,1149.9799999992208,902.8018236601467
48000,32.33456454746291,1149.9999999992208,902.8062600389228
48001,32.33456454746291,1150.0199999992208,902.8106963272684
48002,32.33456454746291,1150.0399999992208,902.8151325251831
48003,32.33456454746291,1150.0599999992207,902.8195686326666
48004,32.33456454746291,1150.0799999992207,902.8240046497184
48005,32.33456454746291,1150.0999999992207,902.8284405763383
48006,32.33456454746291,1150.1199999992207,902.8328764125257
48007,32.33456454746291,1150.1399999992207,902.8373121582803
48008,32.33456454746291,1150.1599999992206,902.8417478136016
48009,32.33456454746291,1150.1799999992206,902.8461833784894
48010,32.33456454746291,1150.1999999992206,902.8506188529433
48011,32.33456454746291,1150.2199999992206,902.8550542369627
48012,32.33456454746291,1150.2399999992206,902.8594895305474
48013,32.33456454746291,1150.2599999992206,902.863924733697
48014,32.33456454746291,1150.2799999992205,902.8683598464111
48015,32.33456454746291,1150.2999999992205,902.8727948686892
48016,32.33456454746291,1150.3199999992205,902.8772298005309
48017,32.33456454746291,1150.3399999992205,902.881664641936
48018,32.33456454746291,1150.3599999992205,902.886099392904
48019,32.33456454746291,1150.3799999992204,902.8905340534345
48020,32.33456454746291,1150.3999999992204,902.8949686235271
48021,32.33456454746291,1150.4199999992204,902.8994031031815
48022,32.33456454746291,1150.4399999992204,902.9038374923972
48023,32.33456454746291,1150.4599999992204,902.9082717911738
48024,32.33456454746291,1150.4799999992204,902.912705999511
48025,32.33456454746291,1150.4999999992203,902.9171401174083
48026,32.33456454746291,1150.5199999992203,902.9215741448654
48027,32.33456454746291,1150.5399999992203,902.9260080818864
48028,32.33456454746291,1150.5599999992203,902.9304419285583
48029,32.33456454746291,1150.5799999992203,902.9348756849274
48030,32.33456454746291,1150.5999999992202,902.9393093509935
48031,32.33456454746291,1150.6199999992202,902.9437429267562
48032,32.33456454746291,1150.6399999992202,902.9481764122149
48033,32.33456454746291,1150.6599999992202,902.9526098073694
48034,32.33456454746291,1150.6799999992202,902.9570431122193
48035,32.33456454746291,1150.6999999992202,902.9614763267641
48036,32.33456454746291,1150.7199999992201,902.9659094510035
48037,32.33456454746291,1150.7399999992201,902.9703424849372
48038,32.33456454746291,1150.75999999922,902.9747754285646
48039,32.33456454746291,1150.77999999922,902.9792082818855
48040,32.33456454746291,1150.79999999922,902.9836410448994
48041,32.33456454746291,1150.81999999922,902.988073717606
48042,32.33456454746291,1150.83999999922,902.9925063000047
48043,32.33456454746291,1150.85999999922,902.9969387920954
48044,32.33456454746291,1150.87999999922,903.0013711938776
48045,32.33456454746291,1150.89999999922,903.0058035053509
48046,32.33456454746291,1150.91999999922,903.0102357265148
48047,32.33456454746291,1150.93999999922,903.0146678573691
48048,32.33456454746291,1150.95999999922,903.0190998979133
48049,32.33456454746291,1150.97999999922,903.0235318481471
48050,32.33456454746291,1150.9999999992199,903.02796370807
48051,32.33456454746291,1151.0199999992199,903.0323954776818
48052,32.33456454746291,1151.0399999992198,903.0368271569819
48053,32.33456454746291,1151.0599999992198,903.04125874597
48054,32.33456454746291,1151.0799999992198,903.0456902446457
48055,32.33456454746291,1151.0999999992198,903.0501216530087
48056,32.33456454746291,1151.1199999992198,903.0545529710585
48057,32.33456454746291,1151.1399999992198,903.0589841987946
48058,32.33456454746291,1151.1599999992197,903.063415336217
48059,32.33456454746291,1151.1799999992197,903.0678463833249
48060,32.33456454746291,1151.1999999992197,903.0722773401181
48061,32.33456454746291,1151.2199999992197,903.0767082065963
48062,32.33456454746291,1151.2399999992197,903.081138982759
48063,32.33456454746291,1151.2599999992196,903.0855696686058
48064,32.33456454746291,1151.2799999992196,903.0900002641363
48065,32.33456454746291,1151.2999999992196,903.0944307693502
48066,32.33456454746291,1151.3199999992196,903.0988611842471
48067,32.33456454746291,1151.3399999992196,903.1032915088265
48068,32.33456454746291,1151.3599999992196,903.1077217430881
48069,32.33456454746291,1151.3799999992195,903.1121518870315
48070,32.33456454746291,1151.3999999992195,903.1165819406563
48071,32.33456454746291,1151.4199999992195,903.1210119039621
48072,32.33456454746291,1151.4399999992195,903.1254417769486
48073,32.33456454746291,1151.4599999992195,903.1298715596154
48074,32.33456454746291,1151.4799999992194,903.1343012519619
48075,32.33456454746291,1151.4999999992194,903.138730853988
48076,32.33456454746291,1151.5199999992194,903.1431603656931
48077,32.33456454746291,1151.5399999992194,903.147589787077
48078,32.33456454746291,1151.5599999992194,903.1520191181453
48079,32.33456454746291,1151.5799999992194,903.1564483589918
48080,32.33456454746291,1151.5999999992193,903.1608775096549
48081,32.33456454746291,1151.6199999992193,903.1653065701341
48082,32.33456454746291,1151.6399999992193,903.1697355404291
48083,32.33456454746291,1151.6599999992193,903.1741644205395
48084,32.33456454746291,1151.6799999992193,903.1785932104648
48085,32.33456454746291,1151.6999999992192,903.1830219102047
48086,32.33456454746291,1151.7199999992192,903.187450519759
48087,32.33456454746291,1151.7399999992192,903.191879039127
48088,32.33456454746291,1151.7599999992192,903.1963074683085
48089,32.33456454746291,1151.7799999992192,903.2007358073032
48090,32.33456454746291,1151.7999999992192,903.2051640561106
48091,32.33456454746291,1151.8199999992191,903.2095922147302
48092,32.33456454746291,1151.8399999992191,903.2140202831617
48093,32.33456454746291,1151.859999999219,903.2184482614048
48094,32.33456454746291,1151.879999999219,903.222876149459
48095,32.33456454746291,1151.899999999219,903.227303947324
48096,32.33456454746291,1151.919999999219,903.2317316549994
48097,32.33456454746291,1151.939999999219,903.2361592724848
48098,32.33456454746291,1151.959999999219,903.2405867997797
48099,32.33456454746291,1151.979999999219,903.245014236884
48100,32.33456454746291,1151.999999999219,903.2494415837971
48101,32.33456454746291,1152.019999999219,903.2538688405186
48102,32.33456454746291,1152.039999999219,903.2582960070483
48103,32.33456454746291,1152.059999999219,903.2627230833857
48104,32.33456454746291,1152.079999999219,903.2671500695303
48105,32.33456454746291,1152.0999999992189,903.2715769654819
48106,32.33456454746291,1152.1199999992189,903.2760037712401
48107,32.33456454746291,1152.1399999992188,903.2804304868043
48108,32.33456454746291,1152.1599999992188,903.2848571121744
48109,32.33456454746291,1152.1799999992188,903.2892836473499
48110,32.33456454746291,1152.1999999992188,903.2937100923303
48111,32.33456454746291,1152.2199999992188,903.2981364471154
48112,32.33456454746291,1152.2399999992188,903.3025627117048
48113,32.33456454746291,1152.2599999992187,903.306988886098
48114,32.33456454746291,1152.2799999992187,903.3114149702947
48115,32.33456454746291,1152.2999999992187,903.3158409642944
48116,32.33456454746291,1152.3199999992187,903.3202668680967
48117,32.33456454746291,1152.3399999992187,903.3246926817014
48118,32.33456454746291,1152.3599999992186,903.3291184051081
48119,32.33456454746291,1152.3799999992186,903.3335440383164
48120,32.33456454746291,1152.3999999992186,903.3379695813258
48121,32.33456454746291,1152.4199999992186,903.3423950341358
48122,32.33456454746291,1152.4399999992186,903.3468203967464
48123,32.33456454746291,1152.4599999992186,903.3512456691569
48124,32.33456454746291,1152.4799999992185,903.3556708513671
48125,32.33456454746291,1152.4999999992185,903.3600959433766
48126,32.33456454746291,1152.5199999992185,903.3645209451848
48127,32.33456454746291,1152.5399999992185,903.3689458567916
48128,32.33456454746291,1152.5599999992185,903.3733706781964
48129,32.33456454746291,1152.5799999992184,903.3777954094072
48130,32.33456454746291,1152.5999999992184,903.3822200505309
48131,32.33456454746291,1152.6199999992184,903.3866446015995
48132,32.33456454746291,1152.6399999992184,903.3910690626127
48133,32.33456454746291,1152.6599999992184,903.3954934335701
48134,32.33456454746291,1152.6799999992184,903.3999177144714
48135,32.2923061970285,1152.6999999992183,903.4043419053161
48136,32.2923061970285,1152.7199999992183,903.4087660061037
48137,32.2923061970285,1152.7399999992183,903.4131900168342
48138,32.2923061970285,1152.7599999992183,903.4176139375069
48139,32.2923061970285,1152.7799999992183,903.4220377681214
48140,32.2923061970285,1152.7999999992182,903.4264615086776
48141,32.2923061970285,1152.8199999992182,903.4308851591749
48142,32.2923061970285,1152.8399999992182,903.4353087196129
48143,32.2923061970285,1152.8599999992182,903.4397321899913
48144,32.2923061970285,1152.8799999992182,903.4441555703098
48145,32.2923061970285,1152.8999999992182,903.4485788605679
48146,32.2923061970285,1152.9199999992181,903.4530020607651
48147,32.2923061970285,1152.9399999992181,903.4574251709013
48148,32.2923061970285,1152.959999999218,903.461848190976
48149,32.2923061970285,1152.979999999218,903.4662711209887
48150,32.2923061970285,1152.999999999218,903.4706939609392
48151,32.2923061970285,1153.019999999218,903.475116710827
48152,32.2923061970285,1153.039999999218,903.4795393706519
48153,32.2923061970285,1153.059999999218,903.4839619404132
48154,32.2923061970285,1153.079999999218,903.4883844201108
48155,32.2923061970285,1153.099999999218,903.4928068097443
48156,32.2923061970285,1153.119999999218,903.4972291093131
48157,32.2923061970285,1153.139999999218,903.501651318817
48158,32.2923061970285,1153.159999999218,903.5060734382556
48159,32.2923061970285,1153.179999999218,903.5104954676285
48160,32.2923061970285,1153.1999999992179,903.5149174069353
48161,32.2923061970285,1153.2199999992179,903.5193392561756
48162,32.2923061970285,1153.2399999992178,903.5237610153491
48163,32.2923061970285,1153.2599999992178,903.5281826844554
48164,32.2923061970285,1153.2799999992178,903.532604263494
48165,32.2923061970285,1153.2999999992178,903.5370257524646
48166,32.2923061970285,1153.3199999992178,903.5414471513669
48167,32.2923061970285,1153.3399999992178,903.5458684602005
48168,32.2923061970285,1153.3599999992177,903.5502896789649
48169,32.2923061970285,1153.3799999992177,903.5547108076597
48170,32.2923061970285,1153.3999999992177,903.5591318462847
48171,32.2923061970285,1153.4199999992177,903.5635527948394
48172,32.2923061970285,1153.4399999992177,903.5679736533235
48173,32.2923061970285,1153.4599999992176,903.5723944217366
48174,32.2923061970285,1153.4799999992176,903.5768151000782
48175,32.2923061970285,1153.4999999992176,903.581235688348
48176,32.2923061970285,1153.5199999992176,903.5856561865456
48177,32.2923061970285,1153.5399999992176,903.5900765946707
48178,32.2923061970285,1153.5599999992176,903.5944969127228
48179,32.2923061970285,1153.5799999992175,903.5989171407016
48180,32.2923061970285,1153.5999999992175,903.6033372786154
48181,32.2923061970285,1153.6199999992175,903.6077573265629
48182,32.2923061970285,1153.6399999992175,903.6121772845644
48183,32.2923061970285,1153.6599999992175,903.6165971526194
48184,32.2923061970285,1153.6799999992174,903.6210169307276
48185,32.2923061970285,1153.6999999992174,903.6254366188886
48186,32.2923061970285,1153.7199999992174,903.629856217102
48187,32.2923061970285,1153.7399999992174,903.6342757253675
48188,32.2923061970285,1153.7599999992174,903.6386951436847
48189,32.2923061970285,1153.7799999992174,903.6431144720532
48190,32.2923061970285,1153.7999999992173,903.6475337104725
48191,32.2923061970285,1153.8199999992173,903.6519528589424
48192,32.2923061970285,1153.8399999992173,903.6563719174625
48193,32.2923061970285,1153.8599999992173,903.6607908860324
48194,32.2923061970285,1153.8799999992173,903.6652097646516
48195,32.2923061970285,1153.8999999992172,903.66962855332
48196,32.2923061970285,1153.9199999992172,903.6740472520369
48197,32.2923061970285,1153.9399999992172,903.678465860802
48198,32.2923061970285,1153.9599999992172,903.6828843796151
48199,32.2923061970285,1153.9799999992172,903.6873028084757
48200,32.2923061970285,1153.9999999992172,903.6917211473834
48201,32.2923061970285,1154.0199999992171,903.6961393963379
48202,32.2923061970285,1154.0399999992171,903.7005575553388
48203,32.2923061970285,1154.059999999217,903.7049756243857
48204,32.2923061970285,1154.079999999217,903.7093936034782
48205,32.2923061970285,1154.099999999217,903.713811492616
48206,32.2923061970285,1154.119999999217,903.7182292917986
48207,32.2923061970285,1154.139999999217,903.7226470010257
48208,32.2923061970285,1154.159999999217,903.7270646202969
48209,32.2923061970285,1154.179999999217,903.7314821496119
48210,32.2923061970285,1154.199999999217,903.7358995889703
48211,32.2923061970285,1154.219999999217,903.7403169383715
48212,32.2923061970285,1154.239999999217,903.7447341978154
48213,32.2923061970285,1154.259999999217,903.7491513673016
48214,32.2923061970285,1154.279999999217,903.7535684468296
48215,32.2923061970285,1154.2999999992169,903.757985436399
48216,32.2923061970285,1154.3199999992169,903.7624023360096
48217,32.2923061970285,1154.3399999992168,903.7668191456609
48218,32.2923061970285,1154.3599999992168,903.7712358653524
48219,32.2923061970285,1154.3799999992168,903.7756524950839
48220,32.2923061970285,1154.3999999992168,903.780069034855
48221,32.2923061970285,1154.4199999992168,903.7844854846654
48222,32.2923061970285,1154.4399999992168,903.7889018445146
48223,32.2923061970285,1154.4599999992167,903.7933181144023
48224,32.2923061970285,1154.4799999992167,903.7977342943279
48225,32.2923061970285,1154.4999999992167,903.8021503842913
48226,32.2923061970285,1154.5199999992167,903.806566384292
48227,32.2923061970285,1154.5399999992167,903.8109822943296
48228,32.2923061970285,1154.5599999992166,903.8153981144038
48229,32.2923061970285,1154.5799999992166,903.8198138445142
48230,32.2923061970285,1154.5999999992166,903.8242294846603
48231,32.2923061970285,1154.6199999992166,903.8286450348529
48232,32.2923061970285,1154.6399999992166,903.8330604952041
48233,32.2923061970285,1154.6599999992166,903.8374758657275
48234,32.2923061970285,1154.6799999992165,903.8418911464227
48235,32.2923061970285,1154.6999999992165,903.8463063372893
48236,32.2923061970285,1154.7199999992165,903.850721438327
48237,32.2923061970285,1154.7399999992165,903.8551364495354
48238,32.2923061970285,1154.7599999992165,903.8595513709141
48239,32.2923061970285,1154.7799999992164,903.8639662024628
48240,32.2923061970285,1154.7999999992164,903.8683809441811
48241,32.2923061970285,1154.8199999992164,903.8727955960686
48242,32.2923061970285,1154.8399999992164,903.8772101581249
48243,32.2923061970285,1154.8599999992164,903.8816246303496
48244,32.2923061970285,1154.8799999992164,903.8860390127425
48245,32.2923061970285,1154.8999999992163,903.8904533053029
48246,32.2923061970285,1154.9199999992163,903.8948675080308
48247,32.2923061970285,1154.9399999992163,903.8992816209255
48248,32.2923061970285,1154.9599999992163,903.9036956439869
48249,32.2923061970285,1154.9799999992163,903.9081095772144
48250,32.2923061970285,1154.9999999992162,903.9125234206078
48251,32.2923061970285,1155.0199999992162,903.9169371741666
48252,32.2923061970285,1155.0399999992162,903.9213508378905
48253,32.2923061970285,1155.0599999992162,903.925764411779
48254,32.2923061970285,1155.0799999992162,903.9301778958319
48255,32.2923061970285,1155.0999999992162,903.9345912900487
48256,32.2923061970285,1155.1199999992161,903.9390045944292
48257,32.2923061970285,1155.1399999992161,903.9434178089729
48258,32.2923061970285,1155.159999999216,903.9478309336793
48259,32.2923061970285,1155.179999999216,903.9522439685481
48260,32.2923061970285,1155.199999999216,903.9566569135791
48261,32.2923061970285,1155.219999999216,903.9610697687717
48262,32.2923061970285,1155.239999999216,903.9654825341257
48263,32.2923061970285,1155.259999999216,903.9698952096406
48264,32.2923061970285,1155.279999999216,903.9743077953161
48265,32.2923061970285,1155.299999999216,903.9787202911518
48266,32.2923061970285,1155.319999999216,903.9831326971473
48267,32.2923061970285,1155.339999999216,903.9875450133022
48268,32.2923061970285,1155.359999999216,903.9919572396162
48269,32.2923061970285,1155.379999999216,903.996369376089
48270,32.2923061970285,1155.3999999992159,904.00078142272
48271,32.2923061970285,1155.4199999992159,904.005193379509
48272,32.2923061970285,1155.4399999992158,904.0096052464555
48273,32.2923061970285,1155.4599999992158,904.0140170235593
48274,32.2923061970285,1155.4799999992158,904.0184287108199
48275,32.2923061970285,1155.4999999992158,904.0228403082368
48276,32.2923061970285,1155.5199999992158,904.0272518158099
48277,32.2923061970285,1155.5399999992158,904.0316632335387
48278,32.2923061970285,1155.5599999992157,904.0360745614228
48279,32.2923061970285,1155.5799999992157,904.0404857994617
48280,32.2923061970285,1155.5999999992157,904.0448969476553
48281,32.2923061970285,1155.6199999992157,904.049308006003
48282,32.2923061970285,1155.6399999992157,904.0537189745216
48283,32.2923061970285,1155.6599999992156,904.058129853321
48284,32.2923061970285,1155.6799999992156,904.0625406424112
48285,32.2923061970285,1155.6999999992156,904.0669513417918
48286,32.2923061970285,1155.7199999992156,904.0713619514623
48287,32.2923061970285,1155.7399999992156,904.0757724714225
48288,32.2923061970285,1155.7599999992156,904.080182901672
48289,32.2923061970285,1155.7799999992155,904.0845932422103
48290,32.2923061970285,1155.7999999992155,904.0890034930372
48291,32.2923061970285,1155.8199999992155,904.0934136541523
48292,32.2923061970285,1155.8399999992155,904.0978237255551
48293,32.2923061970285,1155.8599999992155,904.1022337072453
48294,32.2923061970285,1155.8799999992154,904.1066435992226
48295,32.2923061970285,1155.8999999992154,904.1110534014865
48296,32.2923061970285,1155.9199999992154,904.1154631140366
48297,32.2923061970285,1155.9399999992154,904.1198727368727
48298,32.2923061970285,1155.9599999992154,904.1242822699943
48299,32.2923061970285,1155.9799999992154,904.128691713401
48300,32.2923061970285,1155.9999999992153,904.1331010670926
48301,32.2923061970285,1156.0199999992153,904.1375103310686
48302,32.2923061970285,1156.0399999992153,904.1419195053286
48303,32.2923061970285,1156.0599999992153,904.1463285898723
48304,32.2923061970285,1156.0799999992153,904.1507375846992
48305,32.2923061970285,1156.0999999992152,904.1551464898091
48306,32.2923061970285,1156.1199999992152,904.1595553052016
48307,32.2923061970285,1156.1399999992152,904.1639640308762
48308,32.2923061970285,1156.1599999992152,904.1683726668326
48309,32.2923061970285,1156.1799999992152,904.1727812130705
48310,32.2923061970285,1156.1999999992152,904.1771896695894
48311,32.2923061970285,1156.2199999992151,904.181598036389
48312,32.2923061970285,1156.2399999992151,904.186006313469
48313,32.2923061970285,1156.259999999215,904.1904145008289
48314,32.2923061970285,1156.279999999215,904.1948225984682
48315,32.2923061970285,1156.299999999215,904.1992306063869
48316,32.2923061970285,1156.319999999215,904.2036385245843
48317,32.2923061970285,1156.339999999215,904.2080463530602
48318,32.2923061970285,1156.359999999215,904.2124540918142
48319,32.2923061970285,1156.379999999215,904.2168617408458
48320,32.2923061970285,1156.399999999215,904.2212693001549
48321,32.2923061970285,1156.419999999215,904.2256767697409
48322,32.2923061970285,1156.439999999215,904.2300841496034
48323,32.2923061970285,1156.459999999215,904.2344914397421
48324,32.2923061970285,1156.479999999215,904.2388986401567
48325,32.2923061970285,1156.4999999992149,904.2433057508467
48326,32.2923061970285,1156.5199999992149,904.2477127718118
48327,32.2923061970285,1156.5399999992148,904.2521197030517
48328,32.2923061970285,1156.5599999992148,904.2565265445659
48329,32.2923061970285,1156.5799999992148,904.2609332963541
48330,32.2923061970285,1156.5999999992148,904.2653399584159
48331,32.2923061970285,1156.6199999992148,904.2697465307509
48332,32.2923061970285,1156.6399999992148,904.2741530133588
48333,32.2923061970285,1156.6599999992147,904.2785594062644
48334,32.2923061970285,1156.6799999992147,904.2829657095713
48335,32.2923061970285,1156.6999999992147,904.2873719232877
48336,32.2923061970285,1156.7199999992147,904.2917780474132
48337,32.2923061970285,1156.7399999992147,904.2961840819477
48338,32.2923061970285,1156.7599999992146,904.3005900268905
48339,32.2923061970285,1156.7799999992146,904.3049958822414
48340,32.2923061970285,1156.7999999992146,904.3094016480001
48341,32.2923061970285,1156.8199999992146,904.3138073241661
48342,32.2923061970285,1156.8399999992146,904.318212910739
48343,32.2923061970285,1156.8599999992146,904.3226184077187
48344,32.2923061970285,1156.8799999992145,904.3270238151044
48345,32.2923061970285,1156.8999999992145,904.3314291328961
48346,32.2923061970285,1156.9199999992145,904.3358343610932
48347,32.2923061970285,1156.9399999992145,904.3402394996956
48348,32.2923061970285,1156.9599999992145,904.3446445487026
48349,32.2923061970285,1156.9799999992144,904.349049508114
48350,32.2923061970285,1156.9999999992144,904.3534543779294
48351,32.2923061970285,1157.0199999992144,904.3578591581485
48352,32.2923061970285,1157.0399999992144,904.3622638487708
48353,32.2923061970285,1157.0599999992144,904.3666684497961
48354,32.2923061970285,1157.0799999992144,904.3710729612238
48355,32.2923061970285,1157.0999999992143,904.3754773830537
48356,32.2923061970285,1157.1199999992143,904.3798817152855
48357,32.2923061970285,1157.1399999992143,904.3842859579186
48358,32.2923061970285,1157.1599999992143,904.3886901109528
48359,32.2923061970285,1157.1799999992143,904.3930941743877
48360,32.2923061970285,1157.1999999992142,904.3974981482228
48361,32.2923061970285,1157.2199999992142,904.4019020324579
48362,32.2923061970285,1157.2399999992142,904.4063058270925
48363,32.2923061970285,1157.2599999992142,904.4107095321264
48364,32.2923061970285,1157.2799999992142,904.415113147559
48365,32.2923061970285,1157.2999999992142,904.4195166733901
48366,32.2923061970285,1157.3199999992141,904.4239201096193
48367,32.2923061970285,1157.3399999992141,904.4283234562462
48368,32.2923061970285,1157.359999999214,904.4327267132704
48369,32.2923061970285,1157.379999999214,904.4371298806916
48370,32.2923061970285,1157.399999999214,904.4415329585094
48371,32.2923061970285,1157.419999999214,904.4459359467234
48372,32.2923061970285,1157.439999999214,904.4503388453332
48373,32.2923061970285,1157.459999999214,904.4547416543386
48374,32.2923061970285,1157.479999999214,904.459144373739
48375,32.2923061970285,1157.499999999214,904.4635470035342
48376,32.2923061970285,1157.519999999214,904.4679495437238
48377,32.2923061970285,1157.539999999214,904.4723519943074
48378,32.2923061970285,1157.559999999214,904.4767543552846
48379,32.2923061970285,1157.579999999214,904.481156626655
48380,32.2923061970285,1157.5999999992139,904.4855588084183
48381,32.2923061970285,1157.6199999992139,904.4899609005741
48382,32.2923061970285,1157.6399999992138,904.4943629031221
48383,32.2923061970285,1157.6599999992138,904.4987648160619
48384,32.2923061970285,1157.6799999992138,904.5031666394285
48385,32.2923061970285,1157.6999999992138,904.507568373325
48386,32.2923061970285,1157.7199999992138,904.5119700177585
48387,32.2923061970285,1157.7399999992138,904.5163715727286
48388,32.2923061970285,1157.7599999992137,904.5207730382351
48389,32.2923061970285,1157.7799999992137,904.5251744142776
48390,32.2923061970285,1157.7999999992137,904.5295757008555
48391,32.2923061970285,1157.8199999992137,904.5339768979687
48392,32.2923061970285,1157.8399999992137,904.5383780056168
48393,32.25013981286471,1157.8599999992136,904.5427790237992
48394,32.25013981286471,1157.8799999992136,904.5471799525158
48395,32.25013981286471,1157.8999999992136,904.551580791766
48396,32.25013981286471,1157.9199999992136,904.5559815415496
48397,32.25013981286471,1157.9399999992136,904.5603822018662
48398,32.25013981286471,1157.9599999992136,904.5647827727154
48399,32.25013981286471,1157.9799999992135,904.5691832540967
48400,32.25013981286471,1157.9999999992135,904.57358364601
48401,32.25013981286471,1158.0199999992135,904.5779839484547
48402,32.25013981286471,1158.0399999992135,904.5823841614306
48403,32.25013981286471,1158.0599999992135,904.5867842849372
48404,32.25013981286471,1158.0799999992134,904.5911843189741
48405,32.25013981286471,1158.0999999992134,904.5955842635411
48406,32.25013981286471,1158.1199999992134,904.5999841186377
48407,32.25013981286471,1158.1399999992134,904.6043838842636
48408,32.25013981286471,1158.1599999992134,904.6087835604184
48409,32.25013981286471,1158.1799999992134,904.6131831471017
48410,32.25013981286471,1158.1999999992133,904.6175826443132
48411,32.25013981286471,1158.2199999992133,904.6219820520524
48412,32.25013981286471,1158.2399999992133,904.6263813703191
48413,32.25013981286471,1158.2599999992133,904.6307805991128
48414,32.25013981286471,1158.2799999992133,904.6351797384332
48415,32.25013981286471,1158.2999999992132,904.6395787882799
48416,32.25013981286471,1158.3199999992132,904.6439777486524
48417,32.25013981286471,1158.3399999992132,904.6483766195506
48418,32.25013981286471,1158.3599999992132,904.652775400974
48419,32.25013981286471,1158.3799999992132,904.6571740929221
48420,32.25013981286471,1158.3999999992132,904.6615726953947
48421,32.25013981286471,1158.4199999992131,904.6659712083914
48422,32.25013981286471,1158.4399999992131,904.6703696319119
48423,32.25013981286471,1158.459999999213,904.6747679659557
48424,32.25013981286471,1158.479999999213,904.6791662105223
48425,32.25013981286471,1158.499999999213,904.6835643656117
48426,32.25013981286471,1158.519999999213,904.6879624312232
48427,32.25013981286471,1158.539999999213,904.6923604073567
48428,32.25013981286471,1158.559999999213,904.6967582940116
48429,32.25013981286471,1158.579999999213,904.7011560911876
48430,32.25013981286471,1158.599999999213,904.7055537988844
48431,32.25013981286471,1158.619999999213,904.7099514171015
48432,32.25013981286471,1158.639999999213,904.7143489458387
48433,32.25013981286471,1158.659999999213,904.7187463850954
48434,32.25013981286471,1158.679999999213,904.7231437348714
48435,32.25013981286471,1158.6999999992129,904.7275409952047
48436,32.25013981286471,1158.7199999992129,904.7319381661785
48437,32.25013981286471,1158.7399999992128,904.7363352477976
48438,32.25013981286471,1158.7599999992128,904.7407322400616
48439,32.25013981286471,1158.7799999992128,904.7451291429701
48440,32.25013981286471,1158.7999999992128,904.7495259565228
48441,32.25013981286471,1158.8199999992128,904.7539226807194
48442,32.25013981286471,1158.8399999992128,904.7583193155593
48443,32.25013981286471,1158.8599999992127,904.7627158610424
48444,32.25013981286471,1158.8799999992127,904.7671123171681
48445,32.25013981286471,1158.8999999992127,904.7715086839362
48446,32.25013981286471,1158.9199999992127,904.7759049613462
48447,32.25013981286471,1158.9399999992127,904.7803011493979
48448,32.25013981286471,1158.9599999992126,904.7846972480909
48449,32.25013981286471,1158.9799999992126,904.7890932574246
48450,32.25013981286471,1158.9999999992126,904.7934891773989
48451,32.25013981286471,1159.0199999992126,904.7978850080133
48452,32.25013981286471,1159.0399999992126,904.8022807492674
48453,32.25013981286471,1159.0599999992126,904.806676401161
48454,32.25013981286471,1159.0799999992125,904.8110719636935
48455,32.25013981286471,1159.0999999992125,904.8154674368647
48456,32.25013981286471,1159.1199999992125,904.8198628206741
48457,32.25013981286471,1159.1399999992125,904.8242581151214
48458,32.25013981286471,1159.1599999992125,904.8286533202064
48459,32.25013981286471,1159.1799999992124,904.8330484359285
48460,32.25013981286471,1159.1999999992124,904.8374434622874
48461,32.25013981286471,1159.2199999992124,904.8418383992828
48462,32.25013981286471,1159.2399999992124,904.8462332469142
48463,32.25013981286471,1159.2599999992124,904.8506280051813
48464,32.25013981286471,1159.2799999992124,904.8550226740838
48465,32.25013981286471,1159.2999999992123,904.8594172536211
48466,32.25013981286471,1159.3199999992123,904.8638117437931
48467,32.25013981286471,1159.3399999992123,904.8682061445993
48468,32.25013981286471,1159.3599999992123,904.8726004560393
48469,32.25013981286471,1159.3799999992123,904.8769946781129
48470,32.25013981286471,1159.3999999992122,904.8813888108195
48471,32.25013981286471,1159.4199999992122,904.885782854159
48472,32.25013981286471,1159.4399999992122,904.8901768081307
48473,32.25013981286471,1159.4599999992122,904.8945706727345
48474,32.25013981286471,1159.4799999992122,904.8989644479699
48475,32.25013981286471,1159.4999999992122,904.9033581338366
48476,32.25013981286471,1159.5199999992121,904.9077517303342
48477,32.25013981286471,1159.5399999992121,904.9121452374624
48478,32.25013981286471,1159.559999999212,904.9165386552206
48479,32.25013981286471,1159.579999999212,904.9209319836087
48480,32.25013981286471,1159.599999999212,904.9253252226263
48481,32.25013981286471,1159.619999999212,904.9297183722729
48482,32.25013981286471,1159.639999999212,904.9341114325481
48483,32.25013981286471,1159.659999999212,904.9385044034517
48484,32.25013981286471,1159.679999999212,904.9428972849832
48485,32.25013981286471,1159.699999999212,904.9472900771424
48486,32.25013981286471,1159.719999999212,904.9516827799777
48487,32.25013981286471,1159.739999999212,904.9560753935722
48488,32.25013981286471,1159.759999999212,904.9604679179292
48489,32.25013981286471,1159.779999999212,904.9648603530485
48490,32.25013981286471,1159.7999999992119,904.9692526989296
48491,32.25013981286471,1159.8199999992119,904.9736449555721
48492,32.25013981286471,1159.8399999992118,904.9780371229758
48493,32.25013981286471,1159.8599999992118,904.9824292011402
48494,32.25013981286471,1159.8799999992118,904.986821190065
48495,32.25013981286471,1159.8999999992118,904.9912130897499
48496,32.25013981286471,1159.9199999992118,904.9956049001943
48497,32.25013981286471,1159.9399999992118,904.999996621398
48498,32.25013981286471,1159.9599999992117,905.0043882533607
48499,32.25013981286471,1159.9799999992117,905.008779796082
48500,32.25013981286471,1159.9999999992117,905.0131712495613
48501,32.25013981286471,1160.0199999992117,905.0175626137985
48502,32.25013981286471,1160.0399999992117,905.0219538887932
48503,32.25013981286471,1160.0599999992116,905.0263450745449
48504,32.25013981286471,1160.0799999992116,905.0307361710534
48505,32.25013981286471,1160.0999999992116,905.0351271783181
48506,32.25013981286471,1160.1199999992116,905.039518096339
48507,32.25013981286471,1160.1399999992116,905.0439089251154
48508,32.25013981286471,1160.1599999992115,905.0482996646471
48509,32.25013981286471,1160.1799999992115,905.0526903149336
48510,32.25013981286471,1160.1999999992115,905.0570808759746
48511,32.25013981286471,1160.2199999992115,905.0614713477698
48512,32.25013981286471,1160.2399999992115,905.0658617303188
48513,32.25013981286471,1160.2599999992115,905.0702520236212
48514,32.25013981286471,1160.2799999992114,905.0746422276766
48515,32.25013981286471,1160.2999999992114,905.0790323424847
48516,32.25013981286471,1160.3199999992114,905.083422368045
48517,32.25013981286471,1160.3399999992114,905.0878123043574
48518,32.25013981286471,1160.3599999992114,905.0922021514214
48519,32.25013981286471,1160.3799999992113,905.0965919092365
48520,32.25013981286471,1160.3999999992113,905.1009815778025
48521,32.25013981286471,1160.4199999992113,905.105371157119
48522,32.25013981286471,1160.4399999992113,905.1097606471856
48523,32.25013981286471,1160.4599999992113,905.114150048002
48524,32.25013981286471,1160.4799999992113,905.1185393595678
48525,32.25013981286471,1160.4999999992112,905.1229285818825
48526,32.25013981286471,1160.5199999992112,905.127317714946
48527,32.25013981286471,1160.5399999992112,905.1317067587577
48528,32.25013981286471,1160.5599999992112,905.1360957133173
48529,32.25013981286471,1160.5799999992112,905.1404845786245
48530,32.25013981286471,1160.5999999992111,905.1448733546789
48531,32.25013981286471,1160.6199999992111,905.1492620414801
48532,32.25013981286471,1160.639999999211,905.1536506390278
48533,32.25013981286471,1160.659999999211,905.1580391473215
48534,32.25013981286471,1160.679999999211,905.1624275663609
48535,32.25013981286471,1160.699999999211,905.1668158961456
48536,32.25013981286471,1160.719999999211,905.1712041366754
48537,32.25013981286471,1160.739999999211,905.1755922880069
48538,32.25013981286471,1160.759999999211,905.1799803502166
48539,32.25013981286471,1160.779999999211,905.1843683233064
48540,32.25013981286471,1160.799999999211,905.188756207276
48541,32.25013981286471,1160.819999999211,905.193144002125
48542,32.25013981286471,1160.839999999211,905.197531707853
48543,32.25013981286471,1160.859999999211,905.2019193244597
48544,32.25013981286471,1160.879999999211,905.2063068519448
48545,32.25013981286471,1160.8999999992109,905.2106942903077
48546,32.25013981286471,1160.9199999992109,905.2150816395482
48547,32.25013981286471,1160.9399999992108,905.2194688996659
48548,32.25013981286471,1160.9599999992108,905.2238560706604
48549,32.25013981286471,1160.9799999992108,905.2282431525315
48550,32.25013981286471,1160.9999999992108,905.2326301452787
48551,32.25013981286471,1161.0199999992108,905.2370170489015
48552,32.25013981286471,1161.0399999992107,905.2414038633998
48553,32.25013981286471,1161.0599999992107,905.2457905887732
48554,32.25013981286471,1161.0799999992107,905.2501772250212
48555,32.25013981286471,1161.0999999992107,905.2545637721435
48556,32.25013981286471,1161.1199999992107,905.2589502301397
48557,32.25013981286471,1161.1399999992107,905.2633365990094
48558,32.25013981286471,1161.1599999992106,905.2677228787525
48559,32.25013981286471,1161.1799999992106,905.2721090693683
48560,32.25013981286471,1161.1999999992106,905.2764951708566
48561,32.25013981286471,1161.2199999992106,905.280881183217
48562,32.25013981286471,1161.2399999992106,905.2852671064492
48563,32.25013981286471,1161.2599999992105,905.2896529405527
48564,32.25013981286471,1161.2799999992105,905.2940386855273
48565,32.25013981286471,1161.2999999992105,905.2984243413725
48566,32.25013981286471,1161.3199999992105,905.3028099080881
48567,32.25013981286471,1161.3399999992105,905.3071953856736
48568,32.25013981286471,1161.3599999992105,905.3115807741286
48569,32.25013981286471,1161.3799999992104,905.3159660734528
48570,32.25013981286471,1161.3999999992104,905.3203512836459
48571,32.25013981286471,1161.4199999992104,905.3247364047074
48572,32.25013981286471,1161.4399999992104,905.3291214366371
48573,32.25013981286471,1161.4599999992104,905.3335063794345
48574,32.25013981286471,1161.4799999992103,905.3378912330993
48575,32.25013981286471,1161.4999999992103,905.3422759976311
48576,32.25013981286471,1161.5199999992103,905.3466606730295
48577,32.25013981286471,1161.5399999992103,905.3510452592943
48578,32.25013981286471,1161.5599999992103,905.355429756425
48579,32.25013981286471,1161.5799999992103,905.3598141644212
48580,32.25013981286471,1161.5999999992102,905.3641984832826
48581,32.25013981286471,1161.6199999992102,905.3685827130089
48582,32.25013981286471,1161.6399999992102,905.3729668535997
48583,32.25013981286471,1161.6599999992102,905.3773509050545
48584,32.25013981286471,1161.6799999992102,905.3817348673732
48585,32.25013981286471,1161.6999999992101,905.3861187405553
48586,32.25013981286471,1161.7199999992101,905.3905025246003
48587,32.25013981286471,1161.73999999921,905.394886219508
48588,32.25013981286471,1161.75999999921,905.3992698253431
48589,32.25013981286471,1161.77999999921,905.403653342176
48590,32.25013981286471,1161.79999999921,905.4080367700068
48591,32.25013981286471,1161.81999999921,905.4124201088351
48592,32.25013981286471,1161.83999999921,905.4168033586608
48593,32.25013981286471,1161.85999999921,905.4211865194833
48594,32.25013981286471,1161.87999999921,905.4255695913023
48595,32.25013981286471,1161.89999999921,905.4299525741174
48596,32.25013981286471,1161.91999999921,905.4343354679282
48597,32.25013981286471,1161.93999999921,905.4387182727345
48598,32.25013981286471,1161.95999999921,905.4431009885359
48599,32.25013981286471,1161.97999999921,905.447483615332
48600,32.25013981286471,1161.9999999992099,905.4518661531223
48601,32.25013981286471,1162.0199999992099,905.4562486019066
48602,32.25013981286471,1162.0399999992098,905.4606309616846
48603,32.25013981286471,1162.0599999992098,905.4650132324558
48604,32.25013981286471,1162.0799999992098,905.4693954142199
48605,32.25013981286471,1162.0999999992098,905.4737775069765
48606,32.25013981286471,1162.1199999992098,905.4781595107253
48607,32.25013981286471,1162.1399999992097,905.4825414254659
48608,32.25013981286471,1162.1599999992097,905.4869232511979
48609,32.25013981286471,1162.1799999992097,905.4913049879211
48610,32.25013981286471,1162.1999999992097,905.495686635635
48611,32.25013981286471,1162.2199999992097,905.5000681943393
48612,32.25013981286471,1162.2399999992097,905.5044496640335
48613,32.25013981286471,1162.2599999992096,905.5088310447173
48614,32.25013981286471,1162.2799999992096,905.5132123363906
48615,32.25013981286471,1162.2999999992096,905.5175935390527
48616,32.25013981286471,1162.3199999992096,905.5219746527033
48617,32.25013981286471,1162.3399999992096,905.5263556773422
48618,32.25013981286471,1162.3599999992095,905.5307366129689
48619,32.25013981286471,1162.3799999992095,905.535117459583
48620,32.25013981286471,1162.3999999992095,905.5394982171844
48621,32.25013981286471,1162.4199999992095,905.5438788857724
48622,32.25013981286471,1162.4399999992095,905.5482594653469
48623,32.25013981286471,1162.4599999992095,905.5526399559074
48624,32.25013981286471,1162.4799999992094,905.5570203574534
48625,32.25013981286471,1162.4999999992094,905.5614006699849
48626,32.25013981286471,1162.5199999992094,905.5657808935013
48627,32.25013981286471,1162.5399999992094,905.5701610280023
48628,32.25013981286471,1162.5599999992094,905.5745410734876
48629,32.25013981286471,1162.5799999992093,905.5789210299566
48630,32.25013981286471,1162.5999999992093,905.5833008974092
48631,32.25013981286471,1162.6199999992093,905.587680675845
48632,32.25013981286471,1162.6399999992093,905.5920603652636
48633,32.25013981286471,1162.6599999992093,905.5964399656646
48634,32.25013981286471,1162.6799999992093,905.6008194770476
48635,32.25013981286471,1162.6999999992092,905.6051988994124
48636,32.25013981286471,1162.7199999992092,905.6095782327584
48637,32.25013981286471,1162.7399999992092,905.6139574770855
48638,32.25013981286471,1162.7599999992092,905.6183366323943
48639,32.25013981286471,1162.7799999992092,905.6227156987613
48640,32.25013981286471,1162.7999999992091,905.6270946762537
48641,32.25013981286471,1162.8199999992091,905.6314735648709
48642,32.25013981286471,1162.839999999209,905.6358523646127
48643,32.25013981286471,1162.859999999209,905.6402310754786
48644,32.25013981286471,1162.879999999209,905.6446096974684
48645,32.25013981286471,1162.899999999209,905.6489882305816
48646,32.25013981286471,1162.919999999209,905.6533666748179
48647,32.25013981286471,1162.939999999209,905.657745030177
48648,32.25013981286471,1162.959999999209,905.6621232966585
48649,32.25013981286471,1162.979999999209,905.666501474262
48650,32.25013981286471,1162.999999999209,905.6708795629871
48651,32.208065115012324,1163.019999999209,905.6752575628336
48652,32.208065115012324,1163.039999999209,905.6796354738011
48653,32.208065115012324,1163.059999999209,905.6840132958893
48654,32.208065115012324,1163.079999999209,905.6883910290976
48655,32.208065115012324,1163.0999999992089,905.6927686734259
48656,32.208065115012324,1163.1199999992089,905.6971462288737
48657,32.208065115012324,1163.1399999992088,905.7015236954408
48658,32.208065115012324,1163.1599999992088,905.7059010731266
48659,32.208065115012324,1163.1799999992088,905.7102783619309
48660,32.208065115012324,1163.1999999992088,905.7146555618534
48661,32.208065115012324,1163.2199999992088,905.7190326728937
48662,32.208065115012324,1163.2399999992087,905.7234096950514
48663,32.208065115012324,1163.2599999992087,905.7277866283262
48664,32.208065115012324,1163.2799999992087,905.7321634727176
48665,32.208065115012324,1163.2999999992087,905.7365402282254
48666,32.208065115012324,1163.3199999992087,905.7409168948492
48667,32.208065115012324,1163.3399999992087,905.7452934725886
48668,32.208065115012324,1163.3599999992086,905.7496699614434
48669,32.208065115012324,1163.3799999992086,905.754046361413
48670,32.208065115012324,1163.3999999992086,905.7584226724972
48671,32.208065115012324,1163.4199999992086,905.7627988946956
48672,32.208065115012324,1163.4399999992086,905.767175028008
48673,32.208065115012324,1163.4599999992085,905.7715510724338
48674,32.208065115012324,1163.4799999992085,905.7759270279728
48675,32.208065115012324,1163.4999999992085,905.7803028946245
48676,32.208065115012324,1163.5199999992085,905.7846786723886
48677,32.208065115012324,1163.5399999992085,905.7890543612649
48678,32.208065115012324,1163.5599999992085,905.7934299612529
48679,32.208065115012324,1163.5799999992084,905.7978054723523
48680,32.208065115012324,1163.5999999992084,905.8021808945626
48681,32.208065115012324,1163.6199999992084,905.8065562278837
48682,32.208065115012324,1163.6399999992084,905.810931472315
48683,32.208065115012324,1163.6599999992084,905.8153066278563
48684,32.208065115012324,1163.6799999992083,905.8196816945072
48685,32.208065115012324,1163.6999999992083,905.8240566722673
48686,32.208065115012324,1163.7199999992083,905.8284315611362
48687,32.208065115012324,1163.7399999992083,905.8328063611137
48688,32.208065115012324,1163.7599999992083,905.8371810721994
48689,32.208065115012324,1163.7799999992083,905.8415556943953
48690,32.208065115012324,1163.7999999992082,905.8459302277735
48691,32.208065115012324,1163.8199999992082,905.8503046723844
48692,32.208065115012324,1163.8399999992082,905.8546790282277
48693,32.208065115012324,1163.8599999992082,905.8590532953029
48694,32.208065115012324,1163.8799999992082,905.8634274736099
48695,32.208065115012324,1163.8999999992081,905.8678015631482
48696,32.208065115012324,1163.9199999992081,905.8721755639175
48697,32.208065115012324,1163.939999999208,905.8765494759174
48698,32.208065115012324,1163.959999999208,905.8809232991475
48699,32.208065115012324,1163.979999999208,905.8852970336076
48700,32.208065115012324,1163.999999999208,905.8896706792972
48701,32.208065115012324,1164.019999999208,905.894044236216
48702,32.208065115012324,1164.039999999208,905.8984177043637
48703,32.208065115012324,1164.059999999208,905.9027910837399
48704,32.208065115012324,1164.079999999208,905.9071643743442
48705,32.208065115012324,1164.099999999208,905.9115375761763
48706,32.208065115012324,1164.119999999208,905.915910689236
48707,32.208065115012324,1164.139999999208,905.9202837135226
48708,32.208065115012324,1164.159999999208,905.924656649036
48709,32.208065115012324,1164.179999999208,905.9290294957758
48710,32.208065115012324,1164.1999999992079,905.9334022537416
48711,32.208065115012324,1164.2199999992079,905.9377749229332
48712,32.208065115012324,1164.2399999992078,905.94214750335
48713,32.208065115012324,1164.2599999992078,905.9465199949918
48714,32.208065115012324,1164.2799999992078,905.9508923978583
48715,32.208065115012324,1164.2999999992078,905.955264711949
48716,32.208065115012324,1164.3199999992078,905.9596369372637
48717,32.208065115012324,1164.3399999992077,905.9640090738019
48718,32.208065115012324,1164.3599999992077,905.9683811215633
48719,32.208065115012324,1164.3799999992077,905.9727530805476
48720,32.208065115012324,1164.3999999992077,905.9771249507544
48721,32.208065115012324,1164.4199999992077,905.9814967321834
48722,32.208065115012324,1164.4399999992077,905.9858684248342
48723,32.208065115012324,1164.4599999992076,905.9902400287065
48724,32.208065115012324,1164.4799999992076,905.9946115437998
48725,32.208065115012324,1164.4999999992076,905.998982970114
48726,32.208065115012324,1164.5199999992076,906.0033543076485
48727,32.208065115012324,1164.5399999992076,906.007725556403
48728,32.208065115012324,1164.5599999992075,906.0120967163773
48729,32.208065115012324,1164.5799999992075,906.016467787571
48730,32.208065115012324,1164.5999999992075,906.0208387699836
48731,32.208065115012324,1164.6199999992075,906.0252096636149
48732,32.208065115012324,1164.6399999992075,906.0295804684644
48733,32.208065115012324,1164.6599999992075,906.0339511845318
48734,32.208065115012324,1164.6799999992074,906.0383218118169
48735,32.208065115012324,1164.6999999992074,906.0426923503192
48736,32.208065115012324,1164.7199999992074,906.0470628000384
48737,32.208065115012324,1164.7399999992074,906.051433160974
48738,32.208065115012324,1164.7599999992074,906.0558034331259
48739,32.208065115012324,1164.7799999992073,906.0601736164936
48740,32.208065115012324,1164.7999999992073,906.0645437110809
48741,32.208065115012324,1164.8199999992073,906.0689137169716
48742,32.208065115012324,1164.8399999992073,906.0732836342116
48743,32.208065115012324,1164.8599999992073,906.0776534628006
48744,32.208065115012324,1164.8799999992073,906.0820232027384
48745,32.208065115012324,1164.8999999992072,906.0863928540244
48746,32.208065115012324,1164.9199999992072,906.0907624166585
48747,32.208065115012324,1164.9399999992072,906.0951318906403
48748,32.208065115012324,1164.9599999992072,906.0995012759694
48749,32.208065115012324,1164.9799999992072,906.1038705726454
48750,32.208065115012324,1164.9999999992071,906.108239780668
48751,32.208065115012324,1165.0199999992071,906.1126089000369
48752,32.208065115012324,1165.039999999207,906.1169779307517
48753,32.208065115012324,1165.059999999207,906.121346872812
48754,32.208065115012324,1165.079999999207,906.1257157262174
48755,32.208065115012324,1165.099999999207,906.1300844909678
48756,32.208065115012324,1165.119999999207,906.1344531670626
48757,32.208065115012324,1165.139999999207,906.1388217545016
48758,32.208065115012324,1165.159999999207,906.1431902532844
48759,32.208065115012324,1165.179999999207,906.1475586634107
48760,32.208065115012324,1165.199999999207,906.1519269848801
48761,32.208065115012324,1165.219999999207,906.1562952176923
48762,32.208065115012324,1165.239999999207,906.1606633618469
48763,32.208065115012324,1165.259999999207,906.1650314173436
48764,32.208065115012324,1165.279999999207,906.1693993841819
48765,32.208065115012324,1165.2999999992069,906.1737672623617
48766,32.208065115012324,1165.3199999992069,906.1781350518825
48767,32.208065115012324,1165.3399999992068,906.1825027527439
48768,32.208065115012324,1165.3599999992068,906.1868703649455
48769,32.208065115012324,1165.3799999992068,906.1912378884873
48770,32.208065115012324,1165.3999999992068,906.1956053233687
48771,32.208065115012324,1165.4199999992068,906.1999726695893
48772,32.208065115012324,1165.4399999992067,906.2043399271489
48773,32.208065115012324,1165.4599999992067,906.208707096047
48774,32.208065115012324,1165.4799999992067,906.2130741762833
48775,32.208065115012324,1165.4999999992067,906.2174411678575
48776,32.208065115012324,1165.5199999992067,906.2218080707692
48777,32.208065115012324,1165.5399999992067,906.226174885018
48778,32.208065115012324,1165.5599999992066,906.2305416106038
48779,32.208065115012324,1165.5799999992066,906.234908247526
48780,32.208065115012324,1165.5999999992066,906.2392747957844
48781,32.208065115012324,1165.6199999992066,906.2436412553785
48782,32.208065115012324,1165.6399999992066,906.2480076263081
48783,32.208065115012324,1165.6599999992065,906.2523739085727
48784,32.208065115012324,1165.6799999992065,906.2567401021721
48785,32.208065115012324,1165.6999999992065,906.2611062071059
48786,32.208065115012324,1165.7199999992065,906.2654722233736
48787,32.208065115012324,1165.7399999992065,906.2698381509751
48788,32.208065115012324,1165.7599999992065,906.2742039899099
48789,32.208065115012324,1165.7799999992064,906.2785697401777
48790,32.208065115012324,1165.7999999992064,906.2829354017781
48791,32.208065115012324,1165.8199999992064,906.2873009747166
48792,32.208065115012324,1165.8399999992064,906.2916664590831
48793,32.208065115012324,1165.8599999992064,906.296031854916
48794,32.208065115012324,1165.8799999992063,906.3003971622148
48795,32.208065115012324,1165.8999999992063,906.3047623809792
48796,32.208065115012324,1165.9199999992063,906.309127511209
48797,32.208065115012324,1165.9399999992063,906.3134925529037
48798,32.208065115012324,1165.9599999992063,906.3178575060629
48799,32.208065115012324,1165.9799999992063,906.3222223706863
48800,32.208065115012324,1165.9999999992062,906.3265871467736
48801,32.208065115012324,1166.0199999992062,906.3309518343244
48802,32.208065115012324,1166.0399999992062,906.3353164333384
48803,32.208065115012324,1166.0599999992062,906.3396809438153
48804,32.208065115012324,1166.0799999992062,906.3440453657547
48805,32.208065115012324,1166.0999999992061,906.3484096991563
48806,32.208065115012324,1166.1199999992061,906.3527739440195
48807,32.208065115012324,1166.139999999206,906.3571381003443
48808,32.208065115012324,1166.159999999206,906.3615021681302
48809,32.208065115012324,1166.179999999206,906.3658661473769
48810,32.208065115012324,1166.199999999206,906.370230038084
48811,32.208065115012324,1166.219999999206,906.3745938402511
48812,32.208065115012324,1166.239999999206,906.378957553878
48813,32.208065115012324,1166.259999999206,906.3833211789643
48814,32.208065115012324,1166.279999999206,906.3876847155095
48815,32.208065115012324,1166.299999999206,906.3920481635136
48816,32.208065115012324,1166.319999999206,906.3964115229759
48817,32.208065115012324,1166.339999999206,906.4007747938962
48818,32.208065115012324,1166.359999999206,906.4051379762741
48819,32.208065115012324,1166.379999999206,906.4095010701094
48820,32.208065115012324,1166.3999999992059,906.4138640754016
48821,32.208065115012324,1166.4199999992059,906.4182269921505
48822,32.208065115012324,1166.4399999992058,906.4225898203556
48823,32.208065115012324,1166.4599999992058,906.4269525600166
48824,32.208065115012324,1166.4799999992058,906.4313152111332
48825,32.208065115012324,1166.4999999992058,906.435677773705
48826,32.208065115012324,1166.5199999992058,906.4400402477318
48827,32.208065115012324,1166.5399999992057,906.444402633213
48828,32.208065115012324,1166.5599999992057,906.4487649301485
48829,32.208065115012324,1166.5799999992057,906.4531271385378
48830,32.208065115012324,1166.5999999992057,906.4574892583805
48831,32.208065115012324,1166.6199999992057,906.4618512896765
48832,32.208065115012324,1166.6399999992057,906.4662132324252
48833,32.208065115012324,1166.6599999992056,906.4705750866264
48834,32.208065115012324,1166.6799999992056,906.4749368522796
48835,32.208065115012324,1166.6999999992056,906.4792985293847
48836,32.208065115012324,1166.7199999992056,906.4836601179411
48837,32.208065115012324,1166.7399999992056,906.4880216179487
48838,32.208065115012324,1166.7599999992055,906.4923830294069
48839,32.208065115012324,1166.7799999992055,906.4967443523155
48840,32.208065115012324,1166.7999999992055,906.5011055866743
48841,32.208065115012324,1166.8199999992055,906.5054667324827
48842,32.208065115012324,1166.8399999992055,906.5098277897478
48843,32.208065115012324,1166.8599999992055,906.514188758566
48844,32.208065115012324,1166.8799999992054,906.5185496389677
48845,32.208065115012324,1166.8999999992054,906.5229104309525
48846,32.208065115012324,1166.9199999992054,906.52727113452
48847,32.208065115012324,1166.9399999992054,906.5316317496699
48848,32.208065115012324,1166.9599999992054,906.5359922764019
48849,32.208065115012324,1166.9799999992053,906.5403527147156
48850,32.208065115012324,1166.9999999992053,906.5447130646107
48851,32.208065115012324,1167.0199999992053,906.5490733260868
48852,32.208065115012324,1167.0399999992053,906.5534334991437
48853,32.208065115012324,1167.0599999992053,906.5577935837808
48854,32.208065115012324,1167.0799999992053,906.562153579998
48855,32.208065115012324,1167.0999999992052,906.5665134877949
48856,32.208065115012324,1167.1199999992052,906.570873307171
48857,32.208065115012324,1167.1399999992052,906.5752330381262
48858,32.208065115012324,1167.1599999992052,906.57959268066
48859,32.208065115012324,1167.1799999992052,906.583952234772
48860,32.208065115012324,1167.1999999992051,906.588311700462
48861,32.208065115012324,1167.2199999992051,906.5926710777296
48862,32.208065115012324,1167.239999999205,906.5970303665745
48863,32.208065115012324,1167.259999999205,906.6013895669962
48864,32.208065115012324,1167.279999999205,906.6057486789946
48865,32.208065115012324,1167.299999999205,906.6101077025692
48866,32.208065115012324,1167.319999999205,906.6144666377196
48867,32.208065115012324,1167.339999999205,906.6188254844457
48868,32.208065115012324,1167.359999999205,906.6231842427469
48869,32.208065115012324,1167.379999999205,906.627542912623
48870,32.208065115012324,1167.399999999205,906.6319014940735
48871,32.208065115012324,1167.419999999205,906.6362599870982
48872,32.208065115012324,1167.439999999205,906.6406183916968
48873,32.208065115012324,1167.459999999205,906.6449767078689
48874,32.208065115012324,1167.479999999205,906.6493349356141
48875,32.208065115012324,1167.4999999992049,906.6536930749321
48876,32.208065115012324,1167.5199999992049,906.6580511258226
48877,32.208065115012324,1167.5399999992048,906.6624090882851
48878,32.208065115012324,1167.5599999992048,906.6667669623195
48879,32.208065115012324,1167.5799999992048,906.6711247479252
48880,32.208065115012324,1167.5999999992048,906.675482445102
48881,32.208065115012324,1167.6199999992048,906.6798400538496
48882,32.208065115012324,1167.6399999992047,906.6841975741676
48883,32.208065115012324,1167.6599999992047,906.6885550060556
48884,32.208065115012324,1167.6799999992047,906.6929123495133
48885,32.208065115012324,1167.6999999992047,906.6972696045403
48886,32.208065115012324,1167.7199999992047,906.7016267711364
48887,32.208065115012324,1167.7399999992047,906.7059838493011
48888,32.208065115012324,1167.7599999992046,906.7103408390342
48889,32.208065115012324,1167.7799999992046,906.7146977403353
48890,32.208065115012324,1167.7999999992046,906.719054553204
48891,32.208065115012324,1167.8199999992046,906.72341127764
48892,32.208065115012324,1167.8399999992046,906.727767913643
48893,32.208065115012324,1167.8599999992045,906.732124461222
48894,32.208065115012324,1167.8799999992045,906.736480920486
48895,32.208065115012324,1167.8999999992045,906.7408372914585
48896,32.208065115012324,1167.9199999992045,906.7451935741393
48897,32.208065115012324,1167.9399999992045,906.7495497685279
48898,32.208065115012324,1167.9599999992045,906.7539058746241
48899,32.208065115012324,1167.9799999992044,906.7582618924275
48900,32.208065115012324,1167.9999999992044,906.7626178219377
48901,32.208065115012324,1168.0199999992044,906.7669736631544
48902,32.208065115012324,1168.0399999992044,906.7713294160774
48903,32.208065115012324,1168.0599999992044,906.7756850807061
48904,32.208065115012324,1168.0799999992043,906.7800406570403
48905,32.208065115012324,1168.0999999992043,906.7843961450798
48906,32.208065115012324,1168.1199999992043,906.788751544824
48907,32.208065115012324,1168.1399999992043,906.7931068562726
48908,32.208065115012324,1168.1599999992043,906.7974620794255
48909,32.208065115012324,1168.1799999992043,906.8018172142821
48910,32.16608182460694,1168.1999999992042,906.8061722608422
48911,32.16608182460694,1168.2199999992042,906.8105272191054
48912,32.16608182460694,1168.2399999992042,906.8148820890714
48913,32.16608182460694,1168.2599999992042,906.8192368707398
48914,32.16608182460694,1168.2799999992042,906.8235915641103
48915,32.16608182460694,1168.2999999992041,906.8279461691825
48916,32.16608182460694,1168.3199999992041,906.8323006859562
48917,32.16608182460694,1168.339999999204,906.8366551144309
48918,32.16608182460694,1168.359999999204,906.8410094546063
48919,32.16608182460694,1168.379999999204,906.8453637064821
48920,32.16608182460694,1168.399999999204,906.8497178700579
48921,32.16608182460694,1168.419999999204,906.8540719453334
48922,32.16608182460694,1168.439999999204,906.8584259323084
48923,32.16608182460694,1168.459999999204,906.8627798309823
48924,32.16608182460694,1168.479999999204,906.8671336413549
48925,32.16608182460694,1168.499999999204,906.8714873634259
48926,32.16608182460694,1168.519999999204,906.8758409971948
48927,32.16608182460694,1168.539999999204,906.8801945426615
48928,32.16608182460694,1168.559999999204,906.8845479998254
48929,32.16608182460694,1168.579999999204,906.8889013686862
48930,32.16608182460694,1168.5999999992039,906.8932546492438
48931,32.16608182460694,1168.6199999992039,906.8976078414976
48932,32.16608182460694,1168.6399999992038,906.9019609454473
48933,32.16608182460694,1168.6599999992038,906.9063139610927
48934,32.16608182460694,1168.6799999992038,906.9106668884333
48935,32.16608182460694,1168.6999999992038,906.9150197274689
48936,32.16608182460694,1168.7199999992038,906.9193724781991
48937,32.16608182460694,1168.7399999992037,906.9237251406234
48938,32.16608182460694,1168.7599999992037,906.9280777147418
48939,32.16608182460694,1168.7799999992037,906.9324302005537
48940,32.16608182460694,1168.7999999992037,906.9367825980588
48941,32.16608182460694,1168.8199999992037,906.9411349072568
48942,32.16608182460694,1168.8399999992037,906.9454871281473
48943,32.16608182460694,1168.8599999992036,906.9498392607301
48944,32.16608182460694,1168.8799999992036,906.9541913050143
48945,32.16608182460694,1168.8999999992036,906.9585432611007
48946,32.16608182460694,1168.9199999992036,906.9628951290024
48947,32.16608182460694,1168.9399999992036,906.9672469087191
48948,32.16608182460694,1168.9599999992035,906.9715986002503
48949,32.16608182460694,1168.9799999992035,906.975950203596
48950,32.16608182460694,1168.9999999992035,906.9803017187555
48951,32.16608182460694,1169.0199999992035,906.9846531457288
48952,32.16608182460694,1169.0399999992035,906.9890044845152
48953,32.16608182460694,1169.0599999992035,906.9933557351146
48954,32.16608182460694,1169.0799999992034,906.9977068975267
48955,32.16608182460694,1169.0999999992034,907.0020579717509
48956,32.16608182460694,1169.1199999992034,907.0064089577871
48957,32.16608182460694,1169.1399999992034,907.0107598556349
48958,32.16608182460694,1169.1599999992034,907.015110665294
48959,32.16608182460694,1169.1799999992033,907.0194613867639
48960,32.16608182460694,1169.1999999992033,907.0238120200444
48961,32.16608182460694,1169.2199999992033,907.0281625651352
48962,32.16608182460694,1169.2399999992033,907.0325130220358
48963,32.16608182460694,1169.2599999992033,907.036863390746
48964,32.16608182460694,1169.2799999992033,907.0412136712655
48965,32.16608182460694,1169.2999999992032,907.0455638635938
48966,32.16608182460694,1169.3199999992032,907.0499139677306
48967,32.16608182460694,1169.3399999992032,907.0542639836757
48968,32.16608182460694,1169.3599999992032,907.0586139114286
48969,32.16608182460694,1169.3799999992032,907.062963750989
48970,32.16608182460694,1169.3999999992031,907.0673135023566
48971,32.16608182460694,1169.4199999992031,907.071663165531
48972,32.16608182460694,1169.439999999203,907.0760127405119
48973,32.16608182460694,1169.459999999203,907.080362227299
48974,32.16608182460694,1169.479999999203,907.0847116258919
48975,32.16608182460694,1169.499999999203,907.0890609362904
48976,32.16608182460694,1169.519999999203,907.093410158494
48977,32.16608182460694,1169.539999999203,907.0977592925024
48978,32.16608182460694,1169.559999999203,907.1021083383152
48979,32.16608182460694,1169.579999999203,907.1064572959323
48980,32.16608182460694,1169.599999999203,907.1108061653531
48981,32.16608182460694,1169.619999999203,907.1151549465774
48982,32.16608182460694,1169.639999999203,907.1195036396048
48983,32.16608182460694,1169.659999999203,907.1238522444349
48984,32.16608182460694,1169.679999999203,907.1282007610675
48985,32.16608182460694,1169.6999999992029,907.1325491895022
48986,32.16608182460694,1169.7199999992029,907.1368975297387
48987,32.16608182460694,1169.7399999992028,907.1412457817765
48988,32.16608182460694,1169.7599999992028,907.1455939456155
48989,32.16608182460694,1169.7799999992028,907.1499420212551
48990,32.16608182460694,1169.7999999992028,907.1542900086952
48991,32.16608182460694,1169.8199999992028,907.1586379079353
48992,32.16608182460694,1169.8399999992027,907.1629857189752
48993,32.16608182460694,1169.8599999992027,907.1673334418144
48994,32.16608182460694,1169.8799999992027,907.1716810764527
48995,32.16608182460694,1169.8999999992027,907.1760286229053
48996,32.16608182460694,1169.9199999992027,907.1803760812793
48997,32.16608182460694,1169.9399999992027,907.1847234515847
48998,32.16608182460694,1169.9599999992026,907.189070733821
48999,32.16608182460694,1169.9799999992026,907.1934179279881
49000,32.16608182460694,1169.9999999992026,907.1977650340855
49001,32.16608182460694,1170.0199999992026,907.202112052113
49002,32.16608182460694,1170.0399999992026,907.2064589820701
49003,32.16608182460694,1170.0599999992025,907.2108058239565
49004,32.16608182460694,1170.0799999992025,907.215152577772
49005,32.16608182460694,1170.0999999992025,907.2194992435161
49006,32.16608182460694,1170.1199999992025,907.2238458211885
49007,32.16608182460694,1170.1399999992025,907.228192310789
49008,32.16608182460694,1170.1599999992025,907.2325387123171
49009,32.16608182460694,1170.1799999992024,907.2368850257726
49010,32.16608182460694,1170.1999999992024,907.2412312511551
49011,32.16608182460694,1170.2199999992024,907.2455773884642
49012,32.16608182460694,1170.2399999992024,907.2499234376996
49013,32.16608182460694,1170.2599999992024,907.2542693988611
49014,32.16608182460694,1170.2799999992023,907.2586152719481
49015,32.16608182460694,1170.2999999992023,907.2629610569604
49016,32.16608182460694,1170.3199999992023,907.2673067538977
49017,32.16608182460694,1170.3399999992023,907.2716523627597
49018,32.16608182460694,1170.3599999992023,907.275997883546
49019,32.16608182460694,1170.3799999992023,907.2803433162562
49020,32.16608182460694,1170.3999999992022,907.2846886608901
49021,32.16608182460694,1170.4199999992022,907.2890339174472
49022,32.16608182460694,1170.4399999992022,907.2933790859273
49023,32.16608182460694,1170.4599999992022,907.29772416633
49024,32.16608182460694,1170.4799999992022,907.3020691586551
49025,32.16608182460694,1170.4999999992021,907.306414062902
49026,32.16608182460694,1170.5199999992021,907.3107588790706
49027,32.16608182460694,1170.539999999202,907.3151036071604
49028,32.16608182460694,1170.559999999202,907.3194482471712
49029,32.16608182460694,1170.579999999202,907.3237927991025
49030,32.16608182460694,1170.599999999202,907.3281372629542
49031,32.16608182460694,1170.619999999202,907.3324816387258
49032,32.16608182460694,1170.639999999202,907.336825926417
49033,32.16608182460694,1170.659999999202,907.3411701260274
49034,32.16608182460694,1170.679999999202,907.3455142375567
49035,32.16608182460694,1170.699999999202,907.3498582610047
49036,32.16608182460694,1170.719999999202,907.3542021963708
49037,32.16608182460694,1170.739999999202,907.3585460436549
49038,32.16608182460694,1170.759999999202,907.3628898028566
49039,32.16608182460694,1170.779999999202,907.3672334739755
49040,32.16608182460694,1170.7999999992019,907.3715770570113
49041,32.16608182460694,1170.8199999992019,907.3759205519638
49042,32.16608182460694,1170.8399999992018,907.3802639588323
49043,32.16608182460694,1170.8599999992018,907.3846072776169
49044,32.16608182460694,1170.8799999992018,907.388950508317
49045,32.16608182460694,1170.8999999992018,907.3932936509323
49046,32.16608182460694,1170.9199999992018,907.3976367054859
49047,32.16608182460694,1170.9399999992017,907.4019796720789
49048,32.16608182460694,1170.9599999992017,907.4063225507199
49049,32.16608182460694,1170.9799999992017,907.4106653414083
49050,32.16608182460694,1170.9999999992017,907.4150080441439
49051,32.16608182460694,1171.0199999992017,907.4193506589262
49052,32.16608182460694,1171.0399999992017,907.423693185755
49053,32.16608182460694,1171.0599999992016,907.4280356246301
49054,32.16608182460694,1171.0799999992016,907.4323779755509
49055,32.16608182460694,1171.0999999992016,907.4367202385173
49056,32.16608182460694,1171.1199999992016,907.4410624135288
49057,32.16608182460694,1171.1399999992016,907.4454045005851
49058,32.16608182460694,1171.1599999992015,907.449746499686
49059,32.16608182460694,1171.1799999992015,907.454088410831
49060,32.16608182460694,1171.1999999992015,907.4584302340198
49061,32.16608182460694,1171.2199999992015,907.4627719692521
49062,32.16608182460694,1171.2399999992015,907.4671136165276
49063,32.16608182460694,1171.2599999992015,907.4714551758459
49064,32.16608182460694,1171.2799999992014,907.4757966472067
49065,32.16608182460694,1171.2999999992014,907.4801380306096
49066,32.16608182460694,1171.3199999992014,907.4844793260544
49067,32.16608182460694,1171.3399999992014,907.4888205335407
49068,32.16608182460694,1171.3599999992014,907.4931616530681
49069,32.16608182460694,1171.3799999992013,907.4975026846364
49070,32.16608182460694,1171.3999999992013,907.5018436282452
49071,32.16608182460694,1171.4199999992013,907.5061844838941
49072,32.16608182460694,1171.4399999992013,907.5105252515829
49073,32.16608182460694,1171.4599999992013,907.5148659313111
49074,32.16608182460694,1171.4799999992013,907.5192065230784
49075,32.16608182460694,1171.4999999992012,907.5235470268846
49076,32.16608182460694,1171.5199999992012,907.5278874427293
49077,32.16608182460694,1171.5399999992012,907.532227770612
49078,32.16608182460694,1171.5599999992012,907.5365680105327
49079,32.16608182460694,1171.5799999992012,907.5409081624908
49080,32.16608182460694,1171.5999999992011,907.5452482264861
49081,32.16608182460694,1171.6199999992011,907.5495882025183
49082,32.16608182460694,1171.639999999201,907.5539280905869
49083,32.16608182460694,1171.659999999201,907.5582678906916
49084,32.16608182460694,1171.679999999201,907.5626076028321
49085,32.16608182460694,1171.699999999201,907.5669472270082
49086,32.16608182460694,1171.719999999201,907.5712867632194
49087,32.16608182460694,1171.739999999201,907.5756262114654
49088,32.16608182460694,1171.759999999201,907.5799655717459
49089,32.16608182460694,1171.779999999201,907.5843048440606
49090,32.16608182460694,1171.799999999201,907.5886440284091
49091,32.16608182460694,1171.819999999201,907.5929831247911
49092,32.16608182460694,1171.839999999201,907.5973221332063
49093,32.16608182460694,1171.859999999201,907.6016610536542
49094,32.16608182460694,1171.879999999201,907.6059998861347
49095,32.16608182460694,1171.8999999992009,907.6103386306472
49096,32.16608182460694,1171.9199999992009,907.6146772871916
49097,32.16608182460694,1171.9399999992008,907.6190158557989
49098,32.16608182460694,1171.9599999992008,907.6233543365641
49099,32.16608182460694,1171.9799999992008,907.627692729494
49100,32.16608182460694,1171.9999999992008,907.6320310345883
49101,32.16608182460694,1172.0199999992008,907.6363692518466
49102,32.16608182460694,1172.0399999992007,907.6407073812687
49103,32.16608182460694,1172.0599999992007,907.6450454228542
49104,32.16608182460694,1172.0799999992007,907.6493833766027
49105,32.16608182460694,1172.0999999992007,907.653721242514
49106,32.16608182460694,1172.1199999992007,907.6580590205878
49107,32.16608182460694,1172.1399999992007,907.6623967108235
49108,32.16608182460694,1172.1599999992006,907.666734313221
49109,32.16608182460694,1172.1799999992006,907.67107182778
49110,32.16608182460694,1172.1999999992006,907.6754092545
49111,32.16608182460694,1172.2199999992006,907.6797465933807
49112,32.16608182460694,1172.2399999992006,907.6840838444219
49113,32.16608182460694,1172.2599999992005,907.6884210076232
49114,32.16608182460694,1172.2799999992005,907.6927580829843
49115,32.16608182460694,1172.2999999992005,907.6970950705047
49116,32.16608182460694,1172.3199999992005,907.7014319701843
49117,32.16608182460694,1172.3399999992005,907.7057687820227
49118,32.16608182460694,1172.3599999992005,907.7101055060194
49119,32.16608182460694,1172.3799999992004,907.7144421421743
49120,32.16608182460694,1172.3999999992004,907.7187786904869
49121,32.16608182460694,1172.4199999992004,907.723115150957
49122,32.16608182460694,1172.4399999992004,907.7274515235843
49123,32.16608182460694,1172.4599999992004,907.7317878083683
49124,32.16608182460694,1172.4799999992003,907.7361240053087
49125,32.16608182460694,1172.4999999992003,907.7404601144053
49126,32.16608182460694,1172.5199999992003,907.7447961356577
49127,32.16608182460694,1172.5399999992003,907.7491320690655
49128,32.16608182460694,1172.5599999992003,907.7534679146285
49129,32.16608182460694,1172.5799999992003,907.7578036723462
49130,32.16608182460694,1172.5999999992002,907.7621393422185
49131,32.16608182460694,1172.6199999992002,907.7664749242448
49132,32.16608182460694,1172.6399999992002,907.770810418425
49133,32.16608182460694,1172.6599999992002,907.7751458247586
49134,32.16608182460694,1172.6799999992002,907.7794811432454
49135,32.16608182460694,1172.6999999992001,907.7838163738851
49136,32.16608182460694,1172.7199999992001,907.7881515166772
49137,32.16608182460694,1172.7399999992,907.7924865716215
49138,32.16608182460694,1172.7599999992,907.7968215387175
49139,32.16608182460694,1172.7799999992,907.801156417965
49140,32.16608182460694,1172.7999999992,907.8054912093637
49141,32.16608182460694,1172.8199999992,907.8098259129132
49142,32.16608182460694,1172.8399999992,907.8141605286132
49143,32.16608182460694,1172.8599999992,907.8184950564635
49144,32.16608182460694,1172.8799999992,907.8228294964634
49145,32.16608182460694,1172.8999999992,907.8271638486129
49146,32.16608182460694,1172.9199999992,907.8314981129116
49147,32.16608182460694,1172.9399999992,907.8358322893591
49148,32.16608182460694,1172.9599999992,907.8401663779972
49149,32.16608182460694,1172.9799999992,907.8445003789205
49150,32.16608182460694,1172.9999999991999,907.8488342921347
49151,32.16608182460694,1173.0199999991999,907.8531681176395
49152,32.16608182460694,1173.0399999991998,907.8575018554345
49153,32.16608182460694,1173.0599999991998,907.8618355055195
49154,32.16608182460694,1173.0799999991998,907.866169067894
49155,32.16608182460694,1173.0999999991998,907.8705025425578
49156,32.16608182460694,1173.1199999991998,907.8748359295105
49157,32.16608182460694,1173.1399999991997,907.8791692287517
49158,32.16608182460694,1173.1599999991997,907.8835024402813
49159,32.16608182460694,1173.1799999991997,907.8878355640987
49160,32.16608182460694,1173.1999999991997,907.8921686002038
49161,32.16608182460694,1173.2199999991997,907.8965015485962
49162,32.16608182460694,1173.2399999991997,907.9008344092756
49163,32.16608182460694,1173.2599999991996,907.9051671822416
49164,32.16608182460694,1173.2799999991996,907.9094998674939
49165,32.16608182460694,1173.2999999991996,907.9138324650321
49166,32.16608182460694,1173.3199999991996,907.918164974856
49167,32.16608182460694,1173.3399999991996,907.9224973969652
49168,32.16608182460694,1173.3599999991995,907.9268297313595
49169,32.16608182460694,1173.3799999991995,907.9311619780383
49170,32.1241896638737,1173.3999999991995,907.9354941370015
49171,32.1241896638737,1173.4199999991995,907.9398262082486
49172,32.1241896638737,1173.4399999991995,907.9441581917795
49173,32.1241896638737,1173.4599999991995,907.9484900875937
49174,32.1241896638737,1173.4799999991994,907.9528218956909
49175,32.1241896638737,1173.4999999991994,907.9571536160709
49176,32.1241896638737,1173.5199999991994,907.9614852487332
49177,32.1241896638737,1173.5399999991994,907.9658167936775
49178,32.1241896638737,1173.5599999991994,907.9701482509035
49179,32.1241896638737,1173.5799999991993,907.974479620411
49180,32.1241896638737,1173.5999999991993,907.9788109021995
49181,32.1241896638737,1173.6199999991993,907.9831420962687
49182,32.1241896638737,1173.6399999991993,907.9874732026183
49183,32.1241896638737,1173.6599999991993,907.991804221248
49184,32.1241896638737,1173.6799999991993,907.9961351521574
49185,32.1241896638737,1173.6999999991992,908.0004659953463
49186,32.1241896638737,1173.7199999991992,908.0047967508142
49187,32.1241896638737,1173.7399999991992,908.0091274185609
49188,32.1241896638737,1173.7599999991992,908.013457998586
49189,32.1241896638737,1173.7799999991992,908.0177884908892
49190,32.1241896638737,1173.7999999991991,908.0221188954702
49191,32.1241896638737,1173.8199999991991,908.0264492123285
49192,32.1241896638737,1173.839999999199,908.0307794414641
49193,32.1241896638737,1173.859999999199,908.0351095828764
49194,32.1241896638737,1173.879999999199,908.0394396365652
49195,32.1241896638737,1173.899999999199,908.0437696025302
49196,32.1241896638737,1173.919999999199,908.048099480771
49197,32.1241896638737,1173.939999999199,908.0524292712872
49198,32.1241896638737,1173.959999999199,908.0567589740787
49199,32.1241896638737,1173.979999999199,908.0610885891887
49200,32.1241896638737,1173.999999999199,908.0654181166938
49201,32.1241896638737,1174.019999999199,908.0697475565973
49202,32.1241896638737,1174.039999999199,908.0740769088991
49203,32.1241896638737,1174.059999999199,908.0784061735988
49204,32.1241896638737,1174.079999999199,908.0827353506959
49205,32.1241896638737,1174.0999999991989,908.0870644401901
49206,32.1241896638737,1174.1199999991989,908.0913934420813
49207,32.1241896638737,1174.1399999991988,908.095722356369
49208,32.1241896638737,1174.1599999991988,908.100051183053
49209,32.1241896638737,1174.1799999991988,908.1043799221328
49210,32.1241896638737,1174.1999999991988,908.1087085736082
49211,32.1241896638737,1174.2199999991988,908.1130371374787
49212,32.1241896638737,1174.2399999991987,908.1173656137443
49213,32.1241896638737,1174.2599999991987,908.1216940024043
49214,32.1241896638737,1174.2799999991987,908.1260223034586
49215,32.1241896638737,1174.2999999991987,908.1303505169069
49216,32.1241896638737,1174.3199999991987,908.1346786427488
49217,32.1241896638737,1174.3399999991987,908.1390066809839
49218,32.1241896638737,1174.3599999991986,908.1433346316121
49219,32.1241896638737,1174.3799999991986,908.1476624946329
49220,32.1241896638737,1174.3999999991986,908.151990270046
49221,32.1241896638737,1174.4199999991986,908.1563179578511
49222,32.1241896638737,1174.4399999991986,908.1606455580479
49223,32.1241896638737,1174.4599999991985,908.164973070636
49224,32.1241896638737,1174.4799999991985,908.1693004956152
49225,32.1241896638737,1174.4999999991985,908.173627832985
49226,32.1241896638737,1174.5199999991985,908.1779550827451
49227,32.1241896638737,1174.5399999991985,908.1822822448954
49228,32.1241896638737,1174.5599999991985,908.1866093194353
49229,32.1241896638737,1174.5799999991984,908.1909363063646
49230,32.1241896638737,1174.5999999991984,908.195263205683
49231,32.1241896638737,1174.6199999991984,908.1995900173902
49232,32.1241896638737,1174.6399999991984,908.2039167414857
49233,32.1241896638737,1174.6599999991984,908.2082433779694
49234,32.1241896638737,1174.6799999991983,908.2125699268408
49235,32.1241896638737,1174.6999999991983,908.2168963880997
49236,32.1241896638737,1174.7199999991983,908.2212227617457
49237,32.1241896638737,1174.7399999991983,908.2255490477785
49238,32.1241896638737,1174.7599999991983,908.2298752461977
49239,32.1241896638737,1174.7799999991983,908.2342013570031
49240,32.1241896638737,1174.7999999991982,908.2385273801943
49241,32.1241896638737,1174.8199999991982,908.2428533157711
49242,32.1241896638737,1174.8399999991982,908.247179163733
49243,32.1241896638737,1174.8599999991982,908.2515049240798
49244,32.1241896638737,1174.8799999991982,908.255830596811
49245,32.1241896638737,1174.8999999991981,908.2601561819265
49246,32.1241896638737,1174.9199999991981,908.2644816794258
49247,32.1241896638737,1174.939999999198,908.2688070893087
49248,32.1241896638737,1174.959999999198,908.2731324115748
49249,32.1241896638737,1174.979999999198,908.2774576462238
49250,32.1241896638737,1174.999999999198,908.2817827933098
49251,32.1241896638737,1175.019999999198,908.2861078529083
49252,32.1241896638737,1175.039999999198,908.2904328250213
49253,32.1241896638737,1175.059999999198,908.2947577096485
49254,32.1241896638737,1175.079999999198,908.2990825067894
49255,32.1241896638737,1175.099999999198,908.3034072164439
49256,32.1241896638737,1175.119999999198,908.3077318386116
49257,32.1241896638737,1175.139999999198,908.3120563732922
49258,32.1241896638737,1175.159999999198,908.3163808204853
49259,32.1241896638737,1175.179999999198,908.3207051801905
49260,32.1241896638737,1175.1999999991979,908.3250294524078
49261,32.1241896638737,1175.2199999991979,908.3293536371365
49262,32.1241896638737,1175.2399999991978,908.3336777343765
49263,32.1241896638737,1175.2599999991978,908.3380017441274
49264,32.1241896638737,1175.2799999991978,908.3423256663889
49265,32.1241896638737,1175.2999999991978,908.3466495011608
49266,32.1241896638737,1175.3199999991978,908.3509732484425
49267,32.1241896638737,1175.3399999991977,908.355296908234
49268,32.1241896638737,1175.3599999991977,908.3596204805348
49269,32.1241896638737,1175.3799999991977,908.3639439653446
49270,32.1241896638737,1175.3999999991977,908.368267362663
49271,32.1241896638737,1175.4199999991977,908.3725906724898
49272,32.1241896638737,1175.4399999991977,908.3769138948246
49273,32.1241896638737,1175.4599999991976,908.3812370296672
49274,32.1241896638737,1175.4799999991976,908.3855600770171
49275,32.1241896638737,1175.4999999991976,908.3898830368742
49276,32.1241896638737,1175.5199999991976,908.3942059092379
49277,32.1241896638737,1175.5399999991976,908.3985286941081
49278,32.1241896638737,1175.5599999991975,908.4028513914844
49279,32.1241896638737,1175.5799999991975,908.4071740013665
49280,32.1241896638737,1175.5999999991975,908.411496523754
49281,32.1241896638737,1175.6199999991975,908.4158189586466
49282,32.1241896638737,1175.6399999991975,908.4201413060441
49283,32.1241896638737,1175.6599999991975,908.4244635659461
49284,32.1241896638737,1175.6799999991974,908.4287857383523
49285,32.1241896638737,1175.6999999991974,908.4331078232623
49286,32.1241896638737,1175.7199999991974,908.4374298206758
49287,32.1241896638737,1175.7399999991974,908.4417517305925
49288,32.1241896638737,1175.7599999991974,908.4460735530122
49289,32.1241896638737,1175.7799999991973,908.4503952879344
49290,32.1241896638737,1175.7999999991973,908.4547169353589
49291,32.1241896638737,1175.8199999991973,908.4590384952852
49292,32.1241896638737,1175.8399999991973,908.4633599677131
49293,32.1241896638737,1175.8599999991973,908.4676813526423
49294,32.1241896638737,1175.8799999991973,908.4720026500726
49295,32.1241896638737,1175.8999999991972,908.4763238600034
49296,32.1241896638737,1175.9199999991972,908.4806449824346
49297,32.1241896638737,1175.9399999991972,908.4849660173657
49298,32.1241896638737,1175.9599999991972,908.4892869647964
49299,32.1241896638737,1175.9799999991972,908.4936078247265
49300,32.1241896638737,1175.9999999991971,908.4979285971557
49301,32.1241896638737,1176.0199999991971,908.502249282146
49302,32.1241896638737,1176.039999999197,908.5065698797665
49303,32.1241896638737,1176.059999999197,908.5108903900177
49304,32.1241896638737,1176.079999999197,908.5152108128993
49305,32.1241896638737,1176.099999999197,908.5195311484111
49306,32.1241896638737,1176.119999999197,908.5238513965527
49307,32.1241896638737,1176.139999999197,908.5281715573237
49308,32.1241896638737,1176.159999999197,908.5324916307239
49309,32.1241896638737,1176.179999999197,908.536811616753
49310,32.1241896638737,1176.199999999197,908.5411315154105
49311,32.1241896638737,1176.219999999197,908.5454513266961
49312,32.1241896638737,1176.239999999197,908.5497710506097
49313,32.1241896638737,1176.259999999197,908.5540906871508
49314,32.1241896638737,1176.279999999197,908.5584102363192
49315,32.1241896638737,1176.2999999991969,908.5627296981145
49316,32.1241896638737,1176.3199999991969,908.5670490725363
49317,32.1241896638737,1176.3399999991968,908.5713683595844
49318,32.1241896638737,1176.3599999991968,908.5756875592585
49319,32.1241896638737,1176.3799999991968,908.5800066715583
49320,32.1241896638737,1176.3999999991968,908.5843256964833
49321,32.1241896638737,1176.4199999991968,908.5886446340334
49322,32.1241896638737,1176.4399999991967,908.5929634842081
49323,32.1241896638737,1176.4599999991967,908.5972822470072
49324,32.1241896638737,1176.4799999991967,908.6016009224303
49325,32.1241896638737,1176.4999999991967,908.6059195104772
49326,32.1241896638737,1176.5199999991967,908.6102380111474
49327,32.1241896638737,1176.5399999991967,908.6145564244407
49328,32.1241896638737,1176.5599999991966,908.6188747503568
49329,32.1241896638737,1176.5799999991966,908.6231929888953
49330,32.1241896638737,1176.5999999991966,908.627511140056
49331,32.1241896638737,1176.6199999991966,908.6318292038385
49332,32.1241896638737,1176.6399999991966,908.6361471802425
49333,32.1241896638737,1176.6599999991965,908.6404650692676
49334,32.1241896638737,1176.6799999991965,908.6447828709137
49335,32.1241896638737,1176.6999999991965,908.6491005851802
49336,32.1241896638737,1176.7199999991965,908.653418212067
49337,32.1241896638737,1176.7399999991965,908.6577357515736
49338,32.1241896638737,1176.7599999991965,908.6620532036998
49339,32.1241896638737,1176.7799999991964,908.6663705684452
49340,32.1241896638737,1176.7999999991964,908.6706878458097
49341,32.1241896638737,1176.8199999991964,908.6750050357927
49342,32.1241896638737,1176.8399999991964,908.679322138394
49343,32.1241896638737,1176.8599999991964,908.6836391536133
49344,32.1241896638737,1176.8799999991963,908.6879560814502
49345,32.1241896638737,1176.8999999991963,908.6922729219045
49346,32.1241896638737,1176.9199999991963,908.6965896749758
49347,32.1241896638737,1176.9399999991963,908.7009063406639
49348,32.1241896638737,1176.9599999991963,908.7052229189683
49349,32.1241896638737,1176.9799999991963,908.7095394098887
49350,32.1241896638737,1176.9999999991962,908.713855813425
49351,32.1241896638737,1177.0199999991962,908.7181721295774
49352,32.1241896638737,1177.0399999991962,908.7224883584153
49353,32.1241896638737,1177.0599999991962,908.7268045000008
49354,32.1241896638737,1177.0799999991962,908.7311205543335
49355,32.1241896638737,1177.0999999991961,908.7354365214132
49356,32.1241896638737,1177.1199999991961,908.7397524012396
49357,32.1241896638737,1177.139999999196,908.7440681938123
49358,32.1241896638737,1177.159999999196,908.748383899131
49359,32.1241896638737,1177.179999999196,908.7526995171954
49360,32.1241896638737,1177.199999999196,908.7570150480053
49361,32.1241896638737,1177.219999999196,908.7613304915602
49362,32.1241896638737,1177.239999999196,908.7656458478599
49363,32.1241896638737,1177.259999999196,908.769961116904
49364,32.1241896638737,1177.279999999196,908.7742762986923
49365,32.1241896638737,1177.299999999196,908.7785913932244
49366,32.1241896638737,1177.319999999196,908.7829064005
49367,32.1241896638737,1177.339999999196,908.7872213205187
49368,32.1241896638737,1177.359999999196,908.7915361532804
49369,32.1241896638737,1177.379999999196,908.7958508987846
49370,32.1241896638737,1177.3999999991959,908.8001655570309
49371,32.1241896638737,1177.4199999991959,908.8044801280192
49372,32.1241896638737,1177.4399999991958,908.8087946117491
49373,32.1241896638737,1177.4599999991958,908.8131090082204
49374,32.1241896638737,1177.4799999991958,908.8174233174326
49375,32.1241896638737,1177.4999999991958,908.8217375393855
49376,32.1241896638737,1177.5199999991958,908.8260516740786
49377,32.1241896638737,1177.5399999991957,908.8303657215118
49378,32.1241896638737,1177.5599999991957,908.8346796816847
49379,32.1241896638737,1177.5799999991957,908.838993554597
49380,32.1241896638737,1177.5999999991957,908.8433073402483
49381,32.1241896638737,1177.6199999991957,908.8476210386384
49382,32.1241896638737,1177.6399999991957,908.8519346497669
49383,32.1241896638737,1177.6599999991956,908.8562481736336
49384,32.1241896638737,1177.6799999991956,908.860561610238
49385,32.1241896638737,1177.6999999991956,908.86487495958
49386,32.1241896638737,1177.7199999991956,908.8691882216591
49387,32.1241896638737,1177.7399999991956,908.8735013964751
49388,32.1241896638737,1177.7599999991955,908.8778144840277
49389,32.1241896638737,1177.7799999991955,908.8821274843165
49390,32.1241896638737,1177.7999999991955,908.8864403973412
49391,32.1241896638737,1177.8199999991955,908.8907532231015
49392,32.1241896638737,1177.8399999991955,908.895065961597
49393,32.1241896638737,1177.8599999991955,908.8993786128275
49394,32.1241896638737,1177.8799999991954,908.9036911767927
49395,32.1241896638737,1177.8999999991954,908.9080036534922
49396,32.1241896638737,1177.9199999991954,908.9123160429257
49397,32.1241896638737,1177.9399999991954,908.9166283450929
49398,32.1241896638737,1177.9599999991954,908.9209405599935
49399,32.1241896638737,1177.9799999991953,908.9252526876271
49400,32.1241896638737,1177.9999999991953,908.9295647279935
49401,32.1241896638737,1178.0199999991953,908.9338766810923
49402,32.1241896638737,1178.0399999991953,908.9381885469257
49403,32.1241896638737,1178.0599999991953,908.9425003255745
49404,32.1241896638737,1178.0799999991953,908.9468120170968
49405,32.1241896638737,1178.0999999991952,908.9511236214922
49406,32.1241896638737,1178.1199999991952,908.9554351387604
49407,32.1241896638737,1178.1399999991952,908.9597465689012
49408,32.1241896638737,1178.1599999991952,908.9640579119142
49409,32.1241896638737,1178.1799999991952,908.9683691677991
49410,32.1241896638737,1178.1999999991951,908.9726803365555
49411,32.1241896638737,1178.2199999991951,908.9769914181833
49412,32.1241896638737,1178.239999999195,908.981302412682
49413,32.1241896638737,1178.259999999195,908.9856133200514
49414,32.1241896638737,1178.279999999195,908.989924140291
49415,32.1241896638737,1178.299999999195,908.9942348734007
49416,32.1241896638737,1178.319999999195,908.9985455193802
49417,32.1241896638737,1178.339999999195,909.002856078229
49418,32.1241896638737,1178.359999999195,909.007166549947
49419,32.1241896638737,1178.379999999195,909.0114769345337
49420,32.1241896638737,1178.399999999195,909.0157872319888
49421,32.1241896638737,1178.419999999195,909.0200974423121
49422,32.1241896638737,1178.439999999195,909.0244075655033
49423,32.1241896638737,1178.459999999195,909.028717601562
49424,32.1241896638737,1178.479999999195,909.0330275504879
49425,32.1241896638737,1178.4999999991949,909.0373374122806
49426,32.1241896638737,1178.5199999991949,909.04164718694
49427,32.1241896638737,1178.5399999991948,909.0459568744657
49428,32.1241896638737,1178.5599999991948,909.0502664748573
49429,32.1241896638737,1178.5799999991948,909.0545759881145
49430,32.1241896638737,1178.5999999991948,909.0588854142371
49431,32.08238835612209,1178.6199999991948,909.0631947532247
49432,32.08238835612209,1178.6399999991947,909.067504005077
49433,32.08238835612209,1178.6599999991947,909.0718131697937
49434,32.08238835612209,1178.6799999991947,909.0761222473745
49435,32.08238835612209,1178.6999999991947,909.0804312378191
49436,32.08238835612209,1178.7199999991947,909.0847401411271
49437,32.08238835612209,1178.7399999991947,909.0890489572982
49438,32.08238835612209,1178.7599999991946,909.0933576863322
49439,32.08238835612209,1178.7799999991946,909.0976663282287
49440,32.08238835612209,1178.7999999991946,909.1019748829874
49441,32.08238835612209,1178.8199999991946,909.106283350608
49442,32.08238835612209,1178.8399999991946,909.1105917310902
49443,32.08238835612209,1178.8599999991945,909.1149000244336
49444,32.08238835612209,1178.8799999991945,909.119208230638
49445,32.08238835612209,1178.8999999991945,909.1235163497031
49446,32.08238835612209,1178.9199999991945,909.1278243816284
49447,32.08238835612209,1178.9399999991945,909.1321323264139
49448,32.08238835612209,1178.9599999991945,909.136440184059
49449,32.08238835612209,1178.9799999991944,909.1407479545635
49450,32.08238835612209,1178.9999999991944,909.145055637927
49451,32.08238835612209,1179.0199999991944,909.1493632341494
49452,32.08238835612209,1179.0399999991944,909.1536707432301
49453,32.08238835612209,1179.0599999991944,909.1579781651726
49454,32.08238835612209,1179.0799999991943,909.1622855000526
49455,32.08238835612209,1179.0999999991943,909.166592747913
49456,32.08238835612209,1179.1199999991943,909.1708999087537
49457,32.08238835612209,1179.1399999991943,909.1752069825742
49458,32.08238835612209,1179.1599999991943,909.1795139693743
49459,32.08238835612209,1179.1799999991943,909.1838208691537
49460,32.08238835612209,1179.1999999991942,909.1881276819121
49461,32.08238835612209,1179.2199999991942,909.1924344076491
49462,32.08238835612209,1179.2399999991942,909.1967410463644
49463,32.08238835612209,1179.2599999991942,909.2010475980578
49464,32.08238835612209,1179.2799999991942,909.2053540627289
49465,32.08238835612209,1179.2999999991941,909.2096604403774
49466,32.08238835612209,1179.3199999991941,909.2139667310031
49467,32.08238835612209,1179.339999999194,909.2182729346056
49468,32.08238835612209,1179.359999999194,909.2225790511845
49469,32.08238835612209,1179.379999999194,909.2268850807396
49470,32.08238835612209,1179.399999999194,909.2311910232706
49471,32.08238835612209,1179.419999999194,909.2354968787772
49472,32.08238835612209,1179.439999999194,909.239802647259
49473,32.08238835612209,1179.459999999194,909.2441083287157
49474,32.08238835612209,1179.479999999194,909.248413923147
49475,32.08238835612209,1179.499999999194,909.2527194305527
49476,32.08238835612209,1179.519999999194,909.2570248509323
49477,32.08238835612209,1179.539999999194,909.2613301842857
49478,32.08238835612209,1179.559999999194,909.2656354306125
49479,32.08238835612209,1179.579999999194,909.2699405899124
49480,32.08238835612209,1179.5999999991939,909.274245662185
49481,32.08238835612209,1179.6199999991939,909.27855064743
49482,32.08238835612209,1179.6399999991938,909.2828555456473
49483,32.08238835612209,1179.6599999991938,909.2871603568364
49484,32.08238835612209,1179.6799999991938,909.291465080997
49485,32.08238835612209,1179.6999999991938,909.2957697181288
49486,32.08238835612209,1179.7199999991938,909.3000742682316
49487,32.08238835612209,1179.7399999991937,909.304378731305
49488,32.08238835612209,1179.7599999991937,909.3086831073487
49489,32.08238835612209,1179.7799999991937,909.3129873963622
49490,32.08238835612209,1179.7999999991937,909.3172915983456
49491,32.08238835612209,1179.8199999991937,909.3215957132983
49492,32.08238835612209,1179.8399999991937,909.32589974122
49493,32.08238835612209,1179.8599999991936,909.3302036821106
49494,32.08238835612209,1179.8799999991936,909.3345075359695
49495,32.08238835612209,1179.8999999991936,909.3388113027966
49496,32.08238835612209,1179.9199999991936,909.3431149825915
49497,32.08238835612209,1179.9399999991936,909.3474185753539
49498,32.08238835612209,1179.9599999991935,909.3517220810835
49499,32.08238835612209,1179.9799999991935,909.35602549978
49500,32.08238835612209,1179.9999999991935,909.3603288314431
49501,32.08238835612209,1180.0199999991935,909.3646320760724
49502,32.08238835612209,1180.0399999991935,909.3689352336677
49503,32.08238835612209,1180.0599999991935,909.3732383042286
49504,32.08238835612209,1180.0799999991934,909.3775412877603
49505,32.08238835612209,1180.0999999991934,909.3818441843495
49506,32.08238835612209,1180.1199999991934,909.3861469940343
49507,32.08238835612209,1180.1399999991934,909.3904497168146
49508,32.08238835612209,1180.1599999991934,909.3947523526899
49509,32.08238835612209,1180.1799999991933,909.39905490166
49510,32.08238835612209,1180.1999999991933,909.4033573637245
49511,32.08238835612209,1180.2199999991933,909.4076597388831
49512,32.08238835612209,1180.2399999991933,909.4119620271356
49513,32.08238835612209,1180.2599999991933,909.4162642284816
49514,32.08238835612209,1180.2799999991933,909.4205663429209
49515,32.08238835612209,1180.2999999991932,909.424868370453
49516,32.08238835612209,1180.3199999991932,909.4291703110778
49517,32.08238835612209,1180.3399999991932,909.4334721647948
49518,32.08238835612209,1180.3599999991932,909.4377739316038
49519,32.08238835612209,1180.3799999991932,909.4420756115046
49520,32.08238835612209,1180.3999999991931,909.4463772044967
49521,32.08238835612209,1180.4199999991931,909.4506787105798
49522,32.08238835612209,1180.439999999193,909.4549801297538
49523,32.08238835612209,1180.459999999193,909.4592814620182
49524,32.08238835612209,1180.479999999193,909.4635827073728
49525,32.08238835612209,1180.499999999193,909.4678838658172
49526,32.08238835612209,1180.519999999193,909.4721849373511
49527,32.08238835612209,1180.539999999193,909.4764859219744
49528,32.08238835612209,1180.559999999193,909.4807868196865
49529,32.08238835612209,1180.579999999193,909.4850876304872
49530,32.08238835612209,1180.599999999193,909.4893883543763
49531,32.08238835612209,1180.619999999193,909.4936889913533
49532,32.08238835612209,1180.639999999193,909.4979895414181
49533,32.08238835612209,1180.659999999193,909.5022900045702
49534,32.08238835612209,1180.679999999193,909.5065903808095
49535,32.08238835612209,1180.6999999991929,909.5108906701355
49536,32.08238835612209,1180.7199999991929,909.515190872548
49537,32.08238835612209,1180.7399999991928,909.5194909880466
49538,32.08238835612209,1180.7599999991928,909.5237910166311
49539,32.08238835612209,1180.7799999991928,909.5280909583012
49540,32.08238835612209,1180.7999999991928,909.5323908130565
49541,32.08238835612209,1180.8199999991928,909.5366905808968
49542,32.08238835612209,1180.8399999991927,909.5409902618217
49543,32.08238835612209,1180.8599999991927,909.5452898558308
49544,32.08238835612209,1180.8799999991927,909.5495893629239
49545,32.08238835612209,1180.8999999991927,909.5538887831009
49546,32.08238835612209,1180.9199999991927,909.5581881163612
49547,32.08238835612209,1180.9399999991927,909.5624873627046
49548,32.08238835612209,1180.9599999991926,909.5667865221308
49549,32.08238835612209,1180.9799999991926,909.5710855946394
49550,32.08238835612209,1180.9999999991926,909.5753845802302
49551,32.08238835612209,1181.0199999991926,909.5796834789029
49552,32.08238835612209,1181.0399999991926,909.5839822906571
49553,32.08238835612209,1181.0599999991925,909.5882810154926
49554,32.08238835612209,1181.0799999991925,909.5925796534091
49555,32.08238835612209,1181.0999999991925,909.5968782044131
49556,32.08238835612209,1181.1199999991925,909.6011766685976
49557,32.08238835612209,1181.1399999991925,909.6054750459931
49558,32.08238835612209,1181.1599999991925,909.6097733365991
49559,32.08238835612209,1181.1799999991924,909.6140715404155
49560,32.08238835612209,1181.1999999991924,909.6183696574418
49561,32.08238835612209,1181.2199999991924,909.6226676876779
49562,32.08238835612209,1181.2399999991924,909.6269656311234
49563,32.08238835612209,1181.2599999991924,909.631263487778
49564,32.08238835612209,1181.2799999991923,909.6355612576414
49565,32.08238835612209,1181.2999999991923,909.6398589407132
49566,32.08238835612209,1181.3199999991923,909.6441565369933
49567,32.08238835612209,1181.3399999991923,909.6484540464812
49568,32.08238835612209,1181.3599999991923,909.6527514691767
49569,32.08238835612209,1181.3799999991923,909.6570488050794
49570,32.08238835612209,1181.3999999991922,909.6613460541892
49571,32.08238835612209,1181.4199999991922,909.6656432165056
49572,32.08238835612209,1181.4399999991922,909.6699402920284
49573,32.08238835612209,1181.4599999991922,909.6742372807572
49574,32.08238835612209,1181.4799999991922,909.6785341826918
49575,32.08238835612209,1181.4999999991921,909.6828309978318
49576,32.08238835612209,1181.5199999991921,909.687127726177
49577,32.08238835612209,1181.539999999192,909.691424367727
49578,32.08238835612209,1181.559999999192,909.6957209224815
49579,32.08238835612209,1181.579999999192,909.7000173904403
49580,32.08238835612209,1181.599999999192,909.7043137716029
49581,32.08238835612209,1181.619999999192,909.7086100659691
49582,32.08238835612209,1181.639999999192,909.7129062735387
49583,32.08238835612209,1181.659999999192,909.7172023943112
49584,32.08238835612209,1181.679999999192,909.7214984282865
49585,32.08238835612209,1181.699999999192,909.7257943754641
49586,32.08238835612209,1181.719999999192,909.7300902358439
49587,32.08238835612209,1181.739999999192,909.7343860094255
49588,32.08238835612209,1181.759999999192,909.7386816962086
49589,32.08238835612209,1181.779999999192,909.7429772961927
49590,32.08238835612209,1181.7999999991919,909.7472728093778
49591,32.08238835612209,1181.8199999991919,909.7515682357634
49592,32.08238835612209,1181.8399999991918,909.7558635753494
49593,32.08238835612209,1181.8599999991918,909.7601588281353
49594,32.08238835612209,1181.8799999991918,909.7644539941209
49595,32.08238835612209,1181.8999999991918,909.7687490733058
49596,32.08238835612209,1181.9199999991918,909.7730440656898
49597,32.08238835612209,1181.9399999991917,909.7773389712725
49598,32.08238835612209,1181.9599999991917,909.7816337900535
49599,32.08238835612209,1181.9799999991917,909.7859285220328
49600,32.08238835612209,1181.9999999991917,909.7902231672099
49601,32.08238835612209,1182.0199999991917,909.7945177255845
49602,32.08238835612209,1182.0399999991917,909.7988121971563
49603,32.08238835612209,1182.0599999991916,909.803106581925
49604,32.08238835612209,1182.0799999991916,909.8074008798903
49605,32.08238835612209,1182.0999999991916,909.811695091052
49606,32.08238835612209,1182.1199999991916,909.8159892154181
49607,32.08238835612209,1182.1399999991916,909.8202832530877
49608,32.08238835612209,1182.1599999991915,909.8245772040837
49609,32.08238835612209,1182.1799999991915,909.8288710684054
49610,32.08238835612209,1182.1999999991915,909.8331648460529
49611,32.08238835612209,1182.2199999991915,909.8374585370257
49612,32.08238835612209,1182.2399999991915,909.8417521413235
49613,32.08238835612209,1182.2599999991915,909.846045658946
49614,32.08238835612209,1182.2799999991914,909.8503390898929
49615,32.08238835612209,1182.2999999991914,909.854632434164
49616,32.08238835612209,1182.3199999991914,909.8589256917589
49617,32.08238835612209,1182.3399999991914,909.8632188626774
49618,32.08238835612209,1182.3599999991914,909.867511946919
49619,32.08238835612209,1182.3799999991913,909.8718049444835
49620,32.08238835612209,1182.3999999991913,909.8760978553706
49621,32.08238835612209,1182.4199999991913,909.88039067958
49622,32.08238835612209,1182.4399999991913,909.8846834171115
49623,32.08238835612209,1182.4599999991913,909.8889760679647
49624,32.08238835612209,1182.4799999991913,909.8932686321392
49625,32.08238835612209,1182.4999999991912,909.8975611096348
49626,32.08238835612209,1182.5199999991912,909.9018535004512
49627,32.08238835612209,1182.5399999991912,909.9061458045882
49628,32.08238835612209,1182.5599999991912,909.9104380220452
49629,32.08238835612209,1182.5799999991912,909.9147301528222
49630,32.08238835612209,1182.5999999991911,909.9190221969188
49631,32.08238835612209,1182.6199999991911,909.9233141543347
49632,32.08238835612209,1182.639999999191,909.9276060250695
49633,32.08238835612209,1182.659999999191,909.931897809123
49634,32.08238835612209,1182.679999999191,909.9361895064949
49635,32.08238835612209,1182.699999999191,909.9404811171848
49636,32.08238835612209,1182.719999999191,909.9447726411926
49637,32.08238835612209,1182.739999999191,909.9490640785178
49638,32.08238835612209,1182.759999999191,909.9533554291602
49639,32.08238835612209,1182.779999999191,909.9576466931194
49640,32.08238835612209,1182.799999999191,909.9619378703952
49641,32.08238835612209,1182.819999999191,909.9662289609873
49642,32.08238835612209,1182.839999999191,909.9705199648954
49643,32.08238835612209,1182.859999999191,909.9748108821191
49644,32.08238835612209,1182.8799999991909,909.9791017126581
49645,32.08238835612209,1182.8999999991909,909.9833924565122
49646,32.08238835612209,1182.9199999991908,909.987683113681
49647,32.08238835612209,1182.9399999991908,909.9919736841642
49648,32.08238835612209,1182.9599999991908,909.9962641679616
49649,32.08238835612209,1182.9799999991908,910.0005545650969
49650,32.08238835612209,1182.9999999991908,910.0048448762219
49651,32.08238835612209,1183.0199999991908,910.0091351017729
49652,32.08238835612209,1183.0399999991907,910.0134252417497
49653,32.08238835612209,1183.0599999991907,910.017715296152
49654,32.08238835612209,1183.0799999991907,910.0220052649796
49655,32.08238835612209,1183.0999999991907,910.0262951482323
49656,32.08238835612209,1183.1199999991907,910.0305849459098
49657,32.08238835612209,1183.1399999991906,910.0348746580227
49658,32.08238835612209,1183.1599999991906,910.0391642846824
49659,32.08238835612209,1183.1799999991906,910.0434538259051
49660,32.08238835612209,1183.1999999991906,910.0477432816905
49661,32.08238835612209,1183.2199999991906,910.0520326520383
49662,32.08238835612209,1183.2399999991906,910.0563219369483
49663,32.08238835612209,1183.2599999991905,910.0606111364203
49664,32.08238835612209,1183.2799999991905,910.0649002504541
49665,32.08238835612209,1183.2999999991905,910.0691892790494
49666,32.08238835612209,1183.3199999991905,910.0734782222061
49667,32.08238835612209,1183.3399999991905,910.0777670799238
49668,32.08238835612209,1183.3599999991904,910.0820558522023
49669,32.08238835612209,1183.3799999991904,910.0863445390414
49670,32.08238835612209,1183.3999999991904,910.0906331404409
49671,32.08238835612209,1183.4199999991904,910.0949216564005
49672,32.08238835612209,1183.4399999991904,910.09921008692
49673,32.08238835612209,1183.4599999991904,910.1034984319992
49674,32.08238835612209,1183.4799999991903,910.1077866916379
49675,32.08238835612209,1183.4999999991903,910.1120748658358
49676,32.08238835612209,1183.5199999991903,910.1163629545927
49677,32.08238835612209,1183.5399999991903,910.1206509579083
49678,32.08238835612209,1183.5599999991903,910.1249388757825
49679,32.08238835612209,1183.5799999991902,910.1292267082149
49680,32.08238835612209,1183.5999999991902,910.1335144552054
49681,32.08238835612209,1183.6199999991902,910.1378021167537
49682,32.08238835612209,1183.6399999991902,910.1420896928596
49683,32.08238835612209,1183.6599999991902,910.1463771835229
49684,32.08238835612209,1183.6799999991902,910.1506645887432
49685,32.08238835612209,1183.6999999991901,910.1549519085205
49686,32.08238835612209,1183.7199999991901,910.1592391428544
49687,32.08238835612209,1183.73999999919,910.1635262917448
49688,32.08238835612209,1183.75999999919,910.1678133551914
49689,32.08238835612209,1183.77999999919,910.172100333194
49690,32.08238835612209,1183.79999999919,910.1763872257523
49691,32.08238835612209,1183.81999999919,910.180674032866
49692,32.08238835612209,1183.83999999919,910.184960754535
49693,32.08238835612209,1183.85999999919,910.1892473907591
49694,32.08238835612209,1183.87999999919,910.193533941538
49695,32.08238835612209,1183.89999999919,910.1978204068715
49696,32.08238835612209,1183.91999999919,910.2021067867594
49697,32.04067762574081,1183.93999999919,910.2063930812013
49698,32.04067762574081,1183.95999999919,910.2106792901972
49699,32.04067762574081,1183.9799999991899,910.2149654137467
49700,32.04067762574081,1183.9999999991899,910.2192514518496
49701,32.04067762574081,1184.0199999991898,910.2235374045056
49702,32.04067762574081,1184.0399999991898,910.2278232717146
49703,32.04067762574081,1184.0599999991898,910.2321090534763
49704,32.04067762574081,1184.0799999991898,910.2363947497905
49705,32.04067762574081,1184.0999999991898,910.2406803606569
49706,32.04067762574081,1184.1199999991898,910.2449658860754
49707,32.04067762574081,1184.1399999991897,910.2492513260457
49708,32.04067762574081,1184.1599999991897,910.2535366805806
49709,32.04067762574081,1184.1799999991897,910.2578219497772
49710,32.04067762574081,1184.1999999991897,910.2621071336446
49711,32.04067762574081,1184.2199999991897,910.2663922321826
49712,32.04067762574081,1184.2399999991896,910.2706772453911
49713,32.04067762574081,1184.2599999991896,910.2749621732697
49714,32.04067762574081,1184.2799999991896,910.2792470158182
49715,32.04067762574081,1184.2999999991896,910.2835317730364
49716,32.04067762574081,1184.3199999991896,910.2878164449241
49717,32.04067762574081,1184.3399999991896,910.2921010314811
49718,32.04067762574081,1184.3599999991895,910.2963855327072
49719,32.04067762574081,1184.3799999991895,910.3006699486019
49720,32.04067762574081,1184.3999999991895,910.3049542791653
49721,32.04067762574081,1184.4199999991895,910.309238524397
49722,32.04067762574081,1184.4399999991895,910.3135226842968
49723,32.04067762574081,1184.4599999991894,910.3178067588645
49724,32.04067762574081,1184.4799999991894,910.3220907480999
49725,32.04067762574081,1184.4999999991894,910.3263746520026
49726,32.04067762574081,1184.5199999991894,910.3306584705726
49727,32.04067762574081,1184.5399999991894,910.3349422038096
49728,32.04067762574081,1184.5599999991894,910.3392258517133
49729,32.04067762574081,1184.5799999991893,910.3435094142835
49730,32.04067762574081,1184.5999999991893,910.34779289152
49731,32.04067762574081,1184.6199999991893,910.3520762834227
49732,32.04067762574081,1184.6399999991893,910.356359589991
49733,32.04067762574081,1184.6599999991893,910.360642811225
49734,32.04067762574081,1184.6799999991892,910.3649259471244
49735,32.04067762574081,1184.6999999991892,910.3692089976889
49736,32.04067762574081,1184.7199999991892,910.3734919629184
49737,32.04067762574081,1184.7399999991892,910.3777748428125
49738,32.04067762574081,1184.7599999991892,910.3820576373712
49739,32.04067762574081,1184.7799999991892,910.386340346594
49740,32.04067762574081,1184.7999999991891,910.3906229704809
49741,32.04067762574081,1184.8199999991891,910.3949055090316
49742,32.04067762574081,1184.839999999189,910.3991879622457
49743,32.04067762574081,1184.859999999189,910.4034703301232
49744,32.04067762574081,1184.879999999189,910.4077526126638
49745,32.04067762574081,1184.899999999189,910.4120348098672
49746,32.04067762574081,1184.919999999189,910.4163169217334
49747,32.04067762574081,1184.939999999189,910.4205989482618
49748,32.04067762574081,1184.959999999189,910.4248808894525
49749,32.04067762574081,1184.979999999189,910.4291627453052
49750,32.04067762574081,1184.999999999189,910.4334445158196
49751,32.04067762574081,1185.019999999189,910.4377262009955
49752,32.04067762574081,1185.039999999189,910.4420078008326
49753,32.04067762574081,1185.059999999189,910.4462893153308
49754,32.04067762574081,1185.0799999991889,910.4505707444897
49755,32.04067762574081,1185.0999999991889,910.4548520883093
49756,32.04067762574081,1185.1199999991888,910.4591333467891
49757,32.04067762574081,1185.1399999991888,910.4634145199292
49758,32.04067762574081,1185.1599999991888,910.4676956077291
49759,32.04067762574081,1185.1799999991888,910.4719766102104
49760,32.04067762574081,1185.1999999991888,910.4762575274717
49761,32.04067762574081,1185.2199999991888,910.4805383595215
49762,32.04067762574081,1185.2399999991887,910.4848191063595
49763,32.04067762574081,1185.2599999991887,910.4890997679855
49764,32.04067762574081,1185.2799999991887,910.4933803443993
49765,32.04067762574081,1185.2999999991887,910.4976608356005
49766,32.04067762574081,1185.3199999991887,910.5019412415892
49767,32.04067762574081,1185.3399999991886,910.5062215623649
49768,32.04067762574081,1185.3599999991886,910.5105017979274
49769,32.04067762574081,1185.3799999991886,910.5147819482767
49770,32.04067762574081,1185.3999999991886,910.5190620134123
49771,32.04067762574081,1185.4199999991886,910.5233419933342
49772,32.04067762574081,1185.4399999991886,910.527621888042
49773,32.04067762574081,1185.4599999991885,910.5319016975354
49774,32.04067762574081,1185.4799999991885,910.5361814218145
49775,32.04067762574081,1185.4999999991885,910.5404610608788
49776,32.04067762574081,1185.5199999991885,910.5447406147282
49777,32.04067762574081,1185.5399999991885,910.5490200833624
49778,32.04067762574081,1185.5599999991884,910.5532994667813
49779,32.04067762574081,1185.5799999991884,910.5575787649844
49780,32.04067762574081,1185.5999999991884,910.5618579779718
49781,32.04067762574081,1185.6199999991884,910.5661371057431
49782,32.04067762574081,1185.6399999991884,910.5704161482981
49783,32.04067762574081,1185.6599999991884,910.5746951056366
49784,32.04067762574081,1185.6799999991883,910.5789739777583
49785,32.04067762574081,1185.6999999991883,910.5832527646631
49786,32.04067762574081,1185.7199999991883,910.5875314663507
49787,32.04067762574081,1185.7399999991883,910.5918100828209
49788,32.04067762574081,1185.7599999991883,910.5960886140733
49789,32.04067762574081,1185.7799999991882,910.6003670601079
49790,32.04067762574081,1185.7999999991882,910.6046454209245
49791,32.04067762574081,1185.8199999991882,910.6089236965228
49792,32.04067762574081,1185.8399999991882,910.6132018869024
49793,32.04067762574081,1185.8599999991882,910.6174799920633
49794,32.04067762574081,1185.8799999991882,910.6217580120052
49795,32.04067762574081,1185.8999999991881,910.6260359467279
49796,32.04067762574081,1185.9199999991881,910.6303137962311
49797,32.04067762574081,1185.939999999188,910.6345915605147
49798,32.04067762574081,1185.959999999188,910.6388692395783
49799,32.04067762574081,1185.979999999188,910.6431468334218
49800,32.04067762574081,1185.999999999188,910.647424342045
49801,32.04067762574081,1186.019999999188,910.6517017654476
49802,32.04067762574081,1186.039999999188,910.6559791036293
49803,32.04067762574081,1186.059999999188,910.66025635659
49804,32.04067762574081,1186.079999999188,910.6645335243295
49805,32.04067762574081,1186.099999999188,910.6688106068475
49806,32.04067762574081,1186.119999999188,910.6730876041438
49807,32.04067762574081,1186.139999999188,910.6773645162182
49808,32.04067762574081,1186.159999999188,910.6816413430704
49809,32.04067762574081,1186.1799999991879,910.6859180847002
49810,32.04067762574081,1186.1999999991879,910.6901947411368
49811,32.04067762574081,1186.2199999991878,910.694471312473
49812,32.04067762574081,1186.2399999991878,910.6987477987157
49813,32.04067762574081,1186.2599999991878,910.7030241998647
49814,32.04067762574081,1186.2799999991878,910.7073005159197
49815,32.04067762574081,1186.2999999991878,910.7115767468805
49816,32.04067762574081,1186.3199999991878,910.715852892747
49817,32.04067762574081,1186.3399999991877,910.7201289535188
49818,32.04067762574081,1186.3599999991877,910.7244049291958
49819,32.04067762574081,1186.3799999991877,910.7286808197777
49820,32.04067762574081,1186.3999999991877,910.7329566252643
49821,32.04067762574081,1186.4199999991877,910.7372323456553
49822,32.04067762574081,1186.4399999991876,910.7415079809507
49823,32.04067762574081,1186.4599999991876,910.7457835311501
49824,32.04067762574081,1186.4799999991876,910.7500589962533
49825,32.04067762574081,1186.4999999991876,910.7543343762602
49826,32.04067762574081,1186.5199999991876,910.7586096711705
49827,32.04067762574081,1186.5399999991876,910.7628848809838
49828,32.04067762574081,1186.5599999991875,910.7671600057001
49829,32.04067762574081,1186.5799999991875,910.7714350453191
49830,32.04067762574081,1186.5999999991875,910.7757099998406
49831,32.04067762574081,1186.6199999991875,910.7799848692644
49832,32.04067762574081,1186.6399999991875,910.7842596535901
49833,32.04067762574081,1186.6599999991874,910.7885343528177
49834,32.04067762574081,1186.6799999991874,910.7928089669468
49835,32.04067762574081,1186.6999999991874,910.7970834959774
49836,32.04067762574081,1186.7199999991874,910.801357939909
49837,32.04067762574081,1186.7399999991874,910.8056322987417
49838,32.04067762574081,1186.7599999991874,910.809906572475
49839,32.04067762574081,1186.7799999991873,910.8141807611088
49840,32.04067762574081,1186.7999999991873,910.8184548646428
49841,32.04067762574081,1186.8199999991873,910.8227288830769
49842,32.04067762574081,1186.8399999991873,910.8270028164108
49843,32.04067762574081,1186.8599999991873,910.8312766646442
49844,32.04067762574081,1186.8799999991872,910.835550427777
49845,32.04067762574081,1186.8999999991872,910.8398241058089
49846,32.04067762574081,1186.9199999991872,910.8440976987398
49847,32.04067762574081,1186.9399999991872,910.8483712065694
49848,32.04067762574081,1186.9599999991872,910.8526446292974
49849,32.04067762574081,1186.9799999991872,910.8569179669237
49850,32.04067762574081,1186.9999999991871,910.861191219448
49851,32.04067762574081,1187.0199999991871,910.86546438687
49852,32.04067762574081,1187.039999999187,910.8697374691897
49853,32.04067762574081,1187.059999999187,910.8740104664066
49854,32.04067762574081,1187.079999999187,910.8782833785207
49855,32.04067762574081,1187.099999999187,910.8825562055316
49856,32.04067762574081,1187.119999999187,910.8868289474393
49857,32.04067762574081,1187.139999999187,910.8911016042434
49858,32.04067762574081,1187.159999999187,910.8953741759437
49859,32.04067762574081,1187.179999999187,910.8996466625401
49860,32.04067762574081,1187.199999999187,910.9039190640323
49861,32.04067762574081,1187.219999999187,910.9081913804571
49862,32.04067762574081,1187.239999999187,910.9124636119016
49863,32.04067762574081,1187.259999999187,910.916735758371
49864,32.04067762574081,1187.2799999991869,910.9210078198653
49865,32.04067762574081,1187.2999999991869,910.9252797963841
49866,32.04067762574081,1187.3199999991868,910.9295516879272
49867,32.04067762574081,1187.3399999991868,910.9338234944944
49868,32.04067762574081,1187.3599999991868,910.9380952160855
49869,32.04067762574081,1187.3799999991868,910.9423668527003
49870,32.04067762574081,1187.3999999991868,910.9466384043385
49871,32.04067762574081,1187.4199999991868,910.9509098709999
49872,32.04067762574081,1187.4399999991867,910.9551812526844
49873,32.04067762574081,1187.4599999991867,910.9594525493916
49874,32.04067762574081,1187.4799999991867,910.9637237611214
49875,32.04067762574081,1187.4999999991867,910.9679948878736
49876,32.04067762574081,1187.5199999991867,910.9722659296478
49877,32.04067762574081,1187.5399999991866,910.976536886444
49878,32.04067762574081,1187.5599999991866,910.9808077582619
49879,32.04067762574081,1187.5799999991866,910.9850785451013
49880,32.04067762574081,1187.5999999991866,910.9893492469619
49881,32.04067762574081,1187.6199999991866,910.9936198638435
49882,32.04067762574081,1187.6399999991866,910.9978903957459
49883,32.04067762574081,1187.6599999991865,911.0021608426689
49884,32.04067762574081,1187.6799999991865,911.0064312046122
49885,32.04067762574081,1187.6999999991865,911.0107014815757
49886,32.04067762574081,1187.7199999991865,911.0149716735591
49887,32.04067762574081,1187.7399999991865,911.0192417805622
49888,32.04067762574081,1187.7599999991864,911.0235118025847
49889,32.04067762574081,1187.7799999991864,911.0277817396266
49890,32.04067762574081,1187.7999999991864,911.0320515916874
49891,32.04067762574081,1187.8199999991864,911.036321358767
49892,32.04067762574081,1187.8399999991864,911.0405910408654
49893,32.04067762574081,1187.8599999991864,911.044860637982
49894,32.04067762574081,1187.8799999991863,911.0491301501168
49895,32.04067762574081,1187.8999999991863,911.0533995772695
49896,32.04067762574081,1187.9199999991863,911.05766891944
49897,32.04067762574081,1187.9399999991863,911.0619381766279
49898,32.04067762574081,1187.9599999991863,911.0662073488331
49899,32.04067762574081,1187.9799999991862,911.0704764360554
49900,32.04067762574081,1187.9999999991862,911.0747454382945
49901,32.04067762574081,1188.0199999991862,911.0790143555502
49902,32.04067762574081,1188.0399999991862,911.0832831878222
49903,32.04067762574081,1188.0599999991862,911.0875519351104
49904,32.04067762574081,1188.0799999991862,911.0918205974144
49905,32.04067762574081,1188.0999999991861,911.0960891747343
49906,32.04067762574081,1188.1199999991861,911.1003576670696
49907,32.04067762574081,1188.139999999186,911.1046260744203
49908,32.04067762574081,1188.159999999186,911.1088943967859
49909,32.04067762574081,1188.179999999186,911.1131626341664
49910,32.04067762574081,1188.199999999186,911.1174307865615
49911,32.04067762574081,1188.219999999186,911.121698853971
49912,32.04067762574081,1188.239999999186,911.125966836442
49913,32.04067762574081,1188.259999999186,911.1302347340599
49914,32.04067762574081,1188.279999999186,911.1345025468287
49915,32.04067762574081,1188.299999999186,911.1387702747484
49916,32.04067762574081,1188.319999999186,911.1430379178186
49917,32.04067762574081,1188.339999999186,911.147305476039
49918,32.04067762574081,1188.359999999186,911.1515729494096
49919,32.04067762574081,1188.3799999991859,911.15584033793
49920,32.04067762574081,1188.3999999991859,911.1601076416001
49921,32.04067762574081,1188.4199999991858,911.1643748604196
49922,32.04067762574081,1188.4399999991858,911.1686419943883
49923,32.04067762574081,1188.4599999991858,911.1729090435059
49924,32.04067762574081,1188.4799999991858,911.1771760077723
49925,32.04067762574081,1188.4999999991858,911.1814428871872
49926,32.04067762574081,1188.5199999991858,911.1857096817505
49927,32.04067762574081,1188.5399999991857,911.1899763914619
49928,32.04067762574081,1188.5599999991857,911.194243016321
49929,32.04067762574081,1188.5799999991857,911.1985095563278
49930,32.04067762574081,1188.5999999991857,911.2027760114821
49931,32.04067762574081,1188.6199999991857,911.2070423817836
49932,32.04067762574081,1188.6399999991856,911.2113086672321
49933,32.04067762574081,1188.6599999991856,911.2155748678273
49934,32.04067762574081,1188.6799999991856,911.2198409835689
49935,32.04067762574081,1188.6999999991856,911.224107014457
49936,32.04067762574081,1188.7199999991856,911.2283729604911
49937,32.04067762574081,1188.7399999991856,911.2326388216711
49938,32.04067762574081,1188.7599999991855,911.2369045979967
49939,32.04067762574081,1188.7799999991855,911.2411702894677
49940,32.04067762574081,1188.7999999991855,911.2454358960839
49941,32.04067762574081,1188.8199999991855,911.2497014178451
49942,32.04067762574081,1188.8399999991855,911.2539668547511
49943,32.04067762574081,1188.8599999991854,911.2582322068015
49944,32.04067762574081,1188.8799999991854,911.2624974739963
49945,32.04067762574081,1188.8999999991854,911.2667626563351
49946,32.04067762574081,1188.9199999991854,911.2710277538179
49947,32.04067762574081,1188.9399999991854,911.2752927664442
49948,32.04067762574081,1188.9599999991854,911.279557694214
49949,32.04067762574081,1188.9799999991853,911.2838225371269
49950,32.04067762574081,1188.9999999991853,911.2880872951828
49951,32.04067762574081,1189.0199999991853,911.2923519683815
49952,32.04067762574081,1189.0399999991853,911.2966165567226
49953,32.04067762574081,1189.0599999991853,911.300881060206
49954,32.04067762574081,1189.0799999991852,911.3051454788316
49955,32.04067762574081,1189.0999999991852,911.309409812599
49956,32.04067762574081,1189.1199999991852,911.3136740615081
49957,32.04067762574081,1189.1399999991852,911.3179382255586
49958,32.04067762574081,1189.1599999991852,911.3222023047502
49959,31.99905719819256,1189.1799999991852,911.3264662990829
49960,31.99905719819256,1189.1999999991851,911.3307302085562
49961,31.99905719819256,1189.2199999991851,911.3349940331701
49962,31.99905719819256,1189.239999999185,911.3392577729243
49963,31.99905719819256,1189.259999999185,911.3435214278688
49964,31.99905719819256,1189.279999999185,911.3477849980756
49965,31.99905719819256,1189.299999999185,911.3520484835467
49966,31.99905719819256,1189.319999999185,911.3563118842819
49967,31.99905719819256,1189.339999999185,911.3605752002811
49968,31.99905719819256,1189.359999999185,911.364838431544
49969,31.99905719819256,1189.379999999185,911.3691015780703
49970,31.99905719819256,1189.399999999185,911.3733646398599
49971,31.99905719819256,1189.419999999185,911.3776276169126
49972,31.99905719819256,1189.439999999185,911.3818905092282
49973,31.99905719819256,1189.459999999185,911.3861533168065
49974,31.99905719819256,1189.4799999991849,911.3904160396471
49975,31.99905719819256,1189.4999999991849,911.39467867775
49976,31.99905719819256,1189.5199999991848,911.3989412311149
49977,31.99905719819256,1189.5399999991848,911.4032036997415
49978,31.99905719819256,1189.5599999991848,911.4074660836297
49979,31.99905719819256,1189.5799999991848,911.4117283827793
49980,31.99905719819256,1189.5999999991848,911.4159905971901
49981,31.99905719819256,1189.6199999991848,911.4202527268618
49982,31.99905719819256,1189.6399999991847,911.4245147717942
49983,31.99905719819256,1189.6599999991847,911.4287767319871
49984,31.99905719819256,1189.6799999991847,911.4330386074403
49985,31.99905719819256,1189.6999999991847,911.4373003981535
49986,31.99905719819256,1189.7199999991847,911.4415621041267
49987,31.99905719819256,1189.7399999991846,911.4458237253594
49988,31.99905719819256,1189.7599999991846,911.4500852618517
49989,31.99905719819256,1189.7799999991846,911.4543467136031
49990,31.99905719819256,1189.7999999991846,911.4586080806135
49991,31.99905719819256,1189.8199999991846,911.4628693628828
49992,31.99905719819256,1189.8399999991846,911.4671305604106
49993,31.99905719819256,1189.8599999991845,911.4713916731968
49994,31.99905719819256,1189.8799999991845,911.4756527012411
49995,31.99905719819256,1189.8999999991845,911.4799136445433
49996,31.99905719819256,1189.9199999991845,911.4841745031033
49997,31.99905719819256,1189.9399999991845,911.4884352769208
49998,31.99905719819256,1189.9599999991844,911.4926959659955
49999,31.99905719819256,1189.9799999991844,911.4969565703274
50000,31.99905719819256,1189.9999999991844,911.501217089916
50001,31.99905719819256,1190.0199999991844,911.5054775247614
50002,31.99905719819256,1190.0399999991844,911.5097378748633
50003,31.99905719819256,1190.0599999991844,911.5139981402214
50004,31.99905719819256,1190.0799999991843,911.5182583208353
50005,31.99905719819256,1190.0999999991843,911.5225184167052
50006,31.99905719819256,1190.1199999991843,911.5267784278307
50007,31.99905719819256,1190.1399999991843,911.5310383542114
50008,31.99905719819256,1190.1599999991843,911.5352981958474
50009,31.99905719819256,1190.1799999991842,911.5395579527383
50010,31.99905719819256,1190.1999999991842,911.5438176248839
50011,31.99905719819256,1190.2199999991842,911.5480772122839
50012,31.99905719819256,1190.2399999991842,911.5523367149383
50013,31.99905719819256,1190.2599999991842,911.5565961328467
50014,31.99905719819256,1190.2799999991842,911.5608554660678
50015,31.99905719819256,1190.2999999991841,911.5651147146685
50016,31.99905719819256,1190.3199999991841,911.5693738786498
50017,31.99905719819256,1190.339999999184,911.5736329580113
50018,31.99905719819256,1190.359999999184,911.5778919527529
50019,31.99905719819256,1190.379999999184,911.5821508628743
50020,31.99905719819256,1190.399999999184,911.5864096883753
50021,31.99905719819256,1190.419999999184,911.5906684292556
50022,31.99905719819256,1190.439999999184,911.5949270855151
50023,31.99905719819256,1190.459999999184,911.5991856571535
50024,31.99905719819256,1190.479999999184,911.6034441441707
50025,31.99905719819256,1190.499999999184,911.6077025465664
50026,31.99905719819256,1190.519999999184,911.6119608643404
50027,31.99905719819256,1190.539999999184,911.6162190974925
50028,31.99905719819256,1190.559999999184,911.6204772460225
50029,31.99905719819256,1190.5799999991839,911.6247353099301
50030,31.99905719819256,1190.5999999991839,911.6289932892151
50031,31.99905719819256,1190.6199999991838,911.6332511838774
50032,31.99905719819256,1190.6399999991838,911.6375089939166
50033,31.99905719819256,1190.6599999991838,911.6417667193327
50034,31.99905719819256,1190.6799999991838,911.6460243601254
50035,31.99905719819256,1190.6999999991838,911.6502819162944
50036,31.99905719819256,1190.7199999991838,911.6545393878396
50037,31.99905719819256,1190.7399999991837,911.6587967747606
50038,31.99905719819256,1190.7599999991837,911.6630540770574
50039,31.99905719819256,1190.7799999991837,911.6673112947296
50040,31.99905719819256,1190.7999999991837,911.6715684277772
50041,31.99905719819256,1190.8199999991837,911.6758254761999
50042,31.99905719819256,1190.8399999991836,911.6800824399974
50043,31.99905719819256,1190.8599999991836,911.6843393191695
50044,31.99905719819256,1190.8799999991836,911.688596113716
50045,31.99905719819256,1190.8999999991836,911.6928528236368
50046,31.99905719819256,1190.9199999991836,911.6971094489315
50047,31.99905719819256,1190.9399999991836,911.7013659896
50048,31.99905719819256,1190.9599999991835,911.7056224456421
50049,31.99905719819256,1190.9799999991835,911.7098788170575
50050,31.99905719819256,1190.9999999991835,911.714135103846
50051,31.99905719819256,1191.0199999991835,911.7183913060074
50052,31.99905719819256,1191.0399999991835,911.7226474235416
50053,31.99905719819256,1191.0599999991834,911.7269034564482
50054,31.99905719819256,1191.0799999991834,911.7311594047271
50055,31.99905719819256,1191.0999999991834,911.735415268378
50056,31.99905719819256,1191.1199999991834,911.7396710474007
50057,31.99905719819256,1191.1399999991834,911.7439267417951
50058,31.99905719819256,1191.1599999991834,911.7481823515609
50059,31.99905719819256,1191.1799999991833,911.7524378766979
50060,31.99905719819256,1191.1999999991833,911.7566933172058
50061,31.99905719819256,1191.2199999991833,911.7609486730844
50062,31.99905719819256,1191.2399999991833,911.7652039443336
50063,31.99905719819256,1191.2599999991833,911.7694591309531
50064,31.99905719819256,1191.2799999991832,911.7737142329432
50065,31.99905719819256,1191.2999999991832,911.7779692503705
50066,31.99905719819256,1191.3199999991832,911.7822241832963
50067,31.99905719819256,1191.3399999991832,911.7864790317204
50068,31.99905719819256,1191.3599999991832,911.7907337956427
50069,31.99905719819256,1191.3799999991832,911.794988475063
50070,31.99905719819256,1191.3999999991831,911.7992430699809
50071,31.99905719819256,1191.4199999991831,911.8034975803963
50072,31.99905719819256,1191.439999999183,911.807752006309
50073,31.99905719819256,1191.459999999183,911.8120063477187
50074,31.99905719819256,1191.479999999183,911.8162606046252
50075,31.99905719819256,1191.499999999183,911.8205147770284
50076,31.99905719819256,1191.519999999183,911.8247688649279
50077,31.99905719819256,1191.539999999183,911.8290228683237
50078,31.99905719819256,1191.559999999183,911.8332767872155
50079,31.99905719819256,1191.579999999183,911.837530621603
50080,31.99905719819256,1191.599999999183,911.8417843714861
50081,31.99905719819256,1191.619999999183,911.8460380368646
50082,31.99905719819256,1191.639999999183,911.8502916177382
50083,31.99905719819256,1191.659999999183,911.8545451141067
50084,31.99905719819256,1191.6799999991829,911.85879852597
50085,31.99905719819256,1191.6999999991829,911.8630518533278
50086,31.99905719819256,1191.7199999991828,911.8673050961797
50087,31.99905719819256,1191.7399999991828,911.8715582545258
50088,31.99905719819256,1191.7599999991828,911.8758113283658
50089,31.99905719819256,1191.7799999991828,911.8800643176994
50090,31.99905719819256,1191.7999999991828,911.8843172225264
50091,31.99905719819256,1191.8199999991828,911.8885700428466
50092,31.99905719819256,1191.8399999991827,911.8928227786598
50093,31.99905719819256,1191.8599999991827,911.8970754299659
50094,31.99905719819256,1191.8799999991827,911.9013279967645
50095,31.99905719819256,1191.8999999991827,911.9055804790554
50096,31.99905719819256,1191.9199999991827,911.9098328768385
50097,31.99905719819256,1191.9399999991826,911.9140851901136
50098,31.99905719819256,1191.9599999991826,911.9183374188804
50099,31.99905719819256,1191.9799999991826,911.9225895631386
50100,31.99905719819256,1191.9999999991826,911.9268416228881
50101,31.99905719819256,1192.0199999991826,911.9310935981288
50102,31.99905719819256,1192.0399999991826,911.9353454888602
50103,31.99905719819256,1192.0599999991825,911.9395972950823
50104,31.99905719819256,1192.0799999991825,911.9438490167948
50105,31.99905719819256,1192.0999999991825,911.9481006539976
50106,31.99905719819256,1192.1199999991825,911.9523522066904
50107,31.99905719819256,1192.1399999991825,911.956603674873
50108,31.99905719819256,1192.1599999991824,911.9608550585451
50109,31.99905719819256,1192.1799999991824,911.9651063577066
50110,31.99905719819256,1192.1999999991824,911.9693575723574
50111,31.99905719819256,1192.2199999991824,911.973608702497
50112,31.99905719819256,1192.2399999991824,911.9778597481254
50113,31.99905719819256,1192.2599999991824,911.9821107092423
50114,31.99905719819256,1192.2799999991823,911.9863615858475
50115,31.99905719819256,1192.2999999991823,911.9906123779429
50116,31.99905719819256,1192.3199999991823,911.994863085601
50117,31.99905719819256,1192.3399999991823,911.9991137088757
50118,31.99905719819256,1192.3599999991823,912.003364247767
50119,31.99905719819256,1192.3799999991822,912.0076147022745
50120,31.99905719819256,1192.3999999991822,912.0118650723981
50121,31.99905719819256,1192.4199999991822,912.0161153581377
50122,31.99905719819256,1192.4399999991822,912.0203655594928
50123,31.99905719819256,1192.4599999991822,912.0246156764634
50124,31.99905719819256,1192.4799999991822,912.0288657090492
50125,31.99905719819256,1192.4999999991821,912.03311565725
50126,31.99905719819256,1192.5199999991821,912.0373655210657
50127,31.99905719819256,1192.539999999182,912.0416153004959
50128,31.99905719819256,1192.559999999182,912.0458649955405
50129,31.99905719819256,1192.579999999182,912.0501146061993
50130,31.99905719819256,1192.599999999182,912.054364132472
50131,31.99905719819256,1192.619999999182,912.0586135743584
50132,31.99905719819256,1192.639999999182,912.0628629318585
50133,31.99905719819256,1192.659999999182,912.0671122049719
50134,31.99905719819256,1192.679999999182,912.0713613936983
50135,31.99905719819256,1192.699999999182,912.0756104980377
50136,31.99905719819256,1192.719999999182,912.0798595179897
50137,31.99905719819256,1192.739999999182,912.0841084535542
50138,31.99905719819256,1192.759999999182,912.088357304731
50139,31.99905719819256,1192.7799999991819,912.0926060715198
50140,31.99905719819256,1192.7999999991819,912.0968547539204
50141,31.99905719819256,1192.8199999991818,912.1011033519327
50142,31.99905719819256,1192.8399999991818,912.1053518655564
50143,31.99905719819256,1192.8599999991818,912.1096002947913
50144,31.99905719819256,1192.8799999991818,912.1138486396372
50145,31.99905719819256,1192.8999999991818,912.118096900094
50146,31.99905719819256,1192.9199999991818,912.1223450761613
50147,31.99905719819256,1192.9399999991817,912.126593167839
50148,31.99905719819256,1192.9599999991817,912.1308411751269
50149,31.99905719819256,1192.9799999991817,912.1350890980247
50150,31.99905719819256,1192.9999999991817,912.1393369365321
50151,31.99905719819256,1193.0199999991817,912.1435846906492
50152,31.99905719819256,1193.0399999991816,912.1478323603754
50153,31.99905719819256,1193.0599999991816,912.1520799457109
50154,31.99905719819256,1193.0799999991816,912.1563274466552
50155,31.99905719819256,1193.0999999991816,912.1605748632081
50156,31.99905719819256,1193.1199999991816,912.1648221953695
50157,31.99905719819256,1193.1399999991816,912.1690694431392
50158,31.99905719819256,1193.1599999991815,912.1733166065169
50159,31.99905719819256,1193.1799999991815,912.1775636855024
50160,31.99905719819256,1193.1999999991815,912.1818106800955
50161,31.99905719819256,1193.2199999991815,912.1860575902961
50162,31.99905719819256,1193.2399999991815,912.1903044161038
50163,31.99905719819256,1193.2599999991814,912.1945511575185
50164,31.99905719819256,1193.2799999991814,912.19879781454
50165,31.99905719819256,1193.2999999991814,912.203044387168
50166,31.99905719819256,1193.3199999991814,912.207290875406
50167,31.99905719819256,1193.3399999991814,912.2115372793327
50168,31.99905719819256,1193.3599999991814,912.2157835989946
50169,31.99905719819256,1193.3799999991813,912.2200298343913
50170,31.99905719819256,1193.3999999991813,912.2242759855228
50171,31.99905719819256,1193.4199999991813,912.2285220523888
50172,31.99905719819256,1193.4399999991813,912.2327680349891
50173,31.99905719819256,1193.4599999991813,912.2370139333235
50174,31.99905719819256,1193.4799999991812,912.2412597473918
50175,31.99905719819256,1193.4999999991812,912.2455054771938
50176,31.99905719819256,1193.5199999991812,912.2497511227292
50177,31.99905719819256,1193.5399999991812,912.2539966839979
50178,31.99905719819256,1193.5599999991812,912.2582421609997
50179,31.99905719819256,1193.5799999991812,912.2624875537342
50180,31.99905719819256,1193.5999999991811,912.2667328622015
50181,31.99905719819256,1193.6199999991811,912.2709780864011
50182,31.99905719819256,1193.639999999181,912.275223226333
50183,31.99905719819256,1193.659999999181,912.2794682819969
50184,31.99905719819256,1193.679999999181,912.2837132533925
50185,31.99905719819256,1193.699999999181,912.2879581405198
50186,31.99905719819256,1193.719999999181,912.2922029433785
50187,31.99905719819256,1193.739999999181,912.2964476619683
50188,31.99905719819256,1193.759999999181,912.3006922962891
50189,31.99905719819256,1193.779999999181,912.3049368463406
50190,31.99905719819256,1193.799999999181,912.3091813121227
50191,31.99905719819256,1193.819999999181,912.3134256936352
50192,31.99905719819256,1193.839999999181,912.3176699908777
50193,31.99905719819256,1193.859999999181,912.3219142038502
50194,31.99905719819256,1193.8799999991809,912.3261583325523
50195,31.99905719819256,1193.8999999991809,912.3304023769839
50196,31.99905719819256,1193.9199999991808,912.3346463371448
50197,31.99905719819256,1193.9399999991808,912.3388902130348
50198,31.99905719819256,1193.9599999991808,912.3431340046536
50199,31.99905719819256,1193.9799999991808,912.3473777120012
50200,31.99905719819256,1193.9999999991808,912.3516213350772
50201,31.99905719819256,1194.0199999991808,912.3558648738814
50202,31.99905719819256,1194.0399999991807,912.3601083284136
50203,31.99905719819256,1194.0599999991807,912.3643516986737
50204,31.99905719819256,1194.0799999991807,912.3685949846614
50205,31.99905719819256,1194.0999999991807,912.3728381863765
50206,31.99905719819256,1194.1199999991807,912.3770813038187
50207,31.99905719819256,1194.1399999991806,912.381324336988
50208,31.99905719819256,1194.1599999991806,912.385567285884
50209,31.99905719819256,1194.1799999991806,912.3898101505066
50210,31.99905719819256,1194.1999999991806,912.3940529308555
50211,31.99905719819256,1194.2199999991806,912.3982956269307
50212,31.99905719819256,1194.2399999991806,912.4025382387317
50213,31.99905719819256,1194.2599999991805,912.4067807662585
50214,31.99905719819256,1194.2799999991805,912.4110232095109
50215,31.99905719819256,1194.2999999991805,912.4152655684885
50216,31.99905719819256,1194.3199999991805,912.4195078431912
50217,31.99905719819256,1194.3399999991805,912.4237500336243
50218,31.99905719819256,1194.3599999991804,912.4279921398785
50219,31.99905719819256,1194.3799999991804,912.4322341619952
50220,31.99905719819256,1194.3999999991804,912.4364760999744
50221,31.99905719819256,1194.4199999991804,912.4407179538157
50222,31.957526800009045,1194.4399999991804,912.4449597235189
50223,31.957526800009045,1194.4599999991804,912.4492014090838
50224,31.957526800009045,1194.4799999991803,912.4534430105103
50225,31.957526800009045,1194.4999999991803,912.4576845277982
50226,31.957526800009045,1194.5199999991803,912.4619259609472
50227,31.957526800009045,1194.5399999991803,912.466167309957
50228,31.957526800009045,1194.5599999991803,912.4704085748275
50229,31.957526800009045,1194.5799999991802,912.4746497555586
50230,31.957526800009045,1194.5999999991802,912.47889085215
50231,31.957526800009045,1194.6199999991802,912.4831318646014
50232,31.957526800009045,1194.6399999991802,912.4873727929128
50233,31.957526800009045,1194.6599999991802,912.4916136370838
50234,31.957526800009045,1194.6799999991802,912.4958543971143
50235,31.957526800009045,1194.6999999991801,912.500095073004
50236,31.957526800009045,1194.7199999991801,912.5043356647528
50237,31.957526800009045,1194.73999999918,912.5085761723604
50238,31.957526800009045,1194.75999999918,912.5128165958267
50239,31.957526800009045,1194.77999999918,912.5170569351515
50240,31.957526800009045,1194.79999999918,912.5212971903344
50241,31.957526800009045,1194.81999999918,912.5255373613754
50242,31.957526800009045,1194.83999999918,912.5297774482742
50243,31.957526800009045,1194.85999999918,912.5340174510306
50244,31.957526800009045,1194.87999999918,912.5382573696445
50245,31.957526800009045,1194.89999999918,912.5424972041155
50246,31.957526800009045,1194.91999999918,912.5467369544436
50247,31.957526800009045,1194.93999999918,912.5509766206285
50248,31.957526800009045,1194.95999999918,912.55521620267
50249,31.957526800009045,1194.9799999991799,912.5594557005678
50250,31.957526800009045,1194.9999999991799,912.5636951143218
50251,31.957526800009045,1195.0199999991798,912.5679344439318
50252,31.957526800009045,1195.0399999991798,912.5721736893975
50253,31.957526800009045,1195.0599999991798,912.5764128507187
50254,31.957526800009045,1195.0799999991798,912.5806519278954
50255,31.957526800009045,1195.0999999991798,912.5848909209271
50256,31.957526800009045,1195.1199999991798,912.5891298298138
50257,31.957526800009045,1195.1399999991797,912.5933686545552
50258,31.957526800009045,1195.1599999991797,912.5976073951512
50259,31.957526800009045,1195.1799999991797,912.6018460516013
50260,31.957526800009045,1195.1999999991797,912.6060846239056
50261,31.957526800009045,1195.2199999991797,912.6103231120638
50262,31.957526800009045,1195.2399999991796,912.6145615160758
50263,31.957526800009045,1195.2599999991796,912.6187998359412
50264,31.957526800009045,1195.2799999991796,912.62303807166
50265,31.957526800009045,1195.2999999991796,912.6272762232318
50266,31.957526800009045,1195.3199999991796,912.6315142906565
50267,31.957526800009045,1195.3399999991796,912.6357522739338
50268,31.957526800009045,1195.3599999991795,912.6399901730697
50269,31.957526800009045,1195.3799999991795,912.6442279881478
50270,31.957526800009045,1195.3999999991795,912.6484657191967
50271,31.957526800009045,1195.4199999991795,912.6527033662162
50272,31.957526800009045,1195.4399999991795,912.6569409292061
50273,31.957526800009045,1195.4599999991794,912.6611784081663
50274,31.957526800009045,1195.4799999991794,912.6654158030965
50275,31.957526800009045,1195.4999999991794,912.6696531139964
50276,31.957526800009045,1195.5199999991794,912.673890340866
50277,31.957526800009045,1195.5399999991794,912.678127483705
50278,31.957526800009045,1195.5599999991794,912.6823645425131
50279,31.957526800009045,1195.5799999991793,912.6866015172903
50280,31.957526800009045,1195.5999999991793,912.6908384080363
50281,31.957526800009045,1195.6199999991793,912.6950752147508
50282,31.957526800009045,1195.6399999991793,912.6993119374337
50283,31.957526800009045,1195.6599999991793,912.7035485760847
50284,31.957526800009045,1195.6799999991792,912.7077851307038
50285,31.957526800009045,1195.6999999991792,912.7120216012905
50286,31.957526800009045,1195.7199999991792,912.7162579878449
50287,31.957526800009045,1195.7399999991792,912.7204942903666
50288,31.957526800009045,1195.7599999991792,912.7247305088555
50289,31.957526800009045,1195.7799999991792,912.7289666433113
50290,31.957526800009045,1195.7999999991791,912.7332026937339
50291,31.957526800009045,1195.8199999991791,912.7374386601231
50292,31.957526800009045,1195.839999999179,912.7416745424786
50293,31.957526800009045,1195.859999999179,912.7459103408002
50294,31.957526800009045,1195.879999999179,912.7501460550877
50295,31.957526800009045,1195.899999999179,912.754381685341
50296,31.957526800009045,1195.919999999179,912.7586172315597
50297,31.957526800009045,1195.939999999179,912.7628526937438
50298,31.957526800009045,1195.959999999179,912.767088071893
50299,31.957526800009045,1195.979999999179,912.7713233660071
50300,31.957526800009045,1195.999999999179,912.7755585760859
50301,31.957526800009045,1196.019999999179,912.7797937021293
50302,31.957526800009045,1196.039999999179,912.7840287441369
50303,31.957526800009045,1196.059999999179,912.7882637021086
50304,31.957526800009045,1196.0799999991789,912.7924985760442
50305,31.957526800009045,1196.0999999991789,912.7967333659435
50306,31.957526800009045,1196.1199999991788,912.8009680718063
50307,31.957526800009045,1196.1399999991788,912.8052026936324
50308,31.957526800009045,1196.1599999991788,912.8094372314215
50309,31.957526800009045,1196.1799999991788,912.8136716851735
50310,31.957526800009045,1196.1999999991788,912.8179060548882
50311,31.957526800009045,1196.2199999991788,912.8221403405654
50312,31.957526800009045,1196.2399999991787,912.8263745422048
50313,31.957526800009045,1196.2599999991787,912.8306086598062
50314,31.957526800009045,1196.2799999991787,912.8348426933695
50315,31.957526800009045,1196.2999999991787,912.8390766428945
50316,31.957526800009045,1196.3199999991787,912.8433105083809
50317,31.957526800009045,1196.3399999991786,912.8475442898285
50318,31.957526800009045,1196.3599999991786,912.8517779872371
50319,31.957526800009045,1196.3799999991786,912.8560116006147
50320,31.957526800009045,1196.3999999991786,912.8602451300569
50321,31.957526800009045,1196.4199999991786,912.864478575587
50322,31.957526800009045,1196.4399999991786,912.8687119372047
50323,31.957526800009045,1196.4599999991785,912.8729452149099
50324,31.957526800009045,1196.4799999991785,912.8771784087024
50325,31.957526800009045,1196.4999999991785,912.881411518582
50326,31.957526800009045,1196.5199999991785,912.8856445445484
50327,31.957526800009045,1196.5399999991785,912.8898774866014
50328,31.957526800009045,1196.5599999991784,912.894110344741
50329,31.957526800009045,1196.5799999991784,912.8983431189667
50330,31.957526800009045,1196.5999999991784,912.9025758092786
50331,31.957526800009045,1196.6199999991784,912.9068084156763
50332,31.957526800009045,1196.6399999991784,912.9110409381597
50333,31.957526800009045,1196.6599999991784,912.9152733767285
50334,31.957526800009045,1196.6799999991783,912.9195057313825
50335,31.957526800009045,1196.6999999991783,912.9237380021217
50336,31.957526800009045,1196.7199999991783,912.9279701889457
50337,31.957526800009045,1196.7399999991783,912.9322022918543
50338,31.957526800009045,1196.7599999991783,912.9364343108474
50339,31.957526800009045,1196.7799999991782,912.9406662459247
50340,31.957526800009045,1196.7999999991782,912.9448980970861
50341,31.957526800009045,1196.8199999991782,912.9491298643313
50342,31.957526800009045,1196.8399999991782,912.9533615476602
50343,31.957526800009045,1196.8599999991782,912.9575931470725
50344,31.957526800009045,1196.8799999991782,912.9618246625681
50345,31.957526800009045,1196.8999999991781,912.9660560941467
50346,31.957526800009045,1196.9199999991781,912.9702874418081
50347,31.957526800009045,1196.939999999178,912.9745187055521
50348,31.957526800009045,1196.959999999178,912.9787498853786
50349,31.957526800009045,1196.979999999178,912.9829809812874
50350,31.957526800009045,1196.999999999178,912.9872119932782
50351,31.957526800009045,1197.019999999178,912.9914429213508
50352,31.957526800009045,1197.039999999178,912.995673765505
50353,31.957526800009045,1197.059999999178,912.9999045257406
50354,31.957526800009045,1197.079999999178,913.0041352020575
50355,31.957526800009045,1197.099999999178,913.0083657944554
50356,31.957526800009045,1197.119999999178,913.0125963029341
50357,31.957526800009045,1197.139999999178,913.0168267274934
50358,31.957526800009045,1197.159999999178,913.0210570681331
50359,31.957526800009045,1197.1799999991779,913.0252873248531
50360,31.957526800009045,1197.1999999991779,913.0295174976532
50361,31.957526800009045,1197.2199999991778,913.033747586533
50362,31.957526800009045,1197.2399999991778,913.0379775914923
50363,31.957526800009045,1197.2599999991778,913.0422075125311
50364,31.957526800009045,1197.2799999991778,913.0464373496492
50365,31.957526800009045,1197.2999999991778,913.0506671028462
50366,31.957526800009045,1197.3199999991778,913.054896772122
50367,31.957526800009045,1197.3399999991777,913.0591263574764
50368,31.957526800009045,1197.3599999991777,913.0633558589093
50369,31.957526800009045,1197.3799999991777,913.0675852764203
50370,31.957526800009045,1197.3999999991777,913.0718146100189
50371,31.957526800009045,1197.4199999991777,913.0760438598069
50372,31.957526800009045,1197.4399999991776,913.0802730257999
50373,31.957526800009045,1197.4599999991776,913.0845021079978
50374,31.957526800009045,1197.4799999991776,913.0887311064004
50375,31.957526800009045,1197.4999999991776,913.0929600210073
50376,31.957526800009045,1197.5199999991776,913.0971888518186
50377,31.957526800009045,1197.5399999991776,913.1014175988339
50378,31.957526800009045,1197.5599999991775,913.1056462620531
50379,31.957526800009045,1197.5799999991775,913.109874841476
50380,31.957526800009045,1197.5999999991775,913.1141033371023
50381,31.957526800009045,1197.6199999991775,913.1183317489318
50382,31.957526800009045,1197.6399999991775,913.1225600769645
50383,31.957526800009045,1197.6599999991774,913.1267883212
50384,31.957526800009045,1197.6799999991774,913.1310164816382
50385,31.957526800009045,1197.6999999991774,913.1352445582788
50386,31.957526800009045,1197.7199999991774,913.1394725511218
50387,31.957526800009045,1197.7399999991774,913.1437004601668
50388,31.957526800009045,1197.7599999991774,913.1479282854136
50389,31.957526800009045,1197.7799999991773,913.1521560268623
50390,31.957526800009045,1197.7999999991773,913.1563836845123
50391,31.957526800009045,1197.8199999991773,913.1606112583637
50392,31.957526800009045,1197.8399999991773,913.1648387484161
50393,31.957526800009045,1197.8599999991773,913.1690661546694
50394,31.957526800009045,1197.8799999991772,913.1732934771234
50395,31.957526800009045,1197.8999999991772,913.1775207157779
50396,31.957526800009045,1197.9199999991772,913.1817478706326
50397,31.957526800009045,1197.9399999991772,913.1859749416875
50398,31.957526800009045,1197.9599999991772,913.1902019289422
50399,31.957526800009045,1197.9799999991772,913.1944288323966
50400,31.957526800009045,1197.9999999991771,913.1986556520505
50401,31.957526800009045,1198.0199999991771,913.2028823879037
50402,31.957526800009045,1198.039999999177,913.207109039956
50403,31.957526800009045,1198.059999999177,913.2113356082072
50404,31.957526800009045,1198.079999999177,913.215562092657
50405,31.957526800009045,1198.099999999177,913.2197884933054
50406,31.957526800009045,1198.119999999177,913.224014810152
50407,31.957526800009045,1198.139999999177,913.2282410431967
50408,31.957526800009045,1198.159999999177,913.2324671924393
50409,31.957526800009045,1198.179999999177,913.2366932578797
50410,31.957526800009045,1198.199999999177,913.2409192395174
50411,31.957526800009045,1198.219999999177,913.2451451373526
50412,31.957526800009045,1198.239999999177,913.2493709513848
50413,31.957526800009045,1198.259999999177,913.2535966816139
50414,31.957526800009045,1198.2799999991769,913.2578223280397
50415,31.957526800009045,1198.2999999991769,913.262047890662
50416,31.957526800009045,1198.3199999991768,913.2662733694806
50417,31.957526800009045,1198.3399999991768,913.2704987644953
50418,31.957526800009045,1198.3599999991768,913.2747240757059
50419,31.957526800009045,1198.3799999991768,913.2789493031122
50420,31.957526800009045,1198.3999999991768,913.283174446714
50421,31.957526800009045,1198.4199999991768,913.287399506524
50422,31.957526800009045,1198.4399999991767,913.2916244826464
50423,31.957526800009045,1198.4599999991767,913.2958493750912
50424,31.957526800009045,1198.4799999991767,913.3000741838581
50425,31.957526800009045,1198.4999999991767,913.3042989089471
50426,31.957526800009045,1198.5199999991767,913.3085235503578
50427,31.957526800009045,1198.5399999991766,913.3127481080901
50428,31.957526800009045,1198.5599999991766,913.3169725821439
50429,31.957526800009045,1198.5799999991766,913.3211969725188
50430,31.957526800009045,1198.5999999991766,913.3254212792148
50431,31.957526800009045,1198.6199999991766,913.3296455022315
50432,31.957526800009045,1198.6399999991766,913.3338696415689
50433,31.957526800009045,1198.6599999991765,913.3380936972267
50434,31.957526800009045,1198.6799999991765,913.3423176692047
50435,31.957526800009045,1198.6999999991765,913.3465415575027
50436,31.957526800009045,1198.7199999991765,913.3507653621206
50437,31.957526800009045,1198.7399999991765,913.3549890830581
50438,31.957526800009045,1198.7599999991764,913.359212720315
50439,31.957526800009045,1198.7799999991764,913.3634362738911
50440,31.957526800009045,1198.7999999991764,913.3676597437864
50441,31.957526800009045,1198.8199999991764,913.3718831300005
50442,31.957526800009045,1198.8399999991764,913.3761064325332
50443,31.957526800009045,1198.8599999991764,913.3803296513844
50444,31.957526800009045,1198.8799999991763,913.3845527865539
50445,31.957526800009045,1198.8999999991763,913.3887758380414
50446,31.957526800009045,1198.9199999991763,913.3929988058468
50447,31.957526800009045,1198.9399999991763,913.3972216899698
50448,31.957526800009045,1198.9599999991763,913.4014444904103
50449,31.957526800009045,1198.9799999991762,913.4056672071681
50450,31.957526800009045,1198.9999999991762,913.409889840243
50451,31.957526800009045,1199.0199999991762,913.4141123896347
50452,31.957526800009045,1199.0399999991762,913.4183348553432
50453,31.957526800009045,1199.0599999991762,913.4225572373682
50454,31.957526800009045,1199.0799999991762,913.4267795357094
50455,31.957526800009045,1199.0999999991761,913.4310017503668
50456,31.957526800009045,1199.1199999991761,913.43522388134
50457,31.957526800009045,1199.139999999176,913.439445928629
50458,31.957526800009045,1199.159999999176,913.4436678922334
50459,31.957526800009045,1199.179999999176,913.4478897721532
50460,31.957526800009045,1199.199999999176,913.4521115683881
50461,31.957526800009045,1199.219999999176,913.4563332809379
50462,31.957526800009045,1199.239999999176,913.4605549098023
50463,31.957526800009045,1199.259999999176,913.4647764549813
50464,31.957526800009045,1199.279999999176,913.4689979164747
50465,31.957526800009045,1199.299999999176,913.4732192942822
50466,31.957526800009045,1199.319999999176,913.4774405884036
50467,31.957526800009045,1199.339999999176,913.4816617988388
50468,31.957526800009045,1199.359999999176,913.4858829255875
50469,31.957526800009045,1199.3799999991759,913.4901039686496
50470,31.957526800009045,1199.3999999991759,913.4943249280248
50471,31.957526800009045,1199.4199999991758,913.4985458037129
50472,31.957526800009045,1199.4399999991758,913.5027665957354
50473,31.957526800009045,1199.4599999991758,913.5069873041958
50474,31.957526800009045,1199.4799999991758,913.5112079291033
50475,31.957526800009045,1199.4999999991758,913.5154284704576
50476,31.957526800009045,1199.5199999991758,913.5196489282583
50477,31.957526800009045,1199.5399999991757,913.5238693025055
50478,31.957526800009045,1199.5599999991757,913.528089593199
50479,31.957526800009045,1199.5799999991757,913.5323098003383
50480,31.957526800009045,1199.5999999991757,913.5365299239236
50481,31.957526800009045,1199.6199999991757,913.5407499639545
50482,31.957526800009045,1199.6399999991756,913.5449699204307
50483,31.957526800009045,1199.6599999991756,913.5491897933522
50484,31.957526800009045,1199.6799999991756,913.5534095827187
50485,31.957526800009045,1199.6999999991756,913.55762928853
50486,31.91608615878575,1199.7199999991756,913.5618489107861
50487,31.91608615878575,1199.7399999991756,913.5660684494866
50488,31.91608615878575,1199.7599999991755,913.5702879046313
50489,31.91608615878575,1199.7799999991755,913.5745072762202
50490,31.91608615878575,1199.7999999991755,913.5787265642529
50491,31.91608615878575,1199.8199999991755,913.5829457687292
50492,31.91608615878575,1199.8399999991755,913.5871648896492
50493,31.91608615878575,1199.8599999991754,913.5913839270124
50494,31.91608615878575,1199.8799999991754,913.5956028808188
50495,31.91608615878575,1199.8999999991754,913.599821751068
50496,31.91608615878575,1199.9199999991754,913.60404053776
50497,31.91608615878575,1199.9399999991754,913.6082592408945
50498,31.91608615878575,1199.9599999991754,913.6124778604714
50499,31.91608615878575,1199.9799999991753,913.6166963964904
50500,31.91608615878575,1199.9999999991753,913.6209148489513
50501,31.91608615878575,1200.0199999991753,913.625133217854
50502,31.91608615878575,1200.0399999991753,913.6293515031983
50503,31.91608615878575,1200.0599999991753,913.633569704984
50504,31.91608615878575,1200.0799999991752,913.6377878232108
50505,31.91608615878575,1200.0999999991752,913.6420058578786
50506,31.91608615878575,1200.1199999991752,913.6462238089873
50507,31.91608615878575,1200.1399999991752,913.6504416765365
50508,31.91608615878575,1200.1599999991752,913.6546594605262
50509,31.91608615878575,1200.1799999991752,913.6588771609561
50510,31.91608615878575,1200.1999999991751,913.663094777826
50511,31.91608615878575,1200.2199999991751,913.6673123111358
50512,31.91608615878575,1200.239999999175,913.6715297608852
50513,31.91608615878575,1200.259999999175,913.6757471270739
50514,31.91608615878575,1200.279999999175,913.6799644097019
50515,31.91608615878575,1200.299999999175,913.6841816087691
50516,31.91608615878575,1200.319999999175,913.6883987242751
50517,31.91608615878575,1200.339999999175,913.6926157562198
50518,31.91608615878575,1200.359999999175,913.6968327046029
50519,31.91608615878575,1200.379999999175,913.7010495694243
50520,31.91608615878575,1200.399999999175,913.7052663506838
50521,31.91608615878575,1200.419999999175,913.7094830483812
50522,31.91608615878575,1200.439999999175,913.7136996625163
50523,31.91608615878575,1200.459999999175,913.7179161931147
50524,31.91608615878575,1200.4799999991749,913.7221326402611
50525,31.91608615878575,1200.4999999991749,913.7263490039621
50526,31.91608615878575,1200.5199999991748,913.7305652842175
50527,31.91608615878575,1200.5399999991748,913.7347814810271
50528,31.91608615878575,1200.5599999991748,913.7389975943906
50529,31.91608615878575,1200.5799999991748,913.7432136243079
50530,31.91608615878575,1200.5999999991748,913.7474295707789
50531,31.91608615878575,1200.6199999991748,913.7516454338032
50532,31.91608615878575,1200.6399999991747,913.7558612133807
50533,31.91608615878575,1200.6599999991747,913.7600769095113
50534,31.91608615878575,1200.6799999991747,913.7642925221948
50535,31.91608615878575,1200.6999999991747,913.7685080514309
50536,31.91608615878575,1200.7199999991747,913.7727234972194
50537,31.91608615878575,1200.7399999991746,913.7769388595602
50538,31.91608615878575,1200.7599999991746,913.7811541384532
50539,31.91608615878575,1200.7799999991746,913.785369333898
50540,31.91608615878575,1200.7999999991746,913.7895844458944
50541,31.91608615878575,1200.8199999991746,913.7937994744425
50542,31.91608615878575,1200.8399999991746,913.7980144195418
50543,31.91608615878575,1200.8599999991745,913.8022292811922
50544,31.91608615878575,1200.8799999991745,913.8064440593937
50545,31.91608615878575,1200.8999999991745,913.8106587541458
50546,31.91608615878575,1200.9199999991745,913.8148733654485
50547,31.91608615878575,1200.9399999991745,913.8190878933017
50548,31.91608615878575,1200.9599999991744,913.823302337705
50549,31.91608615878575,1200.9799999991744,913.8275166986582
50550,31.91608615878575,1200.9999999991744,913.8317309761613
50551,31.91608615878575,1201.0199999991744,913.835945170214
50552,31.91608615878575,1201.0399999991744,913.8401592808161
50553,31.91608615878575,1201.0599999991744,913.8443733079674
50554,31.91608615878575,1201.0799999991743,913.8485872516678
50555,31.91608615878575,1201.0999999991743,913.8528011119171
50556,31.91608615878575,1201.1199999991743,913.857014888715
50557,31.91608615878575,1201.1399999991743,913.8612285820614
50558,31.91608615878575,1201.1599999991743,913.865442191956
50559,31.91608615878575,1201.1799999991742,913.8696557183988
50560,31.91608615878575,1201.1999999991742,913.8738691613894
50561,31.91608615878575,1201.2199999991742,913.8780825209277
50562,31.91608615878575,1201.2399999991742,913.8822957970136
50563,31.91608615878575,1201.2599999991742,913.8865089896468
50564,31.91608615878575,1201.2799999991742,913.8907220988272
50565,31.91608615878575,1201.2999999991741,913.8949351245544
50566,31.91608615878575,1201.3199999991741,913.8991480668285
50567,31.91608615878575,1201.339999999174,913.9033609256492
50568,31.91608615878575,1201.359999999174,913.9075737010162
50569,31.91608615878575,1201.379999999174,913.9117863929293
50570,31.91608615878575,1201.399999999174,913.9159990013885
50571,31.91608615878575,1201.419999999174,913.9202115263935
50572,31.91608615878575,1201.439999999174,913.9244239679441
50573,31.91608615878575,1201.459999999174,913.9286363260402
50574,31.91608615878575,1201.479999999174,913.9328486007165
50575,31.91608615878575,1201.499999999174,913.9370607920582
50576,31.91608615878575,1201.519999999174,913.9412729000709
50577,31.91608615878575,1201.539999999174,913.9454849247543
50578,31.91608615878575,1201.559999999174,913.9496968661082
50579,31.91608615878575,1201.5799999991739,913.9539087241324
50580,31.91608615878575,1201.5999999991739,913.9581204988267
50581,31.91608615878575,1201.6199999991738,913.962332190191
50582,31.91608615878575,1201.6399999991738,913.9665437982251
50583,31.91608615878575,1201.6599999991738,913.9707553229288
50584,31.91608615878575,1201.6799999991738,913.9749667643018
50585,31.91608615878575,1201.6999999991738,913.979178122344
50586,31.91608615878575,1201.7199999991738,913.9833893970552
50587,31.91608615878575,1201.7399999991737,913.9876005884354
50588,31.91608615878575,1201.7599999991737,913.9918116964841
50589,31.91608615878575,1201.7799999991737,913.9960227212013
50590,31.91608615878575,1201.7999999991737,914.0002336625868
50591,31.91608615878575,1201.8199999991737,914.0044445206403
50592,31.91608615878575,1201.8399999991736,914.0086552953617
50593,31.91608615878575,1201.8599999991736,914.0128659867509
50594,31.91608615878575,1201.8799999991736,914.0170765948075
50595,31.91608615878575,1201.8999999991736,914.0212871195314
50596,31.91608615878575,1201.9199999991736,914.0254975609225
50597,31.91608615878575,1201.9399999991736,914.0297079189806
50598,31.91608615878575,1201.9599999991735,914.0339181937055
50599,31.91608615878575,1201.9799999991735,914.0381283850969
50600,31.91608615878575,1201.9999999991735,914.0423384931547
50601,31.91608615878575,1202.0199999991735,914.0465485178787
50602,31.91608615878575,1202.0399999991735,914.0507584592688
50603,31.91608615878575,1202.0599999991734,914.0549683173246
50604,31.91608615878575,1202.0799999991734,914.0591780920461
50605,31.91608615878575,1202.0999999991734,914.063387783433
50606,31.91608615878575,1202.1199999991734,914.0675973914852
50607,31.91608615878575,1202.1399999991734,914.0718069162024
50608,31.91608615878575,1202.1599999991734,914.0760163575845
50609,31.91608615878575,1202.1799999991733,914.0802257156314
50610,31.91608615878575,1202.1999999991733,914.0844349903427
50611,31.91608615878575,1202.2199999991733,914.0886441817185
50612,31.91608615878575,1202.2399999991733,914.0928532897583
50613,31.91608615878575,1202.2599999991733,914.097062314462
50614,31.91608615878575,1202.2799999991732,914.1012712558296
50615,31.91608615878575,1202.2999999991732,914.1054801138607
50616,31.91608615878575,1202.3199999991732,914.1096888885552
50617,31.91608615878575,1202.3399999991732,914.1138975799129
50618,31.91608615878575,1202.3599999991732,914.1181061879336
50619,31.91608615878575,1202.3799999991732,914.122314712617
50620,31.91608615878575,1202.3999999991731,914.1265231539631
50621,31.91608615878575,1202.4199999991731,914.1307315119717
50622,31.91608615878575,1202.439999999173,914.1349397866426
50623,31.91608615878575,1202.459999999173,914.1391479779755
50624,31.91608615878575,1202.479999999173,914.1433560859704
50625,31.91608615878575,1202.499999999173,914.1475641106694
50626,31.91608615878575,1202.519999999173,914.151772052152
50627,31.91608615878575,1202.539999999173,914.1559799104222
50628,31.91608615878575,1202.559999999173,914.1601876854797
50629,31.91608615878575,1202.579999999173,914.1643953773246
50630,31.91608615878575,1202.599999999173,914.1686029859563
50631,31.91608615878575,1202.619999999173,914.172810511375
50632,31.91608615878575,1202.639999999173,914.1770179535803
50633,31.91608615878575,1202.659999999173,914.181225312572
50634,31.91608615878575,1202.6799999991729,914.18543258835
50635,31.91608615878575,1202.6999999991729,914.189639780914
50636,31.91608615878575,1202.7199999991728,914.193846890264
50637,31.91608615878575,1202.7399999991728,914.1980539163997
50638,31.91608615878575,1202.7599999991728,914.2022608593209
50639,31.91608615878575,1202.7799999991728,914.2064677190274
50640,31.91608615878575,1202.7999999991728,914.2106744955191
50641,31.91608615878575,1202.8199999991728,914.2148811887959
50642,31.91608615878575,1202.8399999991727,914.2190877988573
50643,31.91608615878575,1202.8599999991727,914.2232943257035
50644,31.91608615878575,1202.8799999991727,914.227500769334
50645,31.91608615878575,1202.8999999991727,914.2317071297488
50646,31.91608615878575,1202.9199999991727,914.2359134069476
50647,31.91608615878575,1202.9399999991726,914.2401196009303
50648,31.91608615878575,1202.9599999991726,914.2443257116965
50649,31.91608615878575,1202.9799999991726,914.2485317392463
50650,31.91608615878575,1202.9999999991726,914.2527376835794
50651,31.91608615878575,1203.0199999991726,914.2569435446957
50652,31.91608615878575,1203.0399999991726,914.2611493225949
50653,31.91608615878575,1203.0599999991725,914.2653550172768
50654,31.91608615878575,1203.0799999991725,914.2695606287413
50655,31.91608615878575,1203.0999999991725,914.2737661569881
50656,31.91608615878575,1203.1199999991725,914.2779716020171
50657,31.91608615878575,1203.1399999991725,914.2821769638282
50658,31.91608615878575,1203.1599999991724,914.286382242421
50659,31.91608615878575,1203.1799999991724,914.2905874377956
50660,31.91608615878575,1203.1999999991724,914.2947925499516
50661,31.91608615878575,1203.2199999991724,914.2989975788888
50662,31.91608615878575,1203.2399999991724,914.3032025246071
50663,31.91608615878575,1203.2599999991724,914.3074073871062
50664,31.91608615878575,1203.2799999991723,914.3116121663861
50665,31.91608615878575,1203.2999999991723,914.3158168624466
50666,31.91608615878575,1203.3199999991723,914.3200214752874
50667,31.91608615878575,1203.3399999991723,914.3242260049083
50668,31.91608615878575,1203.3599999991723,914.3284304513091
50669,31.91608615878575,1203.3799999991722,914.3326348144898
50670,31.91608615878575,1203.3999999991722,914.33683909445
50671,31.91608615878575,1203.4199999991722,914.3410432911897
50672,31.91608615878575,1203.4399999991722,914.3452474047086
50673,31.91608615878575,1203.4599999991722,914.3494514350066
50674,31.91608615878575,1203.4799999991722,914.3536553820834
50675,31.91608615878575,1203.4999999991721,914.3578592459388
50676,31.91608615878575,1203.5199999991721,914.3620630266228
50677,31.91608615878575,1203.539999999172,914.3662667242088
50678,31.91608615878575,1203.559999999172,914.3704703386994
50679,31.91608615878575,1203.579999999172,914.3746738700944
50680,31.91608615878575,1203.599999999172,914.3788773183936
50681,31.91608615878575,1203.619999999172,914.3830806835969
50682,31.91608615878575,1203.639999999172,914.3872839657039
50683,31.91608615878575,1203.659999999172,914.3914871647146
50684,31.91608615878575,1203.679999999172,914.3956902806287
50685,31.91608615878575,1203.699999999172,914.3998933134462
50686,31.91608615878575,1203.719999999172,914.4040962631667
50687,31.91608615878575,1203.739999999172,914.4082991297902
50688,31.91608615878575,1203.759999999172,914.4125019133163
50689,31.91608615878575,1203.7799999991719,914.416704613745
50690,31.91608615878575,1203.7999999991719,914.4209072310761
50691,31.91608615878575,1203.8199999991718,914.4251097653093
50692,31.91608615878575,1203.8399999991718,914.4293122164446
50693,31.91608615878575,1203.8599999991718,914.4335145844817
50694,31.91608615878575,1203.8799999991718,914.4377168694205
50695,31.91608615878575,1203.8999999991718,914.4419190712606
50696,31.91608615878575,1203.9199999991718,914.446121190002
50697,31.91608615878575,1203.9399999991717,914.4503232256445
50698,31.91608615878575,1203.9599999991717,914.454525178188
50699,31.91608615878575,1203.9799999991717,914.4587270476321
50700,31.91608615878575,1203.9999999991717,914.4629288339768
50701,31.91608615878575,1204.0199999991717,914.4671305372218
50702,31.91608615878575,1204.0399999991716,914.471332157367
50703,31.91608615878575,1204.0599999991716,914.4755336944121
50704,31.91608615878575,1204.0799999991716,914.479735148357
50705,31.91608615878575,1204.0999999991716,914.4839365192015
50706,31.91608615878575,1204.1199999991716,914.4881378069455
50707,31.91608615878575,1204.1399999991716,914.4923390115887
50708,31.91608615878575,1204.1599999991715,914.496540133131
50709,31.91608615878575,1204.1799999991715,914.5007411715721
50710,31.91608615878575,1204.1999999991715,914.504942126912
50711,31.91608615878575,1204.2199999991715,914.5091429991504
50712,31.91608615878575,1204.2399999991715,914.5133437882871
50713,31.91608615878575,1204.2599999991714,914.517544494322
50714,31.91608615878575,1204.2799999991714,914.5217451172548
50715,31.91608615878575,1204.2999999991714,914.5259456570853
50716,31.91608615878575,1204.3199999991714,914.5301461138135
50717,31.91608615878575,1204.3399999991714,914.5343464874392
50718,31.91608615878575,1204.3599999991714,914.538546777962
50719,31.91608615878575,1204.3799999991713,914.5427469853819
50720,31.91608615878575,1204.3999999991713,914.5469471096986
50721,31.91608615878575,1204.4199999991713,914.5511471509121
50722,31.91608615878575,1204.4399999991713,914.555347109022
50723,31.91608615878575,1204.4599999991713,914.5595469840283
50724,31.91608615878575,1204.4799999991712,914.5637467759307
50725,31.91608615878575,1204.4999999991712,914.567946484729
50726,31.91608615878575,1204.5199999991712,914.5721461104231
50727,31.91608615878575,1204.5399999991712,914.5763456530741
50728,31.91608615878575,1204.5599999991712,914.5805451127541
50729,31.91608615878575,1204.5799999991712,914.5847444894641
50730,31.91608615878575,1204.5999999991711,914.5889437832041
50731,31.91608615878575,1204.6199999991711,914.5931429939736
50732,31.91608615878575,1204.639999999171,914.5973421217727
50733,31.91608615878575,1204.659999999171,914.6015411666011
50734,31.91608615878575,1204.679999999171,914.6057401284587
50735,31.91608615878575,1204.699999999171,914.6099390073452
50736,31.91608615878575,1204.719999999171,914.6141378032605
50737,31.91608615878575,1204.739999999171,914.6183365162044
50738,31.91608615878575,1204.759999999171,914.6225351461767
50739,31.91608615878575,1204.779999999171,914.6267336931772
50740,31.91608615878575,1204.799999999171,914.6309321572058
50741,31.91608615878575,1204.819999999171,914.6351305382623
50742,31.91608615878575,1204.839999999171,914.6393288363464
50743,31.91608615878575,1204.859999999171,914.643527051458
50744,31.91608615878575,1204.8799999991709,914.647725183597
50745,31.91608615878575,1204.8999999991709,914.6519232327631
50746,31.91608615878575,1204.9199999991708,914.6561211989563
50747,31.91608615878575,1204.9399999991708,914.6603190821762
50748,31.91608615878575,1204.9599999991708,914.6645168824227
50749,31.91608615878575,1204.9799999991708,914.6687145996957
50750,31.874735003177012,1204.9999999991708,914.6729122339949
50751,31.874735003177012,1205.0199999991708,914.6771097853201
50752,31.874735003177012,1205.0399999991707,914.6813072536712
50753,31.874735003177012,1205.0599999991707,914.685504639048
50754,31.874735003177012,1205.0799999991707,914.6897019414503
50755,31.874735003177012,1205.0999999991707,914.6938991608779
50756,31.874735003177012,1205.1199999991707,914.6980962973307
50757,31.874735003177012,1205.1399999991706,914.7022933508085
50758,31.874735003177012,1205.1599999991706,914.7064903213111
50759,31.874735003177012,1205.1799999991706,914.7106872088383
50760,31.874735003177012,1205.1999999991706,914.7148840133899
50761,31.874735003177012,1205.2199999991706,914.7190807349657
50762,31.874735003177012,1205.2399999991705,914.7232773735656
50763,31.874735003177012,1205.2599999991705,914.7274739291894
50764,31.874735003177012,1205.2799999991705,914.7316704018368
50765,31.874735003177012,1205.2999999991705,914.7358667915079
50766,31.874735003177012,1205.3199999991705,914.7400630982022
50767,31.874735003177012,1205.3399999991705,914.7442593219197
50768,31.874735003177012,1205.3599999991704,914.7484554626602
50769,31.874735003177012,1205.3799999991704,914.7526515204235
50770,31.874735003177012,1205.3999999991704,914.7568474952093
50771,31.874735003177012,1205.4199999991704,914.7610433870176
50772,31.874735003177012,1205.4399999991704,914.7652391958482
50773,31.874735003177012,1205.4599999991703,914.7694349217007
50774,31.874735003177012,1205.4799999991703,914.7736305645752
50775,31.874735003177012,1205.4999999991703,914.7778261244714
50776,31.874735003177012,1205.5199999991703,914.7820216013891
50777,31.874735003177012,1205.5399999991703,914.7862169953286
50778,31.874735003177012,1205.5599999991703,914.7904123063494
50779,31.874735003177012,1205.5799999991702,914.7946075345084
50780,31.874735003177012,1205.5999999991702,914.7988026798055
50781,31.874735003177012,1205.6199999991702,914.8029977422404
50782,31.874735003177012,1205.6399999991702,914.8071927218131
50783,31.874735003177012,1205.6599999991702,914.8113876185232
50784,31.874735003177012,1205.6799999991701,914.8155824323708
50785,31.874735003177012,1205.6999999991701,914.8197771633554
50786,31.874735003177012,1205.71999999917,914.8239718114771
50787,31.874735003177012,1205.73999999917,914.8281663767356
50788,31.874735003177012,1205.75999999917,914.8323608591306
50789,31.874735003177012,1205.77999999917,914.8365552586621
50790,31.874735003177012,1205.79999999917,914.8407495753298
50791,31.874735003177012,1205.81999999917,914.8449438091337
50792,31.874735003177012,1205.83999999917,914.8491379600734
50793,31.874735003177012,1205.85999999917,914.8533320281489
50794,31.874735003177012,1205.87999999917,914.8575260133599
50795,31.874735003177012,1205.89999999917,914.8617199157063
50796,31.874735003177012,1205.91999999917,914.8659137351879
50797,31.874735003177012,1205.93999999917,914.8701074718044
50798,31.874735003177012,1205.95999999917,914.8743011255558
50799,31.874735003177012,1205.9799999991699,914.8784946964417
50800,31.874735003177012,1205.9999999991699,914.8826881844622
50801,31.874735003177012,1206.0199999991698,914.8868815896169
50802,31.874735003177012,1206.0399999991698,914.8910749119058
50803,31.874735003177012,1206.0599999991698,914.8952681513285
50804,31.874735003177012,1206.0799999991698,914.8994613078851
50805,31.874735003177012,1206.0999999991698,914.9036543815752
50806,31.874735003177012,1206.1199999991697,914.9078473723986
50807,31.874735003177012,1206.1399999991697,914.9120402803552
50808,31.874735003177012,1206.1599999991697,914.9162331054448
50809,31.874735003177012,1206.1799999991697,914.9204258476673
50810,31.874735003177012,1206.1999999991697,914.9246185070224
50811,31.874735003177012,1206.2199999991697,914.92881108351
50812,31.874735003177012,1206.2399999991696,914.93300357713
50813,31.874735003177012,1206.2599999991696,914.937195987882
50814,31.874735003177012,1206.2799999991696,914.941388315766
50815,31.874735003177012,1206.2999999991696,914.9455805607817
50816,31.874735003177012,1206.3199999991696,914.949772722929
50817,31.874735003177012,1206.3399999991695,914.9539648022077
50818,31.874735003177012,1206.3599999991695,914.9581567986177
50819,31.874735003177012,1206.3799999991695,914.9623487121587
50820,31.874735003177012,1206.3999999991695,914.9665405428306
50821,31.874735003177012,1206.4199999991695,914.9707322906331
50822,31.874735003177012,1206.4399999991695,914.9749239555662
50823,31.874735003177012,1206.4599999991694,914.9791155376295
50824,31.874735003177012,1206.4799999991694,914.9833070368229
50825,31.874735003177012,1206.4999999991694,914.9874984531464
50826,31.874735003177012,1206.5199999991694,914.9916897865996
50827,31.874735003177012,1206.5399999991694,914.9958810371825
50828,31.874735003177012,1206.5599999991693,915.0000722048966
50829,31.874735003177012,1206.5799999991693,915.0042632898115
50830,31.874735003177012,1206.5999999991693,915.0084542919806
50831,31.874735003177012,1206.6199999991693,915.0126452114035
50832,31.874735003177012,1206.6399999991693,915.0168360480803
50833,31.874735003177012,1206.6599999991693,915.0210268020107
50834,31.874735003177012,1206.6799999991692,915.0252174731945
50835,31.874735003177012,1206.6999999991692,915.0294080616316
50836,31.874735003177012,1206.7199999991692,915.0335985673216
50837,31.874735003177012,1206.7399999991692,915.0377889902646
50838,31.874735003177012,1206.7599999991692,915.0419793304603
50839,31.874735003177012,1206.7799999991691,915.0461695879085
50840,31.874735003177012,1206.7999999991691,915.050359762609
50841,31.874735003177012,1206.819999999169,915.0545498545617
50842,31.874735003177012,1206.839999999169,915.0587398637665
50843,31.874735003177012,1206.859999999169,915.062929790223
50844,31.874735003177012,1206.879999999169,915.0671196339313
50845,31.874735003177012,1206.899999999169,915.0713093948909
50846,31.874735003177012,1206.919999999169,915.0754990731018
50847,31.874735003177012,1206.939999999169,915.0796886685638
50848,31.874735003177012,1206.959999999169,915.0838781812768
50849,31.874735003177012,1206.979999999169,915.0880676112405
50850,31.874735003177012,1206.999999999169,915.0922569584548
50851,31.874735003177012,1207.019999999169,915.0964462229194
50852,31.874735003177012,1207.039999999169,915.1006354046343
50853,31.874735003177012,1207.059999999169,915.1048245035993
50854,31.874735003177012,1207.0799999991689,915.1090135198141
50855,31.874735003177012,1207.0999999991689,915.1132024532785
50856,31.874735003177012,1207.1199999991688,915.1173913039925
50857,31.874735003177012,1207.1399999991688,915.1215800719557
50858,31.874735003177012,1207.1599999991688,915.1257687571681
50859,31.874735003177012,1207.1799999991688,915.1299573596294
50860,31.874735003177012,1207.1999999991688,915.1341458793396
50861,31.874735003177012,1207.2199999991687,915.1383343162984
50862,31.874735003177012,1207.2399999991687,915.1425226705056
50863,31.874735003177012,1207.2599999991687,915.146710941961
50864,31.874735003177012,1207.2799999991687,915.1508991306646
50865,31.874735003177012,1207.2999999991687,915.155087236616
50866,31.874735003177012,1207.3199999991687,915.1592752598152
50867,31.874735003177012,1207.3399999991686,915.163463200262
50868,31.874735003177012,1207.3599999991686,915.167651057956
50869,31.874735003177012,1207.3799999991686,915.1718388328973
50870,31.874735003177012,1207.3999999991686,915.1760265250855
50871,31.874735003177012,1207.4199999991686,915.1802141345206
50872,31.874735003177012,1207.4399999991685,915.1844016612023
50873,31.874735003177012,1207.4599999991685,915.1885891051305
50874,31.874735003177012,1207.4799999991685,915.192776466305
50875,31.874735003177012,1207.4999999991685,915.1969637447256
50876,31.874735003177012,1207.5199999991685,915.2011509403922
50877,31.874735003177012,1207.5399999991685,915.2053380533044
50878,31.874735003177012,1207.5599999991684,915.2095250834624
50879,31.874735003177012,1207.5799999991684,915.2137120308689
50880,31.874735003177012,1207.5999999991684,915.2178988955998
50881,31.874735003177012,1207.6199999991684,915.2220856777009
50882,31.874735003177012,1207.6399999991684,915.226272377172
50883,31.874735003177012,1207.6599999991683,915.2304589940129
50884,31.874735003177012,1207.6799999991683,915.2346455282236
50885,31.874735003177012,1207.6999999991683,915.2388319798038
50886,31.874735003177012,1207.7199999991683,915.2430183487533
50887,31.874735003177012,1207.7399999991683,915.2472046350719
50888,31.874735003177012,1207.7599999991683,915.2513908387594
50889,31.874735003177012,1207.7799999991682,915.2555769598158
50890,31.874735003177012,1207.7999999991682,915.2597629982408
50891,31.874735003177012,1207.8199999991682,915.2639489540343
50892,31.874735003177012,1207.8399999991682,915.268134827196
50893,31.874735003177012,1207.8599999991682,915.2723206177259
50894,31.874735003177012,1207.8799999991681,915.2765063256236
50895,31.874735003177012,1207.8999999991681,915.280691950889
50896,31.874735003177012,1207.919999999168,915.2848774935221
50897,31.874735003177012,1207.939999999168,915.2890629535226
50898,31.874735003177012,1207.959999999168,915.2932483308903
50899,31.874735003177012,1207.979999999168,915.297433625625
50900,31.874735003177012,1207.999999999168,915.3016188377266
50901,31.874735003177012,1208.019999999168,915.3058039671948
50902,31.874735003177012,1208.039999999168,915.3099890140296
50903,31.874735003177012,1208.059999999168,915.3141739782307
50904,31.874735003177012,1208.079999999168,915.318358859798
50905,31.874735003177012,1208.099999999168,915.3225436587312
50906,31.874735003177012,1208.119999999168,915.3267283750303
50907,31.874735003177012,1208.139999999168,915.3309130086949
50908,31.874735003177012,1208.159999999168,915.335097559725
50909,31.874735003177012,1208.1799999991679,915.3392820281204
50910,31.874735003177012,1208.1999999991679,915.3434664138808
50911,31.874735003177012,1208.2199999991678,915.3476507170062
50912,31.874735003177012,1208.2399999991678,915.3518349374964
50913,31.874735003177012,1208.2599999991678,915.3560190753511
50914,31.874735003177012,1208.2799999991678,915.3602031305702
50915,31.874735003177012,1208.2999999991678,915.3643871031535
50916,31.874735003177012,1208.3199999991677,915.3685709931009
50917,31.874735003177012,1208.3399999991677,915.3727548004122
50918,31.874735003177012,1208.3599999991677,915.3769385250871
50919,31.874735003177012,1208.3799999991677,915.3811221671256
50920,31.874735003177012,1208.3999999991677,915.3853057265273
50921,31.874735003177012,1208.4199999991677,915.3894892032923
50922,31.874735003177012,1208.4399999991676,915.3936725974203
50923,31.874735003177012,1208.4599999991676,915.397855908911
50924,31.874735003177012,1208.4799999991676,915.4020391377643
50925,31.874735003177012,1208.4999999991676,915.4062222839801
50926,31.874735003177012,1208.5199999991676,915.4104053475583
50927,31.874735003177012,1208.5399999991675,915.4145883284984
50928,31.874735003177012,1208.5599999991675,915.4187712268006
50929,31.874735003177012,1208.5799999991675,915.4229540424644
50930,31.874735003177012,1208.5999999991675,915.4271367754947
50931,31.874735003177012,1208.6199999991675,915.4313194259728
50932,31.874735003177012,1208.6399999991675,915.4355019939374
50933,31.874735003177012,1208.6599999991674,915.4396844793882
50934,31.874735003177012,1208.6799999991674,915.4438668823252
50935,31.874735003177012,1208.6999999991674,915.4480492027482
50936,31.874735003177012,1208.7199999991674,915.4522314406569
50937,31.874735003177012,1208.7399999991674,915.4564135960512
50938,31.874735003177012,1208.7599999991673,915.460595668931
50939,31.874735003177012,1208.7799999991673,915.4647776592959
50940,31.874735003177012,1208.7999999991673,915.468959567146
50941,31.874735003177012,1208.8199999991673,915.473141392481
50942,31.874735003177012,1208.8399999991673,915.4773231353007
50943,31.874735003177012,1208.8599999991673,915.481504795605
50944,31.874735003177012,1208.8799999991672,915.4856863733936
50945,31.874735003177012,1208.8999999991672,915.4898678686665
50946,31.874735003177012,1208.9199999991672,915.4940492814234
50947,31.874735003177012,1208.9399999991672,915.4982306116641
50948,31.874735003177012,1208.9599999991672,915.5024118593885
50949,31.874735003177012,1208.9799999991671,915.5065930245964
50950,31.874735003177012,1208.9999999991671,915.5107741072877
50951,31.874735003177012,1209.019999999167,915.5149551074621
50952,31.874735003177012,1209.039999999167,915.5191360251196
50953,31.874735003177012,1209.059999999167,915.5233168602598
50954,31.874735003177012,1209.079999999167,915.5274976128826
50955,31.874735003177012,1209.099999999167,915.5316782829879
50956,31.874735003177012,1209.119999999167,915.5358588705755
50957,31.874735003177012,1209.139999999167,915.5400393756452
50958,31.874735003177012,1209.159999999167,915.5442197981968
50959,31.874735003177012,1209.179999999167,915.5484001382301
50960,31.874735003177012,1209.199999999167,915.5525803957452
50961,31.874735003177012,1209.219999999167,915.5567605707415
50962,31.874735003177012,1209.239999999167,915.5609406632192
50963,31.874735003177012,1209.259999999167,915.565120673178
50964,31.874735003177012,1209.2799999991669,915.5693006006176
50965,31.874735003177012,1209.2999999991669,915.5734804455379
50966,31.874735003177012,1209.3199999991668,915.5776602079388
50967,31.874735003177012,1209.3399999991668,915.58183988782
50968,31.874735003177012,1209.3599999991668,915.5860194851814
50969,31.874735003177012,1209.3799999991668,915.5901990000228
50970,31.874735003177012,1209.3999999991668,915.5943784323441
50971,31.874735003177012,1209.4199999991667,915.598557782145
50972,31.874735003177012,1209.4399999991667,915.6027370494254
50973,31.874735003177012,1209.4599999991667,915.6069162341852
50974,31.874735003177012,1209.4799999991667,915.6110953364241
50975,31.874735003177012,1209.4999999991667,915.615274356142
50976,31.874735003177012,1209.5199999991667,915.6194532933387
50977,31.874735003177012,1209.5399999991666,915.6236321480139
50978,31.874735003177012,1209.5599999991666,915.6278109201677
50979,31.874735003177012,1209.5799999991666,915.6319896097997
50980,31.874735003177012,1209.5999999991666,915.6361682169098
50981,31.874735003177012,1209.6199999991666,915.6403467415046
50982,31.874735003177012,1209.6399999991665,915.6445251836773
50983,31.874735003177012,1209.6599999991665,915.6487035434614
50984,31.874735003177012,1209.6799999991665,915.6528818208566
50985,31.874735003177012,1209.6999999991665,915.6570600158627
50986,31.874735003177012,1209.7199999991665,915.6612381284797
50987,31.874735003177012,1209.7399999991665,915.6654161587072
50988,31.874735003177012,1209.7599999991664,915.6695941065452
50989,31.874735003177012,1209.7799999991664,915.6737719719936
50990,31.874735003177012,1209.7999999991664,915.677949755052
50991,31.874735003177012,1209.8199999991664,915.6821274557204
50992,31.874735003177012,1209.8399999991664,915.6863050739986
50993,31.874735003177012,1209.8599999991663,915.6904826098863
50994,31.874735003177012,1209.8799999991663,915.6946600633835
50995,31.874735003177012,1209.8999999991663,915.6988374344899
50996,31.874735003177012,1209.9199999991663,915.7030147232053
50997,31.874735003177012,1209.9399999991663,915.7071919295297
50998,31.874735003177012,1209.9599999991663,915.7113690534628
50999,31.874735003177012,1209.9799999991662,915.7155460950045
51000,31.874735003177012,1209.9999999991662,915.7197230541545
51001,31.874735003177012,1210.0199999991662,915.7238999309128
51002,31.874735003177012,1210.0399999991662,915.728076725279
51003,31.874735003177012,1210.0599999991662,915.7322534372531
51004,31.874735003177012,1210.0799999991661,915.7364300668349
51005,31.874735003177012,1210.0999999991661,915.7406066140243
51006,31.874735003177012,1210.119999999166,915.7447830788209
51007,31.874735003177012,1210.139999999166,915.7489594612247
51008,31.874735003177012,1210.159999999166,915.7531357612355
51009,31.874735003177012,1210.179999999166,915.7573119788532
51010,31.874735003177012,1210.199999999166,915.7614881140775
51011,31.874735003177012,1210.219999999166,915.7656641669082
51012,31.874735003177012,1210.239999999166,915.7698401373453
51013,31.874735003177012,1210.259999999166,915.7740160253886
51014,31.874735003177012,1210.279999999166,915.7781918310378
51015,31.874735003177012,1210.299999999166,915.7823675542928
51016,31.8334730628909,1210.319999999166,915.7865431951534
51017,31.8334730628909,1210.339999999166,915.7907187536194
51018,31.8334730628909,1210.359999999166,915.7948942296907
51019,31.8334730628909,1210.3799999991659,915.7990696233671
51020,31.8334730628909,1210.3999999991659,915.8032449346484
51021,31.8334730628909,1210.4199999991658,915.8074201635345
51022,31.8334730628909,1210.4399999991658,915.8115953100252
51023,31.8334730628909,1210.4599999991658,915.8157703741201
51024,31.8334730628909,1210.4799999991658,915.8199453558194
51025,31.8334730628909,1210.4999999991658,915.8241202551227
51026,31.8334730628909,1210.5199999991657,915.8282950720298
51027,31.8334730628909,1210.5399999991657,915.8324698065408
51028,31.8334730628909,1210.5599999991657,915.8366444586552
51029,31.8334730628909,1210.5799999991657,915.840819028373
51030,31.8334730628909,1210.5999999991657,915.8449935156939
51031,31.8334730628909,1210.6199999991657,915.8491679206179
51032,31.8334730628909,1210.6399999991656,915.8533422431518
51033,31.8334730628909,1210.6599999991656,915.8575164833819
51034,31.8334730628909,1210.6799999991656,915.86169064133
51035,31.8334730628909,1210.6999999991656,915.865864716996
51036,31.8334730628909,1210.7199999991656,915.8700387103797
51037,31.8334730628909,1210.7399999991655,915.874212621481
51038,31.8334730628909,1210.7599999991655,915.8783864502997
51039,31.8334730628909,1210.7799999991655,915.8825601968356
51040,31.8334730628909,1210.7999999991655,915.8867338610885
51041,31.8334730628909,1210.8199999991655,915.8909074430583
51042,31.8334730628909,1210.8399999991655,915.8950809427447
51043,31.8334730628909,1210.8599999991654,915.8992543601477
51044,31.8334730628909,1210.8799999991654,915.9034276952669
51045,31.8334730628909,1210.8999999991654,915.9076009481024
51046,31.8334730628909,1210.9199999991654,915.9117741186539
51047,31.8334730628909,1210.9399999991654,915.9159472069211
51048,31.8334730628909,1210.9599999991653,915.9201202129041
51049,31.8334730628909,1210.9799999991653,915.9242931366025
51050,31.8334730628909,1210.9999999991653,915.9284659780162
51051,31.8334730628909,1211.0199999991653,915.9326387371451
51052,31.8334730628909,1211.0399999991653,915.936811413989
51053,31.8334730628909,1211.0599999991653,915.9409840085476
51054,31.8334730628909,1211.0799999991652,915.9451565208209
51055,31.8334730628909,1211.0999999991652,915.9493289508086
51056,31.8334730628909,1211.1199999991652,915.9535012985107
51057,31.8334730628909,1211.1399999991652,915.9576735639268
51058,31.8334730628909,1211.1599999991652,915.9618457470569
51059,31.8334730628909,1211.1799999991651,915.9660178479007
51060,31.8334730628909,1211.1999999991651,915.9701898664581
51061,31.8334730628909,1211.219999999165,915.9743618027289
51062,31.8334730628909,1211.239999999165,915.978533656713
51063,31.8334730628909,1211.259999999165,915.9827054284102
51064,31.8334730628909,1211.279999999165,915.9868771178203
51065,31.8334730628909,1211.299999999165,915.9910487249431
51066,31.8334730628909,1211.319999999165,915.9952202497784
51067,31.8334730628909,1211.339999999165,915.9993916923262
51068,31.8334730628909,1211.359999999165,916.0035630525862
51069,31.8334730628909,1211.379999999165,916.0077343305582
51070,31.8334730628909,1211.399999999165,916.011905526242
51071,31.8334730628909,1211.419999999165,916.0160766396376
51072,31.8334730628909,1211.439999999165,916.0202476707448
51073,31.8334730628909,1211.459999999165,916.0244186195632
51074,31.8334730628909,1211.4799999991649,916.0285894860929
51075,31.8334730628909,1211.4999999991649,916.0327602703336
51076,31.8334730628909,1211.5199999991648,916.0369309722852
51077,31.8334730628909,1211.5399999991648,916.0411015919474
51078,31.8334730628909,1211.5599999991648,916.0452721293201
51079,31.8334730628909,1211.5799999991648,916.0494425844031
51080,31.8334730628909,1211.5999999991648,916.0536129571963
51081,31.8334730628909,1211.6199999991647,916.0577832476995
51082,31.8334730628909,1211.6399999991647,916.0619534559124
51083,31.8334730628909,1211.6599999991647,916.0661235818442
51084,31.8334730628909,1211.6799999991647,916.0702936255926
51085,31.8334730628909,1211.6999999991647,916.074463587174
51086,31.8334730628909,1211.7199999991647,916.0786334665883
51087,31.8334730628909,1211.7399999991646,916.0828032638351
51088,31.8334730628909,1211.7599999991646,916.0869729789144
51089,31.8334730628909,1211.7799999991646,916.0911426118261
51090,31.8334730628909,1211.7999999991646,916.0953121625698
51091,31.8334730628909,1211.8199999991646,916.0994816311455
51092,31.8334730628909,1211.8399999991645,916.103651017553
51093,31.8334730628909,1211.8599999991645,916.1078203217921
51094,31.8334730628909,1211.8799999991645,916.1119895438627
51095,31.8334730628909,1211.8999999991645,916.1161586837645
51096,31.8334730628909,1211.9199999991645,916.1203277414975
51097,31.8334730628909,1211.9399999991645,916.1244967170613
51098,31.8334730628909,1211.9599999991644,916.128665610456
51099,31.8334730628909,1211.9799999991644,916.1328344216812
51100,31.8334730628909,1211.9999999991644,916.1370031507369
51101,31.8334730628909,1212.0199999991644,916.1411717976227
51102,31.8334730628909,1212.0399999991644,916.1453403623387
51103,31.8334730628909,1212.0599999991643,916.1495088448846
51104,31.8334730628909,1212.0799999991643,916.1536772452603
51105,31.8334730628909,1212.0999999991643,916.1578455634655
51106,31.8334730628909,1212.1199999991643,916.1620137995001
51107,31.8334730628909,1212.1399999991643,916.1661819533639
51108,31.8334730628909,1212.1599999991643,916.1703500250568
51109,31.8334730628909,1212.1799999991642,916.1745180145786
51110,31.8334730628909,1212.1999999991642,916.1786859219291
51111,31.8334730628909,1212.2199999991642,916.1828537471082
51112,31.8334730628909,1212.2399999991642,916.1870214901156
51113,31.8334730628909,1212.2599999991642,916.1911891509513
51114,31.8334730628909,1212.2799999991641,916.1953567296151
51115,31.8334730628909,1212.2999999991641,916.1995242261067
51116,31.8334730628909,1212.319999999164,916.2036916404261
51117,31.8334730628909,1212.339999999164,916.2078589725729
51118,31.8334730628909,1212.359999999164,916.2120262225471
51119,31.8334730628909,1212.379999999164,916.2161933903486
51120,31.8334730628909,1212.399999999164,916.220360475977
51121,31.8334730628909,1212.419999999164,916.2245274794324
51122,31.8334730628909,1212.439999999164,916.2286944007144
51123,31.8334730628909,1212.459999999164,916.2328612398229
51124,31.8334730628909,1212.479999999164,916.2370279967578
51125,31.8334730628909,1212.499999999164,916.2411946715189
51126,31.8334730628909,1212.519999999164,916.2453612641059
51127,31.8334730628909,1212.539999999164,916.2495277745188
51128,31.8334730628909,1212.559999999164,916.2536942027574
51129,31.8334730628909,1212.5799999991639,916.2578605488214
51130,31.8334730628909,1212.5999999991639,916.2620268127108
51131,31.8334730628909,1212.6199999991638,916.2661929944254
51132,31.8334730628909,1212.6399999991638,916.270359093965
51133,31.8334730628909,1212.6599999991638,916.2745251113294
51134,31.8334730628909,1212.6799999991638,916.27869104653
51135,31.8334730628909,1212.6999999991638,916.2828568996687
51136,31.8334730628909,1212.7199999991637,916.2870226707555
51137,31.8334730628909,1212.7399999991637,916.2911883597903
51138,31.8334730628909,1212.7599999991637,916.295353966773
51139,31.8334730628909,1212.7799999991637,916.2995194917031
51140,31.8334730628909,1212.7999999991637,916.3036849345807
51141,31.8334730628909,1212.8199999991637,916.3078502954056
51142,31.8334730628909,1212.8399999991636,916.3120155741776
51143,31.8334730628909,1212.8599999991636,916.3161807708965
51144,31.8334730628909,1212.8799999991636,916.3203458855622
51145,31.8334730628909,1212.8999999991636,916.3245109181745
51146,31.8334730628909,1212.9199999991636,916.3286758687332
51147,31.8334730628909,1212.9399999991635,916.3328407372381
51148,31.8334730628909,1212.9599999991635,916.3370055236892
51149,31.8334730628909,1212.9799999991635,916.3411702280862
51150,31.8334730628909,1212.9999999991635,916.3453348504289
51151,31.8334730628909,1213.0199999991635,916.3494993907173
51152,31.8334730628909,1213.0399999991635,916.3536638489511
51153,31.8334730628909,1213.0599999991634,916.3578282251302
51154,31.8334730628909,1213.0799999991634,916.3619925192544
51155,31.8334730628909,1213.0999999991634,916.3661567313235
51156,31.8334730628909,1213.1199999991634,916.3703208613373
51157,31.8334730628909,1213.1399999991634,916.3744849092957
51158,31.8334730628909,1213.1599999991633,916.3786488751986
51159,31.8334730628909,1213.1799999991633,916.3828127590457
51160,31.8334730628909,1213.1999999991633,916.3869765608368
51161,31.8334730628909,1213.2199999991633,916.391140280572
51162,31.8334730628909,1213.2399999991633,916.3953039182509
51163,31.8334730628909,1213.2599999991633,916.3994674738733
51164,31.8334730628909,1213.2799999991632,916.4036309474392
51165,31.8334730628909,1213.2999999991632,916.4077943389483
51166,31.8334730628909,1213.3199999991632,916.4119576484005
51167,31.8334730628909,1213.3399999991632,916.4161208757956
51168,31.8334730628909,1213.3599999991632,916.4202840211335
51169,31.8334730628909,1213.3799999991631,916.4244470844139
51170,31.8334730628909,1213.3999999991631,916.4286100656368
51171,31.8334730628909,1213.419999999163,916.432772964802
51172,31.8334730628909,1213.439999999163,916.4369357819091
51173,31.8334730628909,1213.459999999163,916.4410985169583
51174,31.8334730628909,1213.479999999163,916.4452611699492
51175,31.8334730628909,1213.499999999163,916.4494237408816
51176,31.8334730628909,1213.519999999163,916.4535862297554
51177,31.8334730628909,1213.539999999163,916.4577486365705
51178,31.8334730628909,1213.559999999163,916.4619109613267
51179,31.8334730628909,1213.579999999163,916.4660732040237
51180,31.8334730628909,1213.599999999163,916.4702353646616
51181,31.8334730628909,1213.619999999163,916.4743974432399
51182,31.8334730628909,1213.639999999163,916.4785594397587
51183,31.8334730628909,1213.659999999163,916.4827213542177
51184,31.8334730628909,1213.6799999991629,916.4868831866168
51185,31.8334730628909,1213.6999999991629,916.4910449369746
51186,31.8334730628909,1213.7199999991628,916.4952066053875
51187,31.8334730628909,1213.7399999991628,916.4993681918638
51188,31.8334730628909,1213.7599999991628,916.5035296964036
51189,31.8334730628909,1213.7799999991628,916.5076911190065
51190,31.8334730628909,1213.7999999991628,916.5118524596724
51191,31.8334730628909,1213.8199999991627,916.516013718401
51192,31.8334730628909,1213.8399999991627,916.5201748951924
51193,31.8334730628909,1213.8599999991627,916.5243359900463
51194,31.8334730628909,1213.8799999991627,916.5284970029626
51195,31.8334730628909,1213.8999999991627,916.532657933941
51196,31.8334730628909,1213.9199999991627,916.5368187829814
51197,31.8334730628909,1213.9399999991626,916.5409795500836
51198,31.8334730628909,1213.9599999991626,916.5451402352476
51199,31.8334730628909,1213.9799999991626,916.5493008384731
51200,31.8334730628909,1213.9999999991626,916.5534613597599
51201,31.8334730628909,1214.0199999991626,916.5576217991079
51202,31.8334730628909,1214.0399999991625,916.5617821565169
51203,31.8334730628909,1214.0599999991625,916.5659424319867
51204,31.8334730628909,1214.0799999991625,916.5701026255173
51205,31.8334730628909,1214.0999999991625,916.5742627371084
51206,31.8334730628909,1214.1199999991625,916.5784227667598
51207,31.8334730628909,1214.1399999991625,916.5825827144714
51208,31.8334730628909,1214.1599999991624,916.5867425802431
51209,31.8334730628909,1214.1799999991624,916.5909023640747
51210,31.8334730628909,1214.1999999991624,916.595062065966
51211,31.8334730628909,1214.2199999991624,916.5992216859167
51212,31.8334730628909,1214.2399999991624,916.6033812239269
51213,31.8334730628909,1214.2599999991623,916.6075406799963
51214,31.8334730628909,1214.2799999991623,916.6117000541248
51215,31.8334730628909,1214.2999999991623,916.615859346312
51216,31.8334730628909,1214.3199999991623,916.6200185565581
51217,31.8334730628909,1214.3399999991623,916.6241776848626
51218,31.8334730628909,1214.3599999991623,916.6283367312255
51219,31.8334730628909,1214.3799999991622,916.6324956956468
51220,31.8334730628909,1214.3999999991622,916.636654578126
51221,31.8334730628909,1214.4199999991622,916.6408133786631
51222,31.8334730628909,1214.4399999991622,916.6449720972579
51223,31.8334730628909,1214.4599999991622,916.6491307339103
51224,31.8334730628909,1214.4799999991621,916.65328928862
51225,31.8334730628909,1214.4999999991621,916.6574477613871
51226,31.8334730628909,1214.519999999162,916.6616061522111
51227,31.8334730628909,1214.539999999162,916.6657644610921
51228,31.8334730628909,1214.559999999162,916.6699226880298
51229,31.8334730628909,1214.579999999162,916.6740808330242
51230,31.8334730628909,1214.599999999162,916.6782388960748
51231,31.8334730628909,1214.619999999162,916.6823968771818
51232,31.8334730628909,1214.639999999162,916.6865547763448
51233,31.8334730628909,1214.659999999162,916.6907125935637
51234,31.8334730628909,1214.679999999162,916.6948703288384
51235,31.8334730628909,1214.699999999162,916.6990279821687
51236,31.8334730628909,1214.719999999162,916.7031855535818
51237,31.8334730628909,1214.739999999162,916.7073430431723
51238,31.8334730628909,1214.759999999162,916.7115004509477
51239,31.8334730628909,1214.7799999991619,916.7156577769078
51240,31.8334730628909,1214.7999999991619,916.7198150210525
51241,31.8334730628909,1214.8199999991618,916.7239721833814
51242,31.8334730628909,1214.8399999991618,916.7281292638946
51243,31.8334730628909,1214.8599999991618,916.7322862625919
51244,31.8334730628909,1214.8799999991618,916.7364431794729
51245,31.8334730628909,1214.8999999991618,916.7406000145376
51246,31.8334730628909,1214.9199999991617,916.7447567677858
51247,31.8334730628909,1214.9399999991617,916.7489134392174
51248,31.8334730628909,1214.9599999991617,916.7530700288322
51249,31.8334730628909,1214.9799999991617,916.7572265366301
51250,31.8334730628909,1214.9999999991617,916.7613829626109
51251,31.8334730628909,1215.0199999991617,916.7655393067744
51252,31.8334730628909,1215.0399999991616,916.7696955691204
51253,31.8334730628909,1215.0599999991616,916.7738517496488
51254,31.8334730628909,1215.0799999991616,916.7780078483594
51255,31.8334730628909,1215.0999999991616,916.782163865252
51256,31.8334730628909,1215.1199999991616,916.7863198003265
51257,31.8334730628909,1215.1399999991615,916.7904756535827
51258,31.8334730628909,1215.1599999991615,916.7946314250205
51259,31.8334730628909,1215.1799999991615,916.7987871146397
51260,31.8334730628909,1215.1999999991615,916.8029427224401
51261,31.8334730628909,1215.2199999991615,916.8070982484215
51262,31.8334730628909,1215.2399999991615,916.8112536925839
51263,31.8334730628909,1215.2599999991614,916.815409054927
51264,31.8334730628909,1215.2799999991614,916.8195643354507
51265,31.8334730628909,1215.2999999991614,916.8237195341546
51266,31.8334730628909,1215.3199999991614,916.8278746510389
51267,31.8334730628909,1215.3399999991614,916.8320296861032
51268,31.8334730628909,1215.3599999991613,916.8361846393474
51269,31.8334730628909,1215.3799999991613,916.8403395107714
51270,31.8334730628909,1215.3999999991613,916.8444943003749
51271,31.8334730628909,1215.4199999991613,916.8486490081578
51272,31.8334730628909,1215.4399999991613,916.85280363412
51273,31.8334730628909,1215.4599999991613,916.8569581782613
51274,31.8334730628909,1215.4799999991612,916.8611126405815
51275,31.8334730628909,1215.4999999991612,916.8652670210804
51276,31.8334730628909,1215.5199999991612,916.8694213197579
51277,31.8334730628909,1215.5399999991612,916.8735755366138
51278,31.8334730628909,1215.5599999991612,916.8777296716479
51279,31.8334730628909,1215.5799999991611,916.8818837248601
51280,31.8334730628909,1215.5999999991611,916.8860376962504
51281,31.8334730628909,1215.619999999161,916.8901915858183
51282,31.792300068684316,1215.639999999161,916.8943453935639
51283,31.792300068684316,1215.659999999161,916.8984991194868
51284,31.792300068684316,1215.679999999161,916.9026527635871
51285,31.792300068684316,1215.699999999161,916.9068063258644
51286,31.792300068684316,1215.719999999161,916.9109598063187
51287,31.792300068684316,1215.739999999161,916.9151132049822
51288,31.792300068684316,1215.759999999161,916.9192665219367
51289,31.792300068684316,1215.779999999161,916.9234197571877
51290,31.792300068684316,1215.799999999161,916.9275729107351
51291,31.792300068684316,1215.819999999161,916.9317259825787
51292,31.792300068684316,1215.839999999161,916.9358789727182
51293,31.792300068684316,1215.859999999161,916.9400318811537
51294,31.792300068684316,1215.8799999991609,916.9441847078849
51295,31.792300068684316,1215.8999999991609,916.9483374529117
51296,31.792300068684316,1215.9199999991608,916.9524901162339
51297,31.792300068684316,1215.9399999991608,916.9566426978513
51298,31.792300068684316,1215.9599999991608,916.9607951977638
51299,31.792300068684316,1215.9799999991608,916.9649476159713
51300,31.792300068684316,1215.9999999991608,916.9690999524735
51301,31.792300068684316,1216.0199999991607,916.9732522072704
51302,31.792300068684316,1216.0399999991607,916.9774043803618
51303,31.792300068684316,1216.0599999991607,916.9815564717476
51304,31.792300068684316,1216.0799999991607,916.9857084814275
51305,31.792300068684316,1216.0999999991607,916.9898604094014
51306,31.792300068684316,1216.1199999991607,916.9940122556693
51307,31.792300068684316,1216.1399999991606,916.9981640202309
51308,31.792300068684316,1216.1599999991606,917.002315703086
51309,31.792300068684316,1216.1799999991606,917.0064673042345
51310,31.792300068684316,1216.1999999991606,917.0106188236764
51311,31.792300068684316,1216.2199999991606,917.0147702614113
51312,31.792300068684316,1216.2399999991605,917.0189216174391
51313,31.792300068684316,1216.2599999991605,917.0230728917597
51314,31.792300068684316,1216.2799999991605,917.0272240843731
51315,31.792300068684316,1216.2999999991605,917.0313751952789
51316,31.792300068684316,1216.3199999991605,917.035526224477
51317,31.792300068684316,1216.3399999991605,917.0396771719674
51318,31.792300068684316,1216.3599999991604,917.0438280377497
51319,31.792300068684316,1216.3799999991604,917.0479788218239
51320,31.792300068684316,1216.3999999991604,917.0521295241898
51321,31.792300068684316,1216.4199999991604,917.0562801448474
51322,31.792300068684316,1216.4399999991604,917.0604306837963
51323,31.792300068684316,1216.4599999991603,917.0645811410366
51324,31.792300068684316,1216.4799999991603,917.0687315165679
51325,31.792300068684316,1216.4999999991603,917.0728818103902
51326,31.792300068684316,1216.5199999991603,917.0770320225033
51327,31.792300068684316,1216.5399999991603,917.081182152907
51328,31.792300068684316,1216.5599999991603,917.0853322016012
51329,31.792300068684316,1216.5799999991602,917.0894821685857
51330,31.792300068684316,1216.5999999991602,917.0936320538605
51331,31.792300068684316,1216.6199999991602,917.0977818574253
51332,31.792300068684316,1216.6399999991602,917.10193157928
51333,31.792300068684316,1216.6599999991602,917.1060812194244
51334,31.792300068684316,1216.6799999991601,917.1102307778583
51335,31.792300068684316,1216.6999999991601,917.1143802545816
51336,31.792300068684316,1216.71999999916,917.1185296495943
51337,31.792300068684316,1216.73999999916,917.122678962896
51338,31.792300068684316,1216.75999999916,917.1268281945262
51339,31.792300068684316,1216.77999999916,917.130977344561
51340,31.792300068684316,1216.79999999916,917.1351264130043
51341,31.792300068684316,1216.81999999916,917.1392753998559
51342,31.792300068684316,1216.83999999916,917.1434243051159
51343,31.792300068684316,1216.85999999916,917.147573128784
51344,31.792300068684316,1216.87999999916,917.1517218708599
51345,31.792300068684316,1216.89999999916,917.1558705313436
51346,31.792300068684316,1216.91999999916,917.1600191102349
51347,31.792300068684316,1216.93999999916,917.1641676075337
51348,31.792300068684316,1216.95999999916,917.1683160232399
51349,31.792300068684316,1216.9799999991599,917.1724643573532
51350,31.792300068684316,1216.9999999991599,917.1766126098735
51351,31.792300068684316,1217.0199999991598,917.1807607808006
51352,31.792300068684316,1217.0399999991598,917.1849088701344
51353,31.792300068684316,1217.0599999991598,917.1890568778748
51354,31.792300068684316,1217.0799999991598,917.1932048040215
51355,31.792300068684316,1217.0999999991598,917.1973526485746
51356,31.792300068684316,1217.1199999991597,917.2015004115336
51357,31.792300068684316,1217.1399999991597,917.2056480928986
51358,31.792300068684316,1217.1599999991597,917.2097956926694
51359,31.792300068684316,1217.1799999991597,917.2139432108459
51360,31.792300068684316,1217.1999999991597,917.2180906474277
51361,31.792300068684316,1217.2199999991597,917.222238002415
51362,31.792300068684316,1217.2399999991596,917.2263852758074
51363,31.792300068684316,1217.2599999991596,917.2305324676048
51364,31.792300068684316,1217.2799999991596,917.234679577807
51365,31.792300068684316,1217.2999999991596,917.2388266064139
51366,31.792300068684316,1217.3199999991596,917.2429735534254
51367,31.792300068684316,1217.3399999991595,917.2471204188412
51368,31.792300068684316,1217.3599999991595,917.2512672026612
51369,31.792300068684316,1217.3799999991595,917.2554139048854
51370,31.792300068684316,1217.3999999991595,917.2595605255134
51371,31.792300068684316,1217.4199999991595,917.2637070645452
51372,31.792300068684316,1217.4399999991595,917.2678535219807
51373,31.792300068684316,1217.4599999991594,917.2719998978196
51374,31.792300068684316,1217.4799999991594,917.2761461920618
51375,31.792300068684316,1217.4999999991594,917.2802924047071
51376,31.792300068684316,1217.5199999991594,917.2844385357555
51377,31.792300068684316,1217.5399999991594,917.2885845852066
51378,31.792300068684316,1217.5599999991593,917.2927305530606
51379,31.792300068684316,1217.5799999991593,917.296876439317
51380,31.792300068684316,1217.5999999991593,917.3010222439758
51381,31.792300068684316,1217.6199999991593,917.3051679670368
51382,31.792300068684316,1217.6399999991593,917.3093136084999
51383,31.792300068684316,1217.6599999991593,917.313459168365
51384,31.792300068684316,1217.6799999991592,917.3176046466317
51385,31.792300068684316,1217.6999999991592,917.3217500433001
51386,31.792300068684316,1217.7199999991592,917.32589535837
51387,31.792300068684316,1217.7399999991592,917.3300405918411
51388,31.792300068684316,1217.7599999991592,917.3341857437134
51389,31.792300068684316,1217.7799999991591,917.3383308140344
51390,31.792300068684316,1217.7999999991591,917.3424758028763
51391,31.792300068684316,1217.819999999159,917.3466207102416
51392,31.792300068684316,1217.839999999159,917.3507655361303
51393,31.792300068684316,1217.859999999159,917.3549102805423
51394,31.792300068684316,1217.879999999159,917.3590549434773
51395,31.792300068684316,1217.899999999159,917.3631995249352
51396,31.792300068684316,1217.919999999159,917.367344024916
51397,31.792300068684316,1217.939999999159,917.3714884434193
51398,31.792300068684316,1217.959999999159,917.375632780445
51399,31.792300068684316,1217.979999999159,917.379777035993
51400,31.792300068684316,1217.999999999159,917.3839212100632
51401,31.792300068684316,1218.019999999159,917.3880653026555
51402,31.792300068684316,1218.039999999159,917.3922093137695
51403,31.792300068684316,1218.059999999159,917.3963532434053
51404,31.792300068684316,1218.0799999991589,917.4004970915626
51405,31.792300068684316,1218.0999999991589,917.4046408582412
51406,31.792300068684316,1218.1199999991588,917.4087845434411
51407,31.792300068684316,1218.1399999991588,917.4129281471621
51408,31.792300068684316,1218.1599999991588,917.4170716694041
51409,31.792300068684316,1218.1799999991588,917.4212151101668
51410,31.792300068684316,1218.1999999991588,917.4253584694502
51411,31.792300068684316,1218.2199999991587,917.4295017472541
51412,31.792300068684316,1218.2399999991587,917.4336449435783
51413,31.792300068684316,1218.2599999991587,917.4377880584227
51414,31.792300068684316,1218.2799999991587,917.4419310917871
51415,31.792300068684316,1218.2999999991587,917.4460740436714
51416,31.792300068684316,1218.3199999991587,917.4502169140754
51417,31.792300068684316,1218.3399999991586,917.454359702999
51418,31.792300068684316,1218.3599999991586,917.458502410442
51419,31.792300068684316,1218.3799999991586,917.4626450364042
51420,31.792300068684316,1218.3999999991586,917.4667875808856
51421,31.792300068684316,1218.4199999991586,917.4709300438859
51422,31.792300068684316,1218.4399999991585,917.4750724254051
51423,31.792300068684316,1218.4599999991585,917.479214725443
51424,31.792300068684316,1218.4799999991585,917.4833569439993
51425,31.792300068684316,1218.4999999991585,917.487499081074
51426,31.792300068684316,1218.5199999991585,917.4916411366669
51427,31.792300068684316,1218.5399999991585,917.4957831107778
51428,31.792300068684316,1218.5599999991584,917.4999250034066
51429,31.792300068684316,1218.5799999991584,917.5040668145532
51430,31.792300068684316,1218.5999999991584,917.5082085442174
51431,31.792300068684316,1218.6199999991584,917.512350192399
51432,31.792300068684316,1218.6399999991584,917.516491759098
51433,31.792300068684316,1218.6599999991583,917.5206332443141
51434,31.792300068684316,1218.6799999991583,917.5247746480472
51435,31.792300068684316,1218.6999999991583,917.5289159702971
51436,31.792300068684316,1218.7199999991583,917.5330572110637
51437,31.792300068684316,1218.7399999991583,917.5371983703468
51438,31.792300068684316,1218.7599999991583,917.5413394481463
51439,31.792300068684316,1218.7799999991582,917.5454804444621
51440,31.792300068684316,1218.7999999991582,917.549621359349
51441,31.792300068684316,1218.8199999991582,917.5537621928735
51442,31.792300068684316,1218.8399999991582,917.5579029450367
51443,31.792300068684316,1218.8599999991582,917.5620436158387
51444,31.792300068684316,1218.8799999991581,917.5661842052791
51445,31.792300068684316,1218.8999999991581,917.5703247133579
51446,31.792300068684316,1218.919999999158,917.5744651400748
51447,31.792300068684316,1218.939999999158,917.5786054854299
51448,31.792300068684316,1218.959999999158,917.5827457494228
51449,31.792300068684316,1218.979999999158,917.5868859320534
51450,31.792300068684316,1218.999999999158,917.5910260333217
51451,31.792300068684316,1219.019999999158,917.5951660532273
51452,31.792300068684316,1219.039999999158,917.5993059917703
51453,31.792300068684316,1219.059999999158,917.6034458489504
51454,31.792300068684316,1219.079999999158,917.6075856247676
51455,31.792300068684316,1219.099999999158,917.6117253192216
51456,31.792300068684316,1219.119999999158,917.6158649323123
51457,31.792300068684316,1219.139999999158,917.6200044640395
51458,31.792300068684316,1219.159999999158,917.6241439144032
51459,31.792300068684316,1219.1799999991579,917.6282832834032
51460,31.792300068684316,1219.1999999991579,917.6324225710392
51461,31.792300068684316,1219.2199999991578,917.6365617773113
51462,31.792300068684316,1219.2399999991578,917.6407009022191
51463,31.792300068684316,1219.2599999991578,917.6448399457626
51464,31.792300068684316,1219.2799999991578,917.6489789079416
51465,31.792300068684316,1219.2999999991578,917.6531177887559
51466,31.792300068684316,1219.3199999991577,917.6572565882054
51467,31.792300068684316,1219.3399999991577,917.66139530629
51468,31.792300068684316,1219.3599999991577,917.6655339430096
51469,31.792300068684316,1219.3799999991577,917.6696724983639
51470,31.792300068684316,1219.3999999991577,917.6738109723527
51471,31.792300068684316,1219.4199999991577,917.677949364976
51472,31.792300068684316,1219.4399999991576,917.6820876762337
51473,31.792300068684316,1219.4599999991576,917.6862259061255
51474,31.792300068684316,1219.4799999991576,917.6903640546514
51475,31.792300068684316,1219.4999999991576,917.6945021218111
51476,31.792300068684316,1219.5199999991576,917.6986401076044
51477,31.792300068684316,1219.5399999991575,917.7027780120313
51478,31.792300068684316,1219.5599999991575,917.7069158350916
51479,31.792300068684316,1219.5799999991575,917.7110535767853
51480,31.792300068684316,1219.5999999991575,917.715191237112
51481,31.792300068684316,1219.6199999991575,917.7193288160717
51482,31.792300068684316,1219.6399999991575,917.7234663136642
51483,31.792300068684316,1219.6599999991574,917.7276037298893
51484,31.792300068684316,1219.6799999991574,917.731741064747
51485,31.792300068684316,1219.6999999991574,917.735878318237
51486,31.792300068684316,1219.7199999991574,917.7400154903594
51487,31.792300068684316,1219.7399999991574,917.7441525811138
51488,31.792300068684316,1219.7599999991573,917.7482895905
51489,31.792300068684316,1219.7799999991573,917.7524265185181
51490,31.792300068684316,1219.7999999991573,917.7565633651678
51491,31.792300068684316,1219.8199999991573,917.7607001305114
51492,31.792300068684316,1219.8399999991573,917.7648368146095
51493,31.792300068684316,1219.8599999991573,917.7689734174619
51494,31.792300068684316,1219.8799999991572,917.7731099390686
51495,31.792300068684316,1219.8999999991572,917.7772463794294
51496,31.792300068684316,1219.9199999991572,917.781382738544
51497,31.792300068684316,1219.9399999991572,917.7855190164125
51498,31.792300068684316,1219.9599999991572,917.7896552130346
51499,31.792300068684316,1219.9799999991571,917.7937913284102
51500,31.792300068684316,1219.9999999991571,917.7979273625391
51501,31.792300068684316,1220.019999999157,917.8020633154212
51502,31.792300068684316,1220.039999999157,917.8061991870563
51503,31.792300068684316,1220.059999999157,917.8103349774443
51504,31.792300068684316,1220.079999999157,917.8144706865851
51505,31.792300068684316,1220.099999999157,917.8186063144784
51506,31.792300068684316,1220.119999999157,917.8227418611242
51507,31.792300068684316,1220.139999999157,917.8268773265223
51508,31.792300068684316,1220.159999999157,917.8310127106726
51509,31.792300068684316,1220.179999999157,917.8351480135748
51510,31.792300068684316,1220.199999999157,917.8392832352289
51511,31.792300068684316,1220.219999999157,917.8434183756348
51512,31.792300068684316,1220.239999999157,917.8475534347922
51513,31.792300068684316,1220.259999999157,917.851688412701
51514,31.792300068684316,1220.2799999991569,917.8558233093611
51515,31.792300068684316,1220.2999999991569,917.8599581247723
51516,31.792300068684316,1220.3199999991568,917.8640928589346
51517,31.792300068684316,1220.3399999991568,917.8682275118475
51518,31.792300068684316,1220.3599999991568,917.8723620835112
51519,31.792300068684316,1220.3799999991568,917.8764965739255
51520,31.792300068684316,1220.3999999991568,917.8806309830901
51521,31.792300068684316,1220.4199999991567,917.8847653110049
51522,31.792300068684316,1220.4399999991567,917.8888995576698
51523,31.792300068684316,1220.4599999991567,917.8930337230846
51524,31.792300068684316,1220.4799999991567,917.8971678072493
51525,31.792300068684316,1220.4999999991567,917.9013018101635
51526,31.792300068684316,1220.5199999991567,917.9054357318273
51527,31.792300068684316,1220.5399999991566,917.9095695722405
51528,31.792300068684316,1220.5599999991566,917.9137033314028
51529,31.792300068684316,1220.5799999991566,917.9178370093142
51530,31.792300068684316,1220.5999999991566,917.9219706059745
51531,31.792300068684316,1220.6199999991566,917.9261041213836
51532,31.792300068684316,1220.6399999991565,917.9302375555412
51533,31.792300068684316,1220.6599999991565,917.9343709084474
51534,31.792300068684316,1220.6799999991565,917.9385041801019
51535,31.792300068684316,1220.6999999991565,917.9426373705045
51536,31.792300068684316,1220.7199999991565,917.9467704796551
51537,31.792300068684316,1220.7399999991565,917.9509035075537
51538,31.792300068684316,1220.7599999991564,917.9550364541999
51539,31.792300068684316,1220.7799999991564,917.9591693195937
51540,31.792300068684316,1220.7999999991564,917.9633021037349
51541,31.792300068684316,1220.8199999991564,917.9674348066252
51542,31.792300068684316,1220.8399999991564,917.9715674283369
51543,31.792300068684316,1220.8599999991563,917.9756999689272
51544,31.792300068684316,1220.8799999991563,917.9798324283959
51545,31.792300068684316,1220.8999999991563,917.9839648067428
51546,31.792300068684316,1220.9199999991563,917.9880971039679
51547,31.792300068684316,1220.9399999991563,917.9922293200709
51548,31.792300068684316,1220.9599999991563,917.9963614550518
51549,31.751215752357886,1220.9799999991562,918.0004935089104
51550,31.751215752357886,1220.9999999991562,918.0046254816465
51551,31.751215752357886,1221.0199999991562,918.00875737326
51552,31.751215752357886,1221.0399999991562,918.0128891837506
51553,31.751215752357886,1221.0599999991562,918.0170209131185
51554,31.751215752357886,1221.0799999991561,918.0211525613632
51555,31.751215752357886,1221.0999999991561,918.0252841284848
51556,31.751215752357886,1221.119999999156,918.029415614483
51557,31.751215752357886,1221.139999999156,918.0335470193577
51558,31.751215752357886,1221.159999999156,918.0376783431087
51559,31.751215752357886,1221.179999999156,918.041809585736
51560,31.751215752357886,1221.199999999156,918.0459407472393
51561,31.751215752357886,1221.219999999156,918.0500718276186
51562,31.751215752357886,1221.239999999156,918.0542028268736
51563,31.751215752357886,1221.259999999156,918.0583337450043
51564,31.751215752357886,1221.279999999156,918.0624645820105
51565,31.751215752357886,1221.299999999156,918.0665953378921
51566,31.751215752357886,1221.319999999156,918.0707260126487
51567,31.751215752357886,1221.339999999156,918.0748566062805
51568,31.751215752357886,1221.359999999156,918.0789871187872
51569,31.751215752357886,1221.3799999991559,918.0831175501686
51570,31.751215752357886,1221.3999999991559,918.0872479004246
51571,31.751215752357886,1221.4199999991558,918.091378169555
51572,31.751215752357886,1221.4399999991558,918.0955083575598
51573,31.751215752357886,1221.4599999991558,918.0996384644387
51574,31.751215752357886,1221.4799999991558,918.1037684901917
51575,31.751215752357886,1221.4999999991558,918.1078984348185
51576,31.751215752357886,1221.5199999991557,918.112028298319
51577,31.751215752357886,1221.5399999991557,918.1161580806931
51578,31.751215752357886,1221.5599999991557,918.1202877819406
51579,31.751215752357886,1221.5799999991557,918.1244174020615
51580,31.751215752357886,1221.5999999991557,918.1285469410553
51581,31.751215752357886,1221.6199999991557,918.1326763989223
51582,31.751215752357886,1221.6399999991556,918.1368057756621
51583,31.751215752357886,1221.6599999991556,918.1409350712745
51584,31.751215752357886,1221.6799999991556,918.1450642857595
51585,31.751215752357886,1221.6999999991556,918.149193419117
51586,31.751215752357886,1221.7199999991556,918.1533224713465
51587,31.751215752357886,1221.7399999991555,918.1574514424483
51588,31.751215752357886,1221.7599999991555,918.161580332422
51589,31.751215752357886,1221.7799999991555,918.1657091412675
51590,31.751215752357886,1221.7999999991555,918.1698378689847
51591,31.751215752357886,1221.8199999991555,918.1739665155734
51592,31.751215752357886,1221.8399999991555,918.1780950810363
51593,31.751215752357886,1221.8599999991554,918.1822235654415
51594,31.751215752357886,1221.8799999991554,918.1863519688318
51595,31.751215752357886,1221.8999999991554,918.190480291207
51596,31.751215752357886,1221.9199999991554,918.1946085325669
51597,31.751215752357886,1221.9399999991554,918.1987366929116
51598,31.751215752357886,1221.9599999991553,918.2028647722407
51599,31.751215752357886,1221.9799999991553,918.206992770554
51600,31.751215752357886,1221.9999999991553,918.2111206878517
51601,31.751215752357886,1222.0199999991553,918.2152485241334
51602,31.751215752357886,1222.0399999991553,918.219376279399
51603,31.751215752357886,1222.0599999991553,918.2235039536482
51604,31.751215752357886,1222.0799999991552,918.2276315468811
51605,31.751215752357886,1222.0999999991552,918.2317590590974
51606,31.751215752357886,1222.1199999991552,918.235886490297
51607,31.751215752357886,1222.1399999991552,918.24001384048
51608,31.751215752357886,1222.1599999991552,918.2441411096459
51609,31.751215752357886,1222.1799999991551,918.2482682977947
51610,31.751215752357886,1222.1999999991551,918.2523954049261
51611,31.751215752357886,1222.219999999155,918.2565224310401
51612,31.751215752357886,1222.239999999155,918.2606493761367
51613,31.751215752357886,1222.259999999155,918.2647762402155
51614,31.751215752357886,1222.279999999155,918.2689030232765
51615,31.751215752357886,1222.299999999155,918.2730297253195
51616,31.751215752357886,1222.319999999155,918.2771563463443
51617,31.751215752357886,1222.339999999155,918.2812828863509
51618,31.751215752357886,1222.359999999155,918.2854093453391
51619,31.751215752357886,1222.379999999155,918.2895357233086
51620,31.751215752357886,1222.399999999155,918.2936620202595
51621,31.751215752357886,1222.419999999155,918.2977882361914
51622,31.751215752357886,1222.439999999155,918.3019143711044
51623,31.751215752357886,1222.459999999155,918.3060404249983
51624,31.751215752357886,1222.4799999991549,918.3101663978728
51625,31.751215752357886,1222.4999999991549,918.3142922897279
51626,31.751215752357886,1222.5199999991548,918.3184181005633
51627,31.751215752357886,1222.5399999991548,918.3225438303791
51628,31.751215752357886,1222.5599999991548,918.3266694791749
51629,31.751215752357886,1222.5799999991548,918.3307950469508
51630,31.751215752357886,1222.5999999991548,918.3349205337065
51631,31.751215752357886,1222.6199999991547,918.3390459394418
51632,31.751215752357886,1222.6399999991547,918.3431712641567
51633,31.751215752357886,1222.6599999991547,918.347296507851
51634,31.751215752357886,1222.6799999991547,918.3514216705245
51635,31.751215752357886,1222.6999999991547,918.355546752177
51636,31.751215752357886,1222.7199999991547,918.3596717528086
51637,31.751215752357886,1222.7399999991546,918.363796672419
51638,31.751215752357886,1222.7599999991546,918.367921511008
51639,31.751215752357886,1222.7799999991546,918.3720462685756
51640,31.751215752357886,1222.7999999991546,918.3761709451214
51641,31.751215752357886,1222.8199999991546,918.3802955406455
51642,31.751215752357886,1222.8399999991545,918.3844200551478
51643,31.751215752357886,1222.8599999991545,918.3885444886323
51644,31.751215752357886,1222.8799999991545,918.3926688411776
51645,31.751215752357886,1222.8999999991545,918.3967931128221
51646,31.751215752357886,1222.9199999991545,918.4009173035657
51647,31.751215752357886,1222.9399999991545,918.4050414134082
51648,31.751215752357886,1222.9599999991544,918.4091654423494
51649,31.751215752357886,1222.9799999991544,918.4132893903892
51650,31.751215752357886,1222.9999999991544,918.4174132575274
51651,31.751215752357886,1223.0199999991544,918.4215370437639
51652,31.751215752357886,1223.0399999991544,918.4256607490986
51653,31.751215752357886,1223.0599999991543,918.4297843735313
51654,31.751215752357886,1223.0799999991543,918.4339079170619
51655,31.751215752357886,1223.0999999991543,918.4380313796903
51656,31.751215752357886,1223.1199999991543,918.4421547614162
51657,31.751215752357886,1223.1399999991543,918.4462780622396
51658,31.751215752357886,1223.1599999991543,918.4504012821602
51659,31.751215752357886,1223.1799999991542,918.454524421178
51660,31.751215752357886,1223.1999999991542,918.4586474792928
51661,31.751215752357886,1223.2199999991542,918.4627704565046
51662,31.751215752357886,1223.2399999991542,918.466893352813
51663,31.751215752357886,1223.2599999991542,918.4710161682181
51664,31.751215752357886,1223.2799999991541,918.4751389027196
51665,31.751215752357886,1223.2999999991541,918.4792615563174
51666,31.751215752357886,1223.319999999154,918.4833841290114
51667,31.751215752357886,1223.339999999154,918.4875066208014
51668,31.751215752357886,1223.359999999154,918.4916290316872
51669,31.751215752357886,1223.379999999154,918.4957513616688
51670,31.751215752357886,1223.399999999154,918.4998736107459
51671,31.751215752357886,1223.419999999154,918.5039957789185
51672,31.751215752357886,1223.439999999154,918.5081178661864
51673,31.751215752357886,1223.459999999154,918.5122398725493
51674,31.751215752357886,1223.479999999154,918.5163617980073
51675,31.751215752357886,1223.499999999154,918.5204836425602
51676,31.751215752357886,1223.519999999154,918.5246054062078
51677,31.751215752357886,1223.539999999154,918.52872708895
51678,31.751215752357886,1223.559999999154,918.5328486907865
51679,31.751215752357886,1223.5799999991539,918.5369702117174
51680,31.751215752357886,1223.5999999991539,918.5410916517425
51681,31.751215752357886,1223.6199999991538,918.5452130108615
51682,31.751215752357886,1223.6399999991538,918.5493342890744
51683,31.751215752357886,1223.6599999991538,918.553455486381
51684,31.751215752357886,1223.6799999991538,918.5575766027812
51685,31.751215752357886,1223.6999999991538,918.5616976382747
51686,31.751215752357886,1223.7199999991537,918.5658185928615
51687,31.751215752357886,1223.7399999991537,918.5699394665415
51688,31.751215752357886,1223.7599999991537,918.5740602593145
51689,31.751215752357886,1223.7799999991537,918.5781809711804
51690,31.751215752357886,1223.7999999991537,918.582301602139
51691,31.751215752357886,1223.8199999991537,918.58642215219
51692,31.751215752357886,1223.8399999991536,918.5905426213336
51693,31.751215752357886,1223.8599999991536,918.5946630095694
51694,31.751215752357886,1223.8799999991536,918.5987833169032
51695,31.751215752357886,1223.8999999991536,918.6029035434191
51696,31.751215752357886,1223.9199999991536,918.6070236891483
51697,31.751215752357886,1223.9399999991535,918.6111437540906
51698,31.751215752357886,1223.9599999991535,918.6152637382459
51699,31.751215752357886,1223.9799999991535,918.619383641614
51700,31.751215752357886,1223.9999999991535,918.623503464195
51701,31.751215752357886,1224.0199999991535,918.6276232059885
51702,31.751215752357886,1224.0399999991535,918.6317428669944
51703,31.751215752357886,1224.0599999991534,918.6358624472126
51704,31.751215752357886,1224.0799999991534,918.639981946643
51705,31.751215752357886,1224.0999999991534,918.6441013652855
51706,31.751215752357886,1224.1199999991534,918.6482207031397
51707,31.751215752357886,1224.1399999991534,918.6523399602057
51708,31.751215752357886,1224.1599999991533,918.6564591364834
51709,31.751215752357886,1224.1799999991533,918.6605782319724
51710,31.751215752357886,1224.1999999991533,918.6646972466727
51711,31.751215752357886,1224.2199999991533,918.6688161805843
51712,31.751215752357886,1224.2399999991533,918.6729350337068
51713,31.751215752357886,1224.2599999991533,918.6770538060402
51714,31.751215752357886,1224.2799999991532,918.6811724975844
51715,31.751215752357886,1224.2999999991532,918.6852911083391
51716,31.751215752357886,1224.3199999991532,918.6894096383044
51717,31.751215752357886,1224.3399999991532,918.6935280874799
51718,31.751215752357886,1224.3599999991532,918.6976464558655
51719,31.751215752357886,1224.3799999991531,918.7017647434612
51720,31.751215752357886,1224.3999999991531,918.7058829502669
51721,31.751215752357886,1224.419999999153,918.7100010762822
51722,31.751215752357886,1224.439999999153,918.7141191215071
51723,31.751215752357886,1224.459999999153,918.7182370859415
51724,31.751215752357886,1224.479999999153,918.7223549695852
51725,31.751215752357886,1224.499999999153,918.7264727724381
51726,31.751215752357886,1224.519999999153,918.7305904945001
51727,31.751215752357886,1224.539999999153,918.7347081357709
51728,31.751215752357886,1224.559999999153,918.7388256962505
51729,31.751215752357886,1224.579999999153,918.7429431759388
51730,31.751215752357886,1224.599999999153,918.7470605748355
51731,31.751215752357886,1224.619999999153,918.7511778929405
51732,31.751215752357886,1224.639999999153,918.7552951302537
51733,31.751215752357886,1224.659999999153,918.7594122867749
51734,31.751215752357886,1224.6799999991529,918.7635293625041
51735,31.751215752357886,1224.6999999991529,918.767646357441
51736,31.751215752357886,1224.7199999991528,918.7717632715854
51737,31.751215752357886,1224.7399999991528,918.7758801049374
51738,31.751215752357886,1224.7599999991528,918.7799968574967
51739,31.751215752357886,1224.7799999991528,918.7841135292632
51740,31.751215752357886,1224.7999999991528,918.7882301202368
51741,31.751215752357886,1224.8199999991527,918.7923466304172
51742,31.751215752357886,1224.8399999991527,918.7964630598044
51743,31.751215752357886,1224.8599999991527,918.8005794083982
51744,31.751215752357886,1224.8799999991527,918.8046956761985
51745,31.751215752357886,1224.8999999991527,918.8088118632124
51746,31.751215752357886,1224.9199999991527,918.8129279695297
51747,31.751215752357886,1224.9399999991526,918.8170439951745
51748,31.751215752357886,1224.9599999991526,918.8211599401465
51749,31.751215752357886,1224.9799999991526,918.8252758044456
51750,31.751215752357886,1224.9999999991526,918.8293915880718
51751,31.751215752357886,1225.0199999991526,918.8335072910248
51752,31.751215752357886,1225.0399999991525,918.8376229133046
51753,31.751215752357886,1225.0599999991525,918.8417384549109
51754,31.751215752357886,1225.0799999991525,918.8458539158437
51755,31.751215752357886,1225.0999999991525,918.8499692961028
51756,31.751215752357886,1225.1199999991525,918.854084595688
51757,31.751215752357886,1225.1399999991525,918.8581998145994
51758,31.751215752357886,1225.1599999991524,918.8623149528366
51759,31.751215752357886,1225.1799999991524,918.8664300103995
51760,31.751215752357886,1225.1999999991524,918.8705449872881
51761,31.751215752357886,1225.2199999991524,918.8746598835021
51762,31.751215752357886,1225.2399999991524,918.8787746990414
51763,31.751215752357886,1225.2599999991523,918.8828894339059
51764,31.751215752357886,1225.2799999991523,918.8870040880955
51765,31.751215752357886,1225.2999999991523,918.89111866161
51766,31.751215752357886,1225.3199999991523,918.8952331544492
51767,31.751215752357886,1225.3399999991523,918.8993475666131
51768,31.751215752357886,1225.3599999991523,918.9034618981015
51769,31.751215752357886,1225.3799999991522,918.9075761489141
51770,31.751215752357886,1225.3999999991522,918.9116903190511
51771,31.751215752357886,1225.4199999991522,918.9158044085121
51772,31.751215752357886,1225.4399999991522,918.919918417297
51773,31.751215752357886,1225.4599999991522,918.9240323454057
51774,31.751215752357886,1225.4799999991521,918.9281461928381
51775,31.751215752357886,1225.4999999991521,918.9322599595939
51776,31.751215752357886,1225.519999999152,918.9363736456731
51777,31.751215752357886,1225.539999999152,918.9404872510756
51778,31.751215752357886,1225.559999999152,918.9446007758012
51779,31.751215752357886,1225.579999999152,918.9487142198496
51780,31.751215752357886,1225.599999999152,918.9528275832209
51781,31.751215752357886,1225.619999999152,918.9569408659148
51782,31.751215752357886,1225.639999999152,918.9610540679313
51783,31.751215752357886,1225.659999999152,918.9651671892701
51784,31.751215752357886,1225.679999999152,918.9692802299312
51785,31.751215752357886,1225.699999999152,918.9733931899144
51786,31.751215752357886,1225.719999999152,918.9775060692195
51787,31.751215752357886,1225.739999999152,918.9816188678465
51788,31.751215752357886,1225.759999999152,918.9857315857951
51789,31.751215752357886,1225.7799999991519,918.9898442230652
51790,31.751215752357886,1225.7999999991519,918.9939567796569
51791,31.751215752357886,1225.8199999991518,918.9980692555697
51792,31.751215752357886,1225.8399999991518,919.0021816508037
51793,31.751215752357886,1225.8599999991518,919.0062939653586
51794,31.751215752357886,1225.8799999991518,919.0104061992344
51795,31.751215752357886,1225.8999999991518,919.0145183524309
51796,31.751215752357886,1225.9199999991517,919.0186304249571
51797,31.751215752357886,1225.9399999991517,919.0227424169142
51798,31.751215752357886,1225.9599999991517,919.02685432832
51799,31.751215752357886,1225.9799999991517,919.0309661591745
51800,31.751215752357886,1225.9999999991517,919.0350779094773
51801,31.751215752357886,1226.0199999991517,919.0391895792284
51802,31.751215752357886,1226.0399999991516,919.0433011684277
51803,31.751215752357886,1226.0599999991516,919.0474126770749
51804,31.751215752357886,1226.0799999991516,919.0515241051701
51805,31.751215752357886,1226.0999999991516,919.055635452713
51806,31.751215752357886,1226.1199999991516,919.0597467197035
51807,31.751215752357886,1226.1399999991515,919.0638579061415
51808,31.751215752357886,1226.1599999991515,919.0679690120268
51809,31.751215752357886,1226.1799999991515,919.0720800373592
51810,31.751215752357886,1226.1999999991515,919.0761909821388
51811,31.751215752357886,1226.2199999991515,919.0803018463652
51812,31.751215752357886,1226.2399999991515,919.0844126300384
51813,31.751215752357886,1226.2599999991514,919.0885233331583
51814,31.751215752357886,1226.2799999991514,919.0926339557246
51815,31.751215752357886,1226.2999999991514,919.0967444977373
51816,31.710219846751198,1226.3199999991514,919.1008549591962
51817,31.710219846751198,1226.3399999991514,919.1049653401012
51818,31.710219846751198,1226.3599999991513,919.1090756404521
51819,31.710219846751198,1226.3799999991513,919.1131858602489
51820,31.710219846751198,1226.3999999991513,919.1172959994913
51821,31.710219846751198,1226.4199999991513,919.1214060581792
51822,31.710219846751198,1226.4399999991513,919.1255160363125
51823,31.710219846751198,1226.4599999991513,919.1296259338911
51824,31.710219846751198,1226.4799999991512,919.1337357509149
51825,31.710219846751198,1226.4999999991512,919.1378454873835
51826,31.710219846751198,1226.5199999991512,919.1419551432971
51827,31.710219846751198,1226.5399999991512,919.1460647186553
51828,31.710219846751198,1226.5599999991512,919.1501742134581
51829,31.710219846751198,1226.5799999991511,919.1542836277052
51830,31.710219846751198,1226.5999999991511,919.1583929613968
51831,31.710219846751198,1226.619999999151,919.1625022145324
51832,31.710219846751198,1226.639999999151,919.1666113871121
51833,31.710219846751198,1226.659999999151,919.1707204791356
51834,31.710219846751198,1226.679999999151,919.1748294906029
51835,31.710219846751198,1226.699999999151,919.1789384215137
51836,31.710219846751198,1226.719999999151,919.1830472718681
51837,31.710219846751198,1226.739999999151,919.1871560416657
51838,31.710219846751198,1226.759999999151,919.1912647309065
51839,31.710219846751198,1226.779999999151,919.1953733395903
51840,31.710219846751198,1226.799999999151,919.199481867717
51841,31.710219846751198,1226.819999999151,919.2035903152865
51842,31.710219846751198,1226.839999999151,919.2076986822987
51843,31.710219846751198,1226.859999999151,919.2118069687533
51844,31.710219846751198,1226.8799999991509,919.2159151746503
51845,31.710219846751198,1226.8999999991509,919.2200232999894
51846,31.710219846751198,1226.9199999991508,919.2241313447706
51847,31.710219846751198,1226.9399999991508,919.2282393090032
51848,31.710219846751198,1226.9599999991508,919.2323471927797
51849,31.710219846751198,1226.9799999991508,919.236454996109
51850,31.710219846751198,1226.9999999991508,919.2405627189911
51851,31.710219846751198,1227.0199999991507,919.2446703614258
51852,31.710219846751198,1227.0399999991507,919.2487779234131
51853,31.710219846751198,1227.0599999991507,919.2528854049526
51854,31.710219846751198,1227.0799999991507,919.2569928060443
51855,31.710219846751198,1227.0999999991507,919.2611001266881
51856,31.710219846751198,1227.1199999991507,919.2652073668838
51857,31.710219846751198,1227.1399999991506,919.2693145266313
51858,31.710219846751198,1227.1599999991506,919.2734216059305
51859,31.710219846751198,1227.1799999991506,919.2775286047812
51860,31.710219846751198,1227.1999999991506,919.2816355231832
51861,31.710219846751198,1227.2199999991506,919.2857423611366
51862,31.710219846751198,1227.2399999991505,919.2898491186411
51863,31.710219846751198,1227.2599999991505,919.2939557956965
51864,31.710219846751198,1227.2799999991505,919.2980623923029
51865,31.710219846751198,1227.2999999991505,919.3021689084599
51866,31.710219846751198,1227.3199999991505,919.3062753441674
51867,31.710219846751198,1227.3399999991505,919.3103816994254
51868,31.710219846751198,1227.3599999991504,919.3144879742338
51869,31.710219846751198,1227.3799999991504,919.3185941685922
51870,31.710219846751198,1227.3999999991504,919.3227002825007
51871,31.710219846751198,1227.4199999991504,919.3268063159591
51872,31.710219846751198,1227.4399999991504,919.3309122689672
51873,31.710219846751198,1227.4599999991503,919.3350181415249
51874,31.710219846751198,1227.4799999991503,919.3391239336321
51875,31.710219846751198,1227.4999999991503,919.3432296452886
51876,31.710219846751198,1227.5199999991503,919.3473352764944
51877,31.710219846751198,1227.5399999991503,919.3514408272492
51878,31.710219846751198,1227.5599999991503,919.355546297553
51879,31.710219846751198,1227.5799999991502,919.3596516874056
51880,31.710219846751198,1227.5999999991502,919.3637569968068
51881,31.710219846751198,1227.6199999991502,919.3678622257567
51882,31.710219846751198,1227.6399999991502,919.3719673742548
51883,31.710219846751198,1227.6599999991502,919.3760724423013
51884,31.710219846751198,1227.6799999991501,919.3801774298958
51885,31.710219846751198,1227.6999999991501,919.3842823370383
51886,31.710219846751198,1227.71999999915,919.3883871637286
51887,31.710219846751198,1227.73999999915,919.3924919099666
51888,31.710219846751198,1227.75999999915,919.3965965757521
51889,31.710219846751198,1227.77999999915,919.4007011610852
51890,31.710219846751198,1227.79999999915,919.4048056659656
51891,31.710219846751198,1227.81999999915,919.4089100903931
51892,31.710219846751198,1227.83999999915,919.4130144343676
51893,31.710219846751198,1227.85999999915,919.417118697889
51894,31.710219846751198,1227.87999999915,919.4212228809572
51895,31.710219846751198,1227.89999999915,919.4253269835721
51896,31.710219846751198,1227.91999999915,919.4294310057334
51897,31.710219846751198,1227.93999999915,919.433534947441
51898,31.710219846751198,1227.9599999991499,919.4376388087121
51899,31.710219846751198,1227.9799999991499,919.4417425896406
51900,31.710219846751198,1227.9999999991498,919.445846290235
51901,31.710219846751198,1228.0199999991498,919.4499499104949
51902,31.710219846751198,1228.0399999991498,919.4540534504204
51903,31.710219846751198,1228.0599999991498,919.4581569100112
51904,31.710219846751198,1228.0799999991498,919.4622602892673
51905,31.710219846751198,1228.0999999991498,919.4663635881885
51906,31.710219846751198,1228.1199999991497,919.4704668067748
51907,31.710219846751198,1228.1399999991497,919.4745699450258
51908,31.710219846751198,1228.1599999991497,919.4786730029415
51909,31.710219846751198,1228.1799999991497,919.4827759805219
51910,31.710219846751198,1228.1999999991497,919.4868788777667
51911,31.710219846751198,1228.2199999991496,919.4909816946757
51912,31.710219846751198,1228.2399999991496,919.495084431249
51913,31.710219846751198,1228.2599999991496,919.4991870874862
51914,31.710219846751198,1228.2799999991496,919.5032896633875
51915,31.710219846751198,1228.2999999991496,919.5073921589525
51916,31.710219846751198,1228.3199999991496,919.511494574181
51917,31.710219846751198,1228.3399999991495,919.5155969090731
51918,31.710219846751198,1228.3599999991495,919.5196991636286
51919,31.710219846751198,1228.3799999991495,919.5238013378473
51920,31.710219846751198,1228.3999999991495,919.5279034317291
51921,31.710219846751198,1228.4199999991495,919.5320054452739
51922,31.710219846751198,1228.4399999991494,919.5361073784815
51923,31.710219846751198,1228.4599999991494,919.5402092313517
51924,31.710219846751198,1228.4799999991494,919.5443110038846
51925,31.710219846751198,1228.4999999991494,919.5484126960798
51926,31.710219846751198,1228.5199999991494,919.5525143079374
51927,31.710219846751198,1228.5399999991494,919.5566158394571
51928,31.710219846751198,1228.5599999991493,919.5607172906389
51929,31.710219846751198,1228.5799999991493,919.5648186614825
51930,31.710219846751198,1228.5999999991493,919.5689199519878
51931,31.710219846751198,1228.6199999991493,919.5730211621548
51932,31.710219846751198,1228.6399999991493,919.5771222919832
51933,31.710219846751198,1228.6599999991492,919.581223341473
51934,31.710219846751198,1228.6799999991492,919.5853243106241
51935,31.710219846751198,1228.6999999991492,919.5894251994362
51936,31.710219846751198,1228.7199999991492,919.5935260079092
51937,31.710219846751198,1228.7399999991492,919.597626736043
51938,31.710219846751198,1228.7599999991492,919.6017273838376
51939,31.710219846751198,1228.7799999991491,919.6058279512927
51940,31.710219846751198,1228.7999999991491,919.6099284384081
51941,31.710219846751198,1228.819999999149,919.614028845184
51942,31.710219846751198,1228.839999999149,919.6181291716199
51943,31.710219846751198,1228.859999999149,919.6222294177159
51944,31.710219846751198,1228.879999999149,919.6263295834716
51945,31.710219846751198,1228.899999999149,919.6304296688871
51946,31.710219846751198,1228.919999999149,919.6345296739622
51947,31.710219846751198,1228.939999999149,919.6386295986968
51948,31.710219846751198,1228.959999999149,919.6427294430906
51949,31.710219846751198,1228.979999999149,919.6468292071681
51950,31.710219846751198,1228.999999999149,919.6509288910177
51951,31.710219846751198,1229.019999999149,919.6550284946462
51952,31.710219846751198,1229.039999999149,919.6591280180536
51953,31.710219846751198,1229.0599999991489,919.6632274612397
51954,31.710219846751198,1229.0799999991489,919.6673268242043
51955,31.710219846751198,1229.0999999991488,919.6714261069475
51956,31.710219846751198,1229.1199999991488,919.675525309469
51957,31.710219846751198,1229.1399999991488,919.6796244317686
51958,31.710219846751198,1229.1599999991488,919.6837234738463
51959,31.710219846751198,1229.1799999991488,919.687822435702
51960,31.710219846751198,1229.1999999991488,919.6919213173354
51961,31.710219846751198,1229.2199999991487,919.6960201187466
51962,31.710219846751198,1229.2399999991487,919.7001188399352
51963,31.710219846751198,1229.2599999991487,919.7042174809012
51964,31.710219846751198,1229.2799999991487,919.7083160416445
51965,31.710219846751198,1229.2999999991487,919.7124145221649
51966,31.710219846751198,1229.3199999991486,919.7165129224622
51967,31.710219846751198,1229.3399999991486,919.7206112425365
51968,31.710219846751198,1229.3599999991486,919.7247094823875
51969,31.710219846751198,1229.3799999991486,919.7288076420151
51970,31.710219846751198,1229.3999999991486,919.7329057214192
51971,31.710219846751198,1229.4199999991486,919.7370037205997
51972,31.710219846751198,1229.4399999991485,919.7411016395563
51973,31.710219846751198,1229.4599999991485,919.745199478289
51974,31.710219846751198,1229.4799999991485,919.7492972367977
51975,31.710219846751198,1229.4999999991485,919.7533949150821
51976,31.710219846751198,1229.5199999991485,919.7574925131422
51977,31.710219846751198,1229.5399999991484,919.7615900309779
51978,31.710219846751198,1229.5599999991484,919.765687468589
51979,31.710219846751198,1229.5799999991484,919.7697848259754
51980,31.710219846751198,1229.5999999991484,919.7738821031369
51981,31.710219846751198,1229.6199999991484,919.7779793000734
51982,31.710219846751198,1229.6399999991484,919.7820764167848
51983,31.710219846751198,1229.6599999991483,919.7861734532709
51984,31.710219846751198,1229.6799999991483,919.7902704095316
51985,31.710219846751198,1229.6999999991483,919.7943672855668
51986,31.710219846751198,1229.7199999991483,919.7984640813763
51987,31.710219846751198,1229.7399999991483,919.8025607969602
51988,31.710219846751198,1229.7599999991482,919.806657432318
51989,31.710219846751198,1229.7799999991482,919.8107539874499
51990,31.710219846751198,1229.7999999991482,919.8148504623555
51991,31.710219846751198,1229.8199999991482,919.8189468570348
51992,31.710219846751198,1229.8399999991482,919.8230431714877
51993,31.710219846751198,1229.8599999991482,919.827139405714
51994,31.710219846751198,1229.8799999991481,919.8312355597136
51995,31.710219846751198,1229.8999999991481,919.8353316334864
51996,31.710219846751198,1229.919999999148,919.8394276270321
51997,31.710219846751198,1229.939999999148,919.8435235403508
51998,31.710219846751198,1229.959999999148,919.8476193734422
51999,31.710219846751198,1229.979999999148,919.8517151263062
52000,31.710219846751198,1229.999999999148,919.8558107989743
52001,31.710219846751198,1230.019999999148,919.8599063915293
52002,31.710219846751198,1230.039999999148,919.8640019039768
52003,31.710219846751198,1230.059999999148,919.8680973363166
52004,31.710219846751198,1230.079999999148,919.8721926885487
52005,31.710219846751198,1230.099999999148,919.8762879606728
52006,31.710219846751198,1230.119999999148,919.880383152689
52007,31.710219846751198,1230.139999999148,919.884478264597
52008,31.710219846751198,1230.1599999991479,919.8885732963967
52009,31.710219846751198,1230.1799999991479,919.892668248088
52010,31.710219846751198,1230.1999999991478,919.8967631196707
52011,31.710219846751198,1230.2199999991478,919.9008579111447
52012,31.710219846751198,1230.2399999991478,919.90495262251
52013,31.710219846751198,1230.2599999991478,919.9090472537663
52014,31.710219846751198,1230.2799999991478,919.9131418049135
52015,31.710219846751198,1230.2999999991478,919.9172362759515
52016,31.710219846751198,1230.3199999991477,919.9213306668802
52017,31.710219846751198,1230.3399999991477,919.9254249776994
52018,31.710219846751198,1230.3599999991477,919.929519208409
52019,31.710219846751198,1230.3799999991477,919.933613359009
52020,31.710219846751198,1230.3999999991477,919.937707429499
52021,31.710219846751198,1230.4199999991476,919.9418014198791
52022,31.710219846751198,1230.4399999991476,919.945895330149
52023,31.710219846751198,1230.4599999991476,919.9499891603087
52024,31.710219846751198,1230.4799999991476,919.954082910358
52025,31.710219846751198,1230.4999999991476,919.9581765802968
52026,31.710219846751198,1230.5199999991476,919.962270170125
52027,31.710219846751198,1230.5399999991475,919.9663636798423
52028,31.710219846751198,1230.5599999991475,919.9704571094488
52029,31.710219846751198,1230.5799999991475,919.9745504589442
52030,31.710219846751198,1230.5999999991475,919.9786437283285
52031,31.710219846751198,1230.6199999991475,919.9827369176015
52032,31.710219846751198,1230.6399999991474,919.9868300267631
52033,31.710219846751198,1230.6599999991474,919.9909230558131
52034,31.710219846751198,1230.6799999991474,919.9950160047515
52035,31.710219846751198,1230.6999999991474,919.999108873578
52036,31.710219846751198,1230.7199999991474,920.0032016626782
52037,31.710219846751198,1230.7399999991474,920.0072943728326
52038,31.710219846751198,1230.7599999991473,920.0113870040851
52039,31.710219846751198,1230.7799999991473,920.0154795564357
52040,31.710219846751198,1230.7999999991473,920.0195720298843
52041,31.710219846751198,1230.8199999991473,920.023664424431
52042,31.710219846751198,1230.8399999991473,920.0277567400756
52043,31.710219846751198,1230.8599999991472,920.0318489768181
52044,31.710219846751198,1230.8799999991472,920.0359411346584
52045,31.710219846751198,1230.8999999991472,920.0400332135964
52046,31.710219846751198,1230.9199999991472,920.0441252136321
52047,31.710219846751198,1230.9399999991472,920.0482171347655
52048,31.710219846751198,1230.9599999991472,920.0523089769965
52049,31.710219846751198,1230.9799999991471,920.0564007403251
52050,31.710219846751198,1230.9999999991471,920.0604924247511
52051,31.710219846751198,1231.019999999147,920.0645840303159
52052,31.710219846751198,1231.039999999147,920.0686755571021
52053,31.710219846751198,1231.059999999147,920.0727670051143
52054,31.710219846751198,1231.079999999147,920.0768583743525
52055,31.710219846751198,1231.099999999147,920.0809496648164
52056,31.710219846751198,1231.119999999147,920.0850408765062
52057,31.710219846751198,1231.139999999147,920.0891320094219
52058,31.710219846751198,1231.159999999147,920.0932230635632
52059,31.710219846751198,1231.179999999147,920.0973140389301
52060,31.710219846751198,1231.199999999147,920.1014049355226
52061,31.710219846751198,1231.219999999147,920.1054957533407
52062,31.710219846751198,1231.239999999147,920.1095864923843
52063,31.710219846751198,1231.2599999991469,920.1136771526534
52064,31.710219846751198,1231.2799999991469,920.1177677341478
52065,31.710219846751198,1231.2999999991468,920.1218582368676
52066,31.710219846751198,1231.3199999991468,920.1259486608127
52067,31.710219846751198,1231.3399999991468,920.130039005983
52068,31.710219846751198,1231.3599999991468,920.1341292723785
52069,31.710219846751198,1231.3799999991468,920.138219459999
52070,31.710219846751198,1231.3999999991468,920.1423095688448
52071,31.710219846751198,1231.4199999991467,920.1463995989154
52072,31.710219846751198,1231.4399999991467,920.1504895502111
52073,31.710219846751198,1231.4599999991467,920.1545794227317
52074,31.710219846751198,1231.4799999991467,920.158669216477
52075,31.710219846751198,1231.4999999991467,920.1627589314473
52076,31.710219846751198,1231.5199999991466,920.1668485676423
52077,31.710219846751198,1231.5399999991466,920.170938125062
52078,31.710219846751198,1231.5599999991466,920.1750276037063
52079,31.710219846751198,1231.5799999991466,920.1791170035752
52080,31.710219846751198,1231.5999999991466,920.1832063246687
52081,31.710219846751198,1231.6199999991466,920.1872955669867
52082,31.710219846751198,1231.6399999991465,920.1913847305291
52083,31.710219846751198,1231.6599999991465,920.1954738152958
52084,31.710219846751198,1231.6799999991465,920.1995628212869
52085,31.710219846751198,1231.6999999991465,920.2036517485022
52086,31.710219846751198,1231.7199999991465,920.2077405969418
52087,31.710219846751198,1231.7399999991464,920.2118293666056
52088,31.710219846751198,1231.7599999991464,920.2159180574935
52089,31.6693120857377,1231.7799999991464,920.2200066696054
52090,31.6693120857377,1231.7999999991464,920.2240952029413
52091,31.6693120857377,1231.8199999991464,920.2281836575012
52092,31.6693120857377,1231.8399999991464,920.232272033285
52093,31.6693120857377,1231.8599999991463,920.2363603302925
52094,31.6693120857377,1231.8799999991463,920.240448548524
52095,31.6693120857377,1231.8999999991463,920.2445366879791
52096,31.6693120857377,1231.9199999991463,920.248624748658
52097,31.6693120857377,1231.9399999991463,920.2527127305605
52098,31.6693120857377,1231.9599999991462,920.2568006336865
52099,31.6693120857377,1231.9799999991462,920.260888458036
52100,31.6693120857377,1231.9999999991462,920.2649762036091
52101,31.6693120857377,1232.0199999991462,920.2690638704055
52102,31.6693120857377,1232.0399999991462,920.2731514584676
52103,31.6693120857377,1232.0599999991462,920.2772389678618
52104,31.6693120857377,1232.0799999991461,920.2813263985905
52105,31.6693120857377,1232.0999999991461,920.2854137506539
52106,31.6693120857377,1232.119999999146,920.2895010240517
52107,31.6693120857377,1232.139999999146,920.293588218784
52108,31.6693120857377,1232.159999999146,920.2976753348506
52109,31.6693120857377,1232.179999999146,920.3017623722517
52110,31.6693120857377,1232.199999999146,920.305849330987
52111,31.6693120857377,1232.219999999146,920.3099362110567
52112,31.6693120857377,1232.239999999146,920.3140230124604
52113,31.6693120857377,1232.259999999146,920.3181097351984
52114,31.6693120857377,1232.279999999146,920.3221963792704
52115,31.6693120857377,1232.299999999146,920.3262829446764
52116,31.6693120857377,1232.319999999146,920.3303694314164
52117,31.6693120857377,1232.339999999146,920.3344558394904
52118,31.6693120857377,1232.3599999991459,920.3385421688982
52119,31.6693120857377,1232.3799999991459,920.3426284196399
52120,31.6693120857377,1232.3999999991458,920.3467145917153
52121,31.6693120857377,1232.4199999991458,920.3508006851245
52122,31.6693120857377,1232.4399999991458,920.3548866998673
52123,31.6693120857377,1232.4599999991458,920.3589726359437
52124,31.6693120857377,1232.4799999991458,920.3630584933537
52125,31.6693120857377,1232.4999999991458,920.3671442720972
52126,31.6693120857377,1232.5199999991457,920.3712299721742
52127,31.6693120857377,1232.5399999991457,920.3753155935846
52128,31.6693120857377,1232.5599999991457,920.3794011363283
52129,31.6693120857377,1232.5799999991457,920.3834866004053
52130,31.6693120857377,1232.5999999991457,920.3875719858155
52131,31.6693120857377,1232.6199999991456,920.391657292559
52132,31.6693120857377,1232.6399999991456,920.3957425206356
52133,31.6693120857377,1232.6599999991456,920.3998276700454
52134,31.6693120857377,1232.6799999991456,920.4039127407882
52135,31.6693120857377,1232.6999999991456,920.4079977328639
52136,31.6693120857377,1232.7199999991456,920.4120826462726
52137,31.6693120857377,1232.7399999991455,920.4161674810141
52138,31.6693120857377,1232.7599999991455,920.4202522370884
52139,31.6693120857377,1232.7799999991455,920.4243369144956
52140,31.6693120857377,1232.7999999991455,920.4284215132355
52141,31.6693120857377,1232.8199999991455,920.4325060333082
52142,31.6693120857377,1232.8399999991454,920.4365904747134
52143,31.6693120857377,1232.8599999991454,920.4406748374512
52144,31.6693120857377,1232.8799999991454,920.4447591215214
52145,31.6693120857377,1232.8999999991454,920.4488433269241
52146,31.6693120857377,1232.9199999991454,920.4529274536593
52147,31.6693120857377,1232.9399999991454,920.4570115017268
52148,31.6693120857377,1232.9599999991453,920.4610954711267
52149,31.6693120857377,1232.9799999991453,920.4651793618588
52150,31.6693120857377,1232.9999999991453,920.4692631739231
52151,31.6693120857377,1233.0199999991453,920.4733469073195
52152,31.6693120857377,1233.0399999991453,920.4774305620481
52153,31.6693120857377,1233.0599999991452,920.481514138161
52154,31.6693120857377,1233.0799999991452,920.4855976357235
52155,31.6693120857377,1233.0999999991452,920.489681054737
52156,31.6693120857377,1233.1199999991452,920.4937643952015
52157,31.6693120857377,1233.1399999991452,920.497847657117
52158,31.6693120857377,1233.1599999991452,920.5019308404833
52159,31.6693120857377,1233.1799999991451,920.5060139453004
52160,31.6693120857377,1233.1999999991451,920.5100969715683
52161,31.6693120857377,1233.219999999145,920.5141799192869
52162,31.6693120857377,1233.239999999145,920.5182627884561
52163,31.6693120857377,1233.259999999145,920.522345579076
52164,31.6693120857377,1233.279999999145,920.5264282911464
52165,31.6693120857377,1233.299999999145,920.5305109246674
52166,31.6693120857377,1233.319999999145,920.5345934796388
52167,31.6693120857377,1233.339999999145,920.5386759560606
52168,31.6693120857377,1233.359999999145,920.5427583539329
52169,31.6693120857377,1233.379999999145,920.5468406732554
52170,31.6693120857377,1233.399999999145,920.5509229140281
52171,31.6693120857377,1233.419999999145,920.5550050762511
52172,31.6693120857377,1233.439999999145,920.5590871599242
52173,31.6693120857377,1233.4599999991449,920.5631691650474
52174,31.6693120857377,1233.4799999991449,920.5672510916207
52175,31.6693120857377,1233.4999999991448,920.5713329396441
52176,31.6693120857377,1233.5199999991448,920.5754147091174
52177,31.6693120857377,1233.5399999991448,920.5794964000405
52178,31.6693120857377,1233.5599999991448,920.5835780124136
52179,31.6693120857377,1233.5799999991448,920.5876595462364
52180,31.6693120857377,1233.5999999991448,920.591741001509
52181,31.6693120857377,1233.6199999991447,920.5958223782313
52182,31.6693120857377,1233.6399999991447,920.5999036764033
52183,31.6693120857377,1233.6599999991447,920.6039848960249
52184,31.6693120857377,1233.6799999991447,920.6080660370961
52185,31.6693120857377,1233.6999999991447,920.6121470996168
52186,31.6693120857377,1233.7199999991446,920.6162280835869
52187,31.6693120857377,1233.7399999991446,920.6203089890064
52188,31.6693120857377,1233.7599999991446,920.6243898158752
52189,31.6693120857377,1233.7799999991446,920.6284705641934
52190,31.6693120857377,1233.7999999991446,920.6325512339608
52191,31.6693120857377,1233.8199999991446,920.6366318251775
52192,31.6693120857377,1233.8399999991445,920.6407123378432
52193,31.6693120857377,1233.8599999991445,920.644792771958
52194,31.6693120857377,1233.8799999991445,920.6488731275219
52195,31.6693120857377,1233.8999999991445,920.6529534045349
52196,31.6693120857377,1233.9199999991445,920.6570336029966
52197,31.6693120857377,1233.9399999991444,920.6611137229073
52198,31.6693120857377,1233.9599999991444,920.6651937642669
52199,31.6693120857377,1233.9799999991444,920.6692737270752
52200,31.6693120857377,1233.9999999991444,920.6733536113322
52201,31.6693120857377,1234.0199999991444,920.6774334170381
52202,31.6693120857377,1234.0399999991444,920.6815131441925
52203,31.6693120857377,1234.0599999991443,920.6855927927955
52204,31.6693120857377,1234.0799999991443,920.6896723629065
52205,31.6693120857377,1234.0999999991443,920.6937518545852
52206,31.6693120857377,1234.1199999991443,920.6978312678316
52207,31.6693120857377,1234.1399999991443,920.7019106026456
52208,31.6693120857377,1234.1599999991442,920.7059898590272
52209,31.6693120857377,1234.1799999991442,920.7100690369764
52210,31.6693120857377,1234.1999999991442,920.714148136493
52211,31.6693120857377,1234.2199999991442,920.7182271575771
52212,31.6693120857377,1234.2399999991442,920.7223061002285
52213,31.6693120857377,1234.2599999991442,920.7263849644472
52214,31.6693120857377,1234.2799999991441,920.7304637502333
52215,31.6693120857377,1234.2999999991441,920.7345424575866
52216,31.6693120857377,1234.319999999144,920.7386210865071
52217,31.6693120857377,1234.339999999144,920.7426996369948
52218,31.6693120857377,1234.359999999144,920.7467781090495
52219,31.6693120857377,1234.379999999144,920.7508565026714
52220,31.6693120857377,1234.399999999144,920.7549348178602
52221,31.6693120857377,1234.419999999144,920.7590130546159
52222,31.6693120857377,1234.439999999144,920.7630912129387
52223,31.6693120857377,1234.459999999144,920.7671692928282
52224,31.6693120857377,1234.479999999144,920.7712472942845
52225,31.6693120857377,1234.499999999144,920.7753252173077
52226,31.6693120857377,1234.519999999144,920.7794030618975
52227,31.6693120857377,1234.539999999144,920.7834808280539
52228,31.6693120857377,1234.5599999991439,920.787558515777
52229,31.6693120857377,1234.5799999991439,920.7916361250667
52230,31.6693120857377,1234.5999999991438,920.7957136559229
52231,31.6693120857377,1234.6199999991438,920.7997911083455
52232,31.6693120857377,1234.6399999991438,920.8038684823346
52233,31.6693120857377,1234.6599999991438,920.8079457778899
52234,31.6693120857377,1234.6799999991438,920.8120229950116
52235,31.6693120857377,1234.6999999991438,920.8161001336996
52236,31.6693120857377,1234.7199999991437,920.8201771939538
52237,31.6693120857377,1234.7399999991437,920.8242541757742
52238,31.6693120857377,1234.7599999991437,920.8283310791606
52239,31.6693120857377,1234.7799999991437,920.8324079041132
52240,31.6693120857377,1234.7999999991437,920.8364846506319
52241,31.6693120857377,1234.8199999991436,920.8405613187165
52242,31.6693120857377,1234.8399999991436,920.844637908367
52243,31.6693120857377,1234.8599999991436,920.8487144195833
52244,31.6693120857377,1234.8799999991436,920.8527908523655
52245,31.6693120857377,1234.8999999991436,920.8568672067134
52246,31.6693120857377,1234.9199999991436,920.8609434826271
52247,31.6693120857377,1234.9399999991435,920.8650196801066
52248,31.6693120857377,1234.9599999991435,920.8690957991516
52249,31.6693120857377,1234.9799999991435,920.8731718397622
52250,31.6693120857377,1234.9999999991435,920.8772478019383
52251,31.6693120857377,1235.0199999991435,920.88132368568
52252,31.6693120857377,1235.0399999991434,920.885399490987
52253,31.6693120857377,1235.0599999991434,920.8894752178594
52254,31.6693120857377,1235.0799999991434,920.8935508662985
52255,31.6693120857377,1235.0999999991434,920.8976264363695
52256,31.6693120857377,1235.1199999991434,920.901701928125
52257,31.6693120857377,1235.1399999991434,920.9057773415652
52258,31.6693120857377,1235.1599999991433,920.90985267669
52259,31.6693120857377,1235.1799999991433,920.9139279334993
52260,31.6693120857377,1235.1999999991433,920.918003111993
52261,31.6693120857377,1235.2199999991433,920.9220782121712
52262,31.6693120857377,1235.2399999991433,920.9261532340337
52263,31.6693120857377,1235.2599999991432,920.9302281775805
52264,31.6693120857377,1235.2799999991432,920.9343030428116
52265,31.6693120857377,1235.2999999991432,920.938377829727
52266,31.6693120857377,1235.3199999991432,920.9424525383265
52267,31.6693120857377,1235.3399999991432,920.9465271686101
52268,31.6693120857377,1235.3599999991432,920.9506017205779
52269,31.6693120857377,1235.3799999991431,920.9546761942297
52270,31.6693120857377,1235.3999999991431,920.9587505895655
52271,31.6693120857377,1235.419999999143,920.9628249065852
52272,31.6693120857377,1235.439999999143,920.9668991452888
52273,31.6693120857377,1235.459999999143,920.9709733056762
52274,31.6693120857377,1235.479999999143,920.9750473877475
52275,31.6693120857377,1235.499999999143,920.9791213915025
52276,31.6693120857377,1235.519999999143,920.9831953169413
52277,31.6693120857377,1235.539999999143,920.9872691640637
52278,31.6693120857377,1235.559999999143,920.9913429328698
52279,31.6693120857377,1235.579999999143,920.9954166233593
52280,31.6693120857377,1235.599999999143,920.9994902355324
52281,31.6693120857377,1235.619999999143,921.003563769389
52282,31.6693120857377,1235.639999999143,921.0076372249289
52283,31.6693120857377,1235.6599999991429,921.0117106021522
52284,31.6693120857377,1235.6799999991429,921.0157839010589
52285,31.6693120857377,1235.6999999991428,921.0198571216488
52286,31.6693120857377,1235.7199999991428,921.023930263922
52287,31.6693120857377,1235.7399999991428,921.0280033278784
52288,31.6693120857377,1235.7599999991428,921.0320763135179
52289,31.6693120857377,1235.7799999991428,921.0361492208406
52290,31.6693120857377,1235.7999999991428,921.0402220498462
52291,31.6693120857377,1235.8199999991427,921.0442948005349
52292,31.6693120857377,1235.8399999991427,921.0483674729065
52293,31.6693120857377,1235.8599999991427,921.052440066961
52294,31.6693120857377,1235.8799999991427,921.0565125826984
52295,31.6693120857377,1235.8999999991427,921.0605850201185
52296,31.6693120857377,1235.9199999991426,921.0646573792214
52297,31.6693120857377,1235.9399999991426,921.0687296600071
52298,31.6693120857377,1235.9599999991426,921.0728018624753
52299,31.6693120857377,1235.9799999991426,921.0768739866262
52300,31.6693120857377,1235.9999999991426,921.0809460324597
52301,31.6693120857377,1236.0199999991426,921.0850179999757
52302,31.6693120857377,1236.0399999991425,921.0890898891741
52303,31.6693120857377,1236.0599999991425,921.093161700055
52304,31.6693120857377,1236.0799999991425,921.0972334326183
52305,31.6693120857377,1236.0999999991425,921.1013050868667
52306,31.6693120857377,1236.1199999991425,921.1053766628722
52307,31.6693120857377,1236.1399999991424,921.1094481606814
52308,31.6693120857377,1236.1599999991424,921.1135195802941
52309,31.6693120857377,1236.1799999991424,921.1175909217104
52310,31.6693120857377,1236.1999999991424,921.1216621849302
52311,31.6693120857377,1236.2199999991424,921.1257333699534
52312,31.6693120857377,1236.2399999991424,921.1298044767801
52313,31.6693120857377,1236.2599999991423,921.1338755054102
52314,31.6693120857377,1236.2799999991423,921.1379464558435
52315,31.6693120857377,1236.2999999991423,921.1420173280801
52316,31.6693120857377,1236.3199999991423,921.1460881221199
52317,31.6693120857377,1236.3399999991423,921.1501588379629
52318,31.6693120857377,1236.3599999991422,921.154229475609
52319,31.6693120857377,1236.3799999991422,921.1583000350581
52320,31.6693120857377,1236.3999999991422,921.1623705163103
52321,31.6693120857377,1236.4199999991422,921.1664409193654
52322,31.6693120857377,1236.4399999991422,921.1705112442236
52323,31.6693120857377,1236.4599999991422,921.1745814908845
52324,31.6693120857377,1236.4799999991421,921.1786516593484
52325,31.6693120857377,1236.4999999991421,921.182721749615
52326,31.6693120857377,1236.519999999142,921.1867917616844
52327,31.6693120857377,1236.539999999142,921.1908616955565
52328,31.6693120857377,1236.559999999142,921.1949315512312
52329,31.6693120857377,1236.579999999142,921.1990013287085
52330,31.6693120857377,1236.599999999142,921.2030710279884
52331,31.6693120857377,1236.619999999142,921.2071406490708
52332,31.6693120857377,1236.639999999142,921.2112101919556
52333,31.6693120857377,1236.659999999142,921.2152796566428
52334,31.6693120857377,1236.679999999142,921.2193490431324
52335,31.6693120857377,1236.699999999142,921.2234183514244
52336,31.6693120857377,1236.719999999142,921.2274875815185
52337,31.6693120857377,1236.739999999142,921.2315567334149
52338,31.6693120857377,1236.7599999991419,921.2356258071135
52339,31.6693120857377,1236.7799999991419,921.2396948026142
52340,31.6693120857377,1236.7999999991418,921.243763719917
52341,31.6693120857377,1236.8199999991418,921.2478325590217
52342,31.6693120857377,1236.8399999991418,921.2519013199285
52343,31.6693120857377,1236.8599999991418,921.2559700026372
52344,31.6693120857377,1236.8799999991418,921.2600386071479
52345,31.6693120857377,1236.8999999991418,921.2641071334604
52346,31.6693120857377,1236.9199999991417,921.2681755815746
52347,31.6693120857377,1236.9399999991417,921.2722439514906
52348,31.6693120857377,1236.9599999991417,921.2763122432083
52349,31.6693120857377,1236.9799999991417,921.2803804567276
52350,31.6693120857377,1236.9999999991417,921.2844485920485
52351,31.6693120857377,1237.0199999991416,921.288516649171
52352,31.6693120857377,1237.0399999991416,921.292584628095
52353,31.6693120857377,1237.0599999991416,921.2966525288205
52354,31.6693120857377,1237.0799999991416,921.3007203513473
52355,31.6693120857377,1237.0999999991416,921.3047880956756
52356,31.6693120857377,1237.1199999991416,921.3088557618095
52357,31.6693120857377,1237.1399999991415,921.3129233498283
52358,31.6693120857377,1237.1599999991415,921.3169908597723
52359,31.628492204219963,1237.1799999991415,921.3210582916413
52360,31.628492204219963,1237.1999999991415,921.3251256454354
52361,31.628492204219963,1237.2199999991415,921.3291929211545
52362,31.628492204219963,1237.2399999991414,921.3332601187984
52363,31.628492204219963,1237.2599999991414,921.3373272383674
52364,31.628492204219963,1237.2799999991414,921.3413942798611
52365,31.628492204219963,1237.2999999991414,921.3454612432797
52366,31.628492204219963,1237.3199999991414,921.3495281286231
52367,31.628492204219963,1237.3399999991414,921.3535949358912
52368,31.628492204219963,1237.3599999991413,921.357661665084
52369,31.628492204219963,1237.3799999991413,921.3617283162015
52370,31.628492204219963,1237.3999999991413,921.3657948892436
52371,31.628492204219963,1237.4199999991413,921.3698613842103
52372,31.628492204219963,1237.4399999991413,921.3739278011014
52373,31.628492204219963,1237.4599999991412,921.3779941399171
52374,31.628492204219963,1237.4799999991412,921.3820604006571
52375,31.628492204219963,1237.4999999991412,921.3861265833216
52376,31.628492204219963,1237.5199999991412,921.3901926879104
52377,31.628492204219963,1237.5399999991412,921.3942587144235
52378,31.628492204219963,1237.5599999991412,921.3983246628609
52379,31.628492204219963,1237.5799999991411,921.4023905332225
52380,31.628492204219963,1237.5999999991411,921.4064563255083
52381,31.628492204219963,1237.619999999141,921.4105220397182
52382,31.628492204219963,1237.639999999141,921.4145876758522
52383,31.628492204219963,1237.659999999141,921.4186532339103
52384,31.628492204219963,1237.679999999141,921.4227187138923
52385,31.628492204219963,1237.699999999141,921.4267841157983
52386,31.628492204219963,1237.719999999141,921.4308494396282
52387,31.628492204219963,1237.739999999141,921.434914685382
52388,31.628492204219963,1237.759999999141,921.4389798530595
52389,31.628492204219963,1237.779999999141,921.443044942661
52390,31.628492204219963,1237.799999999141,921.4471099541862
52391,31.628492204219963,1237.819999999141,921.451174887635
52392,31.628492204219963,1237.839999999141,921.4552397430075
52393,31.628492204219963,1237.8599999991409,921.4593045203036
52394,31.628492204219963,1237.8799999991409,921.4633692195233
52395,31.628492204219963,1237.8999999991408,921.4674338406666
52396,31.628492204219963,1237.9199999991408,921.4714983837332
52397,31.628492204219963,1237.9399999991408,921.4755628487234
52398,31.628492204219963,1237.9599999991408,921.4796272356369
52399,31.628492204219963,1237.9799999991408,921.4836915444738
52400,31.628492204219963,1237.9999999991408,921.487755775234
52401,31.628492204219963,1238.0199999991407,921.4918199279174
52402,31.628492204219963,1238.0399999991407,921.4958840025241
52403,31.628492204219963,1238.0599999991407,921.499947999054
52404,31.628492204219963,1238.0799999991407,921.504011917507
52405,31.628492204219963,1238.0999999991407,921.508075757883
52406,31.628492204219963,1238.1199999991406,921.5121395201821
52407,31.628492204219963,1238.1399999991406,921.5162032044095
52408,31.628492204219963,1238.1599999991406,921.520266810642
52409,31.628492204219963,1238.1799999991406,921.5243303389094
52410,31.628492204219963,1238.1999999991406,921.5283937892117
52411,31.628492204219963,1238.2199999991406,921.5324571615487
52412,31.628492204219963,1238.2399999991405,921.5365204559205
52413,31.628492204219963,1238.2599999991405,921.540583672327
52414,31.628492204219963,1238.2799999991405,921.5446468107681
52415,31.628492204219963,1238.2999999991405,921.5487098712438
52416,31.628492204219963,1238.3199999991405,921.552772853754
52417,31.628492204219963,1238.3399999991404,921.5568357582989
52418,31.628492204219963,1238.3599999991404,921.5608985848783
52419,31.628492204219963,1238.3799999991404,921.564961333492
52420,31.628492204219963,1238.3999999991404,921.5690240041401
52421,31.628492204219963,1238.4199999991404,921.5730865968227
52422,31.628492204219963,1238.4399999991404,921.5771491115395
52423,31.628492204219963,1238.4599999991403,921.5812115482905
52424,31.628492204219963,1238.4799999991403,921.5852739070758
52425,31.628492204219963,1238.4999999991403,921.5893361878954
52426,31.628492204219963,1238.5199999991403,921.593398390749
52427,31.628492204219963,1238.5399999991403,921.5974605156367
52428,31.628492204219963,1238.5599999991402,921.6015225625586
52429,31.628492204219963,1238.5799999991402,921.6055845315144
52430,31.628492204219963,1238.5999999991402,921.6096464225042
52431,31.628492204219963,1238.6199999991402,921.6137082355278
52432,31.628492204219963,1238.6399999991402,921.6177699705854
52433,31.628492204219963,1238.6599999991402,921.6218316276768
52434,31.628492204219963,1238.6799999991401,921.625893206802
52435,31.628492204219963,1238.6999999991401,921.6299547079609
52436,31.628492204219963,1238.71999999914,921.6340161311535
52437,31.628492204219963,1238.73999999914,921.6380774763799
52438,31.628492204219963,1238.75999999914,921.6421387436399
52439,31.628492204219963,1238.77999999914,921.6461999329334
52440,31.628492204219963,1238.79999999914,921.6502610442604
52441,31.628492204219963,1238.81999999914,921.654322077621
52442,31.628492204219963,1238.83999999914,921.6583830330151
52443,31.628492204219963,1238.85999999914,921.6624439104424
52444,31.628492204219963,1238.87999999914,921.6665047099032
52445,31.628492204219963,1238.89999999914,921.6705654313972
52446,31.628492204219963,1238.91999999914,921.6746260749246
52447,31.628492204219963,1238.93999999914,921.6786866404852
52448,31.628492204219963,1238.9599999991399,921.682747128079
52449,31.628492204219963,1238.9799999991399,921.6868075377059
52450,31.628492204219963,1238.9999999991398,921.6908678693659
52451,31.628492204219963,1239.0199999991398,921.694928123059
52452,31.628492204219963,1239.0399999991398,921.698988298785
52453,31.628492204219963,1239.0599999991398,921.7030483965441
52454,31.628492204219963,1239.0799999991398,921.707108416336
52455,31.628492204219963,1239.0999999991398,921.7111683581609
52456,31.628492204219963,1239.1199999991397,921.7152282220186
52457,31.628492204219963,1239.1399999991397,921.7192880079091
52458,31.628492204219963,1239.1599999991397,921.7233477158393
52459,31.628492204219963,1239.1799999991397,921.7274073458958
52460,31.628492204219963,1239.1999999991397,921.7314668981032
52461,31.628492204219963,1239.2199999991396,921.7355263724614
52462,31.628492204219963,1239.2399999991396,921.7395857689703
52463,31.628492204219963,1239.2599999991396,921.7436450876298
52464,31.628492204219963,1239.2799999991396,921.74770432844
52465,31.628492204219963,1239.2999999991396,921.7517634914009
52466,31.628492204219963,1239.3199999991396,921.7558225765123
52467,31.628492204219963,1239.3399999991395,921.7598815837742
52468,31.628492204219963,1239.3599999991395,921.7639405131866
52469,31.628492204219963,1239.3799999991395,921.7679993647495
52470,31.628492204219963,1239.3999999991395,921.7720581384627
52471,31.628492204219963,1239.4199999991395,921.7761168343263
52472,31.628492204219963,1239.4399999991394,921.7801754523402
52473,31.628492204219963,1239.4599999991394,921.7842339925045
52474,31.628492204219963,1239.4799999991394,921.7882924548189
52475,31.628492204219963,1239.4999999991394,921.7923508392836
52476,31.628492204219963,1239.5199999991394,921.7964091458983
52477,31.628492204219963,1239.5399999991394,921.8004673746633
52478,31.628492204219963,1239.5599999991393,921.8045255255782
52479,31.628492204219963,1239.5799999991393,921.8085835986433
52480,31.628492204219963,1239.5999999991393,921.8126415938583
52481,31.628492204219963,1239.6199999991393,921.8166995112232
52482,31.628492204219963,1239.6399999991393,921.8207573507381
52483,31.628492204219963,1239.6599999991392,921.8248151124028
52484,31.628492204219963,1239.6799999991392,921.8288727962173
52485,31.628492204219963,1239.6999999991392,921.8329304021817
52486,31.628492204219963,1239.7199999991392,921.8369879302957
52487,31.628492204219963,1239.7399999991392,921.8410453805594
52488,31.628492204219963,1239.7599999991392,921.8451027529728
52489,31.628492204219963,1239.7799999991391,921.8491600475359
52490,31.628492204219963,1239.7999999991391,921.8532172642484
52491,31.628492204219963,1239.819999999139,921.8572744031105
52492,31.628492204219963,1239.839999999139,921.8613314641221
52493,31.628492204219963,1239.859999999139,921.8653884472832
52494,31.628492204219963,1239.879999999139,921.8694453525936
52495,31.628492204219963,1239.899999999139,921.8735021800535
52496,31.628492204219963,1239.919999999139,921.8775589296627
52497,31.628492204219963,1239.939999999139,921.8816156014211
52498,31.628492204219963,1239.959999999139,921.8856721953288
52499,31.628492204219963,1239.979999999139,921.8897287113857
52500,31.628492204219963,1239.999999999139,921.8937851495917
52501,31.628492204219963,1240.019999999139,921.8978415099469
52502,31.628492204219963,1240.039999999139,921.9018977924512
52503,31.628492204219963,1240.0599999991389,921.9059539971045
52504,31.628492204219963,1240.0799999991389,921.9100101239068
52505,31.628492204219963,1240.0999999991388,921.914066172858
52506,31.628492204219963,1240.1199999991388,921.9181221439582
52507,31.628492204219963,1240.1399999991388,921.9221780372072
52508,31.628492204219963,1240.1599999991388,921.926233852605
52509,31.628492204219963,1240.1799999991388,921.93028959016
52510,31.628492204219963,1240.1999999991388,921.9343452499644
52511,31.628492204219963,1240.2199999991387,921.9384008320358
52512,31.628492204219963,1240.2399999991387,921.942456336374
52513,31.628492204219963,1240.2599999991387,921.9465117629791
52514,31.628492204219963,1240.2799999991387,921.9505671118509
52515,31.628492204219963,1240.2999999991387,921.9546223829894
52516,31.628492204219963,1240.3199999991386,921.9586775763947
52517,31.628492204219963,1240.3399999991386,921.9627326920668
52518,31.628492204219963,1240.3599999991386,921.9667877300054
52519,31.628492204219963,1240.3799999991386,921.9708426902106
52520,31.628492204219963,1240.3999999991386,921.9748975726824
52521,31.628492204219963,1240.4199999991386,921.9789523774207
52522,31.628492204219963,1240.4399999991385,921.9830071044255
52523,31.628492204219963,1240.4599999991385,921.9870617536967
52524,31.628492204219963,1240.4799999991385,921.9911163252343
52525,31.628492204219963,1240.4999999991385,921.9951708190383
52526,31.628492204219963,1240.5199999991385,921.9992252351086
52527,31.628492204219963,1240.5399999991384,922.0032795734452
52528,31.628492204219963,1240.5599999991384,922.007333834048
52529,31.628492204219963,1240.5799999991384,922.0113880169171
52530,31.628492204219963,1240.5999999991384,922.0154421220523
52531,31.628492204219963,1240.6199999991384,922.0194961494536
52532,31.628492204219963,1240.6399999991384,922.023550099121
52533,31.628492204219963,1240.6599999991383,922.0276039710545
52534,31.628492204219963,1240.6799999991383,922.0316577652541
52535,31.628492204219963,1240.6999999991383,922.0357114817195
52536,31.628492204219963,1240.7199999991383,922.039765120451
52537,31.628492204219963,1240.7399999991383,922.0438186814482
52538,31.628492204219963,1240.7599999991382,922.0478721647114
52539,31.628492204219963,1240.7799999991382,922.0519255702403
52540,31.628492204219963,1240.7999999991382,922.055978898035
52541,31.628492204219963,1240.8199999991382,922.0600321480955
52542,31.628492204219963,1240.8399999991382,922.0640853204217
52543,31.628492204219963,1240.8599999991382,922.0681384150134
52544,31.628492204219963,1240.8799999991381,922.0721914318709
52545,31.628492204219963,1240.8999999991381,922.0762443709939
52546,31.628492204219963,1240.919999999138,922.0802972323825
52547,31.628492204219963,1240.939999999138,922.0843500160365
52548,31.628492204219963,1240.959999999138,922.0884027219561
52549,31.628492204219963,1240.979999999138,922.092455350141
52550,31.628492204219963,1240.999999999138,922.0965079005913
52551,31.628492204219963,1241.019999999138,922.100560373307
52552,31.628492204219963,1241.039999999138,922.1046127682879
52553,31.628492204219963,1241.059999999138,922.1086650855341
52554,31.628492204219963,1241.079999999138,922.1127173250455
52555,31.628492204219963,1241.099999999138,922.1167694868221
52556,31.628492204219963,1241.119999999138,922.1208215708639
52557,31.628492204219963,1241.139999999138,922.1248735771708
52558,31.628492204219963,1241.1599999991379,922.1289255057427
52559,31.628492204219963,1241.1799999991379,922.1329773565797
52560,31.628492204219963,1241.1999999991378,922.1370291296913
52561,31.628492204219963,1241.2199999991378,922.1410808251757
52562,31.628492204219963,1241.2399999991378,922.1451324430432
52563,31.628492204219963,1241.2599999991378,922.1491839832938
52564,31.628492204219963,1241.2799999991378,922.1532354459276
52565,31.628492204219963,1241.2999999991378,922.1572868309445
52566,31.628492204219963,1241.3199999991377,922.1613381383444
52567,31.628492204219963,1241.3399999991377,922.1653893681273
52568,31.628492204219963,1241.3599999991377,922.1694405202932
52569,31.628492204219963,1241.3799999991377,922.173491594842
52570,31.628492204219963,1241.3999999991377,922.1775425917737
52571,31.628492204219963,1241.4199999991376,922.1815935110882
52572,31.628492204219963,1241.4399999991376,922.1856443527855
52573,31.628492204219963,1241.4599999991376,922.1896951168657
52574,31.628492204219963,1241.4799999991376,922.1937458033285
52575,31.628492204219963,1241.4999999991376,922.1977964121741
52576,31.628492204219963,1241.5199999991376,922.2018469434023
52577,31.628492204219963,1241.5399999991375,922.2058973970131
52578,31.628492204219963,1241.5599999991375,922.2099477730065
52579,31.628492204219963,1241.5799999991375,922.2139980713825
52580,31.628492204219963,1241.5999999991375,922.218048292141
52581,31.628492204219963,1241.6199999991375,922.222098435282
52582,31.628492204219963,1241.6399999991374,922.2261485008054
52583,31.628492204219963,1241.6599999991374,922.2301984887113
52584,31.628492204219963,1241.6799999991374,922.2342483989995
52585,31.628492204219963,1241.6999999991374,922.23829823167
52586,31.628492204219963,1241.7199999991374,922.2423479867228
52587,31.628492204219963,1241.7399999991374,922.2463976641579
52588,31.628492204219963,1241.7599999991373,922.2504472639753
52589,31.628492204219963,1241.7799999991373,922.2544967861747
52590,31.628492204219963,1241.7999999991373,922.2585462307563
52591,31.628492204219963,1241.8199999991373,922.2625955977201
52592,31.628492204219963,1241.8399999991373,922.2666448870659
52593,31.628492204219963,1241.8599999991372,922.2706940987938
52594,31.628492204219963,1241.8799999991372,922.2747432329037
52595,31.628492204219963,1241.8999999991372,922.2787922893955
52596,31.628492204219963,1241.9199999991372,922.2828412682692
52597,31.628492204219963,1241.9399999991372,922.2868901695248
52598,31.628492204219963,1241.9599999991372,922.2909389931623
52599,31.628492204219963,1241.9799999991371,922.2949877391816
52600,31.628492204219963,1241.9999999991371,922.2990364075827
52601,31.628492204219963,1242.019999999137,922.3030849983654
52602,31.628492204219963,1242.039999999137,922.30713351153
52603,31.628492204219963,1242.059999999137,922.3111819470762
52604,31.628492204219963,1242.079999999137,922.315230305004
52605,31.628492204219963,1242.099999999137,922.3192785853133
52606,31.628492204219963,1242.119999999137,922.3233267880042
52607,31.628492204219963,1242.139999999137,922.3273749130767
52608,31.628492204219963,1242.159999999137,922.3314229605306
52609,31.628492204219963,1242.179999999137,922.335470930366
52610,31.628492204219963,1242.199999999137,922.3395188225828
52611,31.628492204219963,1242.219999999137,922.3435666371981
52612,31.628492204219963,1242.239999999137,922.3476143743114
52613,31.628492204219963,1242.2599999991369,922.3516620339318
52614,31.628492204219963,1242.2799999991369,922.3557096160591
52615,31.628492204219963,1242.2999999991368,922.3597571206934
52616,31.628492204219963,1242.3199999991368,922.3638045478347
52617,31.628492204219963,1242.3399999991368,922.3678518974829
52618,31.628492204219963,1242.3599999991368,922.3718991696379
52619,31.628492204219963,1242.3799999991368,922.3759463642998
52620,31.628492204219963,1242.3999999991368,922.3799934814685
52621,31.628492204219963,1242.4199999991367,922.3840405211441
52622,31.628492204219963,1242.4399999991367,922.3880874833264
52623,31.628492204219963,1242.4599999991367,922.3921343680155
52624,31.628492204219963,1242.4799999991367,922.3961811752112
52625,31.628492204219963,1242.4999999991367,922.4002279049135
52626,31.628492204219963,1242.5199999991366,922.4042745571226
52627,31.628492204219963,1242.5399999991366,922.4083211318381
52628,31.628492204219963,1242.5599999991366,922.4123676290602
52629,31.58775993812474,1242.5799999991366,922.4164140487889
52630,31.58775993812474,1242.5999999991366,922.420460391024
52631,31.58775993812474,1242.6199999991366,922.4245066557655
52632,31.58775993812474,1242.6399999991365,922.4285528430136
52633,31.58775993812474,1242.6599999991365,922.432598952768
52634,31.58775993812474,1242.6799999991365,922.4366449850287
52635,31.58775993812474,1242.6999999991365,922.4406909397958
52636,31.58775993812474,1242.7199999991365,922.4447368170692
52637,31.58775993812474,1242.7399999991364,922.4487826168487
52638,31.58775993812474,1242.7599999991364,922.4528283391345
52639,31.58775993812474,1242.7799999991364,922.4568739839265
52640,31.58775993812474,1242.7999999991364,922.4609195512246
52641,31.58775993812474,1242.8199999991364,922.4649650410289
52642,31.58775993812474,1242.8399999991364,922.4690104533393
52643,31.58775993812474,1242.8599999991363,922.4730557881556
52644,31.58775993812474,1242.8799999991363,922.4771010454781
52645,31.58775993812474,1242.8999999991363,922.4811462253065
52646,31.58775993812474,1242.9199999991363,922.4851913276408
52647,31.58775993812474,1242.9399999991363,922.489236352481
52648,31.58775993812474,1242.9599999991362,922.4932812998271
52649,31.58775993812474,1242.9799999991362,922.4973261696791
52650,31.58775993812474,1242.9999999991362,922.501370962037
52651,31.58775993812474,1243.0199999991362,922.5054156769005
52652,31.58775993812474,1243.0399999991362,922.5094603142699
52653,31.58775993812474,1243.0599999991362,922.5135048741449
52654,31.58775993812474,1243.0799999991361,922.5175493565256
52655,31.58775993812474,1243.0999999991361,922.521593761412
52656,31.58775993812474,1243.119999999136,922.5256380888039
52657,31.58775993812474,1243.139999999136,922.5296823387015
52658,31.58775993812474,1243.159999999136,922.5337265111045
52659,31.58775993812474,1243.179999999136,922.5377706060132
52660,31.58775993812474,1243.199999999136,922.5418146234273
52661,31.58775993812474,1243.219999999136,922.5458585633468
52662,31.58775993812474,1243.239999999136,922.5499024257931
52663,31.58775993812474,1243.259999999136,922.5539462108475
52664,31.58775993812474,1243.279999999136,922.5579899185165
52665,31.58775993812474,1243.299999999136,922.5620335488001
52666,31.58775993812474,1243.319999999136,922.5660771016982
52667,31.58775993812474,1243.339999999136,922.5701205772109
52668,31.58775993812474,1243.3599999991359,922.5741639753381
52669,31.58775993812474,1243.3799999991359,922.5782072960799
52670,31.58775993812474,1243.3999999991358,922.582250539436
52671,31.58775993812474,1243.4199999991358,922.5862937054065
52672,31.58775993812474,1243.4399999991358,922.5903367939915
52673,31.58775993812474,1243.4599999991358,922.5943798051908
52674,31.58775993812474,1243.4799999991358,922.5984227390045
52675,31.58775993812474,1243.4999999991358,922.6024655954325
52676,31.58775993812474,1243.5199999991357,922.6065083744747
52677,31.58775993812474,1243.5399999991357,922.6105510761313
52678,31.58775993812474,1243.5599999991357,922.614593700402
52679,31.58775993812474,1243.5799999991357,922.6186362472869
52680,31.58775993812474,1243.5999999991357,922.6226787167859
52681,31.58775993812474,1243.6199999991356,922.6267211088991
52682,31.58775993812474,1243.6399999991356,922.6307634236264
52683,31.58775993812474,1243.6599999991356,922.6348056609677
52684,31.58775993812474,1243.6799999991356,922.638847820923
52685,31.58775993812474,1243.6999999991356,922.6428899034925
52686,31.58775993812474,1243.7199999991356,922.6469319086758
52687,31.58775993812474,1243.7399999991355,922.6509738364731
52688,31.58775993812474,1243.7599999991355,922.6550156868843
52689,31.58775993812474,1243.7799999991355,922.6590574599094
52690,31.58775993812474,1243.7999999991355,922.6630991555483
52691,31.58775993812474,1243.8199999991355,922.667140773801
52692,31.58775993812474,1243.8399999991354,922.6711823146675
52693,31.58775993812474,1243.8599999991354,922.6752237781477
52694,31.58775993812474,1243.8799999991354,922.6792651642418
52695,31.58775993812474,1243.8999999991354,922.6833064729494
52696,31.58775993812474,1243.9199999991354,922.6873477042708
52697,31.58775993812474,1243.9399999991354,922.6913888582058
52698,31.58775993812474,1243.9599999991353,922.6954299347543
52699,31.58775993812474,1243.9799999991353,922.6994709339165
52700,31.58775993812474,1243.9999999991353,922.7035118556922
52701,31.58775993812474,1244.0199999991353,922.7075527000815
52702,31.58775993812474,1244.0399999991353,922.7115934670842
52703,31.58775993812474,1244.0599999991352,922.7156341567004
52704,31.58775993812474,1244.0799999991352,922.71967476893
52705,31.58775993812474,1244.0999999991352,922.7237153037729
52706,31.58775993812474,1244.1199999991352,922.7277557612292
52707,31.58775993812474,1244.1399999991352,922.7317961412989
52708,31.58775993812474,1244.1599999991352,922.7358364439818
52709,31.58775993812474,1244.1799999991351,922.739876669278
52710,31.58775993812474,1244.1999999991351,922.7439168171875
52711,31.58775993812474,1244.219999999135,922.7479568877102
52712,31.58775993812474,1244.239999999135,922.751996880846
52713,31.58775993812474,1244.259999999135,922.7560367966248
52714,31.58775993812474,1244.279999999135,922.7600766351278
52715,31.58775993812474,1244.299999999135,922.7641163963607
52716,31.58775993812474,1244.319999999135,922.7681560803235
52717,31.58775993812474,1244.339999999135,922.7721956870162
52718,31.58775993812474,1244.359999999135,922.7762352164386
52719,31.58775993812474,1244.379999999135,922.7802746685909
52720,31.58775993812474,1244.399999999135,922.7843140434729
52721,31.58775993812474,1244.419999999135,922.7883533410848
52722,31.58775993812474,1244.439999999135,922.7923925614264
52723,31.58775993812474,1244.4599999991349,922.7964317044976
52724,31.58775993812474,1244.4799999991349,922.8004707702986
52725,31.58775993812474,1244.4999999991348,922.8045097588291
52726,31.58775993812474,1244.5199999991348,922.8085486700893
52727,31.58775993812474,1244.5399999991348,922.812587504079
52728,31.58775993812474,1244.5599999991348,922.8166262607983
52729,31.58775993812474,1244.5799999991348,922.8206649402472
52730,31.58775993812474,1244.5999999991348,922.8247035424255
52731,31.58775993812474,1244.6199999991347,922.8287420673333
52732,31.58775993812474,1244.6399999991347,922.8327805149706
52733,31.58775993812474,1244.6599999991347,922.8368188853373
52734,31.58775993812474,1244.6799999991347,922.8408571784333
52735,31.58775993812474,1244.6999999991347,922.8448953942587
52736,31.58775993812474,1244.7199999991346,922.8489335328135
52737,31.58775993812474,1244.7399999991346,922.8529715940975
52738,31.58775993812474,1244.7599999991346,922.8570095781109
52739,31.58775993812474,1244.7799999991346,922.8610474848535
52740,31.58775993812474,1244.7999999991346,922.8650853143254
52741,31.58775993812474,1244.8199999991346,922.8691230665264
52742,31.58775993812474,1244.8399999991345,922.8731607414566
52743,31.58775993812474,1244.8599999991345,922.8771983391158
52744,31.58775993812474,1244.8799999991345,922.8812358595042
52745,31.58775993812474,1244.8999999991345,922.8852733026216
52746,31.58775993812474,1244.9199999991345,922.8893106684682
52747,31.58775993812474,1244.9399999991344,922.8933479570437
52748,31.58775993812474,1244.9599999991344,922.8973851683483
52749,31.58775993812474,1244.9799999991344,922.9014223023818
52750,31.58775993812474,1244.9999999991344,922.9054593591442
52751,31.58775993812474,1245.0199999991344,922.9094963386354
52752,31.58775993812474,1245.0399999991344,922.9135332408556
52753,31.58775993812474,1245.0599999991343,922.9175700658046
52754,31.58775993812474,1245.0799999991343,922.9216068134825
52755,31.58775993812474,1245.0999999991343,922.9256434838892
52756,31.58775993812474,1245.1199999991343,922.9296800770246
52757,31.58775993812474,1245.1399999991343,922.9337165928888
52758,31.58775993812474,1245.1599999991342,922.9377530314816
52759,31.58775993812474,1245.1799999991342,922.9417893928032
52760,31.58775993812474,1245.1999999991342,922.9458256768535
52761,31.58775993812474,1245.2199999991342,922.9498618836323
52762,31.58775993812474,1245.2399999991342,922.9538980131397
52763,31.58775993812474,1245.2599999991342,922.9579340653756
52764,31.58775993812474,1245.2799999991341,922.9619700403767
52765,31.58775993812474,1245.2999999991341,922.9660059382189
52766,31.58775993812474,1245.319999999134,922.9700417589064
52767,31.58775993812474,1245.339999999134,922.9740775024393
52768,31.58775993812474,1245.359999999134,922.9781131688175
52769,31.58775993812474,1245.379999999134,922.9821487580409
52770,31.58775993812474,1245.399999999134,922.9861842701097
52771,31.58775993812474,1245.419999999134,922.9902197050236
52772,31.58775993812474,1245.439999999134,922.9942550627827
52773,31.58775993812474,1245.459999999134,922.998290343387
52774,31.58775993812474,1245.479999999134,923.0023255468365
52775,31.58775993812474,1245.499999999134,923.0063606731311
52776,31.58775993812474,1245.519999999134,923.0103957222708
52777,31.58775993812474,1245.539999999134,923.0144306942556
52778,31.58775993812474,1245.5599999991339,923.0184655890854
52779,31.58775993812474,1245.5799999991339,923.0225004067602
52780,31.58775993812474,1245.5999999991338,923.02653514728
52781,31.58775993812474,1245.6199999991338,923.0305698106448
52782,31.58775993812474,1245.6399999991338,923.0346043968545
52783,31.58775993812474,1245.6599999991338,923.0386389059092
52784,31.58775993812474,1245.6799999991338,923.0426733378088
52785,31.58775993812474,1245.6999999991338,923.0467076925531
52786,31.58775993812474,1245.7199999991337,923.0507419701423
52787,31.58775993812474,1245.7399999991337,923.0547761705764
52788,31.58775993812474,1245.7599999991337,923.0588102938551
52789,31.58775993812474,1245.7799999991337,923.0628443399787
52790,31.58775993812474,1245.7999999991337,923.066878308947
52791,31.58775993812474,1245.8199999991336,923.0709122007601
52792,31.58775993812474,1245.8399999991336,923.0749460154177
52793,31.58775993812474,1245.8599999991336,923.0789797529201
52794,31.58775993812474,1245.8799999991336,923.083013413267
52795,31.58775993812474,1245.8999999991336,923.0870469964586
52796,31.58775993812474,1245.9199999991336,923.0910805024947
52797,31.58775993812474,1245.9399999991335,923.0951139313754
52798,31.58775993812474,1245.9599999991335,923.0991472831006
52799,31.58775993812474,1245.9799999991335,923.1031805576703
52800,31.58775993812474,1245.9999999991335,923.1072137550844
52801,31.58775993812474,1246.0199999991335,923.111246875343
52802,31.58775993812474,1246.0399999991334,923.115279918446
52803,31.58775993812474,1246.0599999991334,923.1193128843935
52804,31.58775993812474,1246.0799999991334,923.1233457731852
52805,31.58775993812474,1246.0999999991334,923.1273785848213
52806,31.58775993812474,1246.1199999991334,923.1314113193016
52807,31.58775993812474,1246.1399999991334,923.1354439766262
52808,31.58775993812474,1246.1599999991333,923.1394765567951
52809,31.58775993812474,1246.1799999991333,923.1435090598083
52810,31.58775993812474,1246.1999999991333,923.1475414856656
52811,31.58775993812474,1246.2199999991333,923.1515738343671
52812,31.58775993812474,1246.2399999991333,923.1556061059127
52813,31.58775993812474,1246.2599999991332,923.1596383003025
52814,31.58775993812474,1246.2799999991332,923.1636704175364
52815,31.58775993812474,1246.2999999991332,923.1677024576579
52816,31.58775993812474,1246.3199999991332,923.1717344207374
52817,31.58775993812474,1246.3399999991332,923.1757663067777
52818,31.58775993812474,1246.3599999991332,923.179798115779
52819,31.58775993812474,1246.3799999991331,923.1838298477412
52820,31.58775993812474,1246.3999999991331,923.1878615026642
52821,31.58775993812474,1246.419999999133,923.1918930805481
52822,31.58775993812474,1246.439999999133,923.1959245813928
52823,31.58775993812474,1246.459999999133,923.1999560051983
52824,31.58775993812474,1246.479999999133,923.2039873519644
52825,31.58775993812474,1246.499999999133,923.2080186216914
52826,31.58775993812474,1246.519999999133,923.212049814379
52827,31.58775993812474,1246.539999999133,923.2160809300274
52828,31.58775993812474,1246.559999999133,923.2201119686364
52829,31.58775993812474,1246.579999999133,923.224142930206
52830,31.58775993812474,1246.599999999133,923.2281738147362
52831,31.58775993812474,1246.619999999133,923.2322046222271
52832,31.58775993812474,1246.639999999133,923.2362353526785
52833,31.58775993812474,1246.6599999991329,923.2402660060905
52834,31.58775993812474,1246.6799999991329,923.2442965824629
52835,31.58775993812474,1246.6999999991328,923.2483270817958
52836,31.58775993812474,1246.7199999991328,923.2523575040891
52837,31.58775993812474,1246.7399999991328,923.2563878493429
52838,31.58775993812474,1246.7599999991328,923.2604181175572
52839,31.58775993812474,1246.7799999991328,923.2644483087317
52840,31.58775993812474,1246.7999999991328,923.2684784228668
52841,31.58775993812474,1246.8199999991327,923.2725084599622
52842,31.58775993812474,1246.8399999991327,923.2765384200178
52843,31.58775993812474,1246.8599999991327,923.2805683030338
52844,31.58775993812474,1246.8799999991327,923.28459810901
52845,31.58775993812474,1246.8999999991327,923.2886278379464
52846,31.58775993812474,1246.9199999991326,923.292657489843
52847,31.58775993812474,1246.9399999991326,923.2966870646999
52848,31.58775993812474,1246.9599999991326,923.300716562517
52849,31.58775993812474,1246.9799999991326,923.3047459832942
52850,31.58775993812474,1246.9999999991326,923.3087753270315
52851,31.58775993812474,1247.0199999991326,923.312804593729
52852,31.58775993812474,1247.0399999991325,923.3168337833864
52853,31.58775993812474,1247.0599999991325,923.320862896004
52854,31.58775993812474,1247.0799999991325,923.3248919315815
52855,31.58775993812474,1247.0999999991325,923.3289208901191
52856,31.58775993812474,1247.1199999991325,923.3329497716167
52857,31.58775993812474,1247.1399999991324,923.3369785760741
52858,31.58775993812474,1247.1599999991324,923.3410073034914
52859,31.58775993812474,1247.1799999991324,923.3450359538687
52860,31.58775993812474,1247.1999999991324,923.3490645272058
52861,31.58775993812474,1247.2199999991324,923.3530930235028
52862,31.58775993812474,1247.2399999991324,923.3571214427595
52863,31.58775993812474,1247.2599999991323,923.3611497849762
52864,31.58775993812474,1247.2799999991323,923.3651780501526
52865,31.58775993812474,1247.2999999991323,923.3692062382887
52866,31.58775993812474,1247.3199999991323,923.3732343494383
52867,31.58775993812474,1247.3399999991323,923.3772623836705
52868,31.58775993812474,1247.3599999991322,923.381290340987
52869,31.58775993812474,1247.3799999991322,923.3853182213877
52870,31.58775993812474,1247.3999999991322,923.3893460248726
52871,31.58775993812474,1247.4199999991322,923.3933737514417
52872,31.58775993812474,1247.4399999991322,923.397401401095
52873,31.58775993812474,1247.4599999991322,923.4014289738324
52874,31.58775993812474,1247.4799999991321,923.4054564696539
52875,31.58775993812474,1247.4999999991321,923.4094838885595
52876,31.58775993812474,1247.519999999132,923.4135112305493
52877,31.58775993812474,1247.539999999132,923.417538495623
52878,31.58775993812474,1247.559999999132,923.4215656837808
52879,31.58775993812474,1247.579999999132,923.4255927950227
52880,31.58775993812474,1247.599999999132,923.4296198293484
52881,31.58775993812474,1247.619999999132,923.4336467867582
52882,31.58775993812474,1247.639999999132,923.4376736672519
52883,31.58775993812474,1247.659999999132,923.4417004708296
52884,31.58775993812474,1247.679999999132,923.4457271974911
52885,31.58775993812474,1247.699999999132,923.4497538472365
52886,31.58775993812474,1247.719999999132,923.4537804200658
52887,31.58775993812474,1247.739999999132,923.4578069159788
52888,31.58775993812474,1247.7599999991319,923.4618333349757
52889,31.58775993812474,1247.7799999991319,923.4658596770564
52890,31.58775993812474,1247.7999999991318,923.4698859422208
52891,31.58775993812474,1247.8199999991318,923.473912130469
52892,31.58775993812474,1247.8399999991318,923.4779382418009
52893,31.58775993812474,1247.8599999991318,923.4819642762164
52894,31.58775993812474,1247.8799999991318,923.4859902337157
52895,31.58775993812474,1247.8999999991318,923.4900161142986
52896,31.58775993812474,1247.9199999991317,923.4940419179651
52897,31.58775993812474,1247.9399999991317,923.4980676447152
52898,31.58775993812474,1247.9599999991317,923.5020932945489
52899,31.547115024398156,1247.9799999991317,923.5061188674662
52900,31.547115024398156,1247.9999999991317,923.5101443634669
52901,31.547115024398156,1248.0199999991316,923.5141697825512
52902,31.547115024398156,1248.0399999991316,923.518195124719
52903,31.547115024398156,1248.0599999991316,923.5222203899702
52904,31.547115024398156,1248.0799999991316,923.526245578305
52905,31.547115024398156,1248.0999999991316,923.530270689723
52906,31.547115024398156,1248.1199999991316,923.5342957242245
52907,31.547115024398156,1248.1399999991315,923.5383206818094
52908,31.547115024398156,1248.1599999991315,923.5423455624776
52909,31.547115024398156,1248.1799999991315,923.5463703662291
52910,31.547115024398156,1248.1999999991315,923.5503950930639
52911,31.547115024398156,1248.2199999991315,923.554419742982
52912,31.547115024398156,1248.2399999991314,923.5584443159834
52913,31.547115024398156,1248.2599999991314,923.5624688120679
52914,31.547115024398156,1248.2799999991314,923.5664932312357
52915,31.547115024398156,1248.2999999991314,923.5705175734867
52916,31.547115024398156,1248.3199999991314,923.5745418388208
52917,31.547115024398156,1248.3399999991314,923.5785660272905
52918,31.547115024398156,1248.3599999991313,923.5825901389504
52919,31.547115024398156,1248.3799999991313,923.5866141738005
52920,31.547115024398156,1248.3999999991313,923.5906381318408
52921,31.547115024398156,1248.4199999991313,923.5946620130712
52922,31.547115024398156,1248.4399999991313,923.5986858174919
52923,31.547115024398156,1248.4599999991312,923.6027095451026
52924,31.547115024398156,1248.4799999991312,923.6067331959034
52925,31.547115024398156,1248.4999999991312,923.6107567698944
52926,31.547115024398156,1248.5199999991312,923.6147802670754
52927,31.547115024398156,1248.5399999991312,923.6188036874464
52928,31.547115024398156,1248.5599999991312,923.6228270310075
52929,31.547115024398156,1248.5799999991311,923.6268502977587
52930,31.547115024398156,1248.5999999991311,923.6308734876998
52931,31.547115024398156,1248.619999999131,923.6348966008308
52932,31.547115024398156,1248.639999999131,923.6389196371517
52933,31.547115024398156,1248.659999999131,923.6429425966626
52934,31.547115024398156,1248.679999999131,923.6469654793633
52935,31.547115024398156,1248.699999999131,923.6509882852539
52936,31.547115024398156,1248.719999999131,923.6550110143344
52937,31.547115024398156,1248.739999999131,923.6590336666047
52938,31.547115024398156,1248.759999999131,923.6630562420648
52939,31.547115024398156,1248.779999999131,923.6670787407147
52940,31.547115024398156,1248.799999999131,923.6711011625544
52941,31.547115024398156,1248.819999999131,923.6751235075837
52942,31.547115024398156,1248.839999999131,923.6791457758028
52943,31.547115024398156,1248.8599999991309,923.6831679672116
52944,31.547115024398156,1248.8799999991309,923.6871900818101
52945,31.547115024398156,1248.8999999991308,923.6912121195982
52946,31.547115024398156,1248.9199999991308,923.6952340805759
52947,31.547115024398156,1248.9399999991308,923.6992559647432
52948,31.547115024398156,1248.9599999991308,923.7032777721001
52949,31.547115024398156,1248.9799999991308,923.7072995026466
52950,31.547115024398156,1248.9999999991308,923.7113211563826
52951,31.547115024398156,1249.0199999991307,923.7153427333081
52952,31.547115024398156,1249.0399999991307,923.7193642334232
52953,31.547115024398156,1249.0599999991307,923.7233856567277
52954,31.547115024398156,1249.0799999991307,923.7274070032216
52955,31.547115024398156,1249.0999999991307,923.731428272905
52956,31.547115024398156,1249.1199999991306,923.7354494657777
52957,31.547115024398156,1249.1399999991306,923.7394705818399
52958,31.547115024398156,1249.1599999991306,923.7434916210914
52959,31.547115024398156,1249.1799999991306,923.7475125835322
52960,31.547115024398156,1249.1999999991306,923.7515334691623
52961,31.547115024398156,1249.2199999991306,923.7555542779817
52962,31.547115024398156,1249.2399999991305,923.7595750099904
52963,31.547115024398156,1249.2599999991305,923.7635956651883
52964,31.547115024398156,1249.2799999991305,923.7676162435755
52965,31.547115024398156,1249.2999999991305,923.7716367451519
52966,31.547115024398156,1249.3199999991305,923.7756571699175
52967,31.547115024398156,1249.3399999991304,923.7796775178733
52968,31.547115024398156,1249.3599999991304,923.7836977890818
52969,31.547115024398156,1249.3799999991304,923.7877179835948
52970,31.547115024398156,1249.3999999991304,923.7917381014125
52971,31.547115024398156,1249.4199999991304,923.7957581425349
52972,31.547115024398156,1249.4399999991304,923.7997781069616
52973,31.547115024398156,1249.4599999991303,923.803797994693
52974,31.547115024398156,1249.4799999991303,923.8078178057289
52975,31.547115024398156,1249.4999999991303,923.8118375400692
52976,31.547115024398156,1249.5199999991303,923.8158571977141
52977,31.547115024398156,1249.5399999991303,923.8198767786633
52978,31.547115024398156,1249.5599999991302,923.8238962829171
52979,31.547115024398156,1249.5799999991302,923.8279157104753
52980,31.547115024398156,1249.5999999991302,923.8319350613378
52981,31.547115024398156,1249.6199999991302,923.8359543355048
52982,31.547115024398156,1249.6399999991302,923.839973532976
52983,31.547115024398156,1249.6599999991302,923.8439926537517
52984,31.547115024398156,1249.6799999991301,923.8480116978316
52985,31.547115024398156,1249.6999999991301,923.8520306652158
52986,31.547115024398156,1249.71999999913,923.8560495559043
52987,31.547115024398156,1249.73999999913,923.860068369897
52988,31.547115024398156,1249.75999999913,923.864087107194
52989,31.547115024398156,1249.77999999913,923.8681057677952
52990,31.547115024398156,1249.79999999913,923.8721243517006
52991,31.547115024398156,1249.81999999913,923.87614285891
52992,31.547115024398156,1249.83999999913,923.8801612894238
52993,31.547115024398156,1249.85999999913,923.8841796432416
52994,31.547115024398156,1249.87999999913,923.8881979203635
52995,31.547115024398156,1249.89999999913,923.8922161207895
52996,31.547115024398156,1249.91999999913,923.8962342445195
52997,31.547115024398156,1249.93999999913,923.9002522915536
52998,31.547115024398156,1249.9599999991299,923.9042702618917
52999,31.547115024398156,1249.9799999991299,923.9082881555338
53000,31.547115024398156,1249.9999999991298,923.9123059724799
53001,31.547115024398156,1250.0199999991298,923.91632371273
53002,31.547115024398156,1250.0399999991298,923.920341376284
53003,31.547115024398156,1250.0599999991298,923.9243589631419
53004,31.547115024398156,1250.0799999991298,923.9283764733037
53005,31.547115024398156,1250.0999999991297,923.9323939067694
53006,31.547115024398156,1250.1199999991297,923.936411263539
53007,31.547115024398156,1250.1399999991297,923.9404285436124
53008,31.547115024398156,1250.1599999991297,923.9444457469896
53009,31.547115024398156,1250.1799999991297,923.9484628736706
53010,31.547115024398156,1250.1999999991297,923.9524799236553
53011,31.547115024398156,1250.2199999991296,923.9564968969438
53012,31.547115024398156,1250.2399999991296,923.960513793536
53013,31.547115024398156,1250.2599999991296,923.964530613432
53014,31.547115024398156,1250.2799999991296,923.9685473566316
53015,31.547115024398156,1250.2999999991296,923.9725640231349
53016,31.547115024398156,1250.3199999991295,923.9765806129418
53017,31.547115024398156,1250.3399999991295,923.9805971260523
53018,31.547115024398156,1250.3599999991295,923.984613562469
53019,31.547115024398156,1250.3799999991295,923.9886299222596
53020,31.547115024398156,1250.3999999991295,923.9926462054696
53021,31.547115024398156,1250.4199999991295,923.9966624120988
53022,31.547115024398156,1250.4399999991294,924.0006785421472
53023,31.547115024398156,1250.4599999991294,924.0046945956148
53024,31.547115024398156,1250.4799999991294,924.0087105725015
53025,31.547115024398156,1250.4999999991294,924.0127264728075
53026,31.547115024398156,1250.5199999991294,924.0167422965326
53027,31.547115024398156,1250.5399999991293,924.0207580436769
53028,31.547115024398156,1250.5599999991293,924.0247737142403
53029,31.547115024398156,1250.5799999991293,924.0287893082227
53030,31.547115024398156,1250.5999999991293,924.0328048256242
53031,31.547115024398156,1250.6199999991293,924.0368202664448
53032,31.547115024398156,1250.6399999991293,924.0408356306845
53033,31.547115024398156,1250.6599999991292,924.0448509183432
53034,31.547115024398156,1250.6799999991292,924.0488661294208
53035,31.547115024398156,1250.6999999991292,924.0528812639175
53036,31.547115024398156,1250.7199999991292,924.056896321833
53037,31.547115024398156,1250.7399999991292,924.0609113031676
53038,31.547115024398156,1250.7599999991291,924.0649262079211
53039,31.547115024398156,1250.7799999991291,924.0689410360934
53040,31.547115024398156,1250.799999999129,924.0729557876847
53041,31.547115024398156,1250.819999999129,924.0769704626948
53042,31.547115024398156,1250.839999999129,924.0809850611238
53043,31.547115024398156,1250.859999999129,924.0849995829716
53044,31.547115024398156,1250.879999999129,924.0890140282382
53045,31.547115024398156,1250.899999999129,924.0930283969236
53046,31.547115024398156,1250.919999999129,924.0970426890278
53047,31.547115024398156,1250.939999999129,924.1010569045508
53048,31.547115024398156,1250.959999999129,924.1050710434924
53049,31.547115024398156,1250.979999999129,924.1090851058528
53050,31.547115024398156,1250.999999999129,924.1130990916319
53051,31.547115024398156,1251.019999999129,924.1171130008296
53052,31.547115024398156,1251.039999999129,924.1211268334459
53053,31.547115024398156,1251.0599999991289,924.1251405894809
53054,31.547115024398156,1251.0799999991289,924.1291542689345
53055,31.547115024398156,1251.0999999991288,924.1331678718067
53056,31.547115024398156,1251.1199999991288,924.1371813980975
53057,31.547115024398156,1251.1399999991288,924.1411948478068
53058,31.547115024398156,1251.1599999991288,924.1452082209347
53059,31.547115024398156,1251.1799999991288,924.1492215174811
53060,31.547115024398156,1251.1999999991287,924.153234737446
53061,31.547115024398156,1251.2199999991287,924.1572478808295
53062,31.547115024398156,1251.2399999991287,924.1612609476313
53063,31.547115024398156,1251.2599999991287,924.1652739378516
53064,31.547115024398156,1251.2799999991287,924.1692868514903
53065,31.547115024398156,1251.2999999991287,924.1732996885473
53066,31.547115024398156,1251.3199999991286,924.1773124490228
53067,31.547115024398156,1251.3399999991286,924.1813251329166
53068,31.547115024398156,1251.3599999991286,924.1853377402288
53069,31.547115024398156,1251.3799999991286,924.1893502709631
53070,31.547115024398156,1251.3999999991286,924.1933627251932
53071,31.547115024398156,1251.4199999991285,924.1973751029574
53072,31.547115024398156,1251.4399999991285,924.2013874042558
53073,31.547115024398156,1251.4599999991285,924.2053996290883
53074,31.547115024398156,1251.4799999991285,924.209411777455
53075,31.547115024398156,1251.4999999991285,924.2134238493558
53076,31.547115024398156,1251.5199999991285,924.2174358447907
53077,31.547115024398156,1251.5399999991284,924.2214477637596
53078,31.547115024398156,1251.5599999991284,924.2254596062626
53079,31.547115024398156,1251.5799999991284,924.2294713722996
53080,31.547115024398156,1251.5999999991284,924.2334830618706
53081,31.547115024398156,1251.6199999991284,924.2374946749757
53082,31.547115024398156,1251.6399999991283,924.2415062116147
53083,31.547115024398156,1251.6599999991283,924.2455176717878
53084,31.547115024398156,1251.6799999991283,924.2495290554947
53085,31.547115024398156,1251.6999999991283,924.2535403627356
53086,31.547115024398156,1251.7199999991283,924.2575515935105
53087,31.547115024398156,1251.7399999991283,924.2615627478192
53088,31.547115024398156,1251.7599999991282,924.2655738256618
53089,31.547115024398156,1251.7799999991282,924.2695848270383
53090,31.547115024398156,1251.7999999991282,924.2735957519486
53091,31.547115024398156,1251.8199999991282,924.2776066003928
53092,31.547115024398156,1251.8399999991282,924.2816173723708
53093,31.547115024398156,1251.8599999991281,924.2856280678825
53094,31.547115024398156,1251.8799999991281,924.289638686928
53095,31.547115024398156,1251.899999999128,924.2936492295073
53096,31.547115024398156,1251.919999999128,924.2976596956203
53097,31.547115024398156,1251.939999999128,924.301670085267
53098,31.547115024398156,1251.959999999128,924.3056803984474
53099,31.547115024398156,1251.979999999128,924.3096906351615
53100,31.547115024398156,1251.999999999128,924.3137007954092
53101,31.547115024398156,1252.019999999128,924.3177108791906
53102,31.547115024398156,1252.039999999128,924.3217208865057
53103,31.547115024398156,1252.059999999128,924.3257308173544
53104,31.547115024398156,1252.079999999128,924.3297406717367
53105,31.547115024398156,1252.099999999128,924.3337504496525
53106,31.547115024398156,1252.119999999128,924.3377601511019
53107,31.547115024398156,1252.139999999128,924.3417697760848
53108,31.547115024398156,1252.1599999991279,924.3457793246013
53109,31.547115024398156,1252.1799999991279,924.3497887966512
53110,31.547115024398156,1252.1999999991278,924.3537981922346
53111,31.547115024398156,1252.2199999991278,924.3578075113516
53112,31.547115024398156,1252.2399999991278,924.3618167540019
53113,31.547115024398156,1252.2599999991278,924.3658259201857
53114,31.547115024398156,1252.2799999991278,924.3698350099029
53115,31.547115024398156,1252.2999999991277,924.3738440231535
53116,31.547115024398156,1252.3199999991277,924.3778529599375
53117,31.547115024398156,1252.3399999991277,924.3818618202548
53118,31.547115024398156,1252.3599999991277,924.3858706041055
53119,31.547115024398156,1252.3799999991277,924.3898793114896
53120,31.547115024398156,1252.3999999991277,924.3938879424122
53121,31.547115024398156,1252.4199999991276,924.3978964969542
53122,31.547115024398156,1252.4399999991276,924.4019049751478
53123,31.547115024398156,1252.4599999991276,924.405913376993
53124,31.547115024398156,1252.4799999991276,924.4099217024899
53125,31.547115024398156,1252.4999999991276,924.4139299516384
53126,31.547115024398156,1252.5199999991275,924.4179381244384
53127,31.547115024398156,1252.5399999991275,924.4219462208899
53128,31.547115024398156,1252.5599999991275,924.4259542409931
53129,31.547115024398156,1252.5799999991275,924.4299621847476
53130,31.547115024398156,1252.5999999991275,924.4339700521538
53131,31.547115024398156,1252.6199999991275,924.4379778432113
53132,31.547115024398156,1252.6399999991274,924.4419855579204
53133,31.547115024398156,1252.6599999991274,924.4459931962808
53134,31.547115024398156,1252.6799999991274,924.4500007582927
53135,31.547115024398156,1252.6999999991274,924.4540082439561
53136,31.547115024398156,1252.7199999991274,924.4580156532708
53137,31.547115024398156,1252.7399999991273,924.4620229862368
53138,31.547115024398156,1252.7599999991273,924.4660302428542
53139,31.547115024398156,1252.7799999991273,924.470037423123
53140,31.547115024398156,1252.7999999991273,924.474044527043
53141,31.547115024398156,1252.8199999991273,924.4780515546144
53142,31.547115024398156,1252.8399999991273,924.4820585058369
53143,31.547115024398156,1252.8599999991272,924.4860653807108
53144,31.547115024398156,1252.8799999991272,924.4900721792359
53145,31.547115024398156,1252.8999999991272,924.4940789014121
53146,31.547115024398156,1252.9199999991272,924.4980855472395
53147,31.547115024398156,1252.9399999991272,924.5020921167181
53148,31.547115024398156,1252.9599999991271,924.5060986098479
53149,31.547115024398156,1252.9799999991271,924.5101050266287
53150,31.547115024398156,1252.999999999127,924.5141113670607
53151,31.547115024398156,1253.019999999127,924.5181176311437
53152,31.547115024398156,1253.039999999127,924.5221238188778
53153,31.547115024398156,1253.059999999127,924.526129930263
53154,31.547115024398156,1253.079999999127,924.5301359652992
53155,31.547115024398156,1253.099999999127,924.5341419239865
53156,31.547115024398156,1253.119999999127,924.5381478063247
53157,31.547115024398156,1253.139999999127,924.5421536123139
53158,31.547115024398156,1253.159999999127,924.546159341954
53159,31.547115024398156,1253.179999999127,924.550164995245
53160,31.547115024398156,1253.199999999127,924.554170572187
53161,31.547115024398156,1253.219999999127,924.5581760727798
53162,31.547115024398156,1253.239999999127,924.5621814970235
53163,31.547115024398156,1253.2599999991269,924.5661868449181
53164,31.547115024398156,1253.2799999991269,924.5701921164635
53165,31.547115024398156,1253.2999999991268,924.5741973116598
53166,31.547115024398156,1253.3199999991268,924.5782024305067
53167,31.547115024398156,1253.3399999991268,924.5822074730045
53168,31.547115024398156,1253.3599999991268,924.586212439153
53169,31.547115024398156,1253.3799999991268,924.5902173289522
53170,31.547115024398156,1253.3999999991267,924.5942221424023
53171,31.506557201000923,1253.4199999991267,924.5982268795098
53172,31.506557201000923,1253.4399999991267,924.6022315403618
53173,31.506557201000923,1253.4599999991267,924.606236124984
53174,31.506557201000923,1253.4799999991267,924.6102406333763
53175,31.506557201000923,1253.4999999991267,924.6142450655387
53176,31.506557201000923,1253.5199999991266,924.6182494214713
53177,31.506557201000923,1253.5399999991266,924.622253701174
53178,31.506557201000923,1253.5599999991266,924.6262579046468
53179,31.506557201000923,1253.5799999991266,924.6302620318896
53180,31.506557201000923,1253.5999999991266,924.6342660829025
53181,31.506557201000923,1253.6199999991265,924.6382700576855
53182,31.506557201000923,1253.6399999991265,924.6422739562386
53183,31.506557201000923,1253.6599999991265,924.6462777785616
53184,31.506557201000923,1253.6799999991265,924.6502815246547
53185,31.506557201000923,1253.6999999991265,924.6542851945178
53186,31.506557201000923,1253.7199999991265,924.6582887881509
53187,31.506557201000923,1253.7399999991264,924.6622923055539
53188,31.506557201000923,1253.7599999991264,924.666295746727
53189,31.506557201000923,1253.7799999991264,924.6702991116699
53190,31.506557201000923,1253.7999999991264,924.6743024003829
53191,31.506557201000923,1253.8199999991264,924.6783056128658
53192,31.506557201000923,1253.8399999991263,924.6823087491185
53193,31.506557201000923,1253.8599999991263,924.6863118091412
53194,31.506557201000923,1253.8799999991263,924.6903147929338
53195,31.506557201000923,1253.8999999991263,924.6943177004963
53196,31.506557201000923,1253.9199999991263,924.6983205318287
53197,31.506557201000923,1253.9399999991263,924.7023232869309
53198,31.506557201000923,1253.9599999991262,924.706325965803
53199,31.506557201000923,1253.9799999991262,924.7103285684449
53200,31.506557201000923,1253.9999999991262,924.7143310948567
53201,31.506557201000923,1254.0199999991262,924.7183335450383
53202,31.506557201000923,1254.0399999991262,924.7223359189896
53203,31.506557201000923,1254.0599999991261,924.7263382167108
53204,31.506557201000923,1254.0799999991261,924.7303404382018
53205,31.506557201000923,1254.099999999126,924.7343425834624
53206,31.506557201000923,1254.119999999126,924.7383446524929
53207,31.506557201000923,1254.139999999126,924.7423466452931
53208,31.506557201000923,1254.159999999126,924.746348561863
53209,31.506557201000923,1254.179999999126,924.7503504022026
53210,31.506557201000923,1254.199999999126,924.754352166312
53211,31.506557201000923,1254.219999999126,924.758353854191
53212,31.506557201000923,1254.239999999126,924.7623554658397
53213,31.506557201000923,1254.259999999126,924.766357001258
53214,31.506557201000923,1254.279999999126,924.770358460446
53215,31.506557201000923,1254.299999999126,924.7743598434037
53216,31.506557201000923,1254.319999999126,924.7783611501309
53217,31.506557201000923,1254.339999999126,924.7823623806278
53218,31.506557201000923,1254.3599999991259,924.7863635348942
53219,31.506557201000923,1254.3799999991259,924.7903646129303
53220,31.506557201000923,1254.3999999991258,924.7943656147359
53221,31.506557201000923,1254.4199999991258,924.798366540311
53222,31.506557201000923,1254.4399999991258,924.8023673896632
53223,31.506557201000923,1254.4599999991258,924.8063681628773
53224,31.506557201000923,1254.4799999991258,924.8103688599703
53225,31.506557201000923,1254.4999999991257,924.8143694809419
53226,31.506557201000923,1254.5199999991257,924.8183700257923
53227,31.506557201000923,1254.5399999991257,924.8223704945216
53228,31.506557201000923,1254.5599999991257,924.8263708871295
53229,31.506557201000923,1254.5799999991257,924.8303712036162
53230,31.506557201000923,1254.5999999991257,924.8343714439817
53231,31.506557201000923,1254.6199999991256,924.8383716082259
53232,31.506557201000923,1254.6399999991256,924.8423716963488
53233,31.506557201000923,1254.6599999991256,924.8463717083503
53234,31.506557201000923,1254.6799999991256,924.8503716442304
53235,31.506557201000923,1254.6999999991256,924.8543715039893
53236,31.506557201000923,1254.7199999991255,924.8583712876268
53237,31.506557201000923,1254.7399999991255,924.8623709951429
53238,31.506557201000923,1254.7599999991255,924.8663706265377
53239,31.506557201000923,1254.7799999991255,924.870370181811
53240,31.506557201000923,1254.7999999991255,924.874369660963
53241,31.506557201000923,1254.8199999991255,924.8783690639934
53242,31.506557201000923,1254.8399999991254,924.8823683909025
53243,31.506557201000923,1254.8599999991254,924.8863676416901
53244,31.506557201000923,1254.8799999991254,924.8903668163562
53245,31.506557201000923,1254.8999999991254,924.8943659149007
53246,31.506557201000923,1254.9199999991254,924.8983649373239
53247,31.506557201000923,1254.9399999991253,924.9023638836255
53248,31.506557201000923,1254.9599999991253,924.9063627538056
53249,31.506557201000923,1254.9799999991253,924.9103615478642
53250,31.506557201000923,1254.9999999991253,924.9143602658012
53251,31.506557201000923,1255.0199999991253,924.9183589076166
53252,31.506557201000923,1255.0399999991253,924.9223574733104
53253,31.506557201000923,1255.0599999991252,924.9263559628827
53254,31.506557201000923,1255.0799999991252,924.9303543763333
53255,31.506557201000923,1255.0999999991252,924.9343527136623
53256,31.506557201000923,1255.1199999991252,924.9383509748696
53257,31.506557201000923,1255.1399999991252,924.9423491599554
53258,31.506557201000923,1255.1599999991251,924.9463472689195
53259,31.506557201000923,1255.1799999991251,924.9503453017618
53260,31.506557201000923,1255.199999999125,924.9543432584825
53261,31.506557201000923,1255.219999999125,924.9583411390814
53262,31.506557201000923,1255.239999999125,924.9623389435586
53263,31.506557201000923,1255.259999999125,924.9663366719141
53264,31.506557201000923,1255.279999999125,924.9703343241478
53265,31.506557201000923,1255.299999999125,924.9743319002597
53266,31.506557201000923,1255.319999999125,924.9783294002499
53267,31.506557201000923,1255.339999999125,924.9823268241182
53268,31.506557201000923,1255.359999999125,924.9863241718648
53269,31.506557201000923,1255.379999999125,924.9903214434895
53270,31.506557201000923,1255.399999999125,924.9943186389925
53271,31.506557201000923,1255.419999999125,924.9983157583736
53272,31.506557201000923,1255.439999999125,925.0023128016328
53273,31.506557201000923,1255.4599999991249,925.0063097687794
53274,31.506557201000923,1255.4799999991249,925.0103066599077
53275,31.506557201000923,1255.4999999991248,925.0143034750289
53276,31.506557201000923,1255.5199999991248,925.018300214143
53277,31.506557201000923,1255.5399999991248,925.0222968772499
53278,31.506557201000923,1255.5599999991248,925.0262934643496
53279,31.506557201000923,1255.5799999991248,925.0302899754421
53280,31.506557201000923,1255.5999999991247,925.0342864105274
53281,31.506557201000923,1255.6199999991247,925.0382827696055
53282,31.506557201000923,1255.6399999991247,925.0422790526765
53283,31.506557201000923,1255.6599999991247,925.0462752597401
53284,31.506557201000923,1255.6799999991247,925.0502713907965
53285,31.506557201000923,1255.6999999991247,925.0542674458457
53286,31.506557201000923,1255.7199999991246,925.0582634248875
53287,31.506557201000923,1255.7399999991246,925.0622593279221
53288,31.506557201000923,1255.7599999991246,925.0662551549494
53289,31.506557201000923,1255.7799999991246,925.0702509059694
53290,31.506557201000923,1255.7999999991246,925.074246580982
53291,31.506557201000923,1255.8199999991245,925.0782421799873
53292,31.506557201000923,1255.8399999991245,925.0822377029853
53293,31.506557201000923,1255.8599999991245,925.0862331499759
53294,31.506557201000923,1255.8799999991245,925.0902285209592
53295,31.506557201000923,1255.8999999991245,925.094223815935
53296,31.506557201000923,1255.9199999991245,925.0982190349035
53297,31.506557201000923,1255.9399999991244,925.1022141778645
53298,31.506557201000923,1255.9599999991244,925.1062092448182
53299,31.506557201000923,1255.9799999991244,925.1102042357643
53300,31.506557201000923,1255.9999999991244,925.114199150703
53301,31.506557201000923,1256.0199999991244,925.1181939896343
53302,31.506557201000923,1256.0399999991243,925.122188752558
53303,31.506557201000923,1256.0599999991243,925.1261834394743
53304,31.506557201000923,1256.0799999991243,925.130178050383
53305,31.506557201000923,1256.0999999991243,925.1341725852843
53306,31.506557201000923,1256.1199999991243,925.1381670441781
53307,31.506557201000923,1256.1399999991243,925.1421614270644
53308,31.506557201000923,1256.1599999991242,925.146155733943
53309,31.506557201000923,1256.1799999991242,925.1501499648142
53310,31.506557201000923,1256.1999999991242,925.1541441196778
53311,31.506557201000923,1256.2199999991242,925.1581381985337
53312,31.506557201000923,1256.2399999991242,925.1621322013821
53313,31.506557201000923,1256.2599999991241,925.1661261282228
53314,31.506557201000923,1256.2799999991241,925.1701199790559
53315,31.506557201000923,1256.299999999124,925.1741137538814
53316,31.506557201000923,1256.319999999124,925.1781074526992
53317,31.506557201000923,1256.339999999124,925.1821010755094
53318,31.506557201000923,1256.359999999124,925.1860946223119
53319,31.506557201000923,1256.379999999124,925.1900880931067
53320,31.506557201000923,1256.399999999124,925.1940814878939
53321,31.506557201000923,1256.419999999124,925.1980748066733
53322,31.506557201000923,1256.439999999124,925.202068049445
53323,31.506557201000923,1256.459999999124,925.2060612162089
53324,31.506557201000923,1256.479999999124,925.2100543069799
53325,31.506557201000923,1256.499999999124,925.2140473218494
53326,31.506557201000923,1256.519999999124,925.218040260826
53327,31.506557201000923,1256.539999999124,925.2220331239096
53328,31.506557201000923,1256.5599999991239,925.2260259111001
53329,31.506557201000923,1256.5799999991239,925.2300186223977
53330,31.506557201000923,1256.5999999991238,925.2340112578022
53331,31.506557201000923,1256.6199999991238,925.2380038173137
53332,31.506557201000923,1256.6399999991238,925.2419963009322
53333,31.506557201000923,1256.6599999991238,925.2459887086577
53334,31.506557201000923,1256.6799999991238,925.2499810404901
53335,31.506557201000923,1256.6999999991237,925.2539732964294
53336,31.506557201000923,1256.7199999991237,925.2579654764758
53337,31.506557201000923,1256.7399999991237,925.261957580629
53338,31.506557201000923,1256.7599999991237,925.2659496088891
53339,31.506557201000923,1256.7799999991237,925.269941561256
53340,31.506557201000923,1256.7999999991237,925.2739334377299
53341,31.506557201000923,1256.8199999991236,925.2779252383106
53342,31.506557201000923,1256.8399999991236,925.2819169629981
53343,31.506557201000923,1256.8599999991236,925.2859086117926
53344,31.506557201000923,1256.8799999991236,925.2899001846939
53345,31.506557201000923,1256.8999999991236,925.293891681702
53346,31.506557201000923,1256.9199999991235,925.297883102817
53347,31.506557201000923,1256.9399999991235,925.3018744480387
53348,31.506557201000923,1256.9599999991235,925.3058657173673
53349,31.506557201000923,1256.9799999991235,925.3098569108026
53350,31.506557201000923,1256.9999999991235,925.3138480283448
53351,31.506557201000923,1257.0199999991235,925.3178390699936
53352,31.506557201000923,1257.0399999991234,925.3218300357493
53353,31.506557201000923,1257.0599999991234,925.3258209256117
53354,31.506557201000923,1257.0799999991234,925.3298117395808
53355,31.506557201000923,1257.0999999991234,925.3338024776566
53356,31.506557201000923,1257.1199999991234,925.3377931398392
53357,31.506557201000923,1257.1399999991233,925.3417837261284
53358,31.506557201000923,1257.1599999991233,925.3457742365243
53359,31.506557201000923,1257.1799999991233,925.349764671027
53360,31.506557201000923,1257.1999999991233,925.3537550296362
53361,31.506557201000923,1257.2199999991233,925.3577453123521
53362,31.506557201000923,1257.2399999991233,925.3617355191747
53363,31.506557201000923,1257.2599999991232,925.3657256501039
53364,31.506557201000923,1257.2799999991232,925.3697157051397
53365,31.506557201000923,1257.2999999991232,925.3737056842821
53366,31.506557201000923,1257.3199999991232,925.3776955875311
53367,31.506557201000923,1257.3399999991232,925.3816854148866
53368,31.506557201000923,1257.3599999991231,925.3856751663488
53369,31.506557201000923,1257.3799999991231,925.3896648419176
53370,31.506557201000923,1257.399999999123,925.3936544415928
53371,31.506557201000923,1257.419999999123,925.3976439653746
53372,31.506557201000923,1257.439999999123,925.401633413263
53373,31.506557201000923,1257.459999999123,925.4056227852578
53374,31.506557201000923,1257.479999999123,925.4096120813592
53375,31.506557201000923,1257.499999999123,925.4136013015886
53376,31.506557201000923,1257.519999999123,925.4175904460322
53377,31.506557201000923,1257.539999999123,925.4215795146972
53378,31.506557201000923,1257.559999999123,925.4255685075835
53379,31.506557201000923,1257.579999999123,925.4295574246911
53380,31.506557201000923,1257.599999999123,925.43354626602
53381,31.506557201000923,1257.619999999123,925.4375350315702
53382,31.506557201000923,1257.639999999123,925.4415237213417
53383,31.506557201000923,1257.6599999991229,925.4455123353345
53384,31.506557201000923,1257.6799999991229,925.4495008735485
53385,31.506557201000923,1257.6999999991228,925.4534893359837
53386,31.506557201000923,1257.7199999991228,925.4574777226402
53387,31.506557201000923,1257.7399999991228,925.4614660335179
53388,31.506557201000923,1257.7599999991228,925.4654542686169
53389,31.506557201000923,1257.7799999991228,925.4694424279371
53390,31.506557201000923,1257.7999999991227,925.4734305114786
53391,31.506557201000923,1257.8199999991227,925.4774185192412
53392,31.506557201000923,1257.8399999991227,925.481406451225
53393,31.506557201000923,1257.8599999991227,925.4853943074299
53394,31.506557201000923,1257.8799999991227,925.4893820878561
53395,31.506557201000923,1257.8999999991227,925.4933697925035
53396,31.506557201000923,1257.9199999991226,925.4973574213719
53397,31.506557201000923,1257.9399999991226,925.5013449744616
53398,31.506557201000923,1257.9599999991226,925.5053324517725
53399,31.506557201000923,1257.9799999991226,925.5093198533044
53400,31.506557201000923,1257.9999999991226,925.5133071790575
53401,31.506557201000923,1258.0199999991225,925.5172944290316
53402,31.506557201000923,1258.0399999991225,925.5212816032268
53403,31.506557201000923,1258.0599999991225,925.5252687016432
53404,31.506557201000923,1258.0799999991225,925.5292557242806
53405,31.506557201000923,1258.0999999991225,925.5332426711391
53406,31.506557201000923,1258.1199999991225,925.5372295422186
53407,31.506557201000923,1258.1399999991224,925.5412163375192
53408,31.506557201000923,1258.1599999991224,925.5452030570409
53409,31.506557201000923,1258.1799999991224,925.5491897007836
53410,31.506557201000923,1258.1999999991224,925.5531762687473
53411,31.506557201000923,1258.2199999991224,925.557162760932
53412,31.506557201000923,1258.2399999991223,925.5611491773377
53413,31.506557201000923,1258.2599999991223,925.5651355179644
53414,31.506557201000923,1258.2799999991223,925.5691217828122
53415,31.506557201000923,1258.2999999991223,925.573107971881
53416,31.506557201000923,1258.3199999991223,925.5770940851706
53417,31.506557201000923,1258.3399999991223,925.5810801226813
53418,31.506557201000923,1258.3599999991222,925.5850660844129
53419,31.506557201000923,1258.3799999991222,925.5890519703654
53420,31.506557201000923,1258.3999999991222,925.5930377805389
53421,31.506557201000923,1258.4199999991222,925.5970235149333
53422,31.506557201000923,1258.4399999991222,925.6010091735486
53423,31.506557201000923,1258.4599999991221,925.6049947563848
53424,31.506557201000923,1258.4799999991221,925.6089802634419
53425,31.506557201000923,1258.499999999122,925.61296569472
53426,31.506557201000923,1258.519999999122,925.616951050249
53427,31.506557201000923,1258.539999999122,925.6209363301148
53428,31.506557201000923,1258.559999999122,925.6249215343236
53429,31.506557201000923,1258.579999999122,925.6289066628754
53430,31.506557201000923,1258.599999999122,925.63289171577
53431,31.506557201000923,1258.619999999122,925.6368766930077
53432,31.506557201000923,1258.639999999122,925.6408615945883
53433,31.506557201000923,1258.659999999122,925.6448464205118
53434,31.506557201000923,1258.679999999122,925.6488311707783
53435,31.506557201000923,1258.699999999122,925.6528158453877
53436,31.506557201000923,1258.719999999122,925.6568004443401
53437,31.506557201000923,1258.739999999122,925.6607849676353
53438,31.506557201000923,1258.7599999991219,925.6647694152734
53439,31.506557201000923,1258.7799999991219,925.6687537872546
53440,31.506557201000923,1258.7999999991218,925.6727380835786
53441,31.506557201000923,1258.8199999991218,925.6767223042455
53442,31.506557201000923,1258.8399999991218,925.6807064492552
53443,31.466086206903512,1258.8599999991218,925.6846905186078
53444,31.466086206903512,1258.8799999991218,925.6886745123032
53445,31.466086206903512,1258.8999999991217,925.6926584303416
53446,31.466086206903512,1258.9199999991217,925.6966422727228
53447,31.466086206903512,1258.9399999991217,925.7006260394468
53448,31.466086206903512,1258.9599999991217,925.7046097305137
53449,31.466086206903512,1258.9799999991217,925.7085933459233
53450,31.466086206903512,1258.9999999991217,925.7125768856758
53451,31.466086206903512,1259.0199999991216,925.7165603497712
53452,31.466086206903512,1259.0399999991216,925.7205437382092
53453,31.466086206903512,1259.0599999991216,925.7245270509902
53454,31.466086206903512,1259.0799999991216,925.728510288114
53455,31.466086206903512,1259.0999999991216,925.7324934495805
53456,31.466086206903512,1259.1199999991215,925.7364765353898
53457,31.466086206903512,1259.1399999991215,925.7404595455419
53458,31.466086206903512,1259.1599999991215,925.7444424800367
53459,31.466086206903512,1259.1799999991215,925.7484253388742
53460,31.466086206903512,1259.1999999991215,925.7524081220545
53461,31.466086206903512,1259.2199999991215,925.7563908295775
53462,31.466086206903512,1259.2399999991214,925.7603734614434
53463,31.466086206903512,1259.2599999991214,925.7643560176518
53464,31.466086206903512,1259.2799999991214,925.7683384982031
53465,31.466086206903512,1259.2999999991214,925.772320903097
53466,31.466086206903512,1259.3199999991214,925.7763032323337
53467,31.466086206903512,1259.3399999991213,925.780285485913
53468,31.466086206903512,1259.3599999991213,925.7842676638351
53469,31.466086206903512,1259.3799999991213,925.7882497660997
53470,31.466086206903512,1259.3999999991213,925.7922317927071
53471,31.466086206903512,1259.4199999991213,925.7962137436571
53472,31.466086206903512,1259.4399999991213,925.8001956189497
53473,31.466086206903512,1259.4599999991212,925.804177418585
53474,31.466086206903512,1259.4799999991212,925.808159142563
53475,31.466086206903512,1259.4999999991212,925.8121407908836
53476,31.466086206903512,1259.5199999991212,925.8161223635469
53477,31.466086206903512,1259.5399999991212,925.8201038605852
53478,31.466086206903512,1259.5599999991211,925.8240852820679
53479,31.466086206903512,1259.5799999991211,925.8280666279992
53480,31.466086206903512,1259.599999999121,925.832047898379
53481,31.466086206903512,1259.619999999121,925.8360290932073
53482,31.466086206903512,1259.639999999121,925.8400102124842
53483,31.466086206903512,1259.659999999121,925.8439912562096
53484,31.466086206903512,1259.679999999121,925.8479722243835
53485,31.466086206903512,1259.699999999121,925.8519531170059
53486,31.466086206903512,1259.719999999121,925.8559339340768
53487,31.466086206903512,1259.739999999121,925.8599146755962
53488,31.466086206903512,1259.759999999121,925.8638953415641
53489,31.466086206903512,1259.779999999121,925.8678759319805
53490,31.466086206903512,1259.799999999121,925.8718564468454
53491,31.466086206903512,1259.819999999121,925.8758368861588
53492,31.466086206903512,1259.839999999121,925.8798172499207
53493,31.466086206903512,1259.8599999991209,925.883797538131
53494,31.466086206903512,1259.8799999991209,925.8877777507898
53495,31.466086206903512,1259.8999999991208,925.8917578878971
53496,31.466086206903512,1259.9199999991208,925.8957379494528
53497,31.466086206903512,1259.9399999991208,925.899717935457
53498,31.466086206903512,1259.9599999991208,925.9036978459096
53499,31.466086206903512,1259.9799999991208,925.9076776808107
53500,31.466086206903512,1259.9999999991207,925.9116574401602
53501,31.466086206903512,1260.0199999991207,925.915637123958
53502,31.466086206903512,1260.0399999991207,925.9196167322044
53503,31.466086206903512,1260.0599999991207,925.9235962648992
53504,31.466086206903512,1260.0799999991207,925.9275757220423
53505,31.466086206903512,1260.0999999991207,925.9315551036339
53506,31.466086206903512,1260.1199999991206,925.9355344096738
53507,31.466086206903512,1260.1399999991206,925.9395136401621
53508,31.466086206903512,1260.1599999991206,925.9434927950988
53509,31.466086206903512,1260.1799999991206,925.9474718744839
53510,31.466086206903512,1260.1999999991206,925.9514508783174
53511,31.466086206903512,1260.2199999991205,925.9554298065992
53512,31.466086206903512,1260.2399999991205,925.9594086593295
53513,31.466086206903512,1260.2599999991205,925.9633874365081
53514,31.466086206903512,1260.2799999991205,925.967366138135
53515,31.466086206903512,1260.2999999991205,925.9713447642104
53516,31.466086206903512,1260.3199999991205,925.975323314734
53517,31.466086206903512,1260.3399999991204,925.979301789706
53518,31.466086206903512,1260.3599999991204,925.9832801891264
53519,31.466086206903512,1260.3799999991204,925.987258512995
53520,31.466086206903512,1260.3999999991204,925.991236761312
53521,31.466086206903512,1260.4199999991204,925.9952149340774
53522,31.466086206903512,1260.4399999991203,925.9991930312909
53523,31.466086206903512,1260.4599999991203,926.0031710529529
53524,31.466086206903512,1260.4799999991203,926.0071489990631
53525,31.466086206903512,1260.4999999991203,926.0111268696216
53526,31.466086206903512,1260.5199999991203,926.0151046646284
53527,31.466086206903512,1260.5399999991203,926.0190823840835
53528,31.466086206903512,1260.5599999991202,926.0230600280282
53529,31.466086206903512,1260.5799999991202,926.0270375965316
53530,31.466086206903512,1260.5999999991202,926.0310150895967
53531,31.466086206903512,1260.6199999991202,926.0349925072236
53532,31.466086206903512,1260.6399999991202,926.0389698494122
53533,31.466086206903512,1260.6599999991201,926.0429471161625
53534,31.466086206903512,1260.6799999991201,926.0469243074746
53535,31.466086206903512,1260.69999999912,926.0509014233483
53536,31.466086206903512,1260.71999999912,926.0548784637837
53537,31.466086206903512,1260.73999999912,926.0588554287808
53538,31.466086206903512,1260.75999999912,926.0628323183396
53539,31.466086206903512,1260.77999999912,926.0668091324601
53540,31.466086206903512,1260.79999999912,926.0707858711423
53541,31.466086206903512,1260.81999999912,926.0747625343862
53542,31.466086206903512,1260.83999999912,926.0787391221918
53543,31.466086206903512,1260.85999999912,926.082715634559
53544,31.466086206903512,1260.87999999912,926.086692071488
53545,31.466086206903512,1260.89999999912,926.0906684329785
53546,31.466086206903512,1260.91999999912,926.0946447190308
53547,31.466086206903512,1260.93999999912,926.0986209296448
53548,31.466086206903512,1260.9599999991199,926.1025970648203
53549,31.466086206903512,1260.9799999991199,926.1065731245576
53550,31.466086206903512,1260.9999999991198,926.1105491088565
53551,31.466086206903512,1261.0199999991198,926.114525017717
53552,31.466086206903512,1261.0399999991198,926.1185008511392
53553,31.466086206903512,1261.0599999991198,926.122476609123
53554,31.466086206903512,1261.0799999991198,926.1264522916686
53555,31.466086206903512,1261.0999999991197,926.1304278987757
53556,31.466086206903512,1261.1199999991197,926.1344034304444
53557,31.466086206903512,1261.1399999991197,926.1383788866748
53558,31.466086206903512,1261.1599999991197,926.1423542674668
53559,31.466086206903512,1261.1799999991197,926.1463295728204
53560,31.466086206903512,1261.1999999991197,926.1503048027356
53561,31.466086206903512,1261.2199999991196,926.1542799572125
53562,31.466086206903512,1261.2399999991196,926.1582550362509
53563,31.466086206903512,1261.2599999991196,926.162230039851
53564,31.466086206903512,1261.2799999991196,926.1662049680126
53565,31.466086206903512,1261.2999999991196,926.1701798207358
53566,31.466086206903512,1261.3199999991195,926.1741545980207
53567,31.466086206903512,1261.3399999991195,926.1781292998671
53568,31.466086206903512,1261.3599999991195,926.1821039262751
53569,31.466086206903512,1261.3799999991195,926.1860784772447
53570,31.466086206903512,1261.3999999991195,926.1900529527759
53571,31.466086206903512,1261.4199999991195,926.1940273528686
53572,31.466086206903512,1261.4399999991194,926.1980016775229
53573,31.466086206903512,1261.4599999991194,926.2019759267388
53574,31.466086206903512,1261.4799999991194,926.2059501005162
53575,31.466086206903512,1261.4999999991194,926.2099241988552
53576,31.466086206903512,1261.5199999991194,926.2138982217558
53577,31.466086206903512,1261.5399999991193,926.2178721692179
53578,31.466086206903512,1261.5599999991193,926.2218460412415
53579,31.466086206903512,1261.5799999991193,926.2258198378748
53580,31.466086206903512,1261.5999999991193,926.2297935591814
53581,31.466086206903512,1261.6199999991193,926.2337672051631
53582,31.466086206903512,1261.6399999991193,926.2377407758198
53583,31.466086206903512,1261.6599999991192,926.2417142711516
53584,31.466086206903512,1261.6799999991192,926.2456876911585
53585,31.466086206903512,1261.6999999991192,926.2496610358404
53586,31.466086206903512,1261.7199999991192,926.2536343051974
53587,31.466086206903512,1261.7399999991192,926.2576074992294
53588,31.466086206903512,1261.7599999991191,926.2615806179365
53589,31.466086206903512,1261.7799999991191,926.2655536613186
53590,31.466086206903512,1261.799999999119,926.2695266293757
53591,31.466086206903512,1261.819999999119,926.273499522108
53592,31.466086206903512,1261.839999999119,926.2774723395152
53593,31.466086206903512,1261.859999999119,926.2814450815974
53594,31.466086206903512,1261.879999999119,926.2854177483548
53595,31.466086206903512,1261.899999999119,926.2893903397871
53596,31.466086206903512,1261.919999999119,926.2933628558945
53597,31.466086206903512,1261.939999999119,926.2973352966769
53598,31.466086206903512,1261.959999999119,926.3013076621344
53599,31.466086206903512,1261.979999999119,926.3052799522669
53600,31.466086206903512,1261.999999999119,926.3092521670744
53601,31.466086206903512,1262.019999999119,926.313224306557
53602,31.466086206903512,1262.039999999119,926.3171963707146
53603,31.466086206903512,1262.0599999991189,926.3211683595472
53604,31.466086206903512,1262.0799999991189,926.3251402730548
53605,31.466086206903512,1262.0999999991188,926.3291121112375
53606,31.466086206903512,1262.1199999991188,926.3330838740951
53607,31.466086206903512,1262.1399999991188,926.3370555616277
53608,31.466086206903512,1262.1599999991188,926.3410271738354
53609,31.466086206903512,1262.1799999991188,926.3449987107181
53610,31.466086206903512,1262.1999999991187,926.3489701722757
53611,31.466086206903512,1262.2199999991187,926.3529415585084
53612,31.466086206903512,1262.2399999991187,926.3569128694161
53613,31.466086206903512,1262.2599999991187,926.3608841049987
53614,31.466086206903512,1262.2799999991187,926.3648552652564
53615,31.466086206903512,1262.2999999991187,926.3688263501891
53616,31.466086206903512,1262.3199999991186,926.3727973597968
53617,31.466086206903512,1262.3399999991186,926.3767682940794
53618,31.466086206903512,1262.3599999991186,926.3807391530371
53619,31.466086206903512,1262.3799999991186,926.3847099366698
53620,31.466086206903512,1262.3999999991186,926.3886806449774
53621,31.466086206903512,1262.4199999991185,926.39265127796
53622,31.466086206903512,1262.4399999991185,926.3966218356176
53623,31.466086206903512,1262.4599999991185,926.4005923179501
53624,31.466086206903512,1262.4799999991185,926.4045627249577
53625,31.466086206903512,1262.4999999991185,926.4085330566403
53626,31.466086206903512,1262.5199999991185,926.4125033129978
53627,31.466086206903512,1262.5399999991184,926.4164734940304
53628,31.466086206903512,1262.5599999991184,926.4204435997378
53629,31.466086206903512,1262.5799999991184,926.4244136301203
53630,31.466086206903512,1262.5999999991184,926.4283835852325
53631,31.466086206903512,1262.6199999991184,926.4323534651329
53632,31.466086206903512,1262.6399999991183,926.4363232698219
53633,31.466086206903512,1262.6599999991183,926.4402929992993
53634,31.466086206903512,1262.6799999991183,926.4442626535654
53635,31.466086206903512,1262.6999999991183,926.44823223262
53636,31.466086206903512,1262.7199999991183,926.452201736463
53637,31.466086206903512,1262.7399999991183,926.4561711650947
53638,31.466086206903512,1262.7599999991182,926.460140518515
53639,31.466086206903512,1262.7799999991182,926.4641097967238
53640,31.466086206903512,1262.7999999991182,926.4680789997212
53641,31.466086206903512,1262.8199999991182,926.4720481275072
53642,31.466086206903512,1262.8399999991182,926.4760171800816
53643,31.466086206903512,1262.8599999991181,926.4799861574446
53644,31.466086206903512,1262.8799999991181,926.4839550595962
53645,31.466086206903512,1262.899999999118,926.4879238865364
53646,31.466086206903512,1262.919999999118,926.4918926382651
53647,31.466086206903512,1262.939999999118,926.4958613147824
53648,31.466086206903512,1262.959999999118,926.4998299160882
53649,31.466086206903512,1262.979999999118,926.5037984421825
53650,31.466086206903512,1262.999999999118,926.5077668930654
53651,31.466086206903512,1263.019999999118,926.5117352687369
53652,31.466086206903512,1263.039999999118,926.5157035691968
53653,31.466086206903512,1263.059999999118,926.5196717944453
53654,31.466086206903512,1263.079999999118,926.5236399444825
53655,31.466086206903512,1263.099999999118,926.5276080193082
53656,31.466086206903512,1263.119999999118,926.5315760189225
53657,31.466086206903512,1263.139999999118,926.5355439433253
53658,31.466086206903512,1263.1599999991179,926.5395117925166
53659,31.466086206903512,1263.1799999991179,926.5434795664964
53660,31.466086206903512,1263.1999999991178,926.5474472652649
53661,31.466086206903512,1263.2199999991178,926.5514148888218
53662,31.466086206903512,1263.2399999991178,926.5553824371673
53663,31.466086206903512,1263.2599999991178,926.5593499103013
53664,31.466086206903512,1263.2799999991178,926.5633173082239
53665,31.466086206903512,1263.2999999991177,926.5672846309351
53666,31.466086206903512,1263.3199999991177,926.5712518784349
53667,31.466086206903512,1263.3399999991177,926.5752190507231
53668,31.466086206903512,1263.3599999991177,926.5791861478
53669,31.466086206903512,1263.3799999991177,926.5831531696654
53670,31.466086206903512,1263.3999999991177,926.5871201163193
53671,31.466086206903512,1263.4199999991176,926.5910869877617
53672,31.466086206903512,1263.4399999991176,926.5950537839927
53673,31.466086206903512,1263.4599999991176,926.5990205050123
53674,31.466086206903512,1263.4799999991176,926.6029871508204
53675,31.466086206903512,1263.4999999991176,926.606953721417
53676,31.466086206903512,1263.5199999991175,926.6109202168021
53677,31.466086206903512,1263.5399999991175,926.6148866369758
53678,31.466086206903512,1263.5599999991175,926.6188529819381
53679,31.466086206903512,1263.5799999991175,926.6228192516888
53680,31.466086206903512,1263.5999999991175,926.6267854462292
53681,31.466086206903512,1263.6199999991175,926.6307515656238
53682,31.466086206903512,1263.6399999991174,926.6347176099281
53683,31.466086206903512,1263.6599999991174,926.6386835791423
53684,31.466086206903512,1263.6799999991174,926.6426494732661
53685,31.466086206903512,1263.6999999991174,926.6466152922999
53686,31.466086206903512,1263.7199999991174,926.6505810362434
53687,31.466086206903512,1263.7399999991173,926.6545467050965
53688,31.466086206903512,1263.7599999991173,926.6585122988596
53689,31.466086206903512,1263.7799999991173,926.6624778175324
53690,31.466086206903512,1263.7999999991173,926.666443261115
53691,31.466086206903512,1263.8199999991173,926.6704086296074
53692,31.466086206903512,1263.8399999991173,926.6743739230096
53693,31.466086206903512,1263.8599999991172,926.6783391413217
53694,31.466086206903512,1263.8799999991172,926.6823042845434
53695,31.466086206903512,1263.8999999991172,926.686269352675
53696,31.466086206903512,1263.9199999991172,926.6902343457164
53697,31.466086206903512,1263.9399999991172,926.6941992636675
53698,31.466086206903512,1263.9599999991171,926.6981641065286
53699,31.466086206903512,1263.9799999991171,926.7021288742993
53700,31.466086206903512,1263.999999999117,926.7060935669799
53701,31.466086206903512,1264.019999999117,926.7100581845704
53702,31.466086206903512,1264.039999999117,926.7140227270705
53703,31.466086206903512,1264.059999999117,926.7179871944805
53704,31.466086206903512,1264.079999999117,926.7219515868004
53705,31.466086206903512,1264.099999999117,926.7259159040301
53706,31.466086206903512,1264.119999999117,926.7298801461695
53707,31.466086206903512,1264.139999999117,926.7338443132188
53708,31.466086206903512,1264.159999999117,926.7378084051779
53709,31.466086206903512,1264.179999999117,926.7417724220469
53710,31.466086206903512,1264.199999999117,926.7457363638257
53711,31.466086206903512,1264.219999999117,926.7497002305142
53712,31.466086206903512,1264.239999999117,926.7536640221126
53713,31.466086206903512,1264.2599999991169,926.7576277386208
53714,31.466086206903512,1264.2799999991169,926.7615913800389
53715,31.466086206903512,1264.2999999991168,926.7655549463668
53716,31.466086206903512,1264.3199999991168,926.7695184376046
53717,31.42570178208146,1264.3399999991168,926.7734818537522
53718,31.42570178208146,1264.3599999991168,926.7774451948096
53719,31.42570178208146,1264.3799999991168,926.7814084607769
53720,31.42570178208146,1264.3999999991167,926.785371651654
53721,31.42570178208146,1264.4199999991167,926.789334767441
53722,31.42570178208146,1264.4399999991167,926.7932978081378
53723,31.42570178208146,1264.4599999991167,926.7972607737444
53724,31.42570178208146,1264.4799999991167,926.8012236642608
53725,31.42570178208146,1264.4999999991167,926.8051864796871
53726,31.42570178208146,1264.5199999991166,926.8091492200233
53727,31.42570178208146,1264.5399999991166,926.8131118852693
53728,31.42570178208146,1264.5599999991166,926.8170744754252
53729,31.42570178208146,1264.5799999991166,926.8210369904909
53730,31.42570178208146,1264.5999999991166,926.8249994304665
53731,31.42570178208146,1264.6199999991165,926.828961795354
53732,31.42570178208146,1264.6399999991165,926.8329240852141
53733,31.42570178208146,1264.6599999991165,926.8368863000888
53734,31.42570178208146,1264.6799999991165,926.840848439978
53735,31.42570178208146,1264.6999999991165,926.8448105048817
53736,31.42570178208146,1264.7199999991165,926.8487724947998
53737,31.42570178208146,1264.7399999991164,926.8527344097325
53738,31.42570178208146,1264.7599999991164,926.8566962496797
53739,31.42570178208146,1264.7799999991164,926.8606580146413
53740,31.42570178208146,1264.7999999991164,926.8646197046174
53741,31.42570178208146,1264.8199999991164,926.8685813196081
53742,31.42570178208146,1264.8399999991163,926.8725428596133
53743,31.42570178208146,1264.8599999991163,926.876504324633
53744,31.42570178208146,1264.8799999991163,926.8804657146671
53745,31.42570178208146,1264.8999999991163,926.8844270297159
53746,31.42570178208146,1264.9199999991163,926.8883882697792
53747,31.42570178208146,1264.9399999991163,926.8923494348569
53748,31.42570178208146,1264.9599999991162,926.8963105249492
53749,31.42570178208146,1264.9799999991162,926.900271540056
53750,31.42570178208146,1264.9999999991162,926.9042324801774
53751,31.42570178208146,1265.0199999991162,926.9081933453133
53752,31.42570178208146,1265.0399999991162,926.9121541354638
53753,31.42570178208146,1265.0599999991161,926.9161148506288
53754,31.42570178208146,1265.0799999991161,926.9200754908084
53755,31.42570178208146,1265.099999999116,926.9240360560025
53756,31.42570178208146,1265.119999999116,926.9279965462111
53757,31.42570178208146,1265.139999999116,926.9319569614344
53758,31.42570178208146,1265.159999999116,926.9359173016721
53759,31.42570178208146,1265.179999999116,926.9398775669245
53760,31.42570178208146,1265.199999999116,926.9438377571913
53761,31.42570178208146,1265.219999999116,926.9477978724728
53762,31.42570178208146,1265.239999999116,926.9517579127689
53763,31.42570178208146,1265.259999999116,926.9557178780796
53764,31.42570178208146,1265.279999999116,926.9596777684047
53765,31.42570178208146,1265.299999999116,926.9636375837446
53766,31.42570178208146,1265.319999999116,926.967597324099
53767,31.42570178208146,1265.339999999116,926.9715569894679
53768,31.42570178208146,1265.3599999991159,926.9755165798515
53769,31.42570178208146,1265.3799999991159,926.9794760952497
53770,31.42570178208146,1265.3999999991158,926.9834355356624
53771,31.42570178208146,1265.4199999991158,926.9873949010897
53772,31.42570178208146,1265.4399999991158,926.9913541915316
53773,31.42570178208146,1265.4599999991158,926.9953134069882
53774,31.42570178208146,1265.4799999991158,926.9992725474593
53775,31.42570178208146,1265.4999999991157,927.0032316129451
53776,31.42570178208146,1265.5199999991157,927.0071906034456
53777,31.42570178208146,1265.5399999991157,927.0111495189606
53778,31.42570178208146,1265.5599999991157,927.0151083594902
53779,31.42570178208146,1265.5799999991157,927.0190671250344
53780,31.42570178208146,1265.5999999991157,927.0230258155933
53781,31.42570178208146,1265.6199999991156,927.0269844311669
53782,31.42570178208146,1265.6399999991156,927.0309429717586
53783,31.42570178208146,1265.6599999991156,927.034901437439
53784,31.42570178208146,1265.6799999991156,927.0388598282464
53785,31.42570178208146,1265.6999999991156,927.0428181441806
53786,31.42570178208146,1265.7199999991155,927.0467763852419
53787,31.42570178208146,1265.7399999991155,927.0507345514301
53788,31.42570178208146,1265.7599999991155,927.0546926427453
53789,31.42570178208146,1265.7799999991155,927.0586506591874
53790,31.42570178208146,1265.7999999991155,927.0626086007564
53791,31.42570178208146,1265.8199999991155,927.0665664674525
53792,31.42570178208146,1265.8399999991154,927.0705242592755
53793,31.42570178208146,1265.8599999991154,927.0744819762256
53794,31.42570178208146,1265.8799999991154,927.0784396183026
53795,31.42570178208146,1265.8999999991154,927.0823971855066
53796,31.42570178208146,1265.9199999991154,927.0863546778376
53797,31.42570178208146,1265.9399999991153,927.0903120952955
53798,31.42570178208146,1265.9599999991153,927.0942694378805
53799,31.42570178208146,1265.9799999991153,927.0982267055924
53800,31.42570178208146,1265.9999999991153,927.1021838984315
53801,31.42570178208146,1266.0199999991153,927.1061410163975
53802,31.42570178208146,1266.0399999991153,927.1100980594905
53803,31.42570178208146,1266.0599999991152,927.1140550277106
53804,31.42570178208146,1266.0799999991152,927.1180119210577
53805,31.42570178208146,1266.0999999991152,927.1219687395319
53806,31.42570178208146,1266.1199999991152,927.1259254831331
53807,31.42570178208146,1266.1399999991152,927.1298821518614
53808,31.42570178208146,1266.1599999991151,927.1338387457166
53809,31.42570178208146,1266.1799999991151,927.137795264699
53810,31.42570178208146,1266.199999999115,927.1417517088084
53811,31.42570178208146,1266.219999999115,927.1457080780449
53812,31.42570178208146,1266.239999999115,927.1496643724084
53813,31.42570178208146,1266.259999999115,927.1536205918991
53814,31.42570178208146,1266.279999999115,927.1575767365168
53815,31.42570178208146,1266.299999999115,927.1615328062617
53816,31.42570178208146,1266.319999999115,927.1654888011335
53817,31.42570178208146,1266.339999999115,927.1694447211324
53818,31.42570178208146,1266.359999999115,927.1734005662585
53819,31.42570178208146,1266.379999999115,927.1773563365116
53820,31.42570178208146,1266.399999999115,927.1813120318919
53821,31.42570178208146,1266.419999999115,927.1852676523994
53822,31.42570178208146,1266.439999999115,927.1892231980339
53823,31.42570178208146,1266.4599999991149,927.1931786687956
53824,31.42570178208146,1266.4799999991149,927.1971340646843
53825,31.42570178208146,1266.4999999991148,927.2010893857002
53826,31.42570178208146,1266.5199999991148,927.2050446318433
53827,31.42570178208146,1266.5399999991148,927.2089998031134
53828,31.42570178208146,1266.5599999991148,927.2129548995108
53829,31.42570178208146,1266.5799999991148,927.2169099210353
53830,31.42570178208146,1266.5999999991147,927.2208648676869
53831,31.42570178208146,1266.6199999991147,927.2248197394657
53832,31.42570178208146,1266.6399999991147,927.2287745363717
53833,31.42570178208146,1266.6599999991147,927.2327292584097
53834,31.42570178208146,1266.6799999991147,927.2366839056557
53835,31.42570178208146,1266.6999999991147,927.2406384781414
53836,31.42570178208146,1266.7199999991146,927.2445929758667
53837,31.42570178208146,1266.7399999991146,927.2485473988316
53838,31.42570178208146,1266.7599999991146,927.2525017470363
53839,31.42570178208146,1266.7799999991146,927.2564560204805
53840,31.42570178208146,1266.7999999991146,927.2604102191644
53841,31.42570178208146,1266.8199999991145,927.264364343088
53842,31.42570178208146,1266.8399999991145,927.2683183922512
53843,31.42570178208146,1266.8599999991145,927.2722723666541
53844,31.42570178208146,1266.8799999991145,927.2762262662967
53845,31.42570178208146,1266.8999999991145,927.280180091179
53846,31.42570178208146,1266.9199999991145,927.284133841301
53847,31.42570178208146,1266.9399999991144,927.2880875166627
53848,31.42570178208146,1266.9599999991144,927.2920411172641
53849,31.42570178208146,1266.9799999991144,927.2959946431052
53850,31.42570178208146,1266.9999999991144,927.2999480941861
53851,31.42570178208146,1267.0199999991144,927.3039014705067
53852,31.42570178208146,1267.0399999991143,927.307854772067
53853,31.42570178208146,1267.0599999991143,927.311807998867
53854,31.42570178208146,1267.0799999991143,927.3157611509068
53855,31.42570178208146,1267.0999999991143,927.3197142281864
53856,31.42570178208146,1267.1199999991143,927.3236672307057
53857,31.42570178208146,1267.1399999991143,927.3276201584648
53858,31.42570178208146,1267.1599999991142,927.3315730114638
53859,31.42570178208146,1267.1799999991142,927.3355257897025
53860,31.42570178208146,1267.1999999991142,927.339478493181
53861,31.42570178208146,1267.2199999991142,927.3434311218992
53862,31.42570178208146,1267.2399999991142,927.3473836758574
53863,31.42570178208146,1267.2599999991141,927.3513361550553
53864,31.42570178208146,1267.2799999991141,927.355288559493
53865,31.42570178208146,1267.299999999114,927.3592408891706
53866,31.42570178208146,1267.319999999114,927.363193144088
53867,31.42570178208146,1267.339999999114,927.3671453242451
53868,31.42570178208146,1267.359999999114,927.3710974296422
53869,31.42570178208146,1267.379999999114,927.3750494602791
53870,31.42570178208146,1267.399999999114,927.3790014161559
53871,31.42570178208146,1267.419999999114,927.3829532972726
53872,31.42570178208146,1267.439999999114,927.3869051036291
53873,31.42570178208146,1267.459999999114,927.3908568352256
53874,31.42570178208146,1267.479999999114,927.3948084920619
53875,31.42570178208146,1267.499999999114,927.3987600741381
53876,31.42570178208146,1267.519999999114,927.4027115814541
53877,31.42570178208146,1267.539999999114,927.4066630140101
53878,31.42570178208146,1267.5599999991139,927.4106143718059
53879,31.42570178208146,1267.5799999991139,927.4145656548417
53880,31.42570178208146,1267.5999999991138,927.4185168631174
53881,31.42570178208146,1267.6199999991138,927.4224679966329
53882,31.42570178208146,1267.6399999991138,927.4264190553885
53883,31.42570178208146,1267.6599999991138,927.430370039384
53884,31.42570178208146,1267.6799999991138,927.4343209486257
53885,31.42570178208146,1267.6999999991137,927.4382717831949
53886,31.42570178208146,1267.7199999991137,927.4422225431166
53887,31.42570178208146,1267.7399999991137,927.4461732283909
53888,31.42570178208146,1267.7599999991137,927.4501238390178
53889,31.42570178208146,1267.7799999991137,927.4540743749973
53890,31.42570178208146,1267.7999999991137,927.4580248363294
53891,31.42570178208146,1267.8199999991136,927.4619752230141
53892,31.42570178208146,1267.8399999991136,927.4659255350514
53893,31.42570178208146,1267.8599999991136,927.4698757724414
53894,31.42570178208146,1267.8799999991136,927.473825935184
53895,31.42570178208146,1267.8999999991136,927.4777760232793
53896,31.42570178208146,1267.9199999991135,927.4817260367272
53897,31.42570178208146,1267.9399999991135,927.4856759755278
53898,31.42570178208146,1267.9599999991135,927.489625839681
53899,31.42570178208146,1267.9799999991135,927.4935756291869
53900,31.42570178208146,1267.9999999991135,927.4975253440455
53901,31.42570178208146,1268.0199999991135,927.5014749842568
53902,31.42570178208146,1268.0399999991134,927.5054245498208
53903,31.42570178208146,1268.0599999991134,927.5093740407374
53904,31.42570178208146,1268.0799999991134,927.5133234570068
53905,31.42570178208146,1268.0999999991134,927.5172727986289
53906,31.42570178208146,1268.1199999991134,927.5212220656038
53907,31.42570178208146,1268.1399999991133,927.5251712579313
53908,31.42570178208146,1268.1599999991133,927.5291203756117
53909,31.42570178208146,1268.1799999991133,927.5330694186448
53910,31.42570178208146,1268.1999999991133,927.5370183870307
53911,31.42570178208146,1268.2199999991133,927.5409672807693
53912,31.42570178208146,1268.2399999991133,927.5449160998608
53913,31.42570178208146,1268.2599999991132,927.548864844305
53914,31.42570178208146,1268.2799999991132,927.552813514102
53915,31.42570178208146,1268.2999999991132,927.5567621092518
53916,31.42570178208146,1268.3199999991132,927.5607106297545
53917,31.42570178208146,1268.3399999991132,927.5646590756099
53918,31.42570178208146,1268.3599999991131,927.5686074468183
53919,31.42570178208146,1268.3799999991131,927.5725557433794
53920,31.42570178208146,1268.399999999113,927.5765039652935
53921,31.42570178208146,1268.419999999113,927.5804521125604
53922,31.42570178208146,1268.439999999113,927.5844001851801
53923,31.42570178208146,1268.459999999113,927.5883481831527
53924,31.42570178208146,1268.479999999113,927.5922961064781
53925,31.42570178208146,1268.499999999113,927.5962439551565
53926,31.42570178208146,1268.519999999113,927.6001917291878
53927,31.42570178208146,1268.539999999113,927.604139428572
53928,31.42570178208146,1268.559999999113,927.6080870533091
53929,31.42570178208146,1268.579999999113,927.6120346033991
53930,31.42570178208146,1268.599999999113,927.6159820788421
53931,31.42570178208146,1268.619999999113,927.619929479638
53932,31.42570178208146,1268.639999999113,927.6238768057868
53933,31.42570178208146,1268.6599999991129,927.6278240572886
53934,31.42570178208146,1268.6799999991129,927.6317712341433
53935,31.42570178208146,1268.6999999991128,927.6357183363587
53936,31.42570178208146,1268.7199999991128,927.6396653640213
53937,31.42570178208146,1268.7399999991128,927.6436123171497
53938,31.42570178208146,1268.7599999991128,927.647559195744
53939,31.42570178208146,1268.7799999991128,927.6515059998039
53940,31.42570178208146,1268.7999999991127,927.6554527293297
53941,31.42570178208146,1268.8199999991127,927.6593993843213
53942,31.42570178208146,1268.8399999991127,927.6633459647787
53943,31.42570178208146,1268.8599999991127,927.667292470702
53944,31.42570178208146,1268.8799999991127,927.6712389020911
53945,31.42570178208146,1268.8999999991127,927.675185258946
53946,31.42570178208146,1268.9199999991126,927.6791315412669
53947,31.42570178208146,1268.9399999991126,927.6830777490536
53948,31.42570178208146,1268.9599999991126,927.6870238823061
53949,31.42570178208146,1268.9799999991126,927.6909699410246
53950,31.42570178208146,1268.9999999991126,927.694915925209
53951,31.42570178208146,1269.0199999991125,927.6988618348593
53952,31.42570178208146,1269.0399999991125,927.7028076699754
53953,31.42570178208146,1269.0599999991125,927.7067534305576
53954,31.42570178208146,1269.0799999991125,927.7106991166056
53955,31.42570178208146,1269.0999999991125,927.7146447281197
53956,31.42570178208146,1269.1199999991125,927.7185902650996
53957,31.42570178208146,1269.1399999991124,927.7225357275455
53958,31.42570178208146,1269.1599999991124,927.7264811154574
53959,31.42570178208146,1269.1799999991124,927.7304264288354
53960,31.42570178208146,1269.1999999991124,927.7343716676793
53961,31.42570178208146,1269.2199999991124,927.7383168319892
53962,31.42570178208146,1269.2399999991123,927.7422619217651
53963,31.42570178208146,1269.2599999991123,927.7462069370072
53964,31.42570178208146,1269.2799999991123,927.7501518777152
53965,31.42570178208146,1269.2999999991123,927.7540967438894
53966,31.42570178208146,1269.3199999991123,927.7580415355295
53967,31.42570178208146,1269.3399999991123,927.7619862526358
53968,31.42570178208146,1269.3599999991122,927.765930895208
53969,31.42570178208146,1269.3799999991122,927.7698754632464
53970,31.42570178208146,1269.3999999991122,927.7738199567509
53971,31.42570178208146,1269.4199999991122,927.7777643757215
53972,31.42570178208146,1269.4399999991122,927.7817087201582
53973,31.42570178208146,1269.4599999991121,927.7856529900611
53974,31.42570178208146,1269.4799999991121,927.7895971854301
53975,31.42570178208146,1269.499999999112,927.7935413062653
53976,31.42570178208146,1269.519999999112,927.7974853525666
53977,31.42570178208146,1269.539999999112,927.8014293243341
53978,31.42570178208146,1269.559999999112,927.8053732215678
53979,31.42570178208146,1269.579999999112,927.8093170442677
53980,31.42570178208146,1269.599999999112,927.8132607924338
53981,31.42570178208146,1269.619999999112,927.8172044660661
53982,31.42570178208146,1269.639999999112,927.8211480651646
53983,31.42570178208146,1269.659999999112,927.8250915897294
53984,31.42570178208146,1269.679999999112,927.8290350397604
53985,31.42570178208146,1269.699999999112,927.8329784152576
53986,31.42570178208146,1269.719999999112,927.8369217162306
53987,31.42570178208146,1269.739999999112,927.8408649427778
53988,31.42570178208146,1269.7599999991119,927.8448080949119
53989,31.42570178208146,1269.7799999991119,927.8487511726329
53990,31.42570178208146,1269.7999999991118,927.8526941759408
53991,31.38540366751058,1269.8199999991118,927.8566371048355
53992,31.38540366751058,1269.8399999991118,927.8605799593172
53993,31.38540366751058,1269.8599999991118,927.8645227393857
53994,31.38540366751058,1269.8799999991118,927.8684654450412
53995,31.38540366751058,1269.8999999991117,927.8724080762837
53996,31.38540366751058,1269.9199999991117,927.8763506331131
53997,31.38540366751058,1269.9399999991117,927.8802931155295
53998,31.38540366751058,1269.9599999991117,927.8842355235329
53999,31.38540366751058,1269.9799999991117,927.8881778571232
54000,31.38540366751058,1269.9999999991117,927.8921201163006
54001,31.38540366751058,1270.0199999991116,927.896062301065
54002,31.38540366751058,1270.0399999991116,927.9000044114164
54003,31.38540366751058,1270.0599999991116,927.9039464473548
54004,31.38540366751058,1270.0799999991116,927.9078884088802
54005,31.38540366751058,1270.0999999991116,927.9118302959928
54006,31.38540366751058,1270.1199999991115,927.9157721086924
54007,31.38540366751058,1270.1399999991115,927.9197138469791
54008,31.38540366751058,1270.1599999991115,927.923655510853
54009,31.38540366751058,1270.1799999991115,927.927597100314
54010,31.38540366751058,1270.1999999991115,927.931538615362
54011,31.38540366751058,1270.2199999991115,927.9354800559972
54012,31.38540366751058,1270.2399999991114,927.9394214222197
54013,31.38540366751058,1270.2599999991114,927.9433627140293
54014,31.38540366751058,1270.2799999991114,927.947303931426
54015,31.38540366751058,1270.2999999991114,927.9512450744098
54016,31.38540366751058,1270.3199999991114,927.955186142981
54017,31.38540366751058,1270.3399999991113,927.9591271371394
54018,31.38540366751058,1270.3599999991113,927.9630680568849
54019,31.38540366751058,1270.3799999991113,927.9670089022178
54020,31.38540366751058,1270.3999999991113,927.9709496731379
54021,31.38540366751058,1270.4199999991113,927.9748903696452
54022,31.38540366751058,1270.4399999991113,927.9788309917399
54023,31.38540366751058,1270.4599999991112,927.9827715394218
54024,31.38540366751058,1270.4799999991112,927.9867120126911
54025,31.38540366751058,1270.4999999991112,927.9906524115477
54026,31.38540366751058,1270.5199999991112,927.9945927359915
54027,31.38540366751058,1270.5399999991112,927.9985329860227
54028,31.38540366751058,1270.5599999991111,928.0024731616413
54029,31.38540366751058,1270.5799999991111,928.0064132628472
54030,31.38540366751058,1270.599999999111,928.0103532896405
54031,31.38540366751058,1270.619999999111,928.0142932420213
54032,31.38540366751058,1270.639999999111,928.0182331199894
54033,31.38540366751058,1270.659999999111,928.022172923545
54034,31.38540366751058,1270.679999999111,928.026112652688
54035,31.38540366751058,1270.699999999111,928.0300523074184
54036,31.38540366751058,1270.719999999111,928.0339918877362
54037,31.38540366751058,1270.739999999111,928.037931393654
54038,31.38540366751058,1270.759999999111,928.0418708252554
54039,31.38540366751058,1270.779999999111,928.045810182548
54040,31.38540366751058,1270.799999999111,928.049749465532
54041,31.38540366751058,1270.819999999111,928.0536886742074
54042,31.38540366751058,1270.839999999111,928.057627808574
54043,31.38540366751058,1270.8599999991109,928.061566868632
54044,31.38540366751058,1270.8799999991109,928.0655058543813
54045,31.38540366751058,1270.8999999991108,928.069444765822
54046,31.38540366751058,1270.9199999991108,928.0733836029541
54047,31.38540366751058,1270.9399999991108,928.0773223657776
54048,31.38540366751058,1270.9599999991108,928.0812610542926
54049,31.38540366751058,1270.9799999991108,928.085199668499
54050,31.38540366751058,1270.9999999991107,928.0891382083968
54051,31.38540366751058,1271.0199999991107,928.0930766739862
54052,31.38540366751058,1271.0399999991107,928.097015065267
54053,31.38540366751058,1271.0599999991107,928.1009533822393
54054,31.38540366751058,1271.0799999991107,928.1048916249031
54055,31.38540366751058,1271.0999999991107,928.1088297932585
54056,31.38540366751058,1271.1199999991106,928.1127678873054
54057,31.38540366751058,1271.1399999991106,928.1167059070439
54058,31.38540366751058,1271.1599999991106,928.1206438524739
54059,31.38540366751058,1271.1799999991106,928.1245817235955
54060,31.38540366751058,1271.1999999991106,928.1285195204088
54061,31.38540366751058,1271.2199999991105,928.1324572429136
54062,31.38540366751058,1271.2399999991105,928.1363948911101
54063,31.38540366751058,1271.2599999991105,928.1403324649982
54064,31.38540366751058,1271.2799999991105,928.1442699645779
54065,31.38540366751058,1271.2999999991105,928.1482073898494
54066,31.38540366751058,1271.3199999991105,928.1521447408126
54067,31.38540366751058,1271.3399999991104,928.1560820174674
54068,31.38540366751058,1271.3599999991104,928.1600192198139
54069,31.38540366751058,1271.3799999991104,928.1639563478521
54070,31.38540366751058,1271.3999999991104,928.1678934015822
54071,31.38540366751058,1271.4199999991104,928.1718303810039
54072,31.38540366751058,1271.4399999991103,928.1757672861174
54073,31.38540366751058,1271.4599999991103,928.1797041169227
54074,31.38540366751058,1271.4799999991103,928.1836408734198
54075,31.38540366751058,1271.4999999991103,928.1875775556088
54076,31.38540366751058,1271.5199999991103,928.1915141634895
54077,31.38540366751058,1271.5399999991103,928.1954506970621
54078,31.38540366751058,1271.5599999991102,928.1993871563266
54079,31.38540366751058,1271.5799999991102,928.2033235412829
54080,31.38540366751058,1271.5999999991102,928.2072598519311
54081,31.38540366751058,1271.6199999991102,928.2111960882712
54082,31.38540366751058,1271.6399999991102,928.2151322503032
54083,31.38540366751058,1271.6599999991101,928.2190683380271
54084,31.38540366751058,1271.6799999991101,928.223004351443
54085,31.38540366751058,1271.69999999911,928.2269402905508
54086,31.38540366751058,1271.71999999911,928.2308761553506
54087,31.38540366751058,1271.73999999911,928.2348119458425
54088,31.38540366751058,1271.75999999911,928.2387476620463
54089,31.38540366751058,1271.77999999911,928.2426833040464
54090,31.38540366751058,1271.79999999911,928.2466188718499
54091,31.38540366751058,1271.81999999911,928.2505543654569
54092,31.38540366751058,1271.83999999911,928.2544897848674
54093,31.38540366751058,1271.85999999911,928.2584251300813
54094,31.38540366751058,1271.87999999911,928.2623604010987
54095,31.38540366751058,1271.89999999911,928.2662955979197
54096,31.38540366751058,1271.91999999911,928.2702307205442
54097,31.38540366751058,1271.93999999911,928.2741657689722
54098,31.38540366751058,1271.9599999991099,928.2781007432038
54099,31.38540366751058,1271.9799999991099,928.2820356432389
54100,31.38540366751058,1271.9999999991098,928.2859704690777
54101,31.38540366751058,1272.0199999991098,928.28990522072
54102,31.38540366751058,1272.0399999991098,928.293839898166
54103,31.38540366751058,1272.0599999991098,928.2977745014156
54104,31.38540366751058,1272.0799999991098,928.3017090304688
54105,31.38540366751058,1272.0999999991097,928.3056434853257
54106,31.38540366751058,1272.1199999991097,928.3095778659863
54107,31.38540366751058,1272.1399999991097,928.3135121724506
54108,31.38540366751058,1272.1599999991097,928.3174464047186
54109,31.38540366751058,1272.1799999991097,928.3213805627903
54110,31.38540366751058,1272.1999999991097,928.3253146466658
54111,31.38540366751058,1272.2199999991096,928.329248656345
54112,31.38540366751058,1272.2399999991096,928.3331825918281
54113,31.38540366751058,1272.2599999991096,928.3371164531148
54114,31.38540366751058,1272.2799999991096,928.3410502402055
54115,31.38540366751058,1272.2999999991096,928.3449839530999
54116,31.38540366751058,1272.3199999991095,928.3489175917982
54117,31.38540366751058,1272.3399999991095,928.3528511563004
54118,31.38540366751058,1272.3599999991095,928.3567846466065
54119,31.38540366751058,1272.3799999991095,928.3607180627164
54120,31.38540366751058,1272.3999999991095,928.3646514046302
54121,31.38540366751058,1272.4199999991095,928.368584672348
54122,31.38540366751058,1272.4399999991094,928.3725178658697
54123,31.38540366751058,1272.4599999991094,928.3764509851953
54124,31.38540366751058,1272.4799999991094,928.380384030325
54125,31.38540366751058,1272.4999999991094,928.3843170012586
54126,31.38540366751058,1272.5199999991094,928.3882498979963
54127,31.38540366751058,1272.5399999991093,928.3921827205379
54128,31.38540366751058,1272.5599999991093,928.3961154688836
54129,31.38540366751058,1272.5799999991093,928.4000481430334
54130,31.38540366751058,1272.5999999991093,928.4039807429872
54131,31.38540366751058,1272.6199999991093,928.4079132687451
54132,31.38540366751058,1272.6399999991092,928.4118457203072
54133,31.38540366751058,1272.6599999991092,928.4157780976733
54134,31.38540366751058,1272.6799999991092,928.4197104008435
54135,31.38540366751058,1272.6999999991092,928.4236426298179
54136,31.38540366751058,1272.7199999991092,928.4275747845965
54137,31.38540366751058,1272.7399999991092,928.4315068651791
54138,31.38540366751058,1272.7599999991091,928.435438871566
54139,31.38540366751058,1272.7799999991091,928.4393708037837
54140,31.38540366751058,1272.799999999109,928.4433026619113
54141,31.38540366751058,1272.819999999109,928.4472344459546
54142,31.38540366751058,1272.839999999109,928.4511661559135
54143,31.38540366751058,1272.859999999109,928.4550977917881
54144,31.38540366751058,1272.879999999109,928.4590293535786
54145,31.38540366751058,1272.899999999109,928.4629608412846
54146,31.38540366751058,1272.919999999109,928.4668922549065
54147,31.38540366751058,1272.939999999109,928.4708235944441
54148,31.38540366751058,1272.959999999109,928.4747548598975
54149,31.38540366751058,1272.979999999109,928.4786860512668
54150,31.38540366751058,1272.999999999109,928.4826171685518
54151,31.38540366751058,1273.019999999109,928.4865482117526
54152,31.38540366751058,1273.0399999991089,928.4904791808693
54153,31.38540366751058,1273.0599999991089,928.4944100759019
54154,31.38540366751058,1273.0799999991088,928.4983408968504
54155,31.38540366751058,1273.0999999991088,928.5022716437148
54156,31.38540366751058,1273.1199999991088,928.5062023164952
54157,31.38540366751058,1273.1399999991088,928.5101329151915
54158,31.38540366751058,1273.1599999991088,928.5140634398039
54159,31.38540366751058,1273.1799999991088,928.5179938903321
54160,31.38540366751058,1273.1999999991087,928.5219242667764
54161,31.38540366751058,1273.2199999991087,928.5258545691366
54162,31.38540366751058,1273.2399999991087,928.529784797413
54163,31.38540366751058,1273.2599999991087,928.5337149516054
54164,31.38540366751058,1273.2799999991087,928.5376450317139
54165,31.38540366751058,1273.2999999991086,928.5415750377384
54166,31.38540366751058,1273.3199999991086,928.5455049696791
54167,31.38540366751058,1273.3399999991086,928.5494348275358
54168,31.38540366751058,1273.3599999991086,928.5533646113088
54169,31.38540366751058,1273.3799999991086,928.5572943209978
54170,31.38540366751058,1273.3999999991086,928.561223956603
54171,31.38540366751058,1273.4199999991085,928.5651535181245
54172,31.38540366751058,1273.4399999991085,928.5690830055621
54173,31.38540366751058,1273.4599999991085,928.5730124189159
54174,31.38540366751058,1273.4799999991085,928.5769417581861
54175,31.38540366751058,1273.4999999991085,928.5808710233724
54176,31.38540366751058,1273.5199999991084,928.5848002144751
54177,31.38540366751058,1273.5399999991084,928.588729331494
54178,31.38540366751058,1273.5599999991084,928.5926583744293
54179,31.38540366751058,1273.5799999991084,928.5965873432809
54180,31.38540366751058,1273.5999999991084,928.6005162380488
54181,31.38540366751058,1273.6199999991084,928.6044450587332
54182,31.38540366751058,1273.6399999991083,928.6083738053339
54183,31.38540366751058,1273.6599999991083,928.612302477851
54184,31.38540366751058,1273.6799999991083,928.6162310762845
54185,31.38540366751058,1273.6999999991083,928.6201596006345
54186,31.38540366751058,1273.7199999991083,928.6240880509009
54187,31.38540366751058,1273.7399999991082,928.6280164270838
54188,31.38540366751058,1273.7599999991082,928.6319447291833
54189,31.38540366751058,1273.7799999991082,928.6358729571991
54190,31.38540366751058,1273.7999999991082,928.6398011111647
54191,31.38540366751058,1273.8199999991082,928.6437291911539
54192,31.38540366751058,1273.8399999991082,928.6476571971709
54193,31.38540366751058,1273.8599999991081,928.6515851292161
54194,31.38540366751058,1273.8799999991081,928.6555129872893
54195,31.38540366751058,1273.899999999108,928.6594407713906
54196,31.38540366751058,1273.919999999108,928.6633684815199
54197,31.38540366751058,1273.939999999108,928.6672961176773
54198,31.38540366751058,1273.959999999108,928.6712236798629
54199,31.38540366751058,1273.979999999108,928.6751511680766
54200,31.38540366751058,1273.999999999108,928.6790785823184
54201,31.38540366751058,1274.019999999108,928.6830059225884
54202,31.38540366751058,1274.039999999108,928.6869331888867
54203,31.38540366751058,1274.059999999108,928.690860381213
54204,31.38540366751058,1274.079999999108,928.6947874995677
54205,31.38540366751058,1274.099999999108,928.6987145439507
54206,31.38540366751058,1274.119999999108,928.7026415143619
54207,31.38540366751058,1274.1399999991079,928.7065684108013
54208,31.38540366751058,1274.1599999991079,928.7104952332691
54209,31.38540366751058,1274.1799999991078,928.7144219817652
54210,31.38540366751058,1274.1999999991078,928.7183486562897
54211,31.38540366751058,1274.2199999991078,928.7222752568425
54212,31.38540366751058,1274.2399999991078,928.7262017834238
54213,31.38540366751058,1274.2599999991078,928.7301282360335
54214,31.38540366751058,1274.2799999991078,928.7340546146715
54215,31.38540366751058,1274.2999999991077,928.737980919338
54216,31.38540366751058,1274.3199999991077,928.7419071500331
54217,31.38540366751058,1274.3399999991077,928.7458333067565
54218,31.38540366751058,1274.3599999991077,928.7497593895084
54219,31.38540366751058,1274.3799999991077,928.7536853982889
54220,31.38540366751058,1274.3999999991076,928.7576113330979
54221,31.38540366751058,1274.4199999991076,928.7615371939355
54222,31.38540366751058,1274.4399999991076,928.7654629808017
54223,31.38540366751058,1274.4599999991076,928.7693886936964
54224,31.38540366751058,1274.4799999991076,928.7733143326199
54225,31.38540366751058,1274.4999999991076,928.7772398975719
54226,31.38540366751058,1274.5199999991075,928.7811653885526
54227,31.38540366751058,1274.5399999991075,928.7850908055619
54228,31.38540366751058,1274.5599999991075,928.7890161486
54229,31.38540366751058,1274.5799999991075,928.7929414176667
54230,31.38540366751058,1274.5999999991075,928.7968666127622
54231,31.38540366751058,1274.6199999991074,928.8007917338864
54232,31.38540366751058,1274.6399999991074,928.8047167810394
54233,31.38540366751058,1274.6599999991074,928.8086417542212
54234,31.38540366751058,1274.6799999991074,928.8125666534318
54235,31.38540366751058,1274.6999999991074,928.8164914786712
54236,31.38540366751058,1274.7199999991074,928.8204162299395
54237,31.38540366751058,1274.7399999991073,928.8243409072367
54238,31.38540366751058,1274.7599999991073,928.8282655105627
54239,31.38540366751058,1274.7799999991073,928.8321900399176
54240,31.38540366751058,1274.7999999991073,928.8361144953014
54241,31.38540366751058,1274.8199999991073,928.8400388767565
54242,31.38540366751058,1274.8399999991072,928.8439631843556
54243,31.38540366751058,1274.8599999991072,928.8478874181023
54244,31.38540366751058,1274.8799999991072,928.8518115779965
54245,31.38540366751058,1274.8999999991072,928.8557356640382
54246,31.38540366751058,1274.9199999991072,928.8596596762275
54247,31.38540366751058,1274.9399999991072,928.8635836145644
54248,31.38540366751058,1274.9599999991071,928.8675074790489
54249,31.38540366751058,1274.9799999991071,928.871431269681
54250,31.38540366751058,1274.999999999107,928.8753549864608
54251,31.38540366751058,1275.019999999107,928.8792786293883
54252,31.38540366751058,1275.039999999107,928.8832021984634
54253,31.38540366751058,1275.059999999107,928.8871256936862
54254,31.38540366751058,1275.079999999107,928.8910491150568
54255,31.38540366751058,1275.099999999107,928.8949724625752
54256,31.38540366751058,1275.119999999107,928.8988957362413
54257,31.38540366751058,1275.139999999107,928.9028189360553
54258,31.38540366751058,1275.159999999107,928.906742062017
54259,31.38540366751058,1275.179999999107,928.9106651141266
54260,31.38540366751058,1275.199999999107,928.914588092384
54261,31.38540366751058,1275.219999999107,928.9185109967892
54262,31.38540366751058,1275.2399999991069,928.9224338273424
54263,31.38540366751058,1275.2599999991069,928.9263565840434
54264,31.38540366751058,1275.2799999991068,928.9302792668925
54265,31.345191605162345,1275.2999999991068,928.9342018758895
54266,31.345191605162345,1275.3199999991068,928.9381244110344
54267,31.345191605162345,1275.3399999991068,928.9420468723274
54268,31.345191605162345,1275.3599999991068,928.9459692597684
54269,31.345191605162345,1275.3799999991068,928.9498915733575
54270,31.345191605162345,1275.3999999991067,928.9538138130946
54271,31.345191605162345,1275.4199999991067,928.9577359789798
54272,31.345191605162345,1275.4399999991067,928.9616580710132
54273,31.345191605162345,1275.4599999991067,928.9655800891946
54274,31.345191605162345,1275.4799999991067,928.9695020335242
54275,31.345191605162345,1275.4999999991066,928.9734239040021
54276,31.345191605162345,1275.5199999991066,928.977345700628
54277,31.345191605162345,1275.5399999991066,928.9812674234022
54278,31.345191605162345,1275.5599999991066,928.9851890723246
54279,31.345191605162345,1275.5799999991066,928.9891106473953
54280,31.345191605162345,1275.5999999991066,928.9930321486141
54281,31.345191605162345,1275.6199999991065,928.9969535759814
54282,31.345191605162345,1275.6399999991065,929.000874929497
54283,31.345191605162345,1275.6599999991065,929.0047962091609
54284,31.345191605162345,1275.6799999991065,929.0087174149731
54285,31.345191605162345,1275.6999999991065,929.0126385469338
54286,31.345191605162345,1275.7199999991064,929.0165596050427
54287,31.345191605162345,1275.7399999991064,929.0204805893002
54288,31.345191605162345,1275.7599999991064,929.0244014997061
54289,31.345191605162345,1275.7799999991064,929.0283223362604
54290,31.345191605162345,1275.7999999991064,929.0322430989632
54291,31.345191605162345,1275.8199999991064,929.0361637878145
54292,31.345191605162345,1275.8399999991063,929.0400844028571
54293,31.345191605162345,1275.8599999991063,929.0440049441494
54294,31.345191605162345,1275.8799999991063,929.047925411693
54295,31.345191605162345,1275.8999999991063,929.051845805488
54296,31.345191605162345,1275.9199999991063,929.0557661255345
54297,31.345191605162345,1275.9399999991062,929.0596863718325
54298,31.345191605162345,1275.9599999991062,929.063606544382
54299,31.345191605162345,1275.9799999991062,929.067526643183
54300,31.345191605162345,1275.9999999991062,929.0714466682355
54301,31.345191605162345,1276.0199999991062,929.0753666195395
54302,31.345191605162345,1276.0399999991062,929.0792864970952
54303,31.345191605162345,1276.0599999991061,929.0832063009025
54304,31.345191605162345,1276.0799999991061,929.0871260309614
54305,31.345191605162345,1276.099999999106,929.091045687272
54306,31.345191605162345,1276.119999999106,929.0949652698341
54307,31.345191605162345,1276.139999999106,929.098884778648
54308,31.345191605162345,1276.159999999106,929.1028042137136
54309,31.345191605162345,1276.179999999106,929.106723575031
54310,31.345191605162345,1276.199999999106,929.1106428626001
54311,31.345191605162345,1276.219999999106,929.114562076421
54312,31.345191605162345,1276.239999999106,929.1184812164936
54313,31.345191605162345,1276.259999999106,929.1224002828181
54314,31.345191605162345,1276.279999999106,929.1263192753945
54315,31.345191605162345,1276.299999999106,929.1302381942227
54316,31.345191605162345,1276.319999999106,929.1341570393027
54317,31.345191605162345,1276.3399999991059,929.1380758106347
54318,31.345191605162345,1276.3599999991059,929.1419945082187
54319,31.345191605162345,1276.3799999991058,929.1459131320546
54320,31.345191605162345,1276.3999999991058,929.1498316821425
54321,31.345191605162345,1276.4199999991058,929.1537501584824
54322,31.345191605162345,1276.4399999991058,929.1576685610743
54323,31.345191605162345,1276.4599999991058,929.1615868899182
54324,31.345191605162345,1276.4799999991058,929.1655051450142
54325,31.345191605162345,1276.4999999991057,929.1694233263623
54326,31.345191605162345,1276.5199999991057,929.1733414339625
54327,31.345191605162345,1276.5399999991057,929.1772594678148
54328,31.345191605162345,1276.5599999991057,929.1811774279192
54329,31.345191605162345,1276.5799999991057,929.1850953142759
54330,31.345191605162345,1276.5999999991056,929.1890131268848
54331,31.345191605162345,1276.6199999991056,929.1929308657459
54332,31.345191605162345,1276.6399999991056,929.1968485308593
54333,31.345191605162345,1276.6599999991056,929.2007661222249
54334,31.345191605162345,1276.6799999991056,929.2046836398428
54335,31.345191605162345,1276.6999999991056,929.2086010837129
54336,31.345191605162345,1276.7199999991055,929.2125184538354
54337,31.345191605162345,1276.7399999991055,929.2164357502103
54338,31.345191605162345,1276.7599999991055,929.2203529728375
54339,31.345191605162345,1276.7799999991055,929.2242701217172
54340,31.345191605162345,1276.7999999991055,929.2281871968491
54341,31.345191605162345,1276.8199999991054,929.2321041982336
54342,31.345191605162345,1276.8399999991054,929.2360211258705
54343,31.345191605162345,1276.8599999991054,929.2399379798121
54344,31.345191605162345,1276.8799999991054,929.2438547601157
54345,31.345191605162345,1276.8999999991054,929.2477714667818
54346,31.345191605162345,1276.9199999991054,929.2516880998106
54347,31.345191605162345,1276.9399999991053,929.2556046592019
54348,31.345191605162345,1276.9599999991053,929.2595211449559
54349,31.345191605162345,1276.9799999991053,929.2634375570725
54350,31.345191605162345,1276.9999999991053,929.2673538955518
54351,31.345191605162345,1277.0199999991053,929.2712701603938
54352,31.345191605162345,1277.0399999991052,929.2751863515986
54353,31.345191605162345,1277.0599999991052,929.279102469166
54354,31.345191605162345,1277.0799999991052,929.2830185130962
54355,31.345191605162345,1277.0999999991052,929.2869344833892
54356,31.345191605162345,1277.1199999991052,929.2908503800451
54357,31.345191605162345,1277.1399999991052,929.2947662030638
54358,31.345191605162345,1277.1599999991051,929.2986819524453
54359,31.345191605162345,1277.1799999991051,929.3025976281898
54360,31.345191605162345,1277.199999999105,929.3065132302971
54361,31.345191605162345,1277.219999999105,929.3104287587674
54362,31.345191605162345,1277.239999999105,929.3143442136006
54363,31.345191605162345,1277.259999999105,929.3182595947968
54364,31.345191605162345,1277.279999999105,929.322174902356
54365,31.345191605162345,1277.299999999105,929.3260901362783
54366,31.345191605162345,1277.319999999105,929.3300052965635
54367,31.345191605162345,1277.339999999105,929.3339203832119
54368,31.345191605162345,1277.359999999105,929.3378353962233
54369,31.345191605162345,1277.379999999105,929.3417503355979
54370,31.345191605162345,1277.399999999105,929.3456652013356
54371,31.345191605162345,1277.419999999105,929.3495799934365
54372,31.345191605162345,1277.4399999991049,929.3534947119006
54373,31.345191605162345,1277.4599999991049,929.3574093567279
54374,31.345191605162345,1277.4799999991048,929.3613239279184
54375,31.345191605162345,1277.4999999991048,929.3652384254722
54376,31.345191605162345,1277.5199999991048,929.3691528493893
54377,31.345191605162345,1277.5399999991048,929.3730671996697
54378,31.345191605162345,1277.5599999991048,929.3769814763134
54379,31.345191605162345,1277.5799999991048,929.3808956793205
54380,31.345191605162345,1277.5999999991047,929.3848098086909
54381,31.345191605162345,1277.6199999991047,929.3887238644247
54382,31.345191605162345,1277.6399999991047,929.392637846522
54383,31.345191605162345,1277.6599999991047,929.3965517549827
54384,31.345191605162345,1277.6799999991047,929.4004655898069
54385,31.345191605162345,1277.6999999991046,929.4043793509945
54386,31.345191605162345,1277.7199999991046,929.4082930385457
54387,31.345191605162345,1277.7399999991046,929.4122066524604
54388,31.345191605162345,1277.7599999991046,929.4161201927387
54389,31.345191605162345,1277.7799999991046,929.4200336593806
54390,31.345191605162345,1277.7999999991046,929.423947052386
54391,31.345191605162345,1277.8199999991045,929.4278603717551
54392,31.345191605162345,1277.8399999991045,929.4317736174878
54393,31.345191605162345,1277.8599999991045,929.4356867895849
54394,31.345191605162345,1277.8799999991045,929.4395998881046
54395,31.345191605162345,1277.8999999991045,929.443512913098
54396,31.345191605162345,1277.9199999991044,929.4474258645652
54397,31.345191605162345,1277.9399999991044,929.4513387425062
54398,31.345191605162345,1277.9599999991044,929.4552515469212
54399,31.345191605162345,1277.9799999991044,929.45916427781
54400,31.345191605162345,1277.9999999991044,929.4630769351728
54401,31.345191605162345,1278.0199999991044,929.4669895190095
54402,31.345191605162345,1278.0399999991043,929.4709020293202
54403,31.345191605162345,1278.0599999991043,929.4748144661049
54404,31.345191605162345,1278.0799999991043,929.4787268293636
54405,31.345191605162345,1278.0999999991043,929.4826391190963
54406,31.345191605162345,1278.1199999991043,929.4865513353031
54407,31.345191605162345,1278.1399999991042,929.490463477984
54408,31.345191605162345,1278.1599999991042,929.494375547139
54409,31.345191605162345,1278.1799999991042,929.4982875427683
54410,31.345191605162345,1278.1999999991042,929.5021994648716
54411,31.345191605162345,1278.2199999991042,929.5061113134492
54412,31.345191605162345,1278.2399999991042,929.5100230885009
54413,31.345191605162345,1278.2599999991041,929.513934790027
54414,31.345191605162345,1278.2799999991041,929.5178464180273
54415,31.345191605162345,1278.299999999104,929.5217579725019
54416,31.345191605162345,1278.319999999104,929.5256694534507
54417,31.345191605162345,1278.339999999104,929.5295808608739
54418,31.345191605162345,1278.359999999104,929.5334921947715
54419,31.345191605162345,1278.379999999104,929.5374034551435
54420,31.345191605162345,1278.399999999104,929.5413146419899
54421,31.345191605162345,1278.419999999104,929.5452257553106
54422,31.345191605162345,1278.439999999104,929.5491367951059
54423,31.345191605162345,1278.459999999104,929.5530477613758
54424,31.345191605162345,1278.479999999104,929.5569586541201
54425,31.345191605162345,1278.499999999104,929.5608694733389
54426,31.345191605162345,1278.519999999104,929.5647802190323
54427,31.345191605162345,1278.5399999991039,929.5686908912003
54428,31.345191605162345,1278.5599999991039,929.5726014898429
54429,31.345191605162345,1278.5799999991038,929.5765120149601
54430,31.345191605162345,1278.5999999991038,929.580422466552
54431,31.345191605162345,1278.6199999991038,929.5843328446186
54432,31.345191605162345,1278.6399999991038,929.5882431491599
54433,31.345191605162345,1278.6599999991038,929.5921533801759
54434,31.345191605162345,1278.6799999991038,929.5960635376666
54435,31.345191605162345,1278.6999999991037,929.5999736216322
54436,31.345191605162345,1278.7199999991037,929.6038836320726
54437,31.345191605162345,1278.7399999991037,929.6077935689877
54438,31.345191605162345,1278.7599999991037,929.6117034323778
54439,31.345191605162345,1278.7799999991037,929.6156132222427
54440,31.345191605162345,1278.7999999991036,929.6195229385826
54441,31.345191605162345,1278.8199999991036,929.6234325813974
54442,31.345191605162345,1278.8399999991036,929.6273421506871
54443,31.345191605162345,1278.8599999991036,929.6312516464518
54444,31.345191605162345,1278.8799999991036,929.6351610686936
54445,31.345191605162345,1278.8999999991036,929.6390704174758
54446,31.345191605162345,1278.9199999991035,929.642979692843
54447,31.345191605162345,1278.9399999991035,929.6468888947956
54448,31.345191605162345,1278.9599999991035,929.6507980233332
54449,31.345191605162345,1278.9799999991035,929.6547070784561
54450,31.345191605162345,1278.9999999991035,929.6586160601644
54451,31.345191605162345,1279.0199999991034,929.6625249684579
54452,31.345191605162345,1279.0399999991034,929.6664338033368
54453,31.345191605162345,1279.0599999991034,929.670342564801
54454,31.345191605162345,1279.0799999991034,929.6742512528506
54455,31.345191605162345,1279.0999999991034,929.6781598674856
54456,31.345191605162345,1279.1199999991034,929.6820684087061
54457,31.345191605162345,1279.1399999991033,929.685976876512
54458,31.345191605162345,1279.1599999991033,929.6898852709033
54459,31.345191605162345,1279.1799999991033,929.6937935918803
54460,31.345191605162345,1279.1999999991033,929.6977018394427
54461,31.345191605162345,1279.2199999991033,929.7016100135908
54462,31.345191605162345,1279.2399999991032,929.7055181143244
54463,31.345191605162345,1279.2599999991032,929.7094261416436
54464,31.345191605162345,1279.2799999991032,929.7133340955485
54465,31.345191605162345,1279.2999999991032,929.717241976039
54466,31.345191605162345,1279.3199999991032,929.7211497831152
54467,31.345191605162345,1279.3399999991032,929.725057516777
54468,31.345191605162345,1279.3599999991031,929.7289651770247
54469,31.345191605162345,1279.3799999991031,929.7328727638582
54470,31.345191605162345,1279.399999999103,929.7367802772774
54471,31.345191605162345,1279.419999999103,929.7406877172824
54472,31.345191605162345,1279.439999999103,929.7445950838734
54473,31.345191605162345,1279.459999999103,929.7485023770502
54474,31.345191605162345,1279.479999999103,929.7524095968129
54475,31.345191605162345,1279.499999999103,929.7563167431615
54476,31.345191605162345,1279.519999999103,929.7602238160961
54477,31.345191605162345,1279.539999999103,929.7641308156167
54478,31.345191605162345,1279.559999999103,929.7680377417232
54479,31.345191605162345,1279.579999999103,929.7719445944158
54480,31.345191605162345,1279.599999999103,929.7758513736944
54481,31.345191605162345,1279.619999999103,929.7797580795592
54482,31.345191605162345,1279.6399999991029,929.78366471201
54483,31.345191605162345,1279.6599999991029,929.787571271047
54484,31.345191605162345,1279.6799999991028,929.7914777566701
54485,31.345191605162345,1279.6999999991028,929.7953841688794
54486,31.345191605162345,1279.7199999991028,929.799290507675
54487,31.345191605162345,1279.7399999991028,929.8031967730568
54488,31.345191605162345,1279.7599999991028,929.8071029650248
54489,31.345191605162345,1279.7799999991028,929.8110090835792
54490,31.345191605162345,1279.7999999991027,929.8149151287198
54491,31.345191605162345,1279.8199999991027,929.8188211004468
54492,31.345191605162345,1279.8399999991027,929.8227269987601
54493,31.345191605162345,1279.8599999991027,929.8266328236599
54494,31.345191605162345,1279.8799999991027,929.8305385751461
54495,31.345191605162345,1279.8999999991026,929.8344442532222
54496,31.345191605162345,1279.9199999991026,929.8383498579592
54497,31.345191605162345,1279.9399999991026,929.8422553893971
54498,31.345191605162345,1279.9599999991026,929.8461608475359
54499,31.345191605162345,1279.9799999991026,929.8500662323755
54500,31.345191605162345,1279.9999999991026,929.853971543916
54501,31.345191605162345,1280.0199999991025,929.8578767821574
54502,31.345191605162345,1280.0399999991025,929.8617819470998
54503,31.345191605162345,1280.0599999991025,929.8656870387431
54504,31.345191605162345,1280.0799999991025,929.8695920570874
54505,31.345191605162345,1280.0999999991025,929.8734970021327
54506,31.345191605162345,1280.1199999991024,929.8774018738791
54507,31.345191605162345,1280.1399999991024,929.8813066723266
54508,31.345191605162345,1280.1599999991024,929.8852113974751
54509,31.345191605162345,1280.1799999991024,929.8891160493248
54510,31.345191605162345,1280.1999999991024,929.8930206278756
54511,31.345191605162345,1280.2199999991024,929.8969251331275
54512,31.345191605162345,1280.2399999991023,929.9008295650807
54513,31.345191605162345,1280.2599999991023,929.9047339237351
54514,31.345191605162345,1280.2799999991023,929.9086382090907
54515,31.345191605162345,1280.2999999991023,929.9125424211476
54516,31.345191605162345,1280.3199999991023,929.9164465599057
54517,31.345191605162345,1280.3399999991022,929.9203506253651
54518,31.345191605162345,1280.3599999991022,929.9242546175259
54519,31.345191605162345,1280.3799999991022,929.9281585363881
54520,31.345191605162345,1280.3999999991022,929.9320623819516
54521,31.345191605162345,1280.4199999991022,929.9359661542165
54522,31.345191605162345,1280.4399999991022,929.9398698531829
54523,31.345191605162345,1280.4599999991021,929.9437734788507
54524,31.345191605162345,1280.4799999991021,929.9476770312201
54525,31.345191605162345,1280.499999999102,929.951580510291
54526,31.345191605162345,1280.519999999102,929.9554839160634
54527,31.345191605162345,1280.539999999102,929.9593872485374
54528,31.345191605162345,1280.559999999102,929.9632905077129
54529,31.345191605162345,1280.579999999102,929.96719369359
54530,31.345191605162345,1280.599999999102,929.9710968061688
54531,31.345191605162345,1280.619999999102,929.9749998454492
54532,31.345191605162345,1280.639999999102,929.9789028114313
54533,31.345191605162345,1280.659999999102,929.9828057041152
54534,31.345191605162345,1280.679999999102,929.9867085235007
54535,31.345191605162345,1280.699999999102,929.990611269588
54536,31.345191605162345,1280.719999999102,929.9945139423771
54537,31.345191605162345,1280.7399999991019,929.9984165418681
54538,31.345191605162345,1280.7599999991019,930.0023190682741
54539,31.345191605162345,1280.7799999991018,930.0062215226106
54540,31.345191605162345,1280.7999999991018,930.0101239049668
54541,31.345191605162345,1280.8199999991018,930.0140262153427
54542,31.345191605162345,1280.8399999991018,930.0179284537384
54543,31.345191605162345,1280.8599999991018,930.021830620154
54544,31.345191605162345,1280.8799999991018,930.0257327145897
54545,31.345191605162345,1280.8999999991017,930.0296347370455
54546,31.305065337999114,1280.9199999991017,930.0335366875262
54547,31.305065337999114,1280.9399999991017,930.0374385661039
54548,31.305065337999114,1280.9599999991017,930.0413403728099
54549,31.305065337999114,1280.9799999991017,930.0452421076444
54550,31.305065337999114,1280.9999999991016,930.0491437706075
54551,31.305065337999114,1281.0199999991016,930.0530453616993
54552,31.305065337999114,1281.0399999991016,930.0569468809199
54553,31.305065337999114,1281.0599999991016,930.0608483282693
54554,31.305065337999114,1281.0799999991016,930.0647497037479
54555,31.305065337999114,1281.0999999991016,930.0686510073556
54556,31.305065337999114,1281.1199999991015,930.0725522390925
54557,31.305065337999114,1281.1399999991015,930.0764533989587
54558,31.305065337999114,1281.1599999991015,930.0803544869544
54559,31.305065337999114,1281.1799999991015,930.0842555030796
54560,31.305065337999114,1281.1999999991015,930.0881564473344
54561,31.305065337999114,1281.2199999991014,930.0920573197191
54562,31.305065337999114,1281.2399999991014,930.0959581202336
54563,31.305065337999114,1281.2599999991014,930.0998588488782
54564,31.305065337999114,1281.2799999991014,930.1037595056528
54565,31.305065337999114,1281.2999999991014,930.1076600905576
54566,31.305065337999114,1281.3199999991014,930.1115606035927
54567,31.305065337999114,1281.3399999991013,930.1154610447583
54568,31.305065337999114,1281.3599999991013,930.1193614140543
54569,31.305065337999114,1281.3799999991013,930.1232617114811
54570,31.305065337999114,1281.3999999991013,930.1271619370385
54571,31.305065337999114,1281.4199999991013,930.1310620907269
54572,31.305065337999114,1281.4399999991012,930.1349621725462
54573,31.305065337999114,1281.4599999991012,930.1388621824966
54574,31.305065337999114,1281.4799999991012,930.1427621205781
54575,31.305065337999114,1281.4999999991012,930.1466619867911
54576,31.305065337999114,1281.5199999991012,930.1505617811354
54577,31.305065337999114,1281.5399999991012,930.1544615036112
54578,31.305065337999114,1281.5599999991011,930.1583611542186
54579,31.305065337999114,1281.5799999991011,930.1622607329577
54580,31.305065337999114,1281.599999999101,930.1661602398286
54581,31.305065337999114,1281.619999999101,930.1700596748315
54582,31.305065337999114,1281.639999999101,930.1739590379664
54583,31.305065337999114,1281.659999999101,930.1778583292335
54584,31.305065337999114,1281.679999999101,930.1817575486328
54585,31.305065337999114,1281.699999999101,930.1856566961645
54586,31.305065337999114,1281.719999999101,930.1895557718287
54587,31.305065337999114,1281.739999999101,930.1934547756255
54588,31.305065337999114,1281.759999999101,930.197353707555
54589,31.305065337999114,1281.779999999101,930.2012525676172
54590,31.305065337999114,1281.799999999101,930.2051513558124
54591,31.305065337999114,1281.819999999101,930.2090500721406
54592,31.305065337999114,1281.8399999991009,930.2129487166019
54593,31.305065337999114,1281.8599999991009,930.2168472891965
54594,31.305065337999114,1281.8799999991008,930.2207457899244
54595,31.305065337999114,1281.8999999991008,930.2246442187858
54596,31.305065337999114,1281.9199999991008,930.2285425757807
54597,31.305065337999114,1281.9399999991008,930.232440860915
54598,31.305065337999114,1281.9599999991008,930.2363390742645
54599,31.305065337999114,1281.9799999991008,930.2402372158537
54600,31.305065337999114,1281.9999999991007,930.2441352856825
54601,31.305065337999114,1282.0199999991007,930.2480332837513
54602,31.305065337999114,1282.0399999991007,930.25193121006
54603,31.305065337999114,1282.0599999991007,930.2558290646086
54604,31.305065337999114,1282.0799999991007,930.2597268473975
54605,31.305065337999114,1282.0999999991006,930.2636245584266
54606,31.305065337999114,1282.1199999991006,930.2675221976962
54607,31.305065337999114,1282.1399999991006,930.2714197652061
54608,31.305065337999114,1282.1599999991006,930.2753172609567
54609,31.305065337999114,1282.1799999991006,930.279214684948
54610,31.305065337999114,1282.1999999991006,930.2831120371801
54611,31.305065337999114,1282.2199999991005,930.2870093176531
54612,31.305065337999114,1282.2399999991005,930.290906526367
54613,31.305065337999114,1282.2599999991005,930.2948036633222
54614,31.305065337999114,1282.2799999991005,930.2987007285186
54615,31.305065337999114,1282.2999999991005,930.3025977219563
54616,31.305065337999114,1282.3199999991004,930.3064946436355
54617,31.305065337999114,1282.3399999991004,930.3103914935562
54618,31.305065337999114,1282.3599999991004,930.3142882717185
54619,31.305065337999114,1282.3799999991004,930.3181849781226
54620,31.305065337999114,1282.3999999991004,930.3220816127687
54621,31.305065337999114,1282.4199999991004,930.3259781756566
54622,31.305065337999114,1282.4399999991003,930.3298746667866
54623,31.305065337999114,1282.4599999991003,930.3337710861589
54624,31.305065337999114,1282.4799999991003,930.3376674337734
54625,31.305065337999114,1282.4999999991003,930.3415637096303
54626,31.305065337999114,1282.5199999991003,930.3454599137298
54627,31.305065337999114,1282.5399999991002,930.3493560460719
54628,31.305065337999114,1282.5599999991002,930.3532521066567
54629,31.305065337999114,1282.5799999991002,930.3571480954843
54630,31.305065337999114,1282.5999999991002,930.3610440125548
54631,31.305065337999114,1282.6199999991002,930.3649398578683
54632,31.305065337999114,1282.6399999991002,930.368835631425
54633,31.305065337999114,1282.6599999991001,930.3727313332249
54634,31.305065337999114,1282.6799999991001,930.3766269632682
54635,31.305065337999114,1282.6999999991,930.380522521555
54636,31.305065337999114,1282.7199999991,930.3844180080854
54637,31.305065337999114,1282.7399999991,930.3883134228595
54638,31.305065337999114,1282.7599999991,930.3922087658773
54639,31.305065337999114,1282.7799999991,930.396104037139
54640,31.305065337999114,1282.7999999991,930.3999992366448
54641,31.305065337999114,1282.8199999991,930.4038943643947
54642,31.305065337999114,1282.8399999991,930.4077894203887
54643,31.305065337999114,1282.8599999991,930.4116844046271
54644,31.305065337999114,1282.8799999991,930.4155793171099
54645,31.305065337999114,1282.8999999991,930.4194741578372
54646,31.305065337999114,1282.9199999991,930.4233689268091
54647,31.305065337999114,1282.9399999990999,930.4272636240257
54648,31.305065337999114,1282.9599999990999,930.4311582494944
54649,31.305065337999114,1282.9799999990998,930.4350528032984
54650,31.305065337999114,1282.9999999990998,930.4389472854565
54651,31.305065337999114,1283.0199999990998,930.4428416959688
54652,31.305065337999114,1283.0399999990998,930.4467360348355
54653,31.305065337999114,1283.0599999990998,930.4506303020565
54654,31.305065337999114,1283.0799999990998,930.4545244976322
54655,31.305065337999114,1283.0999999990997,930.4584186215625
54656,31.305065337999114,1283.1199999990997,930.4623126738475
54657,31.305065337999114,1283.1399999990997,930.4662066544873
54658,31.305065337999114,1283.1599999990997,930.4701005634822
54659,31.305065337999114,1283.1799999990997,930.4739944008321
54660,31.305065337999114,1283.1999999990996,930.4778881665372
54661,31.305065337999114,1283.2199999990996,930.4817818605976
54662,31.305065337999114,1283.2399999990996,930.4856754830134
54663,31.305065337999114,1283.2599999990996,930.4895690337847
54664,31.305065337999114,1283.2799999990996,930.4934625129116
54665,31.305065337999114,1283.2999999990996,930.4973559203942
54666,31.305065337999114,1283.3199999990995,930.5012492562327
54667,31.305065337999114,1283.3399999990995,930.5051425204271
54668,31.305065337999114,1283.3599999990995,930.5090357129775
54669,31.305065337999114,1283.3799999990995,930.5129288338841
54670,31.305065337999114,1283.3999999990995,930.5168218831469
54671,31.305065337999114,1283.4199999990994,930.5207148607661
54672,31.305065337999114,1283.4399999990994,930.5246077667418
54673,31.305065337999114,1283.4599999990994,930.5285006010741
54674,31.305065337999114,1283.4799999990994,930.5323933637632
54675,31.305065337999114,1283.4999999990994,930.5362860548089
54676,31.305065337999114,1283.5199999990994,930.5401786742116
54677,31.305065337999114,1283.5399999990993,930.5440712219713
54678,31.305065337999114,1283.5599999990993,930.5479636980881
54679,31.305065337999114,1283.5799999990993,930.5518561025622
54680,31.305065337999114,1283.5999999990993,930.5557484353936
54681,31.305065337999114,1283.6199999990993,930.5596406965825
54682,31.305065337999114,1283.6399999990992,930.5635328861289
54683,31.305065337999114,1283.6599999990992,930.567425004033
54684,31.305065337999114,1283.6799999990992,930.5713170502949
54685,31.305065337999114,1283.6999999990992,930.5752090249146
54686,31.305065337999114,1283.7199999990992,930.5791009278922
54687,31.305065337999114,1283.7399999990992,930.5829927592281
54688,31.305065337999114,1283.7599999990991,930.5868845189221
54689,31.305065337999114,1283.7799999990991,930.5907762069745
54690,31.305065337999114,1283.799999999099,930.5946678233853
54691,31.305065337999114,1283.819999999099,930.5985593681546
54692,31.305065337999114,1283.839999999099,930.6024508412826
54693,31.305065337999114,1283.859999999099,930.6063422427692
54694,31.305065337999114,1283.879999999099,930.6102335726147
54695,31.305065337999114,1283.899999999099,930.6141248308192
54696,31.305065337999114,1283.919999999099,930.6180160173827
54697,31.305065337999114,1283.939999999099,930.6219071323054
54698,31.305065337999114,1283.959999999099,930.6257981755874
54699,31.305065337999114,1283.979999999099,930.6296891472373
54700,31.305065337999114,1283.999999999099,930.6335800473436
54701,31.305065337999114,1284.019999999099,930.6374708759187
54702,31.305065337999114,1284.0399999990989,930.6413616329627
54703,31.305065337999114,1284.0599999990989,930.6452523184757
54704,31.305065337999114,1284.0799999990988,930.6491429324578
54705,31.305065337999114,1284.0999999990988,930.6530334749092
54706,31.305065337999114,1284.1199999990988,930.6569239458299
54707,31.305065337999114,1284.1399999990988,930.6608143452202
54708,31.305065337999114,1284.1599999990988,930.6647046730799
54709,31.305065337999114,1284.1799999990988,930.6685949294093
54710,31.305065337999114,1284.1999999990987,930.6724851142086
54711,31.305065337999114,1284.2199999990987,930.6763752274777
54712,31.305065337999114,1284.2399999990987,930.6802652692169
54713,31.305065337999114,1284.2599999990987,930.6841552394261
54714,31.305065337999114,1284.2799999990987,930.6880451381056
54715,31.305065337999114,1284.2999999990986,930.6919349652554
54716,31.305065337999114,1284.3199999990986,930.6958247208756
54717,31.305065337999114,1284.3399999990986,930.6997144049665
54718,31.305065337999114,1284.3599999990986,930.7036040175279
54719,31.305065337999114,1284.3799999990986,930.7074935585601
54720,31.305065337999114,1284.3999999990986,930.7113830280633
54721,31.305065337999114,1284.4199999990985,930.7152724260375
54722,31.305065337999114,1284.4399999990985,930.7191617524827
54723,31.305065337999114,1284.4599999990985,930.7230510073991
54724,31.305065337999114,1284.4799999990985,930.7269401907869
54725,31.305065337999114,1284.4999999990985,930.730829302646
54726,31.305065337999114,1284.5199999990984,930.7347183429767
54727,31.305065337999114,1284.5399999990984,930.7386073117791
54728,31.305065337999114,1284.5599999990984,930.7424962090532
54729,31.305065337999114,1284.5799999990984,930.7463850347992
54730,31.305065337999114,1284.5999999990984,930.7502737890172
54731,31.305065337999114,1284.6199999990984,930.7541624717073
54732,31.305065337999114,1284.6399999990983,930.7580510828697
54733,31.305065337999114,1284.6599999990983,930.7619396225042
54734,31.305065337999114,1284.6799999990983,930.7658280906112
54735,31.305065337999114,1284.6999999990983,930.7697164871907
54736,31.305065337999114,1284.7199999990983,930.7736048122429
54737,31.305065337999114,1284.7399999990982,930.7774930657678
54738,31.305065337999114,1284.7599999990982,930.7813812477656
54739,31.305065337999114,1284.7799999990982,930.7852693582363
54740,31.305065337999114,1284.7999999990982,930.7891573971801
54741,31.305065337999114,1284.8199999990982,930.7930453645971
54742,31.305065337999114,1284.8399999990982,930.7969332604873
54743,31.305065337999114,1284.8599999990981,930.800821084851
54744,31.305065337999114,1284.8799999990981,930.8047088376882
54745,31.305065337999114,1284.899999999098,930.8085965189989
54746,31.305065337999114,1284.919999999098,930.8124841287835
54747,31.305065337999114,1284.939999999098,930.8163716670418
54748,31.305065337999114,1284.959999999098,930.8202591337741
54749,31.305065337999114,1284.979999999098,930.8241465289805
54750,31.305065337999114,1284.999999999098,930.8280338526733
54751,31.305065337999114,1285.019999999098,930.8319211049414
54752,31.305065337999114,1285.039999999098,930.8358082857933
54753,31.305065337999114,1285.059999999098,930.839695395229
54754,31.305065337999114,1285.079999999098,930.8435824332487
54755,31.305065337999114,1285.099999999098,930.8474693998525
54756,31.305065337999114,1285.119999999098,930.8513562950403
54757,31.305065337999114,1285.1399999990979,930.8552431188125
54758,31.305065337999114,1285.1599999990979,930.8591298711691
54759,31.305065337999114,1285.1799999990978,930.8630165521103
54760,31.305065337999114,1285.1999999990978,930.8669031616361
54761,31.305065337999114,1285.2199999990978,930.8707896997465
54762,31.305065337999114,1285.2399999990978,930.8746761664419
54763,31.305065337999114,1285.2599999990978,930.8785625617222
54764,31.305065337999114,1285.2799999990978,930.8824488855877
54765,31.305065337999114,1285.2999999990977,930.8863351380382
54766,31.305065337999114,1285.3199999990977,930.8902213190742
54767,31.305065337999114,1285.3399999990977,930.8941074286954
54768,31.305065337999114,1285.3599999990977,930.8979934669022
54769,31.305065337999114,1285.3799999990977,930.9018794336947
54770,31.305065337999114,1285.3999999990976,930.9057653290729
54771,31.305065337999114,1285.4199999990976,930.909651153037
54772,31.305065337999114,1285.4399999990976,930.913536905587
54773,31.305065337999114,1285.4599999990976,930.9174225867231
54774,31.305065337999114,1285.4799999990976,930.9213081964454
54775,31.305065337999114,1285.4999999990976,930.925193734754
54776,31.305065337999114,1285.5199999990975,930.929079201649
54777,31.305065337999114,1285.5399999990975,930.9329645971304
54778,31.305065337999114,1285.5599999990975,930.9368499211986
54779,31.305065337999114,1285.5799999990975,930.9407351738535
54780,31.305065337999114,1285.5999999990975,930.9446203550953
54781,31.305065337999114,1285.6199999990974,930.948505464924
54782,31.305065337999114,1285.6399999990974,930.9523905033398
54783,31.305065337999114,1285.6599999990974,930.9562754703427
54784,31.305065337999114,1285.6799999990974,930.960160365933
54785,31.305065337999114,1285.6999999990974,930.9640451901107
54786,31.305065337999114,1285.7199999990974,930.9679299428759
54787,31.305065337999114,1285.7399999990973,930.9718146242287
54788,31.305065337999114,1285.7599999990973,930.9756992341693
54789,31.305065337999114,1285.7799999990973,930.9795837726977
54790,31.305065337999114,1285.7999999990973,930.983468239814
54791,31.305065337999114,1285.8199999990973,930.9873526355185
54792,31.305065337999114,1285.8399999990972,930.9912369598112
54793,31.305065337999114,1285.8599999990972,930.9951212126922
54794,31.305065337999114,1285.8799999990972,930.9990053941616
54795,31.305065337999114,1285.8999999990972,931.0028895042194
54796,31.305065337999114,1285.9199999990972,931.0067735428659
54797,31.305065337999114,1285.9399999990972,931.010657510101
54798,31.305065337999114,1285.9599999990971,931.0145414059251
54799,31.305065337999114,1285.9799999990971,931.0184252303382
54800,31.305065337999114,1285.999999999097,931.0223089833403
54801,31.305065337999114,1286.019999999097,931.0261926649519
54802,31.305065337999114,1286.039999999097,931.0300762752623
54803,31.305065337999114,1286.059999999097,931.0339598142796
54804,31.305065337999114,1286.079999999097,931.0378432820037
54805,31.305065337999114,1286.099999999097,931.0417266784348
54806,31.305065337999114,1286.119999999097,931.045610003573
54807,31.305065337999114,1286.139999999097,931.0494932574185
54808,31.305065337999114,1286.159999999097,931.0533764399713
54809,31.305065337999114,1286.179999999097,931.0572595512316
54810,31.305065337999114,1286.199999999097,931.0611425911994
54811,31.305065337999114,1286.219999999097,931.0650255598749
54812,31.305065337999114,1286.2399999990969,931.0689084572582
54813,31.305065337999114,1286.2599999990969,931.0727912833494
54814,31.305065337999114,1286.2799999990968,931.0766740381486
54815,31.305065337999114,1286.2999999990968,931.0805567216559
54816,31.305065337999114,1286.3199999990968,931.0844393338714
54817,31.305065337999114,1286.3399999990968,931.0883218747953
54818,31.305065337999114,1286.3599999990968,931.0922043444276
54819,31.305065337999114,1286.3799999990968,931.0960867427685
54820,31.305065337999114,1286.3999999990967,931.0999690698181
54821,31.305065337999114,1286.4199999990967,931.1038513255766
54822,31.26502460996959,1286.4399999990967,931.1077335100439
54823,31.26502460996959,1286.4599999990967,931.1116156232202
54824,31.26502460996959,1286.4799999990967,931.1154976651057
54825,31.26502460996959,1286.4999999990966,931.1193796357005
54826,31.26502460996959,1286.5199999990966,931.1232615350046
54827,31.26502460996959,1286.5399999990966,931.1271433630183
54828,31.26502460996959,1286.5599999990966,931.1310251197415
54829,31.26502460996959,1286.5799999990966,931.1349068051744
54830,31.26502460996959,1286.5999999990966,931.1387884193172
54831,31.26502460996959,1286.6199999990965,931.1426699621699
54832,31.26502460996959,1286.6399999990965,931.1465514337326
54833,31.26502460996959,1286.6599999990965,931.1504328340055
54834,31.26502460996959,1286.6799999990965,931.1543141629887
54835,31.26502460996959,1286.6999999990965,931.1581954206822
54836,31.26502460996959,1286.7199999990964,931.1620766070862
54837,31.26502460996959,1286.7399999990964,931.1659577222008
54838,31.26502460996959,1286.7599999990964,931.1698387660261
54839,31.26502460996959,1286.7799999990964,931.1737197385623
54840,31.26502460996959,1286.7999999990964,931.1776006398095
54841,31.26502460996959,1286.8199999990964,931.1814814697677
54842,31.26502460996959,1286.8399999990963,931.185362228437
54843,31.26502460996959,1286.8599999990963,931.1892429158177
54844,31.26502460996959,1286.8799999990963,931.1931235319097
54845,31.26502460996959,1286.8999999990963,931.1970040767133
54846,31.26502460996959,1286.9199999990963,931.2008845502285
54847,31.26502460996959,1286.9399999990962,931.2047649524554
54848,31.26502460996959,1286.9599999990962,931.2086452833942
54849,31.26502460996959,1286.9799999990962,931.2125255430449
54850,31.26502460996959,1286.9999999990962,931.2164057314077
54851,31.26502460996959,1287.0199999990962,931.2202858484827
54852,31.26502460996959,1287.0399999990962,931.2241658942934
54853,31.26502460996959,1287.0599999990961,931.2280458689119
54854,31.26502460996959,1287.0799999990961,931.2319257723437
54855,31.26502460996959,1287.099999999096,931.2358056045891
54856,31.26502460996959,1287.119999999096,931.2396853656481
54857,31.26502460996959,1287.139999999096,931.2435650555209
54858,31.26502460996959,1287.159999999096,931.2474446742076
54859,31.26502460996959,1287.179999999096,931.2513242217083
54860,31.26502460996959,1287.199999999096,931.255203698023
54861,31.26502460996959,1287.219999999096,931.259083103152
54862,31.26502460996959,1287.239999999096,931.2629624370952
54863,31.26502460996959,1287.259999999096,931.266841699853
54864,31.26502460996959,1287.279999999096,931.2707208914253
54865,31.26502460996959,1287.299999999096,931.2746000118123
54866,31.26502460996959,1287.319999999096,931.278479061014
54867,31.26502460996959,1287.3399999990959,931.2823580390306
54868,31.26502460996959,1287.3599999990959,931.2862369458622
54869,31.26502460996959,1287.3799999990958,931.290115781509
54870,31.26502460996959,1287.3999999990958,931.293994545971
54871,31.26502460996959,1287.4199999990958,931.2978732392485
54872,31.26502460996959,1287.4399999990958,931.3017518613414
54873,31.26502460996959,1287.4599999990958,931.3056304122498
54874,31.26502460996959,1287.4799999990958,931.309508891974
54875,31.26502460996959,1287.4999999990957,931.313387300514
54876,31.26502460996959,1287.5199999990957,931.3172656378699
54877,31.26502460996959,1287.5399999990957,931.321143904042
54878,31.26502460996959,1287.5599999990957,931.3250220990301
54879,31.26502460996959,1287.5799999990957,931.3289002228346
54880,31.26502460996959,1287.5999999990956,931.3327782754554
54881,31.26502460996959,1287.6199999990956,931.3366562568928
54882,31.26502460996959,1287.6399999990956,931.3405341671468
54883,31.26502460996959,1287.6599999990956,931.3444120062175
54884,31.26502460996959,1287.6799999990956,931.3482897741051
54885,31.26502460996959,1287.6999999990956,931.3521674708096
54886,31.26502460996959,1287.7199999990955,931.3560450963313
54887,31.26502460996959,1287.7399999990955,931.3599226506701
54888,31.26502460996959,1287.7599999990955,931.3638001338263
54889,31.26502460996959,1287.7799999990955,931.3676775457999
54890,31.26502460996959,1287.7999999990955,931.3715548865911
54891,31.26502460996959,1287.8199999990954,931.3754321561998
54892,31.26502460996959,1287.8399999990954,931.3793093546265
54893,31.26502460996959,1287.8599999990954,931.3831864818709
54894,31.26502460996959,1287.8799999990954,931.3870635379334
54895,31.26502460996959,1287.8999999990954,931.3909405228139
54896,31.26502460996959,1287.9199999990954,931.3948174365128
54897,31.26502460996959,1287.9399999990953,931.3986942790299
54898,31.26502460996959,1287.9599999990953,931.4025710503655
54899,31.26502460996959,1287.9799999990953,931.4064477505198
54900,31.26502460996959,1287.9999999990953,931.4103243794926
54901,31.26502460996959,1288.0199999990953,931.4142009372844
54902,31.26502460996959,1288.0399999990952,931.4180774238949
54903,31.26502460996959,1288.0599999990952,931.421953839356
54904,31.26502460996959,1288.0799999990952,931.4258301837397
54905,31.26502460996959,1288.0999999990952,931.4297064570508
54906,31.26502460996959,1288.1199999990952,931.4335826592893
54907,31.26502460996959,1288.1399999990952,931.4374587904554
54908,31.26502460996959,1288.1599999990951,931.4413348505491
54909,31.26502460996959,1288.1799999990951,931.4452108395707
54910,31.26502460996959,1288.199999999095,931.4490867575201
54911,31.26502460996959,1288.219999999095,931.4529626043976
54912,31.26502460996959,1288.239999999095,931.4568383802033
54913,31.26502460996959,1288.259999999095,931.4607140849372
54914,31.26502460996959,1288.279999999095,931.4645897185995
54915,31.26502460996959,1288.299999999095,931.4684652811903
54916,31.26502460996959,1288.319999999095,931.4723407727098
54917,31.26502460996959,1288.339999999095,931.4762161931579
54918,31.26502460996959,1288.359999999095,931.480091542535
54919,31.26502460996959,1288.379999999095,931.4839668208409
54920,31.26502460996959,1288.399999999095,931.487842028076
54921,31.26502460996959,1288.419999999095,931.4917171642403
54922,31.26502460996959,1288.4399999990949,931.4955922293339
54923,31.26502460996959,1288.4599999990949,931.4994672233569
54924,31.26502460996959,1288.4799999990948,931.5033421463095
54925,31.26502460996959,1288.4999999990948,931.5072169981918
54926,31.26502460996959,1288.5199999990948,931.5110917790038
54927,31.26502460996959,1288.5399999990948,931.5149664887457
54928,31.26502460996959,1288.5599999990948,931.5188411274177
54929,31.26502460996959,1288.5799999990948,931.5227156950198
54930,31.26502460996959,1288.5999999990947,931.5265901915521
54931,31.26502460996959,1288.6199999990947,931.5304646170149
54932,31.26502460996959,1288.6399999990947,931.5343389714081
54933,31.26502460996959,1288.6599999990947,931.538213254732
54934,31.26502460996959,1288.6799999990947,931.5420874669866
54935,31.26502460996959,1288.6999999990946,931.545961608172
54936,31.26502460996959,1288.7199999990946,931.5498356782883
54937,31.26502460996959,1288.7399999990946,931.5537096773357
54938,31.26502460996959,1288.7599999990946,931.5575836053143
54939,31.26502460996959,1288.7799999990946,931.5614574622242
54940,31.26502460996959,1288.7999999990946,931.5653312480655
54941,31.26502460996959,1288.8199999990945,931.5692049628383
54942,31.26502460996959,1288.8399999990945,931.5730786065427
54943,31.26502460996959,1288.8599999990945,931.576952179179
54944,31.26502460996959,1288.8799999990945,931.5808256807471
54945,31.26502460996959,1288.8999999990945,931.5846991112472
54946,31.26502460996959,1288.9199999990944,931.5885724706794
54947,31.26502460996959,1288.9399999990944,931.5924457590439
54948,31.26502460996959,1288.9599999990944,931.5963189763407
54949,31.26502460996959,1288.9799999990944,931.6001921225701
54950,31.26502460996959,1288.9999999990944,931.604065197732
54951,31.26502460996959,1289.0199999990944,931.6079382018265
54952,31.26502460996959,1289.0399999990943,931.611811134854
54953,31.26502460996959,1289.0599999990943,931.6156839968143
54954,31.26502460996959,1289.0799999990943,931.6195567877454
54955,31.26502460996959,1289.0999999990943,931.6234295077145
54956,31.26502460996959,1289.1199999990943,931.6273021567249
54957,31.26502460996959,1289.1399999990942,931.6311747347769
54958,31.26502460996959,1289.1599999990942,931.6350472418704
54959,31.26502460996959,1289.1799999990942,931.6389196780057
54960,31.26502460996959,1289.1999999990942,931.6427920431828
54961,31.26502460996959,1289.2199999990942,931.6466643374018
54962,31.26502460996959,1289.2399999990942,931.6505365606629
54963,31.26502460996959,1289.2599999990941,931.6544087129662
54964,31.26502460996959,1289.2799999990941,931.6582807943117
54965,31.26502460996959,1289.299999999094,931.6621528046998
54966,31.26502460996959,1289.319999999094,931.6660247441304
54967,31.26502460996959,1289.339999999094,931.6698966126036
54968,31.26502460996959,1289.359999999094,931.6737684101196
54969,31.26502460996959,1289.379999999094,931.6776401366785
54970,31.26502460996959,1289.399999999094,931.6815117922805
54971,31.26502460996959,1289.419999999094,931.6853833769255
54972,31.26502460996959,1289.439999999094,931.6892548906138
54973,31.26502460996959,1289.459999999094,931.6931263333455
54974,31.26502460996959,1289.479999999094,931.6969977051207
54975,31.26502460996959,1289.499999999094,931.7008690059395
54976,31.26502460996959,1289.519999999094,931.704740235802
54977,31.26502460996959,1289.5399999990939,931.7086113947083
54978,31.26502460996959,1289.5599999990939,931.7124824826586
54979,31.26502460996959,1289.5799999990938,931.716353499653
54980,31.26502460996959,1289.5999999990938,931.7202244456917
54981,31.26502460996959,1289.6199999990938,931.7240953207746
54982,31.26502460996959,1289.6399999990938,931.727966124902
54983,31.26502460996959,1289.6599999990938,931.7318368580738
54984,31.26502460996959,1289.6799999990938,931.7357075202905
54985,31.26502460996959,1289.6999999990937,931.7395781115519
54986,31.26502460996959,1289.7199999990937,931.7434486318582
54987,31.26502460996959,1289.7399999990937,931.7473190812095
54988,31.26502460996959,1289.7599999990937,931.751189459606
54989,31.26502460996959,1289.7799999990937,931.7550597670478
54990,31.26502460996959,1289.7999999990936,931.7589300035349
54991,31.26502460996959,1289.8199999990936,931.7628001690676
54992,31.26502460996959,1289.8399999990936,931.7666702636459
54993,31.26502460996959,1289.8599999990936,931.7705402872699
54994,31.26502460996959,1289.8799999990936,931.7744102399398
54995,31.26502460996959,1289.8999999990936,931.7782801216556
54996,31.26502460996959,1289.9199999990935,931.7821499324175
54997,31.26502460996959,1289.9399999990935,931.7860196722256
54998,31.26502460996959,1289.9599999990935,931.7898893410801
54999,31.26502460996959,1289.9799999990935,931.793758938981
55000,31.26502460996959,1289.9999999990935,931.7976284659285
55001,31.26502460996959,1290.0199999990934,931.8014979219226
55002,31.26502460996959,1290.0399999990934,931.8053673069636
55003,31.26502460996959,1290.0599999990934,931.8092366210515
55004,31.26502460996959,1290.0799999990934,931.8131058641864
55005,31.26502460996959,1290.0999999990934,931.8169750364126
55006,31.26502460996959,1290.1199999990934,931.8208441377922
55007,31.26502460996959,1290.1399999990933,931.8247131683272
55008,31.26502460996959,1290.1599999990933,931.8285821280178
55009,31.26502460996959,1290.1799999990933,931.8324510168643
55010,31.26502460996959,1290.1999999990933,931.8363198348666
55011,31.26502460996959,1290.2199999990933,931.8401885820248
55012,31.26502460996959,1290.2399999990932,931.844057258339
55013,31.26502460996959,1290.2599999990932,931.8479258638096
55014,31.26502460996959,1290.2799999990932,931.8517943984364
55015,31.26502460996959,1290.2999999990932,931.8556628622197
55016,31.26502460996959,1290.3199999990932,931.8595312551595
55017,31.26502460996959,1290.3399999990932,931.863399577256
55018,31.26502460996959,1290.3599999990931,931.8672678285094
55019,31.26502460996959,1290.3799999990931,931.8711360089196
55020,31.26502460996959,1290.399999999093,931.8750041184869
55021,31.26502460996959,1290.419999999093,931.8788721572114
55022,31.26502460996959,1290.439999999093,931.8827401250932
55023,31.26502460996959,1290.459999999093,931.8866080221324
55024,31.26502460996959,1290.479999999093,931.8904758483291
55025,31.26502460996959,1290.499999999093,931.8943436036834
55026,31.26502460996959,1290.519999999093,931.8982112881955
55027,31.26502460996959,1290.539999999093,931.9020789018655
55028,31.26502460996959,1290.559999999093,931.9059464446934
55029,31.26502460996959,1290.579999999093,931.9098139166796
55030,31.26502460996959,1290.599999999093,931.913681317824
55031,31.26502460996959,1290.619999999093,931.9175486481266
55032,31.26502460996959,1290.6399999990929,931.9214159075879
55033,31.26502460996959,1290.6599999990929,931.9252830962076
55034,31.26502460996959,1290.6799999990928,931.9291502139862
55035,31.26502460996959,1290.6999999990928,931.9330172609236
55036,31.26502460996959,1290.7199999990928,931.93688423702
55037,31.26502460996959,1290.7399999990928,931.9407511422754
55038,31.26502460996959,1290.7599999990928,931.9446179766901
55039,31.26502460996959,1290.7799999990928,931.9484847402641
55040,31.26502460996959,1290.7999999990927,931.9523514329976
55041,31.26502460996959,1290.8199999990927,931.9562180548905
55042,31.26502460996959,1290.8399999990927,931.9600846059433
55043,31.26502460996959,1290.8599999990927,931.9639510861558
55044,31.26502460996959,1290.8799999990927,931.9678174955283
55045,31.26502460996959,1290.8999999990926,931.9716838340607
55046,31.26502460996959,1290.9199999990926,931.9755501017534
55047,31.26502460996959,1290.9399999990926,931.9794162986062
55048,31.26502460996959,1290.9599999990926,931.9832824246196
55049,31.26502460996959,1290.9799999990926,931.9871484797934
55050,31.26502460996959,1290.9999999990926,931.9910144641279
55051,31.26502460996959,1291.0199999990925,931.9948803776232
55052,31.26502460996959,1291.0399999990925,931.9987462202794
55053,31.26502460996959,1291.0599999990925,932.0026119920965
55054,31.26502460996959,1291.0799999990925,932.0064776930748
55055,31.26502460996959,1291.0999999990925,932.0103433232143
55056,31.26502460996959,1291.1199999990924,932.0142088825689
55057,31.26502460996959,1291.1399999990924,932.0180743711992
55058,31.26502460996959,1291.1599999990924,932.0219397891059
55059,31.26502460996959,1291.1799999990924,932.0258051362893
55060,31.26502460996959,1291.1999999990924,932.0296704127494
55061,31.26502460996959,1291.2199999990924,932.0335356184864
55062,31.26502460996959,1291.2399999990923,932.0374007535005
55063,31.26502460996959,1291.2599999990923,932.0412658177917
55064,31.26502460996959,1291.2799999990923,932.0451308113601
55065,31.26502460996959,1291.2999999990923,932.0489957342058
55066,31.26502460996959,1291.3199999990923,932.0528605863291
55067,31.26502460996959,1291.3399999990922,932.05672536773
55068,31.26502460996959,1291.3599999990922,932.0605900784086
55069,31.26502460996959,1291.3799999990922,932.0644547183651
55070,31.26502460996959,1291.3999999990922,932.0683192875996
55071,31.26502460996959,1291.4199999990922,932.0721837861122
55072,31.26502460996959,1291.4399999990922,932.0760482139029
55073,31.26502460996959,1291.4599999990921,932.079912570972
55074,31.26502460996959,1291.4799999990921,932.0837768573197
55075,31.26502460996959,1291.499999999092,932.0876410729458
55076,31.26502460996959,1291.519999999092,932.0915052178506
55077,31.26502460996959,1291.539999999092,932.0953692920342
55078,31.26502460996959,1291.559999999092,932.0992332954968
55079,31.26502460996959,1291.579999999092,932.1030972282384
55080,31.26502460996959,1291.599999999092,932.1069610902592
55081,31.26502460996959,1291.619999999092,932.1108248815594
55082,31.26502460996959,1291.639999999092,932.114688602139
55083,31.26502460996959,1291.659999999092,932.1185522519982
55084,31.26502460996959,1291.679999999092,932.122415831137
55085,31.26502460996959,1291.699999999092,932.1262793395556
55086,31.26502460996959,1291.719999999092,932.1301427772542
55087,31.26502460996959,1291.7399999990919,932.1340061442327
55088,31.26502460996959,1291.7599999990919,932.1378694404914
55089,31.26502460996959,1291.7799999990918,932.1417326660303
55090,31.26502460996959,1291.7999999990918,932.1455958208496
55091,31.26502460996959,1291.8199999990918,932.1494589049495
55092,31.26502460996959,1291.8399999990918,932.15332191833
55093,31.26502460996959,1291.8599999990918,932.1571848609913
55094,31.26502460996959,1291.8799999990918,932.1610477329334
55095,31.26502460996959,1291.8999999990917,932.1649105341565
55096,31.26502460996959,1291.9199999990917,932.1687732646608
55097,31.26502460996959,1291.9399999990917,932.1726359244462
55098,31.26502460996959,1291.9599999990917,932.176498513513
55099,31.22506916600409,1291.9799999990917,932.1803610318614
55100,31.22506916600409,1291.9999999990916,932.1842234794913
55101,31.22506916600409,1292.0199999990916,932.1880858564028
55102,31.22506916600409,1292.0399999990916,932.1919481625963
55103,31.22506916600409,1292.0599999990916,932.1958103980717
55104,31.22506916600409,1292.0799999990916,932.1996725628292
55105,31.22506916600409,1292.0999999990916,932.2035346568689
55106,31.22506916600409,1292.1199999990915,932.2073966801914
55107,31.22506916600409,1292.1399999990915,932.2112586328491
55108,31.22506916600409,1292.1599999990915,932.2151205148895
55109,31.22506916600409,1292.1799999990915,932.2189823263127
55110,31.22506916600409,1292.1999999990915,932.222844067119
55111,31.22506916600409,1292.2199999990914,932.2267057373084
55112,31.22506916600409,1292.2399999990914,932.230567336881
55113,31.22506916600409,1292.2599999990914,932.234428865837
55114,31.22506916600409,1292.2799999990914,932.2382903241764
55115,31.22506916600409,1292.2999999990914,932.2421517118995
55116,31.22506916600409,1292.3199999990914,932.2460130290063
55117,31.22506916600409,1292.3399999990913,932.249874275497
55118,31.22506916600409,1292.3599999990913,932.2537354513715
55119,31.22506916600409,1292.3799999990913,932.2575965566302
55120,31.22506916600409,1292.3999999990913,932.2614575912733
55121,31.22506916600409,1292.4199999990913,932.2653185553006
55122,31.22506916600409,1292.4399999990912,932.2691794487124
55123,31.22506916600409,1292.4599999990912,932.2730402715089
55124,31.22506916600409,1292.4799999990912,932.27690102369
55125,31.22506916600409,1292.4999999990912,932.280761705256
55126,31.22506916600409,1292.5199999990912,932.2846223162071
55127,31.22506916600409,1292.5399999990912,932.2884828565433
55128,31.22506916600409,1292.5599999990911,932.2923433262646
55129,31.22506916600409,1292.5799999990911,932.2962037253714
55130,31.22506916600409,1292.599999999091,932.3000640538636
55131,31.22506916600409,1292.619999999091,932.3039243117414
55132,31.22506916600409,1292.639999999091,932.3077844990049
55133,31.22506916600409,1292.659999999091,932.3116446156544
55134,31.22506916600409,1292.679999999091,932.3155046616897
55135,31.22506916600409,1292.699999999091,932.3193646371112
55136,31.22506916600409,1292.719999999091,932.323224541919
55137,31.22506916600409,1292.739999999091,932.3270843761131
55138,31.22506916600409,1292.759999999091,932.3309441396938
55139,31.22506916600409,1292.779999999091,932.334803832661
55140,31.22506916600409,1292.799999999091,932.338663455015
55141,31.22506916600409,1292.819999999091,932.3425230067558
55142,31.22506916600409,1292.8399999990909,932.3463824878835
55143,31.22506916600409,1292.8599999990909,932.3502418983984
55144,31.22506916600409,1292.8799999990908,932.3541012383005
55145,31.22506916600409,1292.8999999990908,932.35796050759
55146,31.22506916600409,1292.9199999990908,932.3618197062669
55147,31.22506916600409,1292.9399999990908,932.3656788343316
55148,31.22506916600409,1292.9599999990908,932.3695378917839
55149,31.22506916600409,1292.9799999990908,932.3733968786241
55150,31.22506916600409,1292.9999999990907,932.3772557948523
55151,31.22506916600409,1293.0199999990907,932.3811146404686
55152,31.22506916600409,1293.0399999990907,932.384973415473
55153,31.22506916600409,1293.0599999990907,932.3888321198659
55154,31.22506916600409,1293.0799999990907,932.3926907536472
55155,31.22506916600409,1293.0999999990906,932.3965493168172
55156,31.22506916600409,1293.1199999990906,932.4004078093759
55157,31.22506916600409,1293.1399999990906,932.4042662313252
55158,31.22506916600409,1293.1599999990906,932.4081245827258
55159,31.22506916600409,1293.1799999990906,932.411982863622
55160,31.22506916600409,1293.1999999990906,932.4158410740139
55161,31.22506916600409,1293.2199999990905,932.4196992139015
55162,31.22506916600409,1293.2399999990905,932.423557283285
55163,31.22506916600409,1293.2599999990905,932.4274152821647
55164,31.22506916600409,1293.2799999990905,932.4312732105406
55165,31.22506916600409,1293.2999999990905,932.4351310684127
55166,31.22506916600409,1293.3199999990904,932.4389888557813
55167,31.22506916600409,1293.3399999990904,932.4428465726464
55168,31.22506916600409,1293.3599999990904,932.4467042190082
55169,31.22506916600409,1293.3799999990904,932.4505617948668
55170,31.22506916600409,1293.3999999990904,932.4544193002223
55171,31.22506916600409,1293.4199999990904,932.4582767350748
55172,31.22506916600409,1293.4399999990903,932.4621340994246
55173,31.22506916600409,1293.4599999990903,932.4659913932717
55174,31.22506916600409,1293.4799999990903,932.4698486166162
55175,31.22506916600409,1293.4999999990903,932.4737057694583
55176,31.22506916600409,1293.5199999990903,932.4775628517981
55177,31.22506916600409,1293.5399999990902,932.4814198636357
55178,31.22506916600409,1293.5599999990902,932.4852768049711
55179,31.22506916600409,1293.5799999990902,932.4891336758047
55180,31.22506916600409,1293.5999999990902,932.4929904761365
55181,31.22506916600409,1293.6199999990902,932.4968472059666
55182,31.22506916600409,1293.6399999990902,932.500703865295
55183,31.22506916600409,1293.6599999990901,932.504560454122
55184,31.22506916600409,1293.6799999990901,932.5084169724478
55185,31.22506916600409,1293.69999999909,932.5122734202723
55186,31.22506916600409,1293.71999999909,932.5161297975958
55187,31.22506916600409,1293.73999999909,932.5199861044183
55188,31.22506916600409,1293.75999999909,932.5238423407401
55189,31.22506916600409,1293.77999999909,932.5276985065611
55190,31.22506916600409,1293.79999999909,932.5315546018817
55191,31.22506916600409,1293.81999999909,932.5354106267017
55192,31.22506916600409,1293.83999999909,932.5392665810215
55193,31.22506916600409,1293.85999999909,932.5431224648411
55194,31.22506916600409,1293.87999999909,932.5469782781606
55195,31.22506916600409,1293.89999999909,932.5508340209802
55196,31.22506916600409,1293.91999999909,932.5546896933
55197,31.22506916600409,1293.9399999990899,932.5585452951201
55198,31.22506916600409,1293.9599999990899,932.5624008264407
55199,31.22506916600409,1293.9799999990898,932.5662562872618
55200,31.22506916600409,1293.9999999990898,932.5701116775837
55201,31.22506916600409,1294.0199999990898,932.5739669974063
55202,31.22506916600409,1294.0399999990898,932.5778222467299
55203,31.22506916600409,1294.0599999990898,932.5816774255545
55204,31.22506916600409,1294.0799999990898,932.5855325338804
55205,31.22506916600409,1294.0999999990897,932.5893875717076
55206,31.22506916600409,1294.1199999990897,932.5932425390362
55207,31.22506916600409,1294.1399999990897,932.5970974358663
55208,31.22506916600409,1294.1599999990897,932.6009522622013
55209,31.22506916600409,1294.1799999990897,932.604807018107
55210,31.22506916600409,1294.1999999990896,932.6086617036215
55211,31.22506916600409,1294.2199999990896,932.612516318745
55212,31.22506916600409,1294.2399999990896,932.6163708634775
55213,31.22506916600409,1294.2599999990896,932.6202253378194
55214,31.22506916600409,1294.2799999990896,932.6240797417706
55215,31.22506916600409,1294.2999999990896,932.6279340753314
55216,31.22506916600409,1294.3199999990895,932.6317883385017
55217,31.22506916600409,1294.3399999990895,932.6356425312817
55218,31.22506916600409,1294.3599999990895,932.6394966536717
55219,31.22506916600409,1294.3799999990895,932.6433507056717
55220,31.22506916600409,1294.3999999990895,932.6472046872818
55221,31.22506916600409,1294.4199999990894,932.6510585985022
55222,31.22506916600409,1294.4399999990894,932.654912439333
55223,31.22506916600409,1294.4599999990894,932.6587662097743
55224,31.22506916600409,1294.4799999990894,932.6626199098262
55225,31.22506916600409,1294.4999999990894,932.6664735394888
55226,31.22506916600409,1294.5199999990894,932.6703270987624
55227,31.22506916600409,1294.5399999990893,932.674180587647
55228,31.22506916600409,1294.5599999990893,932.6780340061428
55229,31.22506916600409,1294.5799999990893,932.6818873542499
55230,31.22506916600409,1294.5999999990893,932.6857406319683
55231,31.22506916600409,1294.6199999990893,932.6895938392983
55232,31.22506916600409,1294.6399999990892,932.6934469762399
55233,31.22506916600409,1294.6599999990892,932.6973000427934
55234,31.22506916600409,1294.6799999990892,932.7011530389588
55235,31.22506916600409,1294.6999999990892,932.7050059647361
55236,31.22506916600409,1294.7199999990892,932.7088588201257
55237,31.22506916600409,1294.7399999990892,932.7127116051275
55238,31.22506916600409,1294.7599999990891,932.7165643197418
55239,31.22506916600409,1294.7799999990891,932.7204169639685
55240,31.22506916600409,1294.799999999089,932.724269537808
55241,31.22506916600409,1294.819999999089,932.7281220412603
55242,31.22506916600409,1294.839999999089,932.7319744743255
55243,31.22506916600409,1294.859999999089,932.7358268370037
55244,31.22506916600409,1294.879999999089,932.7396791292952
55245,31.22506916600409,1294.899999999089,932.7435313511999
55246,31.22506916600409,1294.919999999089,932.747383502718
55247,31.22506916600409,1294.939999999089,932.7512355838497
55248,31.22506916600409,1294.959999999089,932.7550875945951
55249,31.22506916600409,1294.979999999089,932.7589395349544
55250,31.22506916600409,1294.999999999089,932.7627914049275
55251,31.22506916600409,1295.019999999089,932.7666432045147
55252,31.22506916600409,1295.0399999990889,932.7704949337161
55253,31.22506916600409,1295.0599999990889,932.7743465925319
55254,31.22506916600409,1295.0799999990888,932.778198180962
55255,31.22506916600409,1295.0999999990888,932.7820496990067
55256,31.22506916600409,1295.1199999990888,932.7859011466662
55257,31.22506916600409,1295.1399999990888,932.7897525239405
55258,31.22506916600409,1295.1599999990888,932.7936038308297
55259,31.22506916600409,1295.1799999990887,932.7974550673384
55260,31.22506916600409,1295.1999999990887,932.8013062335376
55261,31.22506916600409,1295.2199999990887,932.8051573294591
55262,31.22506916600409,1295.2399999990887,932.8090083551031
55263,31.22506916600409,1295.2599999990887,932.8128593104697
55264,31.22506916600409,1295.2799999990887,932.816710195559
55265,31.22506916600409,1295.2999999990886,932.8205610103713
55266,31.22506916600409,1295.3199999990886,932.8244117549066
55267,31.22506916600409,1295.3399999990886,932.828262429165
55268,31.22506916600409,1295.3599999990886,932.8321130331467
55269,31.22506916600409,1295.3799999990886,932.8359635668518
55270,31.22506916600409,1295.3999999990885,932.8398140302804
55271,31.22506916600409,1295.4199999990885,932.8436644234326
55272,31.22506916600409,1295.4399999990885,932.8475147463087
55273,31.22506916600409,1295.4599999990885,932.8513649989086
55274,31.22506916600409,1295.4799999990885,932.8552151812326
55275,31.22506916600409,1295.4999999990885,932.8590652932807
55276,31.22506916600409,1295.5199999990884,932.8629153350531
55277,31.22506916600409,1295.5399999990884,932.86676530655
55278,31.22506916600409,1295.5599999990884,932.8706152077714
55279,31.22506916600409,1295.5799999990884,932.8744650387175
55280,31.22506916600409,1295.5999999990884,932.8783147993885
55281,31.22506916600409,1295.6199999990883,932.8821644897844
55282,31.22506916600409,1295.6399999990883,932.8860141099053
55283,31.22506916600409,1295.6599999990883,932.8898636597514
55284,31.22506916600409,1295.6799999990883,932.8937131393228
55285,31.22506916600409,1295.6999999990883,932.8975625486197
55286,31.22506916600409,1295.7199999990883,932.9014118876421
55287,31.22506916600409,1295.7399999990882,932.9052611563902
55288,31.22506916600409,1295.7599999990882,932.9091103548642
55289,31.22506916600409,1295.7799999990882,932.9129594830641
55290,31.22506916600409,1295.7999999990882,932.9168085409901
55291,31.22506916600409,1295.8199999990882,932.9206575286424
55292,31.22506916600409,1295.8399999990881,932.924506446021
55293,31.22506916600409,1295.8599999990881,932.9283552931261
55294,31.22506916600409,1295.879999999088,932.9322040699577
55295,31.22506916600409,1295.899999999088,932.9360527765161
55296,31.22506916600409,1295.919999999088,932.9399014128014
55297,31.22506916600409,1295.939999999088,932.9437499788137
55298,31.22506916600409,1295.959999999088,932.947598474553
55299,31.22506916600409,1295.979999999088,932.9514469000196
55300,31.22506916600409,1295.999999999088,932.9552952552136
55301,31.22506916600409,1296.019999999088,932.9591435401351
55302,31.22506916600409,1296.039999999088,932.9629917547842
55303,31.22506916600409,1296.059999999088,932.9668398991611
55304,31.22506916600409,1296.079999999088,932.9706879732659
55305,31.22506916600409,1296.099999999088,932.9745359770986
55306,31.22506916600409,1296.119999999088,932.9783839106595
55307,31.22506916600409,1296.1399999990879,932.9822317739487
55308,31.22506916600409,1296.1599999990879,932.9860795669663
55309,31.22506916600409,1296.1799999990878,932.9899272897123
55310,31.22506916600409,1296.1999999990878,932.9937749421927
55311,31.22506916600409,1296.2199999990878,932.9976225244834
55312,31.22506916600409,1296.2399999990878,933.0014700366103
55313,31.22506916600409,1296.2599999990878,933.0053174785733
55314,31.22506916600409,1296.2799999990877,933.0091648503726
55315,31.22506916600409,1296.2999999990877,933.0130121520084
55316,31.22506916600409,1296.3199999990877,933.0168593834808
55317,31.22506916600409,1296.3399999990877,933.0207065447898
55318,31.22506916600409,1296.3599999990877,933.0245536359357
55319,31.22506916600409,1296.3799999990877,933.0284006569186
55320,31.22506916600409,1296.3999999990876,933.0322476077386
55321,31.22506916600409,1296.4199999990876,933.0360944883957
55322,31.22506916600409,1296.4399999990876,933.0399412988903
55323,31.22506916600409,1296.4599999990876,933.0437880392224
55324,31.22506916600409,1296.4799999990876,933.047634709392
55325,31.22506916600409,1296.4999999990875,933.0514813093994
55326,31.22506916600409,1296.5199999990875,933.0553278392446
55327,31.22506916600409,1296.5399999990875,933.0591742989278
55328,31.22506916600409,1296.5599999990875,933.0630206884492
55329,31.22506916600409,1296.5799999990875,933.0668670078088
55330,31.22506916600409,1296.5999999990875,933.0707132570068
55331,31.22506916600409,1296.6199999990874,933.0745594360434
55332,31.22506916600409,1296.6399999990874,933.0784055449186
55333,31.22506916600409,1296.6599999990874,933.0822515836326
55334,31.22506916600409,1296.6799999990874,933.0860975521855
55335,31.22506916600409,1296.6999999990874,933.0899434505774
55336,31.22506916600409,1296.7199999990873,933.0937892788085
55337,31.22506916600409,1296.7399999990873,933.0976350368788
55338,31.22506916600409,1296.7599999990873,933.1014807247886
55339,31.22506916600409,1296.7799999990873,933.105326342538
55340,31.22506916600409,1296.7999999990873,933.1091718901271
55341,31.22506916600409,1296.8199999990873,933.1130173675559
55342,31.22506916600409,1296.8399999990872,933.1168627748248
55343,31.22506916600409,1296.8599999990872,933.1207081119336
55344,31.22506916600409,1296.8799999990872,933.1245533788826
55345,31.22506916600409,1296.8999999990872,933.128398575672
55346,31.22506916600409,1296.9199999990872,933.1322437023019
55347,31.22506916600409,1296.9399999990871,933.1360887587724
55348,31.22506916600409,1296.9599999990871,933.1399337450836
55349,31.22506916600409,1296.979999999087,933.1437786612356
55350,31.22506916600409,1296.999999999087,933.1476235072287
55351,31.22506916600409,1297.019999999087,933.1514682830627
55352,31.22506916600409,1297.039999999087,933.155312988738
55353,31.22506916600409,1297.059999999087,933.1591576242547
55354,31.22506916600409,1297.079999999087,933.1630021896129
55355,31.22506916600409,1297.099999999087,933.1668466848128
55356,31.22506916600409,1297.119999999087,933.1706911098544
55357,31.22506916600409,1297.139999999087,933.1745354647378
55358,31.22506916600409,1297.159999999087,933.1783797494633
55359,31.22506916600409,1297.179999999087,933.1822239640309
55360,31.22506916600409,1297.199999999087,933.1860681084407
55361,31.22506916600409,1297.219999999087,933.1899121827004
55362,31.22506916600409,1297.2399999990869,933.1937561868965
55363,31.22506916600409,1297.2599999990869,933.1976001210497
55364,31.22506916600409,1297.2799999990868,933.2014439851602
55365,31.22506916600409,1297.2999999990868,933.2052877792279
55366,31.22506916600409,1297.3199999990868,933.209131503253
55367,31.22506916600409,1297.3399999990868,933.2129751572359
55368,31.22506916600409,1297.3599999990868,933.2168187411763
55369,31.22506916600409,1297.3799999990867,933.2206622550747
55370,31.22506916600409,1297.3999999990867,933.224505698931
55371,31.22506916600409,1297.4199999990867,933.2283490727455
55372,31.22506916600409,1297.4399999990867,933.2321923765181
55373,31.22506916600409,1297.4599999990867,933.2360356102492
55374,31.22506916600409,1297.4799999990867,933.2398787739388
55375,31.22506916600409,1297.4999999990866,933.243721867587
55376,31.22506916600409,1297.5199999990866,933.2475648911941
55377,31.185198752010066,1297.5399999990866,933.25140784476
55378,31.185198752010066,1297.5599999990866,933.255250728285
55379,31.185198752010066,1297.5799999990866,933.2590935417691
55380,31.185198752010066,1297.5999999990865,933.2629362852124
55381,31.185198752010066,1297.6199999990865,933.2667789586152
55382,31.185198752010066,1297.6399999990865,933.2706215619776
55383,31.185198752010066,1297.6599999990865,933.2744640952995
55384,31.185198752010066,1297.6799999990865,933.2783065585813
55385,31.185198752010066,1297.6999999990865,933.2821489518232
55386,31.185198752010066,1297.7199999990864,933.285991275025
55387,31.185198752010066,1297.7399999990864,933.289833528187
55388,31.185198752010066,1297.7599999990864,933.2936757113094
55389,31.185198752010066,1297.7799999990864,933.2975178243923
55390,31.185198752010066,1297.7999999990864,933.3013598674357
55391,31.185198752010066,1297.8199999990863,933.30520184044
55392,31.185198752010066,1297.8399999990863,933.309043743405
55393,31.185198752010066,1297.8599999990863,933.312885576331
55394,31.185198752010066,1297.8799999990863,933.3167273392181
55395,31.185198752010066,1297.8999999990863,933.3205690320665
55396,31.185198752010066,1297.9199999990863,933.3244106548763
55397,31.185198752010066,1297.9399999990862,933.3282522076476
55398,31.185198752010066,1297.9599999990862,933.3320936903805
55399,31.185198752010066,1297.9799999990862,933.3359351030751
55400,31.185198752010066,1297.9999999990862,933.3397764457317
55401,31.185198752010066,1298.0199999990862,933.3436177183503
55402,31.185198752010066,1298.0399999990861,933.347458920931
55403,31.185198752010066,1298.0599999990861,933.351300053474
55404,31.185198752010066,1298.079999999086,933.3551411159794
55405,31.185198752010066,1298.099999999086,933.3589821084474
55406,31.185198752010066,1298.119999999086,933.3628230308781
55407,31.185198752010066,1298.139999999086,933.3666638832716
55408,31.185198752010066,1298.159999999086,933.370504665628
55409,31.185198752010066,1298.179999999086,933.3743453779475
55410,31.185198752010066,1298.199999999086,933.3781860202303
55411,31.185198752010066,1298.219999999086,933.3820265924763
55412,31.185198752010066,1298.239999999086,933.3858670946934
55413,31.185198752010066,1298.259999999086,933.3897075269609
55414,31.185198752010066,1298.279999999086,933.393547889291
55415,31.185198752010066,1298.299999999086,933.3973881816836
55416,31.185198752010066,1298.319999999086,933.4012284041389
55417,31.185198752010066,1298.3399999990859,933.4050685566572
55418,31.185198752010066,1298.3599999990859,933.4089086392383
55419,31.185198752010066,1298.3799999990858,933.4127486518827
55420,31.185198752010066,1298.3999999990858,933.4165885945903
55421,31.185198752010066,1298.4199999990858,933.4204284673613
55422,31.185198752010066,1298.4399999990858,933.4242682701959
55423,31.185198752010066,1298.4599999990858,933.428108003094
55424,31.185198752010066,1298.4799999990857,933.4319476660561
55425,31.185198752010066,1298.4999999990857,933.4357872590821
55426,31.185198752010066,1298.5199999990857,933.439626782172
55427,31.185198752010066,1298.5399999990857,933.4434662353262
55428,31.185198752010066,1298.5599999990857,933.4473056185448
55429,31.185198752010066,1298.5799999990857,933.4511449318277
55430,31.185198752010066,1298.5999999990856,933.4549841751752
55431,31.185198752010066,1298.6199999990856,933.4588233485874
55432,31.185198752010066,1298.6399999990856,933.4626624520645
55433,31.185198752010066,1298.6599999990856,933.4665014856065
55434,31.185198752010066,1298.6799999990856,933.4703404492136
55435,31.185198752010066,1298.6999999990855,933.474179342886
55436,31.185198752010066,1298.7199999990855,933.4780181666238
55437,31.185198752010066,1298.7399999990855,933.481856920427
55438,31.185198752010066,1298.7599999990855,933.4856956042959
55439,31.185198752010066,1298.7799999990855,933.4895342182305
55440,31.185198752010066,1298.7999999990855,933.4933727622309
55441,31.185198752010066,1298.8199999990854,933.4972112362975
55442,31.185198752010066,1298.8399999990854,933.5010496404302
55443,31.185198752010066,1298.8599999990854,933.5048879746292
55444,31.185198752010066,1298.8799999990854,933.5087262388946
55445,31.185198752010066,1298.8999999990854,933.5125644332265
55446,31.185198752010066,1298.9199999990853,933.5164025576252
55447,31.185198752010066,1298.9399999990853,933.5202406120906
55448,31.185198752010066,1298.9599999990853,933.524078596623
55449,31.185198752010066,1298.9799999990853,933.5279165112224
55450,31.185198752010066,1298.9999999990853,933.5317543558891
55451,31.185198752010066,1299.0199999990853,933.5355921306231
55452,31.185198752010066,1299.0399999990852,933.5394298354245
55453,31.185198752010066,1299.0599999990852,933.5432674702935
55454,31.185198752010066,1299.0799999990852,933.5471050352302
55455,31.185198752010066,1299.0999999990852,933.5509425302348
55456,31.185198752010066,1299.1199999990852,933.5547799553074
55457,31.185198752010066,1299.1399999990851,933.5586173104481
55458,31.185198752010066,1299.1599999990851,933.5624545956571
55459,31.185198752010066,1299.179999999085,933.5662918109344
55460,31.185198752010066,1299.199999999085,933.5701289562803
55461,31.185198752010066,1299.219999999085,933.5739660316948
55462,31.185198752010066,1299.239999999085,933.577803037178
55463,31.185198752010066,1299.259999999085,933.5816399727413
55464,31.185198752010066,1299.279999999085,933.5854768384712
55465,31.185198752010066,1299.299999999085,933.5893136343763
55466,31.185198752010066,1299.319999999085,933.5931503604565
55467,31.185198752010066,1299.339999999085,933.5969870167122
55468,31.185198752010066,1299.359999999085,933.6008236031433
55469,31.185198752010066,1299.379999999085,933.6046601197501
55470,31.185198752010066,1299.399999999085,933.6084965665325
55471,31.185198752010066,1299.419999999085,933.6123329434909
55472,31.185198752010066,1299.4399999990849,933.6161692506251
55473,31.185198752010066,1299.4599999990849,933.6200054879356
55474,31.185198752010066,1299.4799999990848,933.6238416554223
55475,31.185198752010066,1299.4999999990848,933.6276777530854
55476,31.185198752010066,1299.5199999990848,933.6315137809252
55477,31.185198752010066,1299.5399999990848,933.6353497389415
55478,31.185198752010066,1299.5599999990848,933.6391856271347
55479,31.185198752010066,1299.5799999990847,933.6430214455048
55480,31.185198752010066,1299.5999999990847,933.646857194052
55481,31.185198752010066,1299.6199999990847,933.6506928727764
55482,31.185198752010066,1299.6399999990847,933.6545284816781
55483,31.185198752010066,1299.6599999990847,933.6583640207573
55484,31.185198752010066,1299.6799999990847,933.6621994900141
55485,31.185198752010066,1299.6999999990846,933.6660348894486
55486,31.185198752010066,1299.7199999990846,933.669870219061
55487,31.185198752010066,1299.7399999990846,933.6737054788514
55488,31.185198752010066,1299.7599999990846,933.6775406688199
55489,31.185198752010066,1299.7799999990846,933.6813757889666
55490,31.185198752010066,1299.7999999990845,933.6852108392918
55491,31.185198752010066,1299.8199999990845,933.6890458197955
55492,31.185198752010066,1299.8399999990845,933.6928807304779
55493,31.185198752010066,1299.8599999990845,933.696715571339
55494,31.185198752010066,1299.8799999990845,933.7005503423791
55495,31.185198752010066,1299.8999999990845,933.7043850435982
55496,31.185198752010066,1299.9199999990844,933.7082196749965
55497,31.185198752010066,1299.9399999990844,933.7120542365741
55498,31.185198752010066,1299.9599999990844,933.7158887283312
55499,31.185198752010066,1299.9799999990844,933.7197231502678
55500,31.185198752010066,1299.9999999990844,933.7235575023841
55501,31.185198752010066,1300.0199999990843,933.7273917846803
55502,31.185198752010066,1300.0399999990843,933.7312259971565
55503,31.185198752010066,1300.0599999990843,933.7350601398127
55504,31.185198752010066,1300.0799999990843,933.7388942126493
55505,31.185198752010066,1300.0999999990843,933.7427282156661
55506,31.185198752010066,1300.1199999990843,933.7465621488635
55507,31.185198752010066,1300.1399999990842,933.7503960122416
55508,31.185198752010066,1300.1599999990842,933.7542298058004
55509,31.185198752010066,1300.1799999990842,933.7580635295401
55510,31.185198752010066,1300.1999999990842,933.7618971834609
55511,31.185198752010066,1300.2199999990842,933.7657307675628
55512,31.185198752010066,1300.2399999990841,933.769564281846
55513,31.185198752010066,1300.2599999990841,933.7733977263107
55514,31.185198752010066,1300.279999999084,933.7772311009744
55515,31.185198752010066,1300.299999999084,933.7810644059186
55516,31.185198752010066,1300.319999999084,933.7848976411507
55517,31.185198752010066,1300.339999999084,933.7887308066706
55518,31.185198752010066,1300.359999999084,933.7925639024787
55519,31.185198752010066,1300.379999999084,933.796396928575
55520,31.185198752010066,1300.399999999084,933.8002298849595
55521,31.185198752010066,1300.419999999084,933.8040627716326
55522,31.185198752010066,1300.439999999084,933.8078955885943
55523,31.185198752010066,1300.459999999084,933.8117283358447
55524,31.185198752010066,1300.479999999084,933.8155610133839
55525,31.185198752010066,1300.499999999084,933.8193936212122
55526,31.185198752010066,1300.519999999084,933.8232261593296
55527,31.185198752010066,1300.5399999990839,933.8270586277363
55528,31.185198752010066,1300.5599999990839,933.8308910264324
55529,31.185198752010066,1300.5799999990838,933.834723355418
55530,31.185198752010066,1300.5999999990838,933.8385556146933
55531,31.185198752010066,1300.6199999990838,933.8423878042584
55532,31.185198752010066,1300.6399999990838,933.8462199241134
55533,31.185198752010066,1300.6599999990838,933.8500519742585
55534,31.185198752010066,1300.6799999990837,933.8538839546937
55535,31.185198752010066,1300.6999999990837,933.8577158654194
55536,31.185198752010066,1300.7199999990837,933.8615477064355
55537,31.185198752010066,1300.7399999990837,933.8653794777423
55538,31.185198752010066,1300.7599999990837,933.8692111793398
55539,31.185198752010066,1300.7799999990837,933.8730428112282
55540,31.185198752010066,1300.7999999990836,933.8768743734075
55541,31.185198752010066,1300.8199999990836,933.8807058658781
55542,31.185198752010066,1300.8399999990836,933.8845372886399
55543,31.185198752010066,1300.8599999990836,933.8883686416931
55544,31.185198752010066,1300.8799999990836,933.8921999250379
55545,31.185198752010066,1300.8999999990835,933.8960311386743
55546,31.185198752010066,1300.9199999990835,933.8998622826025
55547,31.185198752010066,1300.9399999990835,933.9036933568227
55548,31.185198752010066,1300.9599999990835,933.9075243613349
55549,31.185198752010066,1300.9799999990835,933.9113552961394
55550,31.185198752010066,1300.9999999990835,933.9151861612362
55551,31.185198752010066,1301.0199999990834,933.9190169566255
55552,31.185198752010066,1301.0399999990834,933.9228476823073
55553,31.185198752010066,1301.0599999990834,933.9266783382819
55554,31.185198752010066,1301.0799999990834,933.9305089245494
55555,31.185198752010066,1301.0999999990834,933.9343394411098
55556,31.185198752010066,1301.1199999990833,933.9381698879635
55557,31.185198752010066,1301.1399999990833,933.9420002651103
55558,31.185198752010066,1301.1599999990833,933.9458305725507
55559,31.185198752010066,1301.1799999990833,933.9496608102845
55560,31.185198752010066,1301.1999999990833,933.9534909783121
55561,31.185198752010066,1301.2199999990833,933.9573210766334
55562,31.185198752010066,1301.2399999990832,933.9611511052487
55563,31.185198752010066,1301.2599999990832,933.9649810641581
55564,31.185198752010066,1301.2799999990832,933.9688109533616
55565,31.185198752010066,1301.2999999990832,933.9726407728832
55566,31.185198752010066,1301.3199999990832,933.9764705227994
55567,31.185198752010066,1301.3399999990831,933.9803002031164
55568,31.185198752010066,1301.3599999990831,933.984129813834
55569,31.185198752010066,1301.379999999083,933.9879593549525
55570,31.185198752010066,1301.399999999083,933.9917888264722
55571,31.185198752010066,1301.419999999083,933.995618228393
55572,31.185198752010066,1301.439999999083,933.9994475607151
55573,31.185198752010066,1301.459999999083,934.0032768234387
55574,31.185198752010066,1301.479999999083,934.0071060165639
55575,31.185198752010066,1301.499999999083,934.0109351400907
55576,31.185198752010066,1301.519999999083,934.0147641940194
55577,31.185198752010066,1301.539999999083,934.0185931783502
55578,31.185198752010066,1301.559999999083,934.022422093083
55579,31.185198752010066,1301.579999999083,934.0262509382181
55580,31.185198752010066,1301.599999999083,934.0300797137556
55581,31.185198752010066,1301.619999999083,934.0339084196956
55582,31.185198752010066,1301.6399999990829,934.0377370560383
55583,31.185198752010066,1301.6599999990829,934.0415656227838
55584,31.185198752010066,1301.6799999990828,934.0453941199322
55585,31.185198752010066,1301.6999999990828,934.0492225474837
55586,31.185198752010066,1301.7199999990828,934.0530509054385
55587,31.185198752010066,1301.7399999990828,934.0568791937965
55588,31.185198752010066,1301.7599999990828,934.0607074125579
55589,31.185198752010066,1301.7799999990827,934.064535561723
55590,31.185198752010066,1301.7999999990827,934.0683636412919
55591,31.185198752010066,1301.8199999990827,934.0721916512646
55592,31.185198752010066,1301.8399999990827,934.0760195916413
55593,31.185198752010066,1301.8599999990827,934.0798474624222
55594,31.185198752010066,1301.8799999990827,934.0836752636073
55595,31.185198752010066,1301.8999999990826,934.0875029951969
55596,31.185198752010066,1301.9199999990826,934.0913306571911
55597,31.185198752010066,1301.9399999990826,934.0951582495899
55598,31.185198752010066,1301.9599999990826,934.0989857723935
55599,31.185198752010066,1301.9799999990826,934.1028132256021
55600,31.185198752010066,1301.9999999990825,934.1066406092157
55601,31.185198752010066,1302.0199999990825,934.1104679232345
55602,31.185198752010066,1302.0399999990825,934.1142951676587
55603,31.185198752010066,1302.0599999990825,934.1181223424885
55604,31.185198752010066,1302.0799999990825,934.1219494477239
55605,31.185198752010066,1302.0999999990825,934.125776483365
55606,31.185198752010066,1302.1199999990824,934.129603449412
55607,31.185198752010066,1302.1399999990824,934.133430345865
55608,31.185198752010066,1302.1599999990824,934.1372571727242
55609,31.185198752010066,1302.1799999990824,934.1410839299897
55610,31.185198752010066,1302.1999999990824,934.1449106176616
55611,31.185198752010066,1302.2199999990823,934.1487372357401
55612,31.185198752010066,1302.2399999990823,934.1525637842253
55613,31.185198752010066,1302.2599999990823,934.1563902631174
55614,31.185198752010066,1302.2799999990823,934.1602166724164
55615,31.185198752010066,1302.2999999990823,934.1640430121224
55616,31.185198752010066,1302.3199999990823,934.1678692822677
55617,31.185198752010066,1302.3399999990822,934.1716954829285
55618,31.185198752010066,1302.3599999990822,934.1755216141099
55619,31.185198752010066,1302.3799999990822,934.1793476758121
55620,31.185198752010066,1302.3999999990822,934.1831736680351
55621,31.185198752010066,1302.4199999990822,934.1869995907792
55622,31.185198752010066,1302.4399999990821,934.1908254440444
55623,31.185198752010066,1302.4599999990821,934.194651227831
55624,31.185198752010066,1302.479999999082,934.1984769421389
55625,31.185198752010066,1302.499999999082,934.2023025869684
55626,31.185198752010066,1302.519999999082,934.2061281623195
55627,31.185198752010066,1302.539999999082,934.2099536681925
55628,31.185198752010066,1302.559999999082,934.2137791045874
55629,31.185198752010066,1302.579999999082,934.2176044715044
55630,31.185198752010066,1302.599999999082,934.2214297689436
55631,31.185198752010066,1302.619999999082,934.2252549969053
55632,31.185198752010066,1302.639999999082,934.2290801553894
55633,31.185198752010066,1302.659999999082,934.2329052443962
55634,31.185198752010066,1302.679999999082,934.2367302639258
55635,31.185198752010066,1302.699999999082,934.2405552139783
55636,31.185198752010066,1302.719999999082,934.2443800945538
55637,31.185198752010066,1302.7399999990819,934.2482049056525
55638,31.185198752010066,1302.7599999990819,934.2520296472745
55639,31.185198752010066,1302.7799999990818,934.25585431942
55640,31.185198752010066,1302.7999999990818,934.259678922089
55641,31.185198752010066,1302.8199999990818,934.2635034552819
55642,31.185198752010066,1302.8399999990818,934.2673279189986
55643,31.185198752010066,1302.8599999990818,934.2711523132393
55644,31.185198752010066,1302.8799999990817,934.2749766380041
55645,31.185198752010066,1302.8999999990817,934.2788008932932
55646,31.185198752010066,1302.9199999990817,934.2826250791068
55647,31.185198752010066,1302.9399999990817,934.2864491954448
55648,31.185198752010066,1302.9599999990817,934.2902732423075
55649,31.185198752010066,1302.9799999990817,934.2940972196951
55650,31.185198752010066,1302.9999999990816,934.2979211276077
55651,31.185198752010066,1303.0199999990816,934.3017449660452
55652,31.185198752010066,1303.0399999990816,934.305568735008
55653,31.185198752010066,1303.0599999990816,934.3093924344962
55654,31.185198752010066,1303.0799999990816,934.3132160645099
55655,31.185198752010066,1303.0999999990815,934.3170396250492
55656,31.145413114867413,1303.1199999990815,934.3208631161143
55657,31.145413114867413,1303.1399999990815,934.3246865377052
55658,31.145413114867413,1303.1599999990815,934.3285098898223
55659,31.145413114867413,1303.1799999990815,934.3323331724655
55660,31.145413114867413,1303.1999999990815,934.336156385635
55661,31.145413114867413,1303.2199999990814,934.339979529331
55662,31.145413114867413,1303.2399999990814,934.3438026035535
55663,31.145413114867413,1303.2599999990814,934.3476256083028
55664,31.145413114867413,1303.2799999990814,934.351448543579
55665,31.145413114867413,1303.2999999990814,934.355271409382
55666,31.145413114867413,1303.3199999990813,934.3590942057123
55667,31.145413114867413,1303.3399999990813,934.3629169326034
55668,31.145413114867413,1303.3599999990813,934.3667395901172
55669,31.145413114867413,1303.3799999990813,934.3705621782569
55670,31.145413114867413,1303.3999999990813,934.3743846970227
55671,31.145413114867413,1303.4199999990813,934.3782071464148
55672,31.145413114867413,1303.4399999990812,934.3820295264331
55673,31.145413114867413,1303.4599999990812,934.385851837078
55674,31.145413114867413,1303.4799999990812,934.3896740783496
55675,31.145413114867413,1303.4999999990812,934.3934962502478
55676,31.145413114867413,1303.5199999990812,934.397318352773
55677,31.145413114867413,1303.5399999990811,934.4011403859253
55678,31.145413114867413,1303.5599999990811,934.4049623497046
55679,31.145413114867413,1303.579999999081,934.4087842441114
55680,31.145413114867413,1303.599999999081,934.4126060691457
55681,31.145413114867413,1303.619999999081,934.4164278248076
55682,31.145413114867413,1303.639999999081,934.4202495110972
55683,31.145413114867413,1303.659999999081,934.4240711280146
55684,31.145413114867413,1303.679999999081,934.4278926755601
55685,31.145413114867413,1303.699999999081,934.4317141537337
55686,31.145413114867413,1303.719999999081,934.4355355625355
55687,31.145413114867413,1303.739999999081,934.4393569019658
55688,31.145413114867413,1303.759999999081,934.4431781720247
55689,31.145413114867413,1303.779999999081,934.4469993727122
55690,31.145413114867413,1303.799999999081,934.4508205040286
55691,31.145413114867413,1303.819999999081,934.4546415659739
55692,31.145413114867413,1303.8399999990809,934.4584625585484
55693,31.145413114867413,1303.8599999990809,934.4622834817521
55694,31.145413114867413,1303.8799999990808,934.4661043355853
55695,31.145413114867413,1303.8999999990808,934.469925120048
55696,31.145413114867413,1303.9199999990808,934.4737458351402
55697,31.145413114867413,1303.9399999990808,934.4775664808624
55698,31.145413114867413,1303.9599999990808,934.4813870572144
55699,31.145413114867413,1303.9799999990807,934.4852075641966
55700,31.145413114867413,1303.9999999990807,934.489028001809
55701,31.145413114867413,1304.0199999990807,934.4928483700517
55702,31.145413114867413,1304.0399999990807,934.4966686689248
55703,31.145413114867413,1304.0599999990807,934.5004888984287
55704,31.145413114867413,1304.0799999990807,934.5043090585633
55705,31.145413114867413,1304.0999999990806,934.5081291493287
55706,31.145413114867413,1304.1199999990806,934.5119491707253
55707,31.145413114867413,1304.1399999990806,934.515769122753
55708,31.145413114867413,1304.1599999990806,934.5195890054121
55709,31.145413114867413,1304.1799999990806,934.5234088187025
55710,31.145413114867413,1304.1999999990805,934.5272285626245
55711,31.145413114867413,1304.2199999990805,934.5310482371783
55712,31.145413114867413,1304.2399999990805,934.534867842364
55713,31.145413114867413,1304.2599999990805,934.5386873781816
55714,31.145413114867413,1304.2799999990805,934.5425068446314
55715,31.145413114867413,1304.2999999990805,934.5463262417134
55716,31.145413114867413,1304.3199999990804,934.5501455694279
55717,31.145413114867413,1304.3399999990804,934.5539648277748
55718,31.145413114867413,1304.3599999990804,934.5577840167965
55719,31.145413114867413,1304.3799999990804,934.5616031365537
55720,31.145413114867413,1304.3999999990804,934.5654221870486
55721,31.145413114867413,1304.4199999990803,934.5692411682815
55722,31.145413114867413,1304.4399999990803,934.5730600802523
55723,31.145413114867413,1304.4599999990803,934.5768789229612
55724,31.145413114867413,1304.4799999990803,934.5806976964085
55725,31.145413114867413,1304.4999999990803,934.5845164005942
55726,31.145413114867413,1304.5199999990803,934.5883350355185
55727,31.145413114867413,1304.5399999990802,934.5921536011815
55728,31.145413114867413,1304.5599999990802,934.5959720975834
55729,31.145413114867413,1304.5799999990802,934.5997905247243
55730,31.145413114867413,1304.5999999990802,934.6036088826044
55731,31.145413114867413,1304.6199999990802,934.6074271712237
55732,31.145413114867413,1304.6399999990801,934.6112453905824
55733,31.145413114867413,1304.6599999990801,934.6150635406807
55734,31.145413114867413,1304.67999999908,934.6188816215187
55735,31.145413114867413,1304.69999999908,934.6226996330964
55736,31.145413114867413,1304.71999999908,934.6265175754143
55737,31.145413114867413,1304.73999999908,934.6303354484721
55738,31.145413114867413,1304.75999999908,934.6341532522703
55739,31.145413114867413,1304.77999999908,934.6379709868088
55740,31.145413114867413,1304.79999999908,934.6417886520878
55741,31.145413114867413,1304.81999999908,934.6456062481076
55742,31.145413114867413,1304.83999999908,934.6494237748681
55743,31.145413114867413,1304.85999999908,934.6532412323695
55744,31.145413114867413,1304.87999999908,934.657058620612
55745,31.145413114867413,1304.89999999908,934.6608759395958
55746,31.145413114867413,1304.91999999908,934.6646931893209
55747,31.145413114867413,1304.9399999990799,934.6685103697876
55748,31.145413114867413,1304.9599999990799,934.6723274809958
55749,31.145413114867413,1304.9799999990798,934.6761445229458
55750,31.145413114867413,1304.9999999990798,934.6799614956378
55751,31.145413114867413,1305.0199999990798,934.6837783990718
55752,31.145413114867413,1305.0399999990798,934.687595233248
55753,31.145413114867413,1305.0599999990798,934.6914119981665
55754,31.145413114867413,1305.0799999990797,934.6952286938275
55755,31.145413114867413,1305.0999999990797,934.6990453202311
55756,31.145413114867413,1305.1199999990797,934.7028618773775
55757,31.145413114867413,1305.1399999990797,934.7066783652667
55758,31.145413114867413,1305.1599999990797,934.710494783899
55759,31.145413114867413,1305.1799999990797,934.7143111332745
55760,31.145413114867413,1305.1999999990796,934.7181274133932
55761,31.145413114867413,1305.2199999990796,934.7219436242553
55762,31.145413114867413,1305.2399999990796,934.7257597658611
55763,31.145413114867413,1305.2599999990796,934.7295758382106
55764,31.145413114867413,1305.2799999990796,934.733391841304
55765,31.145413114867413,1305.2999999990795,934.7372077751413
55766,31.145413114867413,1305.3199999990795,934.7410236397228
55767,31.145413114867413,1305.3399999990795,934.7448394350486
55768,31.145413114867413,1305.3599999990795,934.7486551611187
55769,31.145413114867413,1305.3799999990795,934.7524708179816
55770,31.145413114867413,1305.3999999990795,934.7562864056931
55771,31.145413114867413,1305.4199999990794,934.7601019242543
55772,31.145413114867413,1305.4399999990794,934.7639173736652
55773,31.145413114867413,1305.4599999990794,934.7677327539261
55774,31.145413114867413,1305.4799999990794,934.771548065037
55775,31.145413114867413,1305.4999999990794,934.7753633069981
55776,31.145413114867413,1305.5199999990793,934.7791784798096
55777,31.145413114867413,1305.5399999990793,934.7829935834716
55778,31.145413114867413,1305.5599999990793,934.7868086179842
55779,31.145413114867413,1305.5799999990793,934.7906235833475
55780,31.145413114867413,1305.5999999990793,934.7944384795618
55781,31.145413114867413,1305.6199999990793,934.7982533066271
55782,31.145413114867413,1305.6399999990792,934.8020680645436
55783,31.145413114867413,1305.6599999990792,934.8058827533114
55784,31.145413114867413,1305.6799999990792,934.8096973729306
55785,31.145413114867413,1305.6999999990792,934.8135119234015
55786,31.145413114867413,1305.7199999990792,934.8173264047241
55787,31.145413114867413,1305.7399999990791,934.8211408168986
55788,31.145413114867413,1305.7599999990791,934.8249551599251
55789,31.145413114867413,1305.779999999079,934.8287694338038
55790,31.145413114867413,1305.799999999079,934.8325836385349
55791,31.145413114867413,1305.819999999079,934.8363977741183
55792,31.145413114867413,1305.839999999079,934.8402118405543
55793,31.145413114867413,1305.859999999079,934.8440258378431
55794,31.145413114867413,1305.879999999079,934.8478397659848
55795,31.145413114867413,1305.899999999079,934.8516536249795
55796,31.145413114867413,1305.919999999079,934.8554674148272
55797,31.145413114867413,1305.939999999079,934.8592811355284
55798,31.145413114867413,1305.959999999079,934.8630947870829
55799,31.145413114867413,1305.979999999079,934.866908369491
55800,31.145413114867413,1305.999999999079,934.8707218827527
55801,31.145413114867413,1306.019999999079,934.8745353268683
55802,31.145413114867413,1306.0399999990789,934.878348701838
55803,31.145413114867413,1306.0599999990789,934.8821620076618
55804,31.145413114867413,1306.0799999990788,934.8859752443399
55805,31.145413114867413,1306.0999999990788,934.8897884118724
55806,31.145413114867413,1306.1199999990788,934.8936015102594
55807,31.145413114867413,1306.1399999990788,934.897414539501
55808,31.145413114867413,1306.1599999990788,934.9012274995976
55809,31.145413114867413,1306.1799999990787,934.9050403905491
55810,31.145413114867413,1306.1999999990787,934.9088532123557
55811,31.145413114867413,1306.2199999990787,934.9126659650175
55812,31.145413114867413,1306.2399999990787,934.9164786485347
55813,31.145413114867413,1306.2599999990787,934.9202912629075
55814,31.145413114867413,1306.2799999990787,934.924103808136
55815,31.145413114867413,1306.2999999990786,934.9279162842203
55816,31.145413114867413,1306.3199999990786,934.9317286911605
55817,31.145413114867413,1306.3399999990786,934.9355410289568
55818,31.145413114867413,1306.3599999990786,934.9393532976093
55819,31.145413114867413,1306.3799999990786,934.9431654971186
55820,31.145413114867413,1306.3999999990785,934.9469776275387
55821,31.145413114867413,1306.4199999990785,934.9507896889203
55822,31.145413114867413,1306.4399999990785,934.9546016812635
55823,31.145413114867413,1306.4599999990785,934.9584136045686
55824,31.145413114867413,1306.4799999990785,934.9622254588355
55825,31.145413114867413,1306.4999999990785,934.9660372440645
55826,31.145413114867413,1306.5199999990784,934.9698489602557
55827,31.145413114867413,1306.5399999990784,934.9736606074092
55828,31.145413114867413,1306.5599999990784,934.9774721855252
55829,31.145413114867413,1306.5799999990784,934.9812836946039
55830,31.145413114867413,1306.5999999990784,934.9850951346453
55831,31.145413114867413,1306.6199999990783,934.9889065056497
55832,31.145413114867413,1306.6399999990783,934.992717807617
55833,31.145413114867413,1306.6599999990783,934.9965290405476
55834,31.145413114867413,1306.6799999990783,935.0003402044414
55835,31.145413114867413,1306.6999999990783,935.0041512992988
55836,31.145413114867413,1306.7199999990783,935.0079623251197
55837,31.145413114867413,1306.7399999990782,935.0117732819044
55838,31.145413114867413,1306.7599999990782,935.015584169653
55839,31.145413114867413,1306.7799999990782,935.0193949883657
55840,31.145413114867413,1306.7999999990782,935.0232057380425
55841,31.145413114867413,1306.8199999990782,935.0270164186837
55842,31.145413114867413,1306.8399999990781,935.0308270302894
55843,31.145413114867413,1306.8599999990781,935.0346375728597
55844,31.145413114867413,1306.879999999078,935.0384480463946
55845,31.145413114867413,1306.899999999078,935.0422584508945
55846,31.145413114867413,1306.919999999078,935.0460687863593
55847,31.145413114867413,1306.939999999078,935.0498790527894
55848,31.145413114867413,1306.959999999078,935.0536892501848
55849,31.145413114867413,1306.979999999078,935.0574993785456
55850,31.145413114867413,1306.999999999078,935.061309437872
55851,31.145413114867413,1307.019999999078,935.0651194281642
55852,31.145413114867413,1307.039999999078,935.0689293494222
55853,31.145413114867413,1307.059999999078,935.0727392016463
55854,31.145413114867413,1307.079999999078,935.0765489848366
55855,31.145413114867413,1307.099999999078,935.0803586989931
55856,31.145413114867413,1307.119999999078,935.084168344116
55857,31.145413114867413,1307.1399999990779,935.0879779202056
55858,31.145413114867413,1307.1599999990779,935.0917874272619
55859,31.145413114867413,1307.1799999990778,935.0955968652851
55860,31.145413114867413,1307.1999999990778,935.0994062342753
55861,31.145413114867413,1307.2199999990778,935.1032155342326
55862,31.145413114867413,1307.2399999990778,935.1070247651572
55863,31.145413114867413,1307.2599999990778,935.1108339270493
55864,31.145413114867413,1307.2799999990777,935.114643019909
55865,31.145413114867413,1307.2999999990777,935.1184520437363
55866,31.145413114867413,1307.3199999990777,935.1222609985315
55867,31.145413114867413,1307.3399999990777,935.1260698842947
55868,31.145413114867413,1307.3599999990777,935.1298787010261
55869,31.145413114867413,1307.3799999990777,935.1336874487257
55870,31.145413114867413,1307.3999999990776,935.1374961273954
55871,31.145413114867413,1307.4199999990776,935.1413047370942
55872,31.145413114867413,1307.4399999990776,935.1451132778666
55873,31.145413114867413,1307.4599999990776,935.1489217497127
55874,31.145413114867413,1307.4799999990776,935.1527301526327
55875,31.145413114867413,1307.4999999990775,935.1565384866266
55876,31.145413114867413,1307.5199999990775,935.1603467516946
55877,31.145413114867413,1307.5399999990775,935.164154947837
55878,31.145413114867413,1307.5599999990775,935.1679630750538
55879,31.145413114867413,1307.5799999990775,935.1717711333451
55880,31.145413114867413,1307.5999999990775,935.1755791227113
55881,31.145413114867413,1307.6199999990774,935.1793870431522
55882,31.145413114867413,1307.6399999990774,935.1831948946682
55883,31.145413114867413,1307.6599999990774,935.1870026772593
55884,31.145413114867413,1307.6799999990774,935.1908103909257
55885,31.145413114867413,1307.6999999990774,935.1946180356674
55886,31.145413114867413,1307.7199999990773,935.1984256114848
55887,31.145413114867413,1307.7399999990773,935.2022331183779
55888,31.145413114867413,1307.7599999990773,935.2060405563468
55889,31.145413114867413,1307.7799999990773,935.2098479253917
55890,31.145413114867413,1307.7999999990773,935.2136552255129
55891,31.145413114867413,1307.8199999990773,935.2174624567102
55892,31.145413114867413,1307.8399999990772,935.221269618984
55893,31.145413114867413,1307.8599999990772,935.2250767123344
55894,31.145413114867413,1307.8799999990772,935.2288837367615
55895,31.145413114867413,1307.8999999990772,935.2326906922655
55896,31.145413114867413,1307.9199999990772,935.2364975788464
55897,31.145413114867413,1307.9399999990771,935.2403043965046
55898,31.145413114867413,1307.9599999990771,935.24411114524
55899,31.145413114867413,1307.979999999077,935.2479178250529
55900,31.145413114867413,1307.999999999077,935.2517244359434
55901,31.145413114867413,1308.019999999077,935.2555309779116
55902,31.145413114867413,1308.039999999077,935.2593374509576
55903,31.145413114867413,1308.059999999077,935.2631438550816
55904,31.145413114867413,1308.079999999077,935.2669501902838
55905,31.145413114867413,1308.099999999077,935.2707564565642
55906,31.145413114867413,1308.119999999077,935.2745626539231
55907,31.145413114867413,1308.139999999077,935.2783687823605
55908,31.145413114867413,1308.159999999077,935.2821748418767
55909,31.145413114867413,1308.179999999077,935.2859808324718
55910,31.145413114867413,1308.199999999077,935.2897867541458
55911,31.145413114867413,1308.219999999077,935.293592606899
55912,31.145413114867413,1308.2399999990769,935.2973983907315
55913,31.145413114867413,1308.2599999990769,935.3012041056434
55914,31.145413114867413,1308.2799999990768,935.3050097516349
55915,31.145413114867413,1308.2999999990768,935.308815328706
55916,31.145413114867413,1308.3199999990768,935.312620836857
55917,31.145413114867413,1308.3399999990768,935.3164262760881
55918,31.145413114867413,1308.3599999990768,935.3202316463993
55919,31.145413114867413,1308.3799999990767,935.3240369477908
55920,31.145413114867413,1308.3999999990767,935.3278421802627
55921,31.145413114867413,1308.4199999990767,935.3316473438182
55922,31.145413114867413,1308.4399999990767,935.3354524385254
55923,31.145413114867413,1308.4599999990767,935.3392574644249
55924,31.145413114867413,1308.4799999990767,935.343062421517
55925,31.145413114867413,1308.4999999990766,935.3468673098016
55926,31.145413114867413,1308.5199999990766,935.3506721292791
55927,31.145413114867413,1308.5399999990766,935.3544768799495
55928,31.145413114867413,1308.5599999990766,935.358281561813
55929,31.145413114867413,1308.5799999990766,935.3620861748697
55930,31.145413114867413,1308.5999999990765,935.3658907191198
55931,31.145413114867413,1308.6199999990765,935.3696951945634
55932,31.145413114867413,1308.6399999990765,935.3734996012007
55933,31.145413114867413,1308.6599999990765,935.3773039390318
55934,31.145413114867413,1308.6799999990765,935.3811082080567
55935,31.105712002424042,1308.6999999990765,935.3849124082758
55936,31.105712002424042,1308.7199999990764,935.3887165396891
55937,31.105712002424042,1308.7399999990764,935.3925206022968
55938,31.105712002424042,1308.7599999990764,935.396324596099
55939,31.105712002424042,1308.7799999990764,935.4001285210959
55940,31.105712002424042,1308.7999999990764,935.4039323772876
55941,31.105712002424042,1308.8199999990763,935.4077361646742
55942,31.105712002424042,1308.8399999990763,935.4115398832561
55943,31.105712002424042,1308.8599999990763,935.4153435330331
55944,31.105712002424042,1308.8799999990763,935.4191471140056
55945,31.105712002424042,1308.8999999990763,935.4229506261735
55946,31.105712002424042,1308.9199999990763,935.4267540695371
55947,31.105712002424042,1308.9399999990762,935.4305574440965
55948,31.105712002424042,1308.9599999990762,935.434360749852
55949,31.105712002424042,1308.9799999990762,935.4381639868035
55950,31.105712002424042,1308.9999999990762,935.4419671549513
55951,31.105712002424042,1309.0199999990762,935.4457702542954
55952,31.105712002424042,1309.0399999990761,935.4495732848362
55953,31.105712002424042,1309.0599999990761,935.4533762465736
55954,31.105712002424042,1309.079999999076,935.4571791395078
55955,31.105712002424042,1309.099999999076,935.4609819636391
55956,31.105712002424042,1309.119999999076,935.4647847189675
55957,31.105712002424042,1309.139999999076,935.4685874054932
55958,31.105712002424042,1309.159999999076,935.4723900232162
55959,31.105712002424042,1309.179999999076,935.4761925721368
55960,31.105712002424042,1309.199999999076,935.4799950522552
55961,31.105712002424042,1309.219999999076,935.4837974635714
55962,31.105712002424042,1309.239999999076,935.4875998060855
55963,31.105712002424042,1309.259999999076,935.4914020797978
55964,31.105712002424042,1309.279999999076,935.4952042847084
55965,31.105712002424042,1309.299999999076,935.4990064208174
55966,31.105712002424042,1309.319999999076,935.502808488125
55967,31.105712002424042,1309.3399999990759,935.5066104866312
55968,31.105712002424042,1309.3599999990759,935.5104124163363
55969,31.105712002424042,1309.3799999990758,935.5142142772404
55970,31.105712002424042,1309.3999999990758,935.5180160693436
55971,31.105712002424042,1309.4199999990758,935.5218177926462
55972,31.105712002424042,1309.4399999990758,935.5256194471519
55973,31.105712002424042,1309.4599999990758,935.5294210329241
55974,31.105712002424042,1309.4799999990757,935.5332225499923
55975,31.105712002424042,1309.4999999990757,935.5370239983566
55976,31.105712002424042,1309.5199999990757,935.5408253780172
55977,31.105712002424042,1309.5399999990757,935.5446266889742
55978,31.105712002424042,1309.5599999990757,935.5484279312277
55979,31.105712002424042,1309.5799999990757,935.5522291047779
55980,31.105712002424042,1309.5999999990756,935.556030209625
55981,31.105712002424042,1309.6199999990756,935.559831245769
55982,31.105712002424042,1309.6399999990756,935.5636322132102
55983,31.105712002424042,1309.6599999990756,935.5674331119487
55984,31.105712002424042,1309.6799999990756,935.5712339419847
55985,31.105712002424042,1309.6999999990755,935.5750347033182
55986,31.105712002424042,1309.7199999990755,935.5788353959495
55987,31.105712002424042,1309.7399999990755,935.5826360198786
55988,31.105712002424042,1309.7599999990755,935.5864365751056
55989,31.105712002424042,1309.7799999990755,935.5902370616309
55990,31.105712002424042,1309.7999999990755,935.5940374794544
55991,31.105712002424042,1309.8199999990754,935.5978378285764
55992,31.105712002424042,1309.8399999990754,935.601638108997
55993,31.105712002424042,1309.8599999990754,935.6054383207163
55994,31.105712002424042,1309.8799999990754,935.6092384637345
55995,31.105712002424042,1309.8999999990754,935.6130385380518
55996,31.105712002424042,1309.9199999990753,935.6168385436682
55997,31.105712002424042,1309.9399999990753,935.6206384805839
55998,31.105712002424042,1309.9599999990753,935.6244383487991
55999,31.105712002424042,1309.9799999990753,935.6282381483139
56000,31.105712002424042,1309.9999999990753,935.6320378791285
56001,31.105712002424042,1310.0199999990753,935.635837541243
56002,31.105712002424042,1310.0399999990752,935.6396371346575
56003,31.105712002424042,1310.0599999990752,935.6434366593722
56004,31.105712002424042,1310.0799999990752,935.6472361153873
56005,31.105712002424042,1310.0999999990752,935.6510355027028
56006,31.105712002424042,1310.1199999990752,935.654834821319
56007,31.105712002424042,1310.1399999990751,935.658634071236
56008,31.105712002424042,1310.1599999990751,935.6624332524538
56009,31.105712002424042,1310.179999999075,935.6662323649726
56010,31.105712002424042,1310.199999999075,935.6700314087927
56011,31.105712002424042,1310.219999999075,935.6738303839143
56012,31.105712002424042,1310.239999999075,935.6776292903372
56013,31.105712002424042,1310.259999999075,935.6814281280618
56014,31.105712002424042,1310.279999999075,935.6852268970882
56015,31.105712002424042,1310.299999999075,935.6890255974166
56016,31.105712002424042,1310.319999999075,935.6928242290471
56017,31.105712002424042,1310.339999999075,935.6966227919798
56018,31.105712002424042,1310.359999999075,935.7004212862149
56019,31.105712002424042,1310.379999999075,935.7042197117524
56020,31.105712002424042,1310.399999999075,935.7080180685927
56021,31.105712002424042,1310.419999999075,935.7118163567357
56022,31.105712002424042,1310.4399999990749,935.7156145761817
56023,31.105712002424042,1310.4599999990749,935.7194127269361
56024,31.105712002424042,1310.4799999990748,935.7232108090719
56025,31.105712002424042,1310.4999999990748,935.7270088226148
56026,31.105712002424042,1310.5199999990748,935.7308067675649
56027,31.105712002424042,1310.5399999990748,935.7346046439224
56028,31.105712002424042,1310.5599999990748,935.7384024516873
56029,31.105712002424042,1310.5799999990747,935.7422001908599
56030,31.105712002424042,1310.5999999990747,935.7459978614402
56031,31.105712002424042,1310.6199999990747,935.7497954634284
56032,31.105712002424042,1310.6399999990747,935.7535929968248
56033,31.105712002424042,1310.6599999990747,935.7573904616294
56034,31.105712002424042,1310.6799999990747,935.7611878578423
56035,31.105712002424042,1310.6999999990746,935.7649851854637
56036,31.105712002424042,1310.7199999990746,935.7687824444939
56037,31.105712002424042,1310.7399999990746,935.7725796349329
56038,31.105712002424042,1310.7599999990746,935.7763767567808
56039,31.105712002424042,1310.7799999990746,935.7801738100378
56040,31.105712002424042,1310.7999999990745,935.7839707947041
56041,31.105712002424042,1310.8199999990745,935.7877677107799
56042,31.105712002424042,1310.8399999990745,935.7915645582652
56043,31.105712002424042,1310.8599999990745,935.7953613371602
56044,31.105712002424042,1310.8799999990745,935.7991580474651
56045,31.105712002424042,1310.8999999990745,935.80295468918
56046,31.105712002424042,1310.9199999990744,935.8067512623049
56047,31.105712002424042,1310.9399999990744,935.8105477668402
56048,31.105712002424042,1310.9599999990744,935.8143442027858
56049,31.105712002424042,1310.9799999990744,935.8181405701421
56050,31.105712002424042,1310.9999999990744,935.8219368689091
56051,31.105712002424042,1311.0199999990743,935.825733099087
56052,31.105712002424042,1311.0399999990743,935.8295292606758
56053,31.105712002424042,1311.0599999990743,935.8333253536758
56054,31.105712002424042,1311.0799999990743,935.8371213780872
56055,31.105712002424042,1311.0999999990743,935.84091733391
56056,31.105712002424042,1311.1199999990743,935.8447132211445
56057,31.105712002424042,1311.1399999990742,935.8485090397907
56058,31.105712002424042,1311.1599999990742,935.8523047898487
56059,31.105712002424042,1311.1799999990742,935.8561004713189
56060,31.105712002424042,1311.1999999990742,935.8598960842012
56061,31.105712002424042,1311.2199999990742,935.8636916284959
56062,31.105712002424042,1311.2399999990741,935.8674871042031
56063,31.105712002424042,1311.2599999990741,935.8712825113229
56064,31.105712002424042,1311.279999999074,935.8750778498555
56065,31.105712002424042,1311.299999999074,935.878873119801
56066,31.105712002424042,1311.319999999074,935.8826683211596
56067,31.105712002424042,1311.339999999074,935.8864634539315
56068,31.105712002424042,1311.359999999074,935.8902585181166
56069,31.105712002424042,1311.379999999074,935.8940535137153
56070,31.105712002424042,1311.399999999074,935.8978484407277
56071,31.105712002424042,1311.419999999074,935.9016432991539
56072,31.105712002424042,1311.439999999074,935.9054380889941
56073,31.105712002424042,1311.459999999074,935.9092328102483
56074,31.105712002424042,1311.479999999074,935.9130274629233
56075,31.105712002424042,1311.499999999074,935.9168220470971
56076,31.105712002424042,1311.519999999074,935.9206165627892
56077,31.105712002424042,1311.5399999990739,935.9244110099997
56078,31.105712002424042,1311.5599999990739,935.928205388729
56079,31.105712002424042,1311.5799999990738,935.9319996989769
56080,31.105712002424042,1311.5999999990738,935.9357939407438
56081,31.105712002424042,1311.6199999990738,935.9395881140298
56082,31.105712002424042,1311.6399999990738,935.9433822188349
56083,31.105712002424042,1311.6599999990738,935.9471762551594
56084,31.105712002424042,1311.6799999990737,935.9509702230034
56085,31.105712002424042,1311.6999999990737,935.9547641223671
56086,31.105712002424042,1311.7199999990737,935.9585579532506
56087,31.105712002424042,1311.7399999990737,935.9623517156541
56088,31.105712002424042,1311.7599999990737,935.9661454095776
56089,31.105712002424042,1311.7799999990737,935.9699390350214
56090,31.105712002424042,1311.7999999990736,935.9737325919856
56091,31.105712002424042,1311.8199999990736,935.9775260804704
56092,31.105712002424042,1311.8399999990736,935.9813195004758
56093,31.105712002424042,1311.8599999990736,935.9851128520021
56094,31.105712002424042,1311.8799999990736,935.9889061350494
56095,31.105712002424042,1311.8999999990735,935.9926993496179
56096,31.105712002424042,1311.9199999990735,935.9964924957076
56097,31.105712002424042,1311.9399999990735,936.0002855733187
56098,31.105712002424042,1311.9599999990735,936.0040785824515
56099,31.105712002424042,1311.9799999990735,936.007871523106
56100,31.105712002424042,1311.9999999990735,936.0116643952824
56101,31.105712002424042,1312.0199999990734,936.0154571989808
56102,31.105712002424042,1312.0399999990734,936.0192499342014
56103,31.105712002424042,1312.0599999990734,936.0230426009443
56104,31.105712002424042,1312.0799999990734,936.0268351992097
56105,31.105712002424042,1312.0999999990734,936.0306277289977
56106,31.105712002424042,1312.1199999990733,936.0344201903085
56107,31.105712002424042,1312.1399999990733,936.0382125831422
56108,31.105712002424042,1312.1599999990733,936.0420049074991
56109,31.105712002424042,1312.1799999990733,936.045797163379
56110,31.105712002424042,1312.1999999990733,936.0495893507824
56111,31.105712002424042,1312.2199999990733,936.0533814697093
56112,31.105712002424042,1312.2399999990732,936.0571735201598
56113,31.105712002424042,1312.2599999990732,936.0609655021342
56114,31.105712002424042,1312.2799999990732,936.0647574156325
56115,31.105712002424042,1312.2999999990732,936.0685492606549
56116,31.105712002424042,1312.3199999990732,936.0723410372016
56117,31.105712002424042,1312.3399999990731,936.0761327452726
56118,31.105712002424042,1312.3599999990731,936.0799243848683
56119,31.105712002424042,1312.379999999073,936.0837159559885
56120,31.105712002424042,1312.399999999073,936.0875074586337
56121,31.105712002424042,1312.419999999073,936.0912988928038
56122,31.105712002424042,1312.439999999073,936.0950902584991
56123,31.105712002424042,1312.459999999073,936.0988815557197
56124,31.105712002424042,1312.479999999073,936.1026727844657
56125,31.105712002424042,1312.499999999073,936.106463944745
56126,31.105712002424042,1312.519999999073,936.1102550366406
56127,31.105712002424042,1312.539999999073,936.1140460601661
56128,31.105712002424042,1312.559999999073,936.1178370153215
56129,31.105712002424042,1312.579999999073,936.121627902107
56130,31.105712002424042,1312.599999999073,936.1254187205227
56131,31.105712002424042,1312.619999999073,936.1292094705688
56132,31.105712002424042,1312.6399999990729,936.1330001522454
56133,31.105712002424042,1312.6599999990729,936.1367907655526
56134,31.105712002424042,1312.6799999990728,936.1405813104908
56135,31.105712002424042,1312.6999999990728,936.1443717870599
56136,31.105712002424042,1312.7199999990728,936.14816219526
56137,31.105712002424042,1312.7399999990728,936.1519525350916
56138,31.105712002424042,1312.7599999990728,936.1557428065545
56139,31.105712002424042,1312.7799999990727,936.159533009649
56140,31.105712002424042,1312.7999999990727,936.1633231443752
56141,31.105712002424042,1312.8199999990727,936.1671132107333
56142,31.105712002424042,1312.8399999990727,936.1709032087234
56143,31.105712002424042,1312.8599999990727,936.1746931383458
56144,31.105712002424042,1312.8799999990727,936.1784829996004
56145,31.105712002424042,1312.8999999990726,936.1822727924875
56146,31.105712002424042,1312.9199999990726,936.1860625170073
56147,31.105712002424042,1312.9399999990726,936.1898521731598
56148,31.105712002424042,1312.9599999990726,936.1936417609453
56149,31.105712002424042,1312.9799999990726,936.1974312803638
56150,31.105712002424042,1312.9999999990725,936.2012207314156
56151,31.105712002424042,1313.0199999990725,936.2050101141007
56152,31.105712002424042,1313.0399999990725,936.2087994284193
56153,31.105712002424042,1313.0599999990725,936.2125886743717
56154,31.105712002424042,1313.0799999990725,936.2163778519578
56155,31.105712002424042,1313.0999999990725,936.2201669611778
56156,31.105712002424042,1313.1199999990724,936.2239560020321
56157,31.105712002424042,1313.1399999990724,936.2277449745206
56158,31.105712002424042,1313.1599999990724,936.2315338786436
56159,31.105712002424042,1313.1799999990724,936.2353227144011
56160,31.105712002424042,1313.1999999990724,936.2391114817934
56161,31.105712002424042,1313.2199999990723,936.2429001808205
56162,31.105712002424042,1313.2399999990723,936.2466888114826
56163,31.105712002424042,1313.2599999990723,936.2504773737799
56164,31.105712002424042,1313.2799999990723,936.2542658677124
56165,31.105712002424042,1313.2999999990723,936.2580542932805
56166,31.105712002424042,1313.3199999990723,936.2618426504841
56167,31.105712002424042,1313.3399999990722,936.2656309393236
56168,31.105712002424042,1313.3599999990722,936.269419159799
56169,31.105712002424042,1313.3799999990722,936.2732073119104
56170,31.105712002424042,1313.3999999990722,936.276995395658
56171,31.105712002424042,1313.4199999990722,936.280783411042
56172,31.105712002424042,1313.4399999990721,936.2845713580625
56173,31.105712002424042,1313.4599999990721,936.2883592367197
56174,31.105712002424042,1313.479999999072,936.2921470470136
56175,31.105712002424042,1313.499999999072,936.2959347889446
56176,31.105712002424042,1313.519999999072,936.2997224625235
56177,31.105712002424042,1313.539999999072,936.3035100678419
56178,31.105712002424042,1313.559999999072,936.3072976049089
56179,31.105712002424042,1313.579999999072,936.3110850737245
56180,31.105712002424042,1313.599999999072,936.3148724742889
56181,31.105712002424042,1313.619999999072,936.3186598066023
56182,31.105712002424042,1313.639999999072,936.3224470706649
56183,31.105712002424042,1313.659999999072,936.3262342664768
56184,31.105712002424042,1313.679999999072,936.3300213940382
56185,31.105712002424042,1313.699999999072,936.3338084533492
56186,31.105712002424042,1313.719999999072,936.3375954444099
56187,31.105712002424042,1313.7399999990719,936.3413823672205
56188,31.105712002424042,1313.7599999990719,936.3451692217811
56189,31.105712002424042,1313.7799999990718,936.348956008092
56190,31.105712002424042,1313.7999999990718,936.3527427261532
56191,31.105712002424042,1313.8199999990718,936.3565293759649
56192,31.105712002424042,1313.8399999990718,936.3603159575273
56193,31.105712002424042,1313.8599999990718,936.3641024708405
56194,31.105712002424042,1313.8799999990717,936.3678889159047
56195,31.105712002424042,1313.8999999990717,936.3716752927199
56196,31.105712002424042,1313.9199999990717,936.3754616012865
56197,31.105712002424042,1313.9399999990717,936.3792478416044
56198,31.105712002424042,1313.9599999990717,936.383034013674
56199,31.105712002424042,1313.9799999990717,936.3868201174952
56200,31.105712002424042,1313.9999999990716,936.3906061530683
56201,31.105712002424042,1314.0199999990716,936.3943921203935
56202,31.105712002424042,1314.0399999990716,936.3981780194708
56203,31.105712002424042,1314.0599999990716,936.4019638503005
56204,31.105712002424042,1314.0799999990716,936.4057496128826
56205,31.105712002424042,1314.0999999990715,936.4095353072173
56206,31.105712002424042,1314.1199999990715,936.4133209333048
56207,31.105712002424042,1314.1399999990715,936.4171064911452
56208,31.105712002424042,1314.1599999990715,936.4208919807387
56209,31.105712002424042,1314.1799999990715,936.4246774020854
56210,31.105712002424042,1314.1999999990715,936.4284627551856
56211,31.105712002424042,1314.2199999990714,936.4322480400392
56212,31.105712002424042,1314.2399999990714,936.4360332566465
56213,31.105712002424042,1314.2599999990714,936.4398184050077
56214,31.105712002424042,1314.2799999990714,936.4436034851229
56215,31.105712002424042,1314.2999999990714,936.4473884969923
56216,31.066095163491244,1314.3199999990713,936.4511734406159
56217,31.066095163491244,1314.3399999990713,936.454958315994
56218,31.066095163491244,1314.3599999990713,936.4587431231266
56219,31.066095163491244,1314.3799999990713,936.462527862014
56220,31.066095163491244,1314.3999999990713,936.4663125326563
56221,31.066095163491244,1314.4199999990713,936.4700971350536
56222,31.066095163491244,1314.4399999990712,936.4738816692061
56223,31.066095163491244,1314.4599999990712,936.477666135114
56224,31.066095163491244,1314.4799999990712,936.4814505327773
56225,31.066095163491244,1314.4999999990712,936.4852348621963
56226,31.066095163491244,1314.5199999990712,936.4890191233711
56227,31.066095163491244,1314.5399999990711,936.492803316317
56228,31.066095163491244,1314.5599999990711,936.4965874411087
56229,31.066095163491244,1314.579999999071,936.5003714977529
56230,31.066095163491244,1314.599999999071,936.5041554862498
56231,31.066095163491244,1314.619999999071,936.5079394065996
56232,31.066095163491244,1314.639999999071,936.5117232588024
56233,31.066095163491244,1314.659999999071,936.5155070428583
56234,31.066095163491244,1314.679999999071,936.5192907587675
56235,31.066095163491244,1314.699999999071,936.5230744065302
56236,31.066095163491244,1314.719999999071,936.5268579861465
56237,31.066095163491244,1314.739999999071,936.5306414976167
56238,31.066095163491244,1314.759999999071,936.5344249409408
56239,31.066095163491244,1314.779999999071,936.5382083161189
56240,31.066095163491244,1314.799999999071,936.5419916231513
56241,31.066095163491244,1314.819999999071,936.545774862038
56242,31.066095163491244,1314.8399999990709,936.5495580327794
56243,31.066095163491244,1314.8599999990709,936.5533411353754
56244,31.066095163491244,1314.8799999990708,936.5571241698262
56245,31.066095163491244,1314.8999999990708,936.5609071361321
56246,31.066095163491244,1314.9199999990708,936.5646900342931
56247,31.066095163491244,1314.9399999990708,936.5684728643095
56248,31.066095163491244,1314.9599999990708,936.5722556261812
56249,31.066095163491244,1314.9799999990707,936.5760383199087
56250,31.066095163491244,1314.9999999990707,936.5798209454919
56251,31.066095163491244,1315.0199999990707,936.5836035029309
56252,31.066095163491244,1315.0399999990707,936.5873859922261
56253,31.066095163491244,1315.0599999990707,936.5911684133775
56254,31.066095163491244,1315.0799999990707,936.5949507663853
56255,31.066095163491244,1315.0999999990706,936.5987330512496
56256,31.066095163491244,1315.1199999990706,936.6025152679706
56257,31.066095163491244,1315.1399999990706,936.6062974165485
56258,31.066095163491244,1315.1599999990706,936.6100794969834
56259,31.066095163491244,1315.1799999990706,936.6138615092755
56260,31.066095163491244,1315.1999999990705,936.6176434534248
56261,31.066095163491244,1315.2199999990705,936.6214253294315
56262,31.066095163491244,1315.2399999990705,936.6252071372959
56263,31.066095163491244,1315.2599999990705,936.6289888770181
56264,31.066095163491244,1315.2799999990705,936.632770548598
56265,31.066095163491244,1315.2999999990705,936.6365521520362
56266,31.066095163491244,1315.3199999990704,936.6403336873325
56267,31.066095163491244,1315.3399999990704,936.6441151544872
56268,31.066095163491244,1315.3599999990704,936.6478965535003
56269,31.066095163491244,1315.3799999990704,936.6516778843722
56270,31.066095163491244,1315.3999999990704,936.655459147103
56271,31.066095163491244,1315.4199999990703,936.6592403416927
56272,31.066095163491244,1315.4399999990703,936.6630214681416
56273,31.066095163491244,1315.4599999990703,936.6668025264496
56274,31.066095163491244,1315.4799999990703,936.6705835166172
56275,31.066095163491244,1315.4999999990703,936.6743644386443
56276,31.066095163491244,1315.5199999990703,936.6781452925311
56277,31.066095163491244,1315.5399999990702,936.6819260782779
56278,31.066095163491244,1315.5599999990702,936.685706795907
56279,31.066095163491244,1315.5799999990702,936.6894874454932
56280,31.066095163491244,1315.5999999990702,936.6932680270426
56281,31.066095163491244,1315.6199999990702,936.6970485405552
56282,31.066095163491244,1315.6399999990701,936.7008289860314
56283,31.066095163491244,1315.6599999990701,936.7046093634713
56284,31.066095163491244,1315.67999999907,936.7083896728749
56285,31.066095163491244,1315.69999999907,936.7121699142425
56286,31.066095163491244,1315.71999999907,936.7159500875741
56287,31.066095163491244,1315.73999999907,936.7197301928701
56288,31.066095163491244,1315.75999999907,936.7235102301304
56289,31.066095163491244,1315.77999999907,936.7272901993553
56290,31.066095163491244,1315.79999999907,936.7310701005449
56291,31.066095163491244,1315.81999999907,936.7348499336994
56292,31.066095163491244,1315.83999999907,936.738629698819
56293,31.066095163491244,1315.85999999907,936.7424093959037
56294,31.066095163491244,1315.87999999907,936.7461890249538
56295,31.066095163491244,1315.89999999907,936.7499685859693
56296,31.066095163491244,1315.91999999907,936.7537480789505
56297,31.066095163491244,1315.9399999990699,936.7575275038974
56298,31.066095163491244,1315.9599999990699,936.7613068608105
56299,31.066095163491244,1315.9799999990698,936.7650861496895
56300,31.066095163491244,1315.9999999990698,936.7688653705349
56301,31.066095163491244,1316.0199999990698,936.7726445233466
56302,31.066095163491244,1316.0399999990698,936.7764236081249
56303,31.066095163491244,1316.0599999990698,936.78020262487
56304,31.066095163491244,1316.0799999990697,936.7839815735819
56305,31.066095163491244,1316.0999999990697,936.7877604542608
56306,31.066095163491244,1316.1199999990697,936.791539266907
56307,31.066095163491244,1316.1399999990697,936.7953180115205
56308,31.066095163491244,1316.1599999990697,936.7990966881015
56309,31.066095163491244,1316.1799999990697,936.8028752966502
56310,31.066095163491244,1316.1999999990696,936.8066538371667
56311,31.066095163491244,1316.2199999990696,936.8104323096511
56312,31.066095163491244,1316.2399999990696,936.8142107141036
56313,31.066095163491244,1316.2599999990696,936.8179890505245
56314,31.066095163491244,1316.2799999990696,936.8217673189138
56315,31.066095163491244,1316.2999999990695,936.8255455192716
56316,31.066095163491244,1316.3199999990695,936.8293236515982
56317,31.066095163491244,1316.3399999990695,936.8331017158937
56318,31.066095163491244,1316.3599999990695,936.8368797121582
56319,31.066095163491244,1316.3799999990695,936.8406576403919
56320,31.066095163491244,1316.3999999990695,936.844435500595
56321,31.066095163491244,1316.4199999990694,936.8482132927675
56322,31.066095163491244,1316.4399999990694,936.8519910169097
56323,31.066095163491244,1316.4599999990694,936.8557686730217
56324,31.066095163491244,1316.4799999990694,936.8595462611036
56325,31.066095163491244,1316.4999999990694,936.8633237811556
56326,31.066095163491244,1316.5199999990693,936.867101233178
56327,31.066095163491244,1316.5399999990693,936.8708786171708
56328,31.066095163491244,1316.5599999990693,936.8746559331341
56329,31.066095163491244,1316.5799999990693,936.8784331810965
56330,31.066095163491244,1316.5999999990693,936.882210361128
56331,31.066095163491244,1316.6199999990693,936.8859874732335
56332,31.066095163491244,1316.6399999990692,936.8897645174131
56333,31.066095163491244,1316.6599999990692,936.8935414936669
56334,31.066095163491244,1316.6799999990692,936.8973184019952
56335,31.066095163491244,1316.6999999990692,936.901095242398
56336,31.066095163491244,1316.7199999990692,936.9048720148755
56337,31.066095163491244,1316.7399999990691,936.9086487194279
56338,31.066095163491244,1316.7599999990691,936.9124253560553
56339,31.066095163491244,1316.779999999069,936.916201924758
56340,31.066095163491244,1316.799999999069,936.919978425536
56341,31.066095163491244,1316.819999999069,936.9237548583894
56342,31.066095163491244,1316.839999999069,936.9275312233185
56343,31.066095163491244,1316.859999999069,936.9313075203235
56344,31.066095163491244,1316.879999999069,936.9350837494044
56345,31.066095163491244,1316.899999999069,936.9388599105614
56346,31.066095163491244,1316.919999999069,936.9426360037947
56347,31.066095163491244,1316.939999999069,936.9464120291045
56348,31.066095163491244,1316.959999999069,936.9501879864908
56349,31.066095163491244,1316.979999999069,936.953963875954
56350,31.066095163491244,1316.999999999069,936.9577396974939
56351,31.066095163491244,1317.019999999069,936.961515451111
56352,31.066095163491244,1317.0399999990689,936.9652911368053
56353,31.066095163491244,1317.0599999990689,936.9690667545769
56354,31.066095163491244,1317.0799999990688,936.9728423044261
56355,31.066095163491244,1317.0999999990688,936.9766177863529
56356,31.066095163491244,1317.1199999990688,936.9803932003575
56357,31.066095163491244,1317.1399999990688,936.9841685464402
56358,31.066095163491244,1317.1599999990688,936.987943824601
56359,31.066095163491244,1317.1799999990687,936.9917190348401
56360,31.066095163491244,1317.1999999990687,936.9954941771576
56361,31.066095163491244,1317.2199999990687,936.9992692515538
56362,31.066095163491244,1317.2399999990687,937.0030442580287
56363,31.066095163491244,1317.2599999990687,937.0068191965826
56364,31.066095163491244,1317.2799999990687,937.0105940672155
56365,31.066095163491244,1317.2999999990686,937.0143688699277
56366,31.066095163491244,1317.3199999990686,937.0181436047193
56367,31.066095163491244,1317.3399999990686,937.0219182715904
56368,31.066095163491244,1317.3599999990686,937.0256928705412
56369,31.066095163491244,1317.3799999990686,937.0294674015719
56370,31.066095163491244,1317.3999999990685,937.0332418646825
56371,31.066095163491244,1317.4199999990685,937.0370162598733
56372,31.066095163491244,1317.4399999990685,937.0407905871444
56373,31.066095163491244,1317.4599999990685,937.0445648464961
56374,31.066095163491244,1317.4799999990685,937.0483390379284
56375,31.066095163491244,1317.4999999990685,937.0521131614414
56376,31.066095163491244,1317.5199999990684,937.0558872170354
56377,31.066095163491244,1317.5399999990684,937.0596612047106
56378,31.066095163491244,1317.5599999990684,937.0634351244669
56379,31.066095163491244,1317.5799999990684,937.0672089763046
56380,31.066095163491244,1317.5999999990684,937.0709827602583
56381,31.066095163491244,1317.6199999990683,937.0747564763932
56382,31.066095163491244,1317.6399999990683,937.078530124713
56383,31.066095163491244,1317.6599999990683,937.0823037052178
56384,31.066095163491244,1317.6799999990683,937.0860772179077
56385,31.066095163491244,1317.6999999990683,937.089850662783
56386,31.066095163491244,1317.7199999990682,937.0936240398437
56387,31.066095163491244,1317.7399999990682,937.09739734909
56388,31.066095163491244,1317.7599999990682,937.1011705905221
56389,31.066095163491244,1317.7799999990682,937.1049437641402
56390,31.066095163491244,1317.7999999990682,937.1087168699444
56391,31.066095163491244,1317.8199999990682,937.1124899079348
56392,31.066095163491244,1317.8399999990681,937.1162628781117
56393,31.066095163491244,1317.8599999990681,937.1200357804751
56394,31.066095163491244,1317.879999999068,937.1238086150253
56395,31.066095163491244,1317.899999999068,937.1275813817623
56396,31.066095163491244,1317.919999999068,937.1313540806864
56397,31.066095163491244,1317.939999999068,937.1351267117976
56398,31.066095163491244,1317.959999999068,937.1388992750963
56399,31.066095163491244,1317.979999999068,937.1426717705824
56400,31.066095163491244,1317.999999999068,937.1464441982562
56401,31.066095163491244,1318.019999999068,937.1502165581178
56402,31.066095163491244,1318.039999999068,937.1539888501674
56403,31.066095163491244,1318.059999999068,937.1577610744051
56404,31.066095163491244,1318.079999999068,937.1615332308312
56405,31.066095163491244,1318.099999999068,937.1653053194457
56406,31.066095163491244,1318.1199999990679,937.1690773402488
56407,31.066095163491244,1318.1399999990679,937.1728492932407
56408,31.066095163491244,1318.1599999990678,937.1766211784214
56409,31.066095163491244,1318.1799999990678,937.1803929957913
56410,31.066095163491244,1318.1999999990678,937.1841647453504
56411,31.066095163491244,1318.2199999990678,937.1879364270989
56412,31.066095163491244,1318.2399999990678,937.1917080410369
56413,31.066095163491244,1318.2599999990678,937.1954795871646
56414,31.066095163491244,1318.2799999990677,937.1992510654823
56415,31.066095163491244,1318.2999999990677,937.2030224759899
56416,31.066095163491244,1318.3199999990677,937.2067938186876
56417,31.066095163491244,1318.3399999990677,937.2105650935757
56418,31.066095163491244,1318.3599999990677,937.2143363006543
56419,31.066095163491244,1318.3799999990676,937.2181074399235
56420,31.066095163491244,1318.3999999990676,937.2218785113836
56421,31.066095163491244,1318.4199999990676,937.2256495150345
56422,31.066095163491244,1318.4399999990676,937.2294204508767
56423,31.066095163491244,1318.4599999990676,937.23319131891
56424,31.066095163491244,1318.4799999990676,937.2369621191348
56425,31.066095163491244,1318.4999999990675,937.2407328515511
56426,31.066095163491244,1318.5199999990675,937.2445035161592
56427,31.066095163491244,1318.5399999990675,937.2482741129592
56428,31.066095163491244,1318.5599999990675,937.2520446419512
56429,31.066095163491244,1318.5799999990675,937.2558151031354
56430,31.066095163491244,1318.5999999990674,937.259585496512
56431,31.066095163491244,1318.6199999990674,937.2633558221216
56432,31.066095163491244,1318.6399999990674,937.2671260800247
56433,31.066095163491244,1318.6599999990674,937.2708962702236
56434,31.066095163491244,1318.6799999990674,937.2746663927186
56435,31.066095163491244,1318.6999999990674,937.2784364475098
56436,31.066095163491244,1318.7199999990673,937.2822064345972
56437,31.066095163491244,1318.7399999990673,937.2859763539813
56438,31.066095163491244,1318.7599999990673,937.2897462056619
56439,31.066095163491244,1318.7799999990673,937.2935159896394
56440,31.066095163491244,1318.7999999990673,937.297285705914
56441,31.066095163491244,1318.8199999990672,937.3010553544856
56442,31.066095163491244,1318.8399999990672,937.3048249353545
56443,31.066095163491244,1318.8599999990672,937.3085944485209
56444,31.066095163491244,1318.8799999990672,937.3123638939849
56445,31.066095163491244,1318.8999999990672,937.3161332717466
56446,31.066095163491244,1318.9199999990672,937.3199025818062
56447,31.066095163491244,1318.9399999990671,937.323671824164
56448,31.066095163491244,1318.9599999990671,937.32744099882
56449,31.066095163491244,1318.979999999067,937.3312101057744
56450,31.066095163491244,1318.999999999067,937.3349791450273
56451,31.066095163491244,1319.019999999067,937.3387481165789
56452,31.066095163491244,1319.039999999067,937.3425170204295
56453,31.066095163491244,1319.059999999067,937.346285856579
56454,31.066095163491244,1319.079999999067,937.3500546250277
56455,31.066095163491244,1319.099999999067,937.3538233257758
56456,31.066095163491244,1319.119999999067,937.3575919588234
56457,31.066095163491244,1319.139999999067,937.3613605241707
56458,31.066095163491244,1319.159999999067,937.3651290218178
56459,31.066095163491244,1319.179999999067,937.3688974517648
56460,31.066095163491244,1319.199999999067,937.3726658140121
56461,31.066095163491244,1319.2199999990669,937.3764341085596
56462,31.066095163491244,1319.2399999990669,937.3802023354075
56463,31.066095163491244,1319.2599999990668,937.383970494556
56464,31.066095163491244,1319.2799999990668,937.3877385860053
56465,31.066095163491244,1319.2999999990668,937.3915066097555
56466,31.066095163491244,1319.3199999990668,937.3952745658069
56467,31.066095163491244,1319.3399999990668,937.3990424541594
56468,31.066095163491244,1319.3599999990668,937.4028102748133
56469,31.066095163491244,1319.3799999990667,937.4065780277688
56470,31.066095163491244,1319.3999999990667,937.4103457130259
56471,31.066095163491244,1319.4199999990667,937.4141133305849
56472,31.066095163491244,1319.4399999990667,937.4178808804459
56473,31.066095163491244,1319.4599999990667,937.4216483626091
56474,31.066095163491244,1319.4799999990666,937.4254157770746
56475,31.066095163491244,1319.4999999990666,937.4291831238427
56476,31.066095163491244,1319.5199999990666,937.4329504029133
56477,31.066095163491244,1319.5399999990666,937.4367176142869
56478,31.066095163491244,1319.5599999990666,937.4404847579633
56479,31.066095163491244,1319.5799999990666,937.4442518339429
56480,31.066095163491244,1319.5999999990665,937.4480188422257
56481,31.066095163491244,1319.6199999990665,937.451785782812
56482,31.066095163491244,1319.6399999990665,937.4555526557516
56483,31.066095163491244,1319.6599999990665,937.459319461104
56484,31.066095163491244,1319.6799999990665,937.4630861988703
56485,31.066095163491244,1319.6999999990664,937.4668528690509
56486,31.066095163491244,1319.7199999990664,937.4706194716457
56487,31.066095163491244,1319.7399999990664,937.474386006655
56488,31.066095163491244,1319.7599999990664,937.4781524740789
56489,31.066095163491244,1319.7799999990664,937.4819188739176
56490,31.066095163491244,1319.7999999990664,937.4856852061713
56491,31.066095163491244,1319.8199999990663,937.4894514708401
56492,31.066095163491244,1319.8399999990663,937.4932176679241
56493,31.066095163491244,1319.8599999990663,937.4969837974236
56494,31.066095163491244,1319.8799999990663,937.5007498593386
56495,31.066095163491244,1319.8999999990663,937.5045158536693
56496,31.066095163491244,1319.9199999990662,937.5082817804159
56497,31.026562347839285,1319.9399999990662,937.5120476395786
56498,31.026562347839285,1319.9599999990662,937.5158134311574
56499,31.026562347839285,1319.9799999990662,937.5195791551527
56500,31.026562347839285,1319.9999999990662,937.5233448115645
56501,31.026562347839285,1320.0199999990662,937.5271104003929
56502,31.026562347839285,1320.0399999990661,937.5308759216382
56503,31.026562347839285,1320.0599999990661,937.5346413753005
56504,31.026562347839285,1320.079999999066,937.5384067613799
56505,31.026562347839285,1320.099999999066,937.5421720798767
56506,31.026562347839285,1320.119999999066,937.5459373307909
56507,31.026562347839285,1320.139999999066,937.5497025141228
56508,31.026562347839285,1320.159999999066,937.5534676298724
56509,31.026562347839285,1320.179999999066,937.55723267804
56510,31.026562347839285,1320.199999999066,937.5609976586258
56511,31.026562347839285,1320.219999999066,937.5647625716297
56512,31.026562347839285,1320.239999999066,937.5685274170521
56513,31.026562347839285,1320.259999999066,937.5722921948931
56514,31.026562347839285,1320.279999999066,937.5760569051528
56515,31.026562347839285,1320.299999999066,937.5798215478313
56516,31.026562347839285,1320.3199999990659,937.583586122929
56517,31.026562347839285,1320.3399999990659,937.5873506304458
56518,31.026562347839285,1320.3599999990658,937.5911150703821
56519,31.026562347839285,1320.3799999990658,937.5948794427378
56520,31.026562347839285,1320.3999999990658,937.5986437475133
56521,31.026562347839285,1320.4199999990658,937.6024079847085
56522,31.026562347839285,1320.4399999990658,937.6061721543238
56523,31.026562347839285,1320.4599999990658,937.6099362563592
56524,31.026562347839285,1320.4799999990657,937.613700290815
56525,31.026562347839285,1320.4999999990657,937.6174642576913
56526,31.026562347839285,1320.5199999990657,937.6212281569881
56527,31.026562347839285,1320.5399999990657,937.6249919887057
56528,31.026562347839285,1320.5599999990657,937.6287557528443
56529,31.026562347839285,1320.5799999990656,937.632519449404
56530,31.026562347839285,1320.5999999990656,937.636283078385
56531,31.026562347839285,1320.6199999990656,937.6400466397873
56532,31.026562347839285,1320.6399999990656,937.6438101336115
56533,31.026562347839285,1320.6599999990656,937.647573559906
56534,31.026562347839285,1320.6799999990656,937.6513369187179
56535,31.026562347839285,1320.6999999990655,937.6551002100471
56536,31.026562347839285,1320.7199999990655,937.6588634338938
56537,31.026562347839285,1320.7399999990655,937.6626265902582
56538,31.026562347839285,1320.7599999990655,937.6663896791406
56539,31.026562347839285,1320.7799999990655,937.6701527005409
56540,31.026562347839285,1320.7999999990654,937.6739156544595
56541,31.026562347839285,1320.8199999990654,937.6776785408964
56542,31.026562347839285,1320.8399999990654,937.6814413598518
56543,31.026562347839285,1320.8599999990654,937.6852041113258
56544,31.026562347839285,1320.8799999990654,937.6889667953186
56545,31.026562347839285,1320.8999999990654,937.6927294118304
56546,31.026562347839285,1320.9199999990653,937.6964919608614
56547,31.026562347839285,1320.9399999990653,937.7002544424117
56548,31.026562347839285,1320.9599999990653,937.7040168564815
56549,31.026562347839285,1320.9799999990653,937.7077792030709
56550,31.026562347839285,1320.9999999990653,937.71154148218
56551,31.026562347839285,1321.0199999990652,937.7153036938091
56552,31.026562347839285,1321.0399999990652,937.7190658379583
56553,31.026562347839285,1321.0599999990652,937.7228279146277
56554,31.026562347839285,1321.0799999990652,937.7265899238175
56555,31.026562347839285,1321.0999999990652,937.730351865528
56556,31.026562347839285,1321.1199999990652,937.7341137397591
56557,31.026562347839285,1321.1399999990651,937.7378755465111
56558,31.026562347839285,1321.1599999990651,937.7416372857841
56559,31.026562347839285,1321.179999999065,937.7453989575783
56560,31.026562347839285,1321.199999999065,937.749160561894
56561,31.026562347839285,1321.219999999065,937.7529220987311
56562,31.026562347839285,1321.239999999065,937.75668356809
56563,31.026562347839285,1321.259999999065,937.7604449699706
56564,31.026562347839285,1321.279999999065,937.7642063043734
56565,31.026562347839285,1321.299999999065,937.7679675712982
56566,31.026562347839285,1321.319999999065,937.7717287707453
56567,31.026562347839285,1321.339999999065,937.775489902715
56568,31.026562347839285,1321.359999999065,937.7792509672073
56569,31.026562347839285,1321.379999999065,937.7830119642224
56570,31.026562347839285,1321.399999999065,937.7867728937604
56571,31.026562347839285,1321.4199999990649,937.7905337558215
56572,31.026562347839285,1321.4399999990649,937.7942945504059
56573,31.026562347839285,1321.4599999990648,937.7980552775138
56574,31.026562347839285,1321.4799999990648,937.8018159371452
56575,31.026562347839285,1321.4999999990648,937.8055765293003
56576,31.026562347839285,1321.5199999990648,937.8093370539793
56577,31.026562347839285,1321.5399999990648,937.8130975111825
56578,31.026562347839285,1321.5599999990648,937.8168579009098
56579,31.026562347839285,1321.5799999990647,937.8206182231615
56580,31.026562347839285,1321.5999999990647,937.8243784779378
56581,31.026562347839285,1321.6199999990647,937.8281386652387
56582,31.026562347839285,1321.6399999990647,937.8318987850646
56583,31.026562347839285,1321.6599999990647,937.8356588374169
56584,31.026562347839285,1321.6799999990646,937.8394188223522
56585,31.026562347839285,1321.6999999990646,937.8431787399145
56586,31.026562347839285,1321.7199999990646,937.8469385901041
56587,31.026562347839285,1321.7399999990646,937.8506983729209
56588,31.026562347839285,1321.7599999990646,937.8544580883652
56589,31.026562347839285,1321.7799999990646,937.8582177364372
56590,31.026562347839285,1321.7999999990645,937.861977317137
56591,31.026562347839285,1321.8199999990645,937.8657368304647
56592,31.026562347839285,1321.8399999990645,937.8694962764206
56593,31.026562347839285,1321.8599999990645,937.8732556550048
56594,31.026562347839285,1321.8799999990645,937.8770149662173
56595,31.026562347839285,1321.8999999990644,937.8807742100585
56596,31.026562347839285,1321.9199999990644,937.8845333865285
56597,31.026562347839285,1321.9399999990644,937.8882924956274
56598,31.026562347839285,1321.9599999990644,937.8920515373554
56599,31.026562347839285,1321.9799999990644,937.8958105117126
56600,31.026562347839285,1321.9999999990644,937.8995694186992
56601,31.026562347839285,1322.0199999990643,937.9033282583155
56602,31.026562347839285,1322.0399999990643,937.9070870305613
56603,31.026562347839285,1322.0599999990643,937.9108457354372
56604,31.026562347839285,1322.0799999990643,937.914604372943
56605,31.026562347839285,1322.0999999990643,937.918362943079
56606,31.026562347839285,1322.1199999990642,937.9221214458455
56607,31.026562347839285,1322.1399999990642,937.9258798812425
56608,31.026562347839285,1322.1599999990642,937.9296382492702
56609,31.026562347839285,1322.1799999990642,937.9333965499286
56610,31.026562347839285,1322.1999999990642,937.937154783218
56611,31.026562347839285,1322.2199999990642,937.9409129491387
56612,31.026562347839285,1322.2399999990641,937.9446710476907
56613,31.026562347839285,1322.2599999990641,937.9484290788741
56614,31.026562347839285,1322.279999999064,937.9521870426893
56615,31.026562347839285,1322.299999999064,937.9559449391362
56616,31.026562347839285,1322.319999999064,937.959702768215
56617,31.026562347839285,1322.339999999064,937.963460529926
56618,31.026562347839285,1322.359999999064,937.9672182242692
56619,31.026562347839285,1322.379999999064,937.9709758512449
56620,31.026562347839285,1322.399999999064,937.9747334108532
56621,31.026562347839285,1322.419999999064,937.9784909030943
56622,31.026562347839285,1322.439999999064,937.9822483279684
56623,31.026562347839285,1322.459999999064,937.9860056854754
56624,31.026562347839285,1322.479999999064,937.9897629756158
56625,31.026562347839285,1322.499999999064,937.9935201983895
56626,31.026562347839285,1322.5199999990639,937.9972773537968
56627,31.026562347839285,1322.5399999990639,938.0010344418378
56628,31.026562347839285,1322.5599999990638,938.0047914625126
56629,31.026562347839285,1322.5799999990638,938.0085484158215
56630,31.026562347839285,1322.5999999990638,938.0123053017645
56631,31.026562347839285,1322.6199999990638,938.016062120342
56632,31.026562347839285,1322.6399999990638,938.019818871554
56633,31.026562347839285,1322.6599999990638,938.0235755554006
56634,31.026562347839285,1322.6799999990637,938.0273321718847
56635,31.026562347839285,1322.6999999990637,938.0310887210677
56636,31.026562347839285,1322.7199999990637,938.0348452029874
56637,31.026562347839285,1322.7399999990637,938.0386016176441
56638,31.026562347839285,1322.7599999990637,938.0423579650378
56639,31.026562347839285,1322.7799999990636,938.0461142451687
56640,31.026562347839285,1322.7999999990636,938.049870458037
56641,31.026562347839285,1322.8199999990636,938.0536266036429
56642,31.026562347839285,1322.8399999990636,938.0573826819865
56643,31.026562347839285,1322.8599999990636,938.061138693068
56644,31.026562347839285,1322.8799999990636,938.0648946368875
56645,31.026562347839285,1322.8999999990635,938.0686505134453
56646,31.026562347839285,1322.9199999990635,938.0724063227414
56647,31.026562347839285,1322.9399999990635,938.076162064776
56648,31.026562347839285,1322.9599999990635,938.0799177395493
56649,31.026562347839285,1322.9799999990635,938.0836733470614
56650,31.026562347839285,1322.9999999990634,938.0874288873126
56651,31.026562347839285,1323.0199999990634,938.0911843603029
56652,31.026562347839285,1323.0399999990634,938.0949397660326
56653,31.026562347839285,1323.0599999990634,938.0986951045016
56654,31.026562347839285,1323.0799999990634,938.1024503757104
56655,31.026562347839285,1323.0999999990634,938.106205579659
56656,31.026562347839285,1323.1199999990633,938.1099607163476
56657,31.026562347839285,1323.1399999990633,938.1137157857763
56658,31.026562347839285,1323.1599999990633,938.1174707879453
56659,31.026562347839285,1323.1799999990633,938.1212257228548
56660,31.026562347839285,1323.1999999990633,938.1249805905048
56661,31.026562347839285,1323.2199999990632,938.1287353908957
56662,31.026562347839285,1323.2399999990632,938.1324901240275
56663,31.026562347839285,1323.2599999990632,938.1362447899004
56664,31.026562347839285,1323.2799999990632,938.1399993885145
56665,31.026562347839285,1323.2999999990632,938.14375391987
56666,31.026562347839285,1323.3199999990632,938.1475083839672
56667,31.026562347839285,1323.3399999990631,938.1512627808061
56668,31.026562347839285,1323.3599999990631,938.1550171103869
56669,31.026562347839285,1323.379999999063,938.1587713727098
56670,31.026562347839285,1323.399999999063,938.1625255677749
56671,31.026562347839285,1323.419999999063,938.1662796955824
56672,31.026562347839285,1323.439999999063,938.1700337561324
56673,31.026562347839285,1323.459999999063,938.1737877494251
56674,31.026562347839285,1323.479999999063,938.1775416754606
56675,31.026562347839285,1323.499999999063,938.1812955342392
56676,31.026562347839285,1323.519999999063,938.1850493257609
56677,31.026562347839285,1323.539999999063,938.1888030500261
56678,31.026562347839285,1323.559999999063,938.1925567070347
56679,31.026562347839285,1323.579999999063,938.1963102967869
56680,31.026562347839285,1323.599999999063,938.2000638192831
56681,31.026562347839285,1323.6199999990629,938.2038172745232
56682,31.026562347839285,1323.6399999990629,938.2075706625075
56683,31.026562347839285,1323.6599999990628,938.2113239832361
56684,31.026562347839285,1323.6799999990628,938.2150772367091
56685,31.026562347839285,1323.6999999990628,938.2188304229306
56686,31.026562347839285,1323.7199999990628,938.2225835419667
56687,31.026562347839285,1323.7399999990628,938.2263365938493
56688,31.026562347839285,1323.7599999990628,938.2300895785785
56689,31.026562347839285,1323.7799999990627,938.2338424961545
56690,31.026562347839285,1323.7999999990627,938.2375953465775
56691,31.026562347839285,1323.8199999990627,938.2413481298476
56692,31.026562347839285,1323.8399999990627,938.2451008459649
56693,31.026562347839285,1323.8599999990627,938.2488534949297
56694,31.026562347839285,1323.8799999990626,938.252606076742
56695,31.026562347839285,1323.8999999990626,938.2563585914022
56696,31.026562347839285,1323.9199999990626,938.2601110389103
56697,31.026562347839285,1323.9399999990626,938.2638634192665
56698,31.026562347839285,1323.9599999990626,938.267615732471
56699,31.026562347839285,1323.9799999990626,938.2713679785238
56700,31.026562347839285,1323.9999999990625,938.2751201574252
56701,31.026562347839285,1324.0199999990625,938.2788722691755
56702,31.026562347839285,1324.0399999990625,938.2826243137746
56703,31.026562347839285,1324.0599999990625,938.2863762912227
56704,31.026562347839285,1324.0799999990625,938.2901282015201
56705,31.026562347839285,1324.0999999990624,938.2938800446669
56706,31.026562347839285,1324.1199999990624,938.2976318206632
56707,31.026562347839285,1324.1399999990624,938.3013835295093
56708,31.026562347839285,1324.1599999990624,938.3051351712053
56709,31.026562347839285,1324.1799999990624,938.3088867457512
56710,31.026562347839285,1324.1999999990624,938.3126382531474
56711,31.026562347839285,1324.2199999990623,938.316389693394
56712,31.026562347839285,1324.2399999990623,938.320141066491
56713,31.026562347839285,1324.2599999990623,938.3238923724388
56714,31.026562347839285,1324.2799999990623,938.3276436112374
56715,31.026562347839285,1324.2999999990623,938.331394782887
56716,31.026562347839285,1324.3199999990622,938.3351458873877
56717,31.026562347839285,1324.3399999990622,938.3388969247399
56718,31.026562347839285,1324.3599999990622,938.3426478949434
56719,31.026562347839285,1324.3799999990622,938.3463987979986
56720,31.026562347839285,1324.3999999990622,938.3501496339057
56721,31.026562347839285,1324.4199999990622,938.3539004026647
56722,31.026562347839285,1324.4399999990621,938.357651104276
56723,31.026562347839285,1324.4599999990621,938.3614017387395
56724,31.026562347839285,1324.479999999062,938.3651523060554
56725,31.026562347839285,1324.499999999062,938.368902806224
56726,31.026562347839285,1324.519999999062,938.3726532392454
56727,31.026562347839285,1324.539999999062,938.3764036051198
56728,31.026562347839285,1324.559999999062,938.3801539038473
56729,31.026562347839285,1324.579999999062,938.383904135428
56730,31.026562347839285,1324.599999999062,938.3876542998621
56731,31.026562347839285,1324.619999999062,938.3914043971498
56732,31.026562347839285,1324.639999999062,938.3951544272913
56733,31.026562347839285,1324.659999999062,938.3989043902868
56734,31.026562347839285,1324.679999999062,938.4026542861363
56735,31.026562347839285,1324.699999999062,938.40640411484
56736,31.026562347839285,1324.7199999990619,938.4101538764035
56737,31.026562347839285,1324.7399999990619,938.413903570902
56738,31.026562347839285,1324.7599999990618,938.4176531983632
56739,31.026562347839285,1324.7799999990618,938.421402758787
56740,31.026562347839285,1324.7999999990618,938.4251522521739
56741,31.026562347839285,1324.8199999990618,938.4289016785239
56742,31.026562347839285,1324.8399999990618,938.4326510378371
56743,31.026562347839285,1324.8599999990618,938.4364003301138
56744,31.026562347839285,1324.8799999990617,938.440149555354
56745,31.026562347839285,1324.8999999990617,938.4438987135579
56746,31.026562347839285,1324.9199999990617,938.4476478047259
56747,31.026562347839285,1324.9399999990617,938.4513968288578
56748,31.026562347839285,1324.9599999990617,938.4551457859541
56749,31.026562347839285,1324.9799999990616,938.4588946760147
56750,31.026562347839285,1324.9999999990616,938.4626434990398
56751,31.026562347839285,1325.0199999990616,938.4663922550297
56752,31.026562347839285,1325.0399999990616,938.4701409439846
56753,31.026562347839285,1325.0599999990616,938.4738895659044
56754,31.026562347839285,1325.0799999990616,938.4776381207895
56755,31.026562347839285,1325.0999999990615,938.4813866086399
56756,31.026562347839285,1325.1199999990615,938.4851350294559
56757,31.026562347839285,1325.1399999990615,938.4888833832376
56758,31.026562347839285,1325.1599999990615,938.4926316699851
56759,31.026562347839285,1325.1799999990615,938.4963798896987
56760,31.026562347839285,1325.1999999990614,938.5001280423784
56761,31.026562347839285,1325.2199999990614,938.5038761280244
56762,31.026562347839285,1325.2399999990614,938.507624146637
56763,31.026562347839285,1325.2599999990614,938.5113720982163
56764,31.026562347839285,1325.2799999990614,938.5151199827624
56765,31.026562347839285,1325.2999999990614,938.5188678002755
56766,31.026562347839285,1325.3199999990613,938.5226155507559
56767,31.026562347839285,1325.3399999990613,938.5263632342035
56768,31.026562347839285,1325.3599999990613,938.5301108506186
56769,31.026562347839285,1325.3799999990613,938.5338584000013
56770,31.026562347839285,1325.3999999990613,938.537605882352
56771,31.026562347839285,1325.4199999990612,938.5413532976705
56772,31.026562347839285,1325.4399999990612,938.5451006459572
56773,31.026562347839285,1325.4599999990612,938.5488479272121
56774,31.026562347839285,1325.4799999990612,938.5525951414355
56775,31.026562347839285,1325.4999999990612,938.5563422886275
56776,31.026562347839285,1325.5199999990612,938.5600893687883
56777,31.026562347839285,1325.5399999990611,938.5638363819181
56778,31.026562347839285,1325.5599999990611,938.567583328017
56779,30.987113306192906,1325.579999999061,938.5713302070852
56780,30.987113306192906,1325.599999999061,938.5750770191229
56781,30.987113306192906,1325.619999999061,938.5788237641301
56782,30.987113306192906,1325.639999999061,938.5825704421071
56783,30.987113306192906,1325.659999999061,938.586317053054
56784,30.987113306192906,1325.679999999061,938.5900635969709
56785,30.987113306192906,1325.699999999061,938.5938100738582
56786,30.987113306192906,1325.719999999061,938.5975564837158
56787,30.987113306192906,1325.739999999061,938.6013028265497
56788,30.987113306192906,1325.759999999061,938.6050491024298
56789,30.987113306192906,1325.779999999061,938.6087953113745
56790,30.987113306192906,1325.799999999061,938.6125414533839
56791,30.987113306192906,1325.8199999990609,938.6162875284581
56792,30.987113306192906,1325.8399999990609,938.6200335365974
56793,30.987113306192906,1325.8599999990608,938.6237794778019
56794,30.987113306192906,1325.8799999990608,938.6275253520718
56795,30.987113306192906,1325.8999999990608,938.6312711594072
56796,30.987113306192906,1325.9199999990608,938.6350168998083
56797,30.987113306192906,1325.9399999990608,938.6387625732754
56798,30.987113306192906,1325.9599999990608,938.6425081798084
56799,30.987113306192906,1325.9799999990607,938.6462537194076
56800,30.987113306192906,1325.9999999990607,938.6499991920732
56801,30.987113306192906,1326.0199999990607,938.6537445978054
56802,30.987113306192906,1326.0399999990607,938.6574899366042
56803,30.987113306192906,1326.0599999990607,938.6612352084699
56804,30.987113306192906,1326.0799999990606,938.6649804134025
56805,30.987113306192906,1326.0999999990606,938.6687255514024
56806,30.987113306192906,1326.1199999990606,938.6724706224696
56807,30.987113306192906,1326.1399999990606,938.6762156266044
56808,30.987113306192906,1326.1599999990606,938.6799605638068
56809,30.987113306192906,1326.1799999990606,938.6837054340771
56810,30.987113306192906,1326.1999999990605,938.6874502374153
56811,30.987113306192906,1326.2199999990605,938.6911949738218
56812,30.987113306192906,1326.2399999990605,938.6949396432966
56813,30.987113306192906,1326.2599999990605,938.6986842458399
56814,30.987113306192906,1326.2799999990605,938.7024287814519
56815,30.987113306192906,1326.2999999990604,938.7061732501327
56816,30.987113306192906,1326.3199999990604,938.7099176518825
56817,30.987113306192906,1326.3399999990604,938.7136619867015
56818,30.987113306192906,1326.3599999990604,938.7174062545897
56819,30.987113306192906,1326.3799999990604,938.7211504555474
56820,30.987113306192906,1326.3999999990604,938.7248945895749
56821,30.987113306192906,1326.4199999990603,938.728638656672
56822,30.987113306192906,1326.4399999990603,938.7323826568393
56823,30.987113306192906,1326.4599999990603,938.7361265900765
56824,30.987113306192906,1326.4799999990603,938.7398704563842
56825,30.987113306192906,1326.4999999990603,938.7436142557623
56826,30.987113306192906,1326.5199999990602,938.747357988211
56827,30.987113306192906,1326.5399999990602,938.7511016537305
56828,30.987113306192906,1326.5599999990602,938.754845252321
56829,30.987113306192906,1326.5799999990602,938.7585887839826
56830,30.987113306192906,1326.5999999990602,938.7623322487156
56831,30.987113306192906,1326.6199999990602,938.7660756465199
56832,30.987113306192906,1326.6399999990601,938.7698189773959
56833,30.987113306192906,1326.6599999990601,938.7735622413436
56834,30.987113306192906,1326.67999999906,938.7773054383633
56835,30.987113306192906,1326.69999999906,938.7810485684552
56836,30.987113306192906,1326.71999999906,938.7847916316193
56837,30.987113306192906,1326.73999999906,938.7885346278559
56838,30.987113306192906,1326.75999999906,938.7922775571724
56839,30.987113306192906,1326.77999999906,938.7960204196476
56840,30.987113306192906,1326.79999999906,938.7997632152951
56841,30.987113306192906,1326.81999999906,938.8035059441153
56842,30.987113306192906,1326.83999999906,938.8072486061081
56843,30.987113306192906,1326.85999999906,938.8109912012739
56844,30.987113306192906,1326.87999999906,938.8147337296126
56845,30.987113306192906,1326.89999999906,938.8184761911245
56846,30.987113306192906,1326.9199999990599,938.8222185858099
56847,30.987113306192906,1326.9399999990599,938.8259609136688
56848,30.987113306192906,1326.9599999990598,938.8297031747014
56849,30.987113306192906,1326.9799999990598,938.833445368908
56850,30.987113306192906,1326.9999999990598,938.8371874962885
56851,30.987113306192906,1327.0199999990598,938.8409295568432
56852,30.987113306192906,1327.0399999990598,938.8446715505723
56853,30.987113306192906,1327.0599999990598,938.848413477476
56854,30.987113306192906,1327.0799999990597,938.8521553375543
56855,30.987113306192906,1327.0999999990597,938.8558971308075
56856,30.987113306192906,1327.1199999990597,938.8596388572358
56857,30.987113306192906,1327.1399999990597,938.8633805168392
56858,30.987113306192906,1327.1599999990597,938.8671221096181
56859,30.987113306192906,1327.1799999990596,938.8708636355724
56860,30.987113306192906,1327.1999999990596,938.8746050947024
56861,30.987113306192906,1327.2199999990596,938.8783464870082
56862,30.987113306192906,1327.2399999990596,938.8820878124901
56863,30.987113306192906,1327.2599999990596,938.8858290711482
56864,30.987113306192906,1327.2799999990596,938.8895702629827
56865,30.987113306192906,1327.2999999990595,938.8933113879937
56866,30.987113306192906,1327.3199999990595,938.8970524461813
56867,30.987113306192906,1327.3399999990595,938.9007934375458
56868,30.987113306192906,1327.3599999990595,938.9045343620872
56869,30.987113306192906,1327.3799999990595,938.9082752198059
56870,30.987113306192906,1327.3999999990594,938.9120160107019
56871,30.987113306192906,1327.4199999990594,938.9157567347754
56872,30.987113306192906,1327.4399999990594,938.9194973920265
56873,30.987113306192906,1327.4599999990594,938.9232379824555
56874,30.987113306192906,1327.4799999990594,938.9269785060625
56875,30.987113306192906,1327.4999999990594,938.9307189628477
56876,30.987113306192906,1327.5199999990593,938.9344593528111
56877,30.987113306192906,1327.5399999990593,938.9381996759531
56878,30.987113306192906,1327.5599999990593,938.9419399322737
56879,30.987113306192906,1327.5799999990593,938.9456801217732
56880,30.987113306192906,1327.5999999990593,938.9494202444516
56881,30.987113306192906,1327.6199999990592,938.9531603003093
56882,30.987113306192906,1327.6399999990592,938.9569002893462
56883,30.987113306192906,1327.6599999990592,938.9606402115626
56884,30.987113306192906,1327.6799999990592,938.9643800669586
56885,30.987113306192906,1327.6999999990592,938.9681198555344
56886,30.987113306192906,1327.7199999990592,938.9718595772902
56887,30.987113306192906,1327.7399999990591,938.975599232226
56888,30.987113306192906,1327.7599999990591,938.9793388203423
56889,30.987113306192906,1327.779999999059,938.983078341648
56890,30.987113306192906,1327.799999999059,938.9868177962265
56891,30.987113306192906,1327.819999999059,938.9905571840861
56892,30.987113306192906,1327.839999999059,938.994296505227
56893,30.987113306192906,1327.859999999059,938.9980357596494
56894,30.987113306192906,1327.879999999059,939.0017749473534
56895,30.987113306192906,1327.899999999059,939.0055140683392
56896,30.987113306192906,1327.919999999059,939.0092531226069
56897,30.987113306192906,1327.939999999059,939.0129921101568
56898,30.987113306192906,1327.959999999059,939.016731030989
56899,30.987113306192906,1327.979999999059,939.0204698851037
56900,30.987113306192906,1327.999999999059,939.024208672501
56901,30.987113306192906,1328.0199999990589,939.0279473931811
56902,30.987113306192906,1328.0399999990589,939.031686047144
56903,30.987113306192906,1328.0599999990588,939.0354246343902
56904,30.987113306192906,1328.0799999990588,939.0391631549196
56905,30.987113306192906,1328.0999999990588,939.0429016087324
56906,30.987113306192906,1328.1199999990588,939.046639995829
56907,30.987113306192906,1328.1399999990588,939.0503783162093
56908,30.987113306192906,1328.1599999990588,939.0541165698735
56909,30.987113306192906,1328.1799999990587,939.0578547568218
56910,30.987113306192906,1328.1999999990587,939.0615928770545
56911,30.987113306192906,1328.2199999990587,939.0653309305716
56912,30.987113306192906,1328.2399999990587,939.0690689173733
56913,30.987113306192906,1328.2599999990587,939.0728068374599
56914,30.987113306192906,1328.2799999990586,939.0765446908314
56915,30.987113306192906,1328.2999999990586,939.0802824774879
56916,30.987113306192906,1328.3199999990586,939.0840201974298
56917,30.987113306192906,1328.3399999990586,939.0877578506571
56918,30.987113306192906,1328.3599999990586,939.09149543717
56919,30.987113306192906,1328.3799999990586,939.0952329569687
56920,30.987113306192906,1328.3999999990585,939.0989704100534
56921,30.987113306192906,1328.4199999990585,939.1027077964242
56922,30.987113306192906,1328.4399999990585,939.1064451160812
56923,30.987113306192906,1328.4599999990585,939.1101823690246
56924,30.987113306192906,1328.4799999990585,939.1139195552547
56925,30.987113306192906,1328.4999999990584,939.1176566747716
56926,30.987113306192906,1328.5199999990584,939.1213937275754
56927,30.987113306192906,1328.5399999990584,939.1251307136663
56928,30.987113306192906,1328.5599999990584,939.1288676330445
56929,30.987113306192906,1328.5799999990584,939.1326044857101
56930,30.987113306192906,1328.5999999990584,939.1363412716634
56931,30.987113306192906,1328.6199999990583,939.1400779909044
56932,30.987113306192906,1328.6399999990583,939.1438146434333
56933,30.987113306192906,1328.6599999990583,939.1475512292503
56934,30.987113306192906,1328.6799999990583,939.1512877483557
56935,30.987113306192906,1328.6999999990583,939.1550242007495
56936,30.987113306192906,1328.7199999990582,939.1587605864319
56937,30.987113306192906,1328.7399999990582,939.162496905403
56938,30.987113306192906,1328.7599999990582,939.1662331576631
56939,30.987113306192906,1328.7799999990582,939.1699693432123
56940,30.987113306192906,1328.7999999990582,939.1737054620658
56941,30.987113306192906,1328.8199999990582,939.177441514302
56942,30.987113306192906,1328.8399999990581,939.1811774999284
56943,30.987113306192906,1328.8599999990581,939.184913418945
56944,30.987113306192906,1328.879999999058,939.1886492713521
56945,30.987113306192906,1328.899999999058,939.1923850571499
56946,30.987113306192906,1328.919999999058,939.1961207763384
56947,30.987113306192906,1328.939999999058,939.1998564289179
56948,30.987113306192906,1328.959999999058,939.2035920148885
56949,30.987113306192906,1328.979999999058,939.2073275342503
56950,30.987113306192906,1328.999999999058,939.2110629870036
56951,30.987113306192906,1329.019999999058,939.2147983731486
56952,30.987113306192906,1329.039999999058,939.2185336926854
56953,30.987113306192906,1329.059999999058,939.222268945614
56954,30.987113306192906,1329.079999999058,939.2260041319348
56955,30.987113306192906,1329.099999999058,939.2297392516479
56956,30.987113306192906,1329.1199999990579,939.2334743047534
56957,30.987113306192906,1329.1399999990579,939.2372092912515
56958,30.987113306192906,1329.1599999990578,939.2409442111424
56959,30.987113306192906,1329.1799999990578,939.2446790644262
56960,30.987113306192906,1329.1999999990578,939.2484138511032
56961,30.987113306192906,1329.2199999990578,939.2521485711735
56962,30.987113306192906,1329.2399999990578,939.2558832246373
56963,30.987113306192906,1329.2599999990578,939.2596178114946
56964,30.987113306192906,1329.2799999990577,939.2633523317459
56965,30.987113306192906,1329.2999999990577,939.267086785391
56966,30.987113306192906,1329.3199999990577,939.2708211724303
56967,30.987113306192906,1329.3399999990577,939.2745554928639
56968,30.987113306192906,1329.3599999990577,939.2782897466919
56969,30.987113306192906,1329.3799999990576,939.2820239339146
56970,30.987113306192906,1329.3999999990576,939.285758054532
56971,30.987113306192906,1329.4199999990576,939.2894921085444
56972,30.987113306192906,1329.4399999990576,939.293226095952
56973,30.987113306192906,1329.4599999990576,939.296960016755
56974,30.987113306192906,1329.4799999990576,939.3006938709533
56975,30.987113306192906,1329.4999999990575,939.3044276585473
56976,30.987113306192906,1329.5199999990575,939.3081613795371
56977,30.987113306192906,1329.5399999990575,939.3118950339228
56978,30.987113306192906,1329.5599999990575,939.3156286217047
56979,30.987113306192906,1329.5799999990575,939.3193621428829
56980,30.987113306192906,1329.5999999990574,939.3230955974576
56981,30.987113306192906,1329.6199999990574,939.3268289854288
56982,30.987113306192906,1329.6399999990574,939.330562306797
56983,30.987113306192906,1329.6599999990574,939.334295561562
56984,30.987113306192906,1329.6799999990574,939.3380287497242
56985,30.987113306192906,1329.6999999990574,939.3417618712838
56986,30.987113306192906,1329.7199999990573,939.3454949262408
56987,30.987113306192906,1329.7399999990573,939.3492279145954
56988,30.987113306192906,1329.7599999990573,939.3529608363478
56989,30.987113306192906,1329.7799999990573,939.3566936914982
56990,30.987113306192906,1329.7999999990573,939.3604264800467
56991,30.987113306192906,1329.8199999990572,939.3641592020145
56992,30.987113306192906,1329.8399999990572,939.3678918574757
56993,30.987113306192906,1329.8599999990572,939.3716244464362
56994,30.987113306192906,1329.8799999990572,939.3753569688961
56995,30.987113306192906,1329.8999999990572,939.3790894248557
56996,30.987113306192906,1329.9199999990572,939.3828218143152
56997,30.987113306192906,1329.9399999990571,939.3865541372747
56998,30.987113306192906,1329.9599999990571,939.3902863937344
56999,30.987113306192906,1329.979999999057,939.3940185836944
57000,30.987113306192906,1329.999999999057,939.397750707155
57001,30.987113306192906,1330.019999999057,939.4014827641162
57002,30.987113306192906,1330.039999999057,939.4052147545783
57003,30.987113306192906,1330.059999999057,939.4089466785415
57004,30.987113306192906,1330.079999999057,939.4126785360058
57005,30.987113306192906,1330.099999999057,939.4164103269716
57006,30.987113306192906,1330.119999999057,939.4201420514388
57007,30.987113306192906,1330.139999999057,939.4238737094078
57008,30.987113306192906,1330.159999999057,939.4276053008786
57009,30.987113306192906,1330.179999999057,939.4313368258514
57010,30.987113306192906,1330.199999999057,939.4350682843265
57011,30.987113306192906,1330.2199999990569,939.4387996763039
57012,30.987113306192906,1330.2399999990569,939.4425310017839
57013,30.987113306192906,1330.2599999990568,939.4462622607666
57014,30.987113306192906,1330.2799999990568,939.4499934532522
57015,30.987113306192906,1330.2999999990568,939.4537245792409
57016,30.987113306192906,1330.3199999990568,939.4574556387328
57017,30.987113306192906,1330.3399999990568,939.4611866317281
57018,30.987113306192906,1330.3599999990568,939.464917558227
57019,30.987113306192906,1330.3799999990567,939.4686484182295
57020,30.987113306192906,1330.3999999990567,939.472379211736
57021,30.987113306192906,1330.4199999990567,939.4761099387465
57022,30.987113306192906,1330.4399999990567,939.4798405992613
57023,30.987113306192906,1330.4599999990567,939.4835711932805
57024,30.987113306192906,1330.4799999990566,939.4873017208042
57025,30.987113306192906,1330.4999999990566,939.4910321818327
57026,30.987113306192906,1330.5199999990566,939.494762576366
57027,30.987113306192906,1330.5399999990566,939.4984929044045
57028,30.987113306192906,1330.5599999990566,939.5022231659483
57029,30.987113306192906,1330.5799999990566,939.5059533609974
57030,30.987113306192906,1330.5999999990565,939.5096834895521
57031,30.987113306192906,1330.6199999990565,939.5134135516126
57032,30.987113306192906,1330.6399999990565,939.5171435471791
57033,30.987113306192906,1330.6599999990565,939.5208734762516
57034,30.987113306192906,1330.6799999990565,939.5246033388304
57035,30.987113306192906,1330.6999999990564,939.5283331349156
57036,30.987113306192906,1330.7199999990564,939.5320628645073
57037,30.987113306192906,1330.7399999990564,939.5357925276058
57038,30.987113306192906,1330.7599999990564,939.5395221242113
57039,30.987113306192906,1330.7799999990564,939.5432516543239
57040,30.987113306192906,1330.7999999990564,939.5469811179437
57041,30.987113306192906,1330.8199999990563,939.5507105150709
57042,30.987113306192906,1330.8399999990563,939.5544398457346
57043,30.987113306192906,1330.8599999990563,939.5581691100086
57044,30.987113306192906,1330.8799999990563,939.5618983078983
57045,30.987113306192906,1330.8999999990563,939.5656274394038
57046,30.987113306192906,1330.9199999990562,939.5693565045252
57047,30.987113306192906,1330.9399999990562,939.5730855032627
57048,30.987113306192906,1330.9599999990562,939.5768144356166
57049,30.987113306192906,1330.9799999990562,939.5805433015869
57050,30.987113306192906,1330.9999999990562,939.5842721011738
57051,30.987113306192906,1331.0199999990562,939.5880008343776
57052,30.987113306192906,1331.0399999990561,939.5917295011982
57053,30.987113306192906,1331.0599999990561,939.595458101636
57054,30.987113306192906,1331.079999999056,939.5991866356911
57055,30.987113306192906,1331.099999999056,939.6029151033638
57056,30.987113306192906,1331.119999999056,939.606643504654
57057,30.987113306192906,1331.139999999056,939.6103718395622
57058,30.987113306192906,1331.159999999056,939.6141001080882
57059,30.987113306192906,1331.179999999056,939.6178283102325
57060,30.987113306192906,1331.199999999056,939.6215564459952
57061,30.987113306192906,1331.219999999056,939.6252845153764
57062,30.94774779022686,1331.239999999056,939.6290125183763
57063,30.94774779022686,1331.259999999056,939.632740454995
57064,30.94774779022686,1331.279999999056,939.6364683252327
57065,30.94774779022686,1331.299999999056,939.6401961290896
57066,30.94774779022686,1331.3199999990559,939.643923866566
57067,30.94774779022686,1331.3399999990559,939.6476515376618
57068,30.94774779022686,1331.3599999990558,939.6513791423773
57069,30.94774779022686,1331.3799999990558,939.6551066807127
57070,30.94774779022686,1331.3999999990558,939.6588341526682
57071,30.94774779022686,1331.4199999990558,939.6625615582439
57072,30.94774779022686,1331.4399999990558,939.6662888974399
57073,30.94774779022686,1331.4599999990558,939.6700161702565
57074,30.94774779022686,1331.4799999990557,939.6737433766939
57075,30.94774779022686,1331.4999999990557,939.6774705167522
57076,30.94774779022686,1331.5199999990557,939.6811975904316
57077,30.94774779022686,1331.5399999990557,939.6849245977322
57078,30.94774779022686,1331.5599999990557,939.6886515386543
57079,30.94774779022686,1331.5799999990556,939.692378413198
57080,30.94774779022686,1331.5999999990556,939.6961052213634
57081,30.94774779022686,1331.6199999990556,939.6998319631507
57082,30.94774779022686,1331.6399999990556,939.7035586385601
57083,30.94774779022686,1331.6599999990556,939.7072852475918
57084,30.94774779022686,1331.6799999990556,939.711011790246
57085,30.94774779022686,1331.6999999990555,939.7147382665227
57086,30.94774779022686,1331.7199999990555,939.7184646764222
57087,30.94774779022686,1331.7399999990555,939.7221910199447
57088,30.94774779022686,1331.7599999990555,939.7259172970904
57089,30.94774779022686,1331.7799999990555,939.7296435078594
57090,30.94774779022686,1331.7999999990554,939.7333696522518
57091,30.94774779022686,1331.8199999990554,939.7370957302678
57092,30.94774779022686,1331.8399999990554,939.7408217419077
57093,30.94774779022686,1331.8599999990554,939.7445476872019
57094,30.94774779022686,1331.8799999990554,939.7482735662104
57095,30.94774779022686,1331.8999999990554,939.7519993789366
57096,30.94774779022686,1331.9199999990553,939.7557251253806
57097,30.94774779022686,1331.9399999990553,939.7594508055427
57098,30.94774779022686,1331.9599999990553,939.7631764194228
57099,30.94774779022686,1331.9799999990553,939.7669019670215
57100,30.94774779022686,1331.9999999990553,939.7706274483386
57101,30.94774779022686,1332.0199999990552,939.7743528633745
57102,30.94774779022686,1332.0399999990552,939.7780782121292
57103,30.94774779022686,1332.0599999990552,939.781803494603
57104,30.94774779022686,1332.0799999990552,939.7855287107959
57105,30.94774779022686,1332.0999999990552,939.7892538607083
57106,30.94774779022686,1332.1199999990552,939.7929789443402
57107,30.94774779022686,1332.1399999990551,939.796703961692
57108,30.94774779022686,1332.1599999990551,939.8004289127636
57109,30.94774779022686,1332.179999999055,939.8041537975553
57110,30.94774779022686,1332.199999999055,939.8078786160672
57111,30.94774779022686,1332.219999999055,939.8116033682996
57112,30.94774779022686,1332.239999999055,939.8153280542526
57113,30.94774779022686,1332.259999999055,939.8190526739264
57114,30.94774779022686,1332.279999999055,939.8227772273211
57115,30.94774779022686,1332.299999999055,939.826501714437
57116,30.94774779022686,1332.319999999055,939.8302261352742
57117,30.94774779022686,1332.339999999055,939.8339504898329
57118,30.94774779022686,1332.359999999055,939.8376747781132
57119,30.94774779022686,1332.379999999055,939.8413990001153
57120,30.94774779022686,1332.399999999055,939.8451231558394
57121,30.94774779022686,1332.4199999990549,939.8488472452856
57122,30.94774779022686,1332.4399999990549,939.8525712684542
57123,30.94774779022686,1332.4599999990548,939.8562952253453
57124,30.94774779022686,1332.4799999990548,939.8600191159591
57125,30.94774779022686,1332.4999999990548,939.8637429402957
57126,30.94774779022686,1332.5199999990548,939.8674666983553
57127,30.94774779022686,1332.5399999990548,939.8711903901382
57128,30.94774779022686,1332.5599999990548,939.8749140156444
57129,30.94774779022686,1332.5799999990547,939.8786375748742
57130,30.94774779022686,1332.5999999990547,939.8823610678278
57131,30.94774779022686,1332.6199999990547,939.8860844945052
57132,30.94774779022686,1332.6399999990547,939.8898078549066
57133,30.94774779022686,1332.6599999990547,939.8935311490324
57134,30.94774779022686,1332.6799999990546,939.8972543768824
57135,30.94774779022686,1332.6999999990546,939.900977538457
57136,30.94774779022686,1332.7199999990546,939.9047006337564
57137,30.94774779022686,1332.7399999990546,939.9084236627807
57138,30.94774779022686,1332.7599999990546,939.9121466255301
57139,30.94774779022686,1332.7799999990546,939.9158695220049
57140,30.94774779022686,1332.7999999990545,939.919592352205
57141,30.94774779022686,1332.8199999990545,939.9233151161308
57142,30.94774779022686,1332.8399999990545,939.9270378137824
57143,30.94774779022686,1332.8599999990545,939.9307604451599
57144,30.94774779022686,1332.8799999990545,939.934483010302
57145,30.94774779022686,1332.8999999990544,939.9382055092678
57146,30.94774779022686,1332.9199999990544,939.94192794206
57147,30.94774779022686,1332.9399999990544,939.9456503086788
57148,30.94774779022686,1332.9599999990544,939.9493726091241
57149,30.94774779022686,1332.9799999990544,939.9530948433963
57150,30.94774779022686,1332.9999999990544,939.9568170114956
57151,30.94774779022686,1333.0199999990543,939.960539113422
57152,30.94774779022686,1333.0399999990543,939.9642611491757
57153,30.94774779022686,1333.0599999990543,939.967983118757
57154,30.94774779022686,1333.0799999990543,939.971705022166
57155,30.94774779022686,1333.0999999990543,939.9754268594029
57156,30.94774779022686,1333.1199999990542,939.9791486304679
57157,30.94774779022686,1333.1399999990542,939.982870335361
57158,30.94774779022686,1333.1599999990542,939.9865919740826
57159,30.94774779022686,1333.1799999990542,939.9903135466327
57160,30.94774779022686,1333.1999999990542,939.9940350530115
57161,30.94774779022686,1333.2199999990542,939.9977564932194
57162,30.94774779022686,1333.2399999990541,940.0014778673516
57163,30.94774779022686,1333.2599999990541,940.005199176509
57164,30.94774779022686,1333.279999999054,940.0089204209353
57165,30.94774779022686,1333.299999999054,940.0126416006306
57166,30.94774779022686,1333.319999999054,940.0163627155952
57167,30.94774779022686,1333.339999999054,940.0200837658294
57168,30.94774779022686,1333.359999999054,940.0238047513335
57169,30.94774779022686,1333.379999999054,940.0275256721077
57170,30.94774779022686,1333.399999999054,940.0312465281523
57171,30.94774779022686,1333.419999999054,940.0349673194676
57172,30.94774779022686,1333.439999999054,940.0386880460537
57173,30.94774779022686,1333.459999999054,940.042408707911
57174,30.94774779022686,1333.479999999054,940.0461293050397
57175,30.94774779022686,1333.499999999054,940.0498498374401
57176,30.94774779022686,1333.5199999990539,940.0535703051124
57177,30.94774779022686,1333.5399999990539,940.0572907080569
57178,30.94774779022686,1333.5599999990538,940.0610110462738
57179,30.94774779022686,1333.5799999990538,940.0647313197635
57180,30.94774779022686,1333.5999999990538,940.0684515285261
57181,30.94774779022686,1333.6199999990538,940.0721716725619
57182,30.94774779022686,1333.6399999990538,940.0758917518713
57183,30.94774779022686,1333.6599999990538,940.0796117664544
57184,30.94774779022686,1333.6799999990537,940.0833317163115
57185,30.94774779022686,1333.6999999990537,940.0870516014428
57186,30.94774779022686,1333.7199999990537,940.0907714218487
57187,30.94774779022686,1333.7399999990537,940.0944911775293
57188,30.94774779022686,1333.7599999990537,940.098210868485
57189,30.94774779022686,1333.7799999990536,940.101930494716
57190,30.94774779022686,1333.7999999990536,940.1056500562225
57191,30.94774779022686,1333.8199999990536,940.109369553005
57192,30.94774779022686,1333.8399999990536,940.1130889850634
57193,30.94774779022686,1333.8599999990536,940.1168083523983
57194,30.94774779022686,1333.8799999990536,940.1205276550097
57195,30.94774779022686,1333.8999999990535,940.1242468929423
57196,30.94774779022686,1333.9199999990535,940.1279660662509
57197,30.94774779022686,1333.9399999990535,940.1316851749368
57198,30.94774779022686,1333.9599999990535,940.1354042190003
57199,30.94774779022686,1333.9799999990535,940.1391231984416
57200,30.94774779022686,1333.9999999990534,940.1428421132609
57201,30.94774779022686,1334.0199999990534,940.1465609634587
57202,30.94774779022686,1334.0399999990534,940.150279749035
57203,30.94774779022686,1334.0599999990534,940.1539984699903
57204,30.94774779022686,1334.0799999990534,940.1577171263245
57205,30.94774779022686,1334.0999999990534,940.1614357180383
57206,30.94774779022686,1334.1199999990533,940.1651542451317
57207,30.94774779022686,1334.1399999990533,940.168872707605
57208,30.94774779022686,1334.1599999990533,940.1725911054585
57209,30.94774779022686,1334.1799999990533,940.1763094386924
57210,30.94774779022686,1334.1999999990533,940.1800277073071
57211,30.94774779022686,1334.2199999990532,940.1837459113027
57212,30.94774779022686,1334.2399999990532,940.1874640506795
57213,30.94774779022686,1334.2599999990532,940.1911821254378
57214,30.94774779022686,1334.2799999990532,940.1949001355778
57215,30.94774779022686,1334.2999999990532,940.1986180810998
57216,30.94774779022686,1334.3199999990532,940.202335962004
57217,30.94774779022686,1334.3399999990531,940.2060537782908
57218,30.94774779022686,1334.3599999990531,940.2097715299603
57219,30.94774779022686,1334.379999999053,940.2134892170129
57220,30.94774779022686,1334.399999999053,940.2172068394489
57221,30.94774779022686,1334.419999999053,940.2209243972684
57222,30.94774779022686,1334.439999999053,940.2246418904717
57223,30.94774779022686,1334.459999999053,940.2283593190591
57224,30.94774779022686,1334.479999999053,940.2320766830309
57225,30.94774779022686,1334.499999999053,940.2357939823872
57226,30.94774779022686,1334.519999999053,940.2395112171284
57227,30.94774779022686,1334.539999999053,940.2432283872548
57228,30.94774779022686,1334.559999999053,940.2469454927665
57229,30.94774779022686,1334.579999999053,940.2506625336639
57230,30.94774779022686,1334.599999999053,940.2543795099472
57231,30.94774779022686,1334.6199999990529,940.2580964216166
57232,30.94774779022686,1334.6399999990529,940.2618132686725
57233,30.94774779022686,1334.6599999990528,940.2655300511151
57234,30.94774779022686,1334.6799999990528,940.2692467689445
57235,30.94774779022686,1334.6999999990528,940.2729634221612
57236,30.94774779022686,1334.7199999990528,940.2766800107653
57237,30.94774779022686,1334.7399999990528,940.2803965347572
57238,30.94774779022686,1334.7599999990528,940.2841129941371
57239,30.94774779022686,1334.7799999990527,940.2878293889053
57240,30.94774779022686,1334.7999999990527,940.2915457190619
57241,30.94774779022686,1334.8199999990527,940.2952619846074
57242,30.94774779022686,1334.8399999990527,940.2989781855417
57243,30.94774779022686,1334.8599999990527,940.3026943218655
57244,30.94774779022686,1334.8799999990526,940.3064103935787
57245,30.94774779022686,1334.8999999990526,940.3101264006818
57246,30.94774779022686,1334.9199999990526,940.3138423432254
57247,30.94774779022686,1334.9399999990526,940.3175582212592
57248,30.94774779022686,1334.9599999990526,940.3212740347836
57249,30.94774779022686,1334.9799999990526,940.324989783799
57250,30.94774779022686,1334.9999999990525,940.3287054683054
57251,30.94774779022686,1335.0199999990525,940.3324210883032
57252,30.94774779022686,1335.0399999990525,940.3361366437928
57253,30.94774779022686,1335.0599999990525,940.3398521347742
57254,30.94774779022686,1335.0799999990525,940.3435675612478
57255,30.94774779022686,1335.0999999990524,940.3472829232139
57256,30.94774779022686,1335.1199999990524,940.3509982206726
57257,30.94774779022686,1335.1399999990524,940.3547134536243
57258,30.94774779022686,1335.1599999990524,940.3584286220693
57259,30.94774779022686,1335.1799999990524,940.3621437260077
57260,30.94774779022686,1335.1999999990524,940.36585876544
57261,30.94774779022686,1335.2199999990523,940.3695737403661
57262,30.94774779022686,1335.2399999990523,940.3732886507865
57263,30.94774779022686,1335.2599999990523,940.3770034967015
57264,30.94774779022686,1335.2799999990523,940.3807182781113
57265,30.94774779022686,1335.2999999990523,940.3844329950161
57266,30.94774779022686,1335.3199999990522,940.3881476474163
57267,30.94774779022686,1335.3399999990522,940.391862235312
57268,30.94774779022686,1335.3599999990522,940.3955767587036
57269,30.94774779022686,1335.3799999990522,940.3992912175912
57270,30.94774779022686,1335.3999999990522,940.4030056119752
57271,30.94774779022686,1335.4199999990522,940.4067199418558
57272,30.94774779022686,1335.4399999990521,940.4104342072334
57273,30.94774779022686,1335.4599999990521,940.4141484081081
57274,30.94774779022686,1335.479999999052,940.4178625444802
57275,30.94774779022686,1335.499999999052,940.4215766163499
57276,30.94774779022686,1335.519999999052,940.4252906237175
57277,30.94774779022686,1335.539999999052,940.4290045665833
57278,30.94774779022686,1335.559999999052,940.4327184449476
57279,30.94774779022686,1335.579999999052,940.4364322588106
57280,30.94774779022686,1335.599999999052,940.4401460081725
57281,30.94774779022686,1335.619999999052,940.4438596930337
57282,30.94774779022686,1335.639999999052,940.4475733133944
57283,30.94774779022686,1335.659999999052,940.4512868692549
57284,30.94774779022686,1335.679999999052,940.4550003606154
57285,30.94774779022686,1335.699999999052,940.4587137874761
57286,30.94774779022686,1335.7199999990519,940.4624271498374
57287,30.94774779022686,1335.7399999990519,940.4661404476994
57288,30.94774779022686,1335.7599999990518,940.4698536810625
57289,30.94774779022686,1335.7799999990518,940.473566849927
57290,30.94774779022686,1335.7999999990518,940.4772799542931
57291,30.94774779022686,1335.8199999990518,940.4809929941609
57292,30.94774779022686,1335.8399999990518,940.4847059695309
57293,30.94774779022686,1335.8599999990518,940.4884188804032
57294,30.94774779022686,1335.8799999990517,940.4921317267781
57295,30.94774779022686,1335.8999999990517,940.495844508656
57296,30.94774779022686,1335.9199999990517,940.4995572260382
57297,30.94774779022686,1335.9399999990517,940.5032698789809
57298,30.94774779022686,1335.9599999990517,940.5069824675287
57299,30.94774779022686,1335.9799999990516,940.5106949916819
57300,30.94774779022686,1335.9999999990516,940.5144074514408
57301,30.94774779022686,1336.0199999990516,940.5181198468056
57302,30.94774779022686,1336.0399999990516,940.5218321777766
57303,30.94774779022686,1336.0599999990516,940.525544444354
57304,30.94774779022686,1336.0799999990516,940.5292566465381
57305,30.94774779022686,1336.0999999990515,940.5329687843291
57306,30.94774779022686,1336.1199999990515,940.5366808577274
57307,30.94774779022686,1336.1399999990515,940.5403928667332
57308,30.94774779022686,1336.1599999990515,940.5441048113468
57309,30.94774779022686,1336.1799999990515,940.5478166915683
57310,30.94774779022686,1336.1999999990514,940.5515285073981
57311,30.94774779022686,1336.2199999990514,940.5552402588364
57312,30.94774779022686,1336.2399999990514,940.5589519458836
57313,30.94774779022686,1336.2599999990514,940.5626635685397
57314,30.94774779022686,1336.2799999990514,940.5663751268053
57315,30.94774779022686,1336.2999999990514,940.5700866206803
57316,30.94774779022686,1336.3199999990513,940.5737980501652
57317,30.94774779022686,1336.3399999990513,940.5775094152602
57318,30.94774779022686,1336.3599999990513,940.5812207159656
57319,30.94774779022686,1336.3799999990513,940.5849319522816
57320,30.94774779022686,1336.3999999990513,940.5886431242085
57321,30.94774779022686,1336.4199999990512,940.5923542317465
57322,30.94774779022686,1336.4399999990512,940.5960652748959
57323,30.94774779022686,1336.4599999990512,940.599776253657
57324,30.94774779022686,1336.4799999990512,940.6034871680299
57325,30.94774779022686,1336.4999999990512,940.6071980180151
57326,30.94774779022686,1336.5199999990512,940.6109088036127
57327,30.94774779022686,1336.5399999990511,940.614619524823
57328,30.94774779022686,1336.5599999990511,940.6183301816462
57329,30.94774779022686,1336.579999999051,940.6220407740827
57330,30.94774779022686,1336.599999999051,940.6257513021327
57331,30.94774779022686,1336.619999999051,940.6294617657965
57332,30.94774779022686,1336.639999999051,940.6331721650741
57333,30.94774779022686,1336.659999999051,940.6368824999661
57334,30.94774779022686,1336.679999999051,940.6405927704726
57335,30.94774779022686,1336.699999999051,940.644302976594
57336,30.94774779022686,1336.719999999051,940.6480131183304
57337,30.94774779022686,1336.739999999051,940.651723195682
57338,30.94774779022686,1336.759999999051,940.6554332086492
57339,30.94774779022686,1336.779999999051,940.6591431572323
57340,30.94774779022686,1336.799999999051,940.6628530414314
57341,30.94774779022686,1336.8199999990509,940.6665628612469
57342,30.94774779022686,1336.8399999990509,940.6702726166791
57343,30.94774779022686,1336.8599999990508,940.6739823077281
57344,30.94774779022686,1336.8799999990508,940.6776919343943
57345,30.94774779022686,1336.8999999990508,940.6814014966777
57346,30.94774779022686,1336.9199999990508,940.6851109945788
57347,30.94774779022686,1336.9399999990508,940.6888204281005
57348,30.94774779022686,1336.9599999990508,940.6925297973052
57349,30.94774779022686,1336.9799999990507,940.6962391022327
57350,30.908465552561506,1336.9999999990507,940.6999483428833
57351,30.908465552561506,1337.0199999990507,940.7036575192575
57352,30.908465552561506,1337.0399999990507,940.7073666313553
57353,30.908465552561506,1337.0599999990507,940.711075679177
57354,30.908465552561506,1337.0799999990506,940.7147846627231
57355,30.908465552561506,1337.0999999990506,940.7184935819936
57356,30.908465552561506,1337.1199999990506,940.7222024369888
57357,30.908465552561506,1337.1399999990506,940.725911227709
57358,30.908465552561506,1337.1599999990506,940.7296199541546
57359,30.908465552561506,1337.1799999990506,940.7333286163257
57360,30.908465552561506,1337.1999999990505,940.7370372142226
57361,30.908465552561506,1337.2199999990505,940.7407457478455
57362,30.908465552561506,1337.2399999990505,940.7444542171947
57363,30.908465552561506,1337.2599999990505,940.7481626222706
57364,30.908465552561506,1337.2799999990505,940.7518709630732
57365,30.908465552561506,1337.2999999990504,940.755579239603
57366,30.908465552561506,1337.3199999990504,940.7592874518601
57367,30.908465552561506,1337.3399999990504,940.7629955998449
57368,30.908465552561506,1337.3599999990504,940.7667036835576
57369,30.908465552561506,1337.3799999990504,940.7704117029984
57370,30.908465552561506,1337.3999999990504,940.7741196581677
57371,30.908465552561506,1337.4199999990503,940.7778275490657
57372,30.908465552561506,1337.4399999990503,940.7815353756927
57373,30.908465552561506,1337.4599999990503,940.7852431380488
57374,30.908465552561506,1337.4799999990503,940.7889508361344
57375,30.908465552561506,1337.4999999990503,940.7926584699497
57376,30.908465552561506,1337.5199999990502,940.7963660394951
57377,30.908465552561506,1337.5399999990502,940.8000735447707
57378,30.908465552561506,1337.5599999990502,940.8037809857768
57379,30.908465552561506,1337.5799999990502,940.8074883625137
57380,30.908465552561506,1337.5999999990502,940.8111956749817
57381,30.908465552561506,1337.6199999990502,940.814902923181
57382,30.908465552561506,1337.6399999990501,940.8186101071118
57383,30.908465552561506,1337.6599999990501,940.8223172267745
57384,30.908465552561506,1337.67999999905,940.8260242821693
57385,30.908465552561506,1337.69999999905,940.8297312732965
57386,30.908465552561506,1337.71999999905,940.8334382001563
57387,30.908465552561506,1337.73999999905,940.837145062749
57388,30.908465552561506,1337.75999999905,940.8408518610747
57389,30.908465552561506,1337.77999999905,940.844558595134
57390,30.908465552561506,1337.79999999905,940.8482652649269
57391,30.908465552561506,1337.81999999905,940.8519718704538
57392,30.908465552561506,1337.83999999905,940.8556784117148
57393,30.908465552561506,1337.85999999905,940.8593848887103
57394,30.908465552561506,1337.87999999905,940.8630913014406
57395,30.908465552561506,1337.89999999905,940.8667976499058
57396,30.908465552561506,1337.9199999990499,940.8705039341063
57397,30.908465552561506,1337.9399999990499,940.8742101540423
57398,30.908465552561506,1337.9599999990498,940.8779163097174
57399,30.908465552561506,1337.9799999990498,940.8816224011921
57400,30.908465552561506,1337.9999999990498,940.8853284284965
57401,30.908465552561506,1338.0199999990498,940.8890343916308
57402,30.908465552561506,1338.0399999990498,940.8927402905955
57403,30.908465552561506,1338.0599999990498,940.8964461253906
57404,30.908465552561506,1338.0799999990497,940.9001518960166
57405,30.908465552561506,1338.0999999990497,940.9038576024736
57406,30.908465552561506,1338.1199999990497,940.907563244762
57407,30.908465552561506,1338.1399999990497,940.9112688228818
57408,30.908465552561506,1338.1599999990497,940.9149743368334
57409,30.908465552561506,1338.1799999990496,940.9186797866172
57410,30.908465552561506,1338.1999999990496,940.9223851722334
57411,30.908465552561506,1338.2199999990496,940.9260904936822
57412,30.908465552561506,1338.2399999990496,940.9297957509639
57413,30.908465552561506,1338.2599999990496,940.9335009440787
57414,30.908465552561506,1338.2799999990496,940.9372060730269
57415,30.908465552561506,1338.2999999990495,940.9409111378088
57416,30.908465552561506,1338.3199999990495,940.9446161384246
57417,30.908465552561506,1338.3399999990495,940.9483210748746
57418,30.908465552561506,1338.3599999990495,940.952025947159
57419,30.908465552561506,1338.3799999990495,940.9557307552781
57420,30.908465552561506,1338.3999999990494,940.9594354992322
57421,30.908465552561506,1338.4199999990494,940.9631401790216
57422,30.908465552561506,1338.4399999990494,940.9668447946465
57423,30.908465552561506,1338.4599999990494,940.9705493461071
57424,30.908465552561506,1338.4799999990494,940.9742538334037
57425,30.908465552561506,1338.4999999990494,940.9779582565367
57426,30.908465552561506,1338.5199999990493,940.9816626155061
57427,30.908465552561506,1338.5399999990493,940.9853669103125
57428,30.908465552561506,1338.5599999990493,940.9890711409558
57429,30.908465552561506,1338.5799999990493,940.9927753074365
57430,30.908465552561506,1338.5999999990493,940.9964794097548
57431,30.908465552561506,1338.6199999990492,941.0001834479109
57432,30.908465552561506,1338.6399999990492,941.0038874219051
57433,30.908465552561506,1338.6599999990492,941.0075913317378
57434,30.908465552561506,1338.6799999990492,941.0112951774091
57435,30.908465552561506,1338.6999999990492,941.0149989589194
57436,30.908465552561506,1338.7199999990492,941.0187026762687
57437,30.908465552561506,1338.7399999990491,941.0224063294576
57438,30.908465552561506,1338.7599999990491,941.026109918486
57439,30.908465552561506,1338.779999999049,941.0298134433544
57440,30.908465552561506,1338.799999999049,941.033516904063
57441,30.908465552561506,1338.819999999049,941.0372203006121
57442,30.908465552561506,1338.839999999049,941.040923633002
57443,30.908465552561506,1338.859999999049,941.0446269012328
57444,30.908465552561506,1338.879999999049,941.0483301053049
57445,30.908465552561506,1338.899999999049,941.0520332452185
57446,30.908465552561506,1338.919999999049,941.0557363209739
57447,30.908465552561506,1338.939999999049,941.0594393325713
57448,30.908465552561506,1338.959999999049,941.063142280011
57449,30.908465552561506,1338.979999999049,941.066845163298
57450,30.908465552561506,1338.999999999049,941.0705479825008
57451,30.908465552561506,1339.0199999990489,941.0742507376455
57452,30.908465552561506,1339.0399999990489,941.0779534287323
57453,30.908465552561506,1339.0599999990488,941.0816560557614
57454,30.908465552561506,1339.0799999990488,941.0853586187332
57455,30.908465552561506,1339.0999999990488,941.0890611176478
57456,30.908465552561506,1339.1199999990488,941.0927635525056
57457,30.908465552561506,1339.1399999990488,941.0964659233068
57458,30.908465552561506,1339.1599999990488,941.1001682300517
57459,30.908465552561506,1339.1799999990487,941.1038704727406
57460,30.908465552561506,1339.1999999990487,941.1075726513736
57461,30.908465552561506,1339.2199999990487,941.1112747659512
57462,30.908465552561506,1339.2399999990487,941.1149768164735
57463,30.908465552561506,1339.2599999990487,941.1186788029407
57464,30.908465552561506,1339.2799999990486,941.1223807253532
57465,30.908465552561506,1339.2999999990486,941.1260825837112
57466,30.908465552561506,1339.3199999990486,941.129784378015
57467,30.908465552561506,1339.3399999990486,941.1334861082648
57468,30.908465552561506,1339.3599999990486,941.137187774461
57469,30.908465552561506,1339.3799999990486,941.1408893766038
57470,30.908465552561506,1339.3999999990485,941.1445909146934
57471,30.908465552561506,1339.4199999990485,941.14829238873
57472,30.908465552561506,1339.4399999990485,941.1519937987141
57473,30.908465552561506,1339.4599999990485,941.1556951446457
57474,30.908465552561506,1339.4799999990485,941.1593964265253
57475,30.908465552561506,1339.4999999990484,941.163097644353
57476,30.908465552561506,1339.5199999990484,941.1667987981291
57477,30.908465552561506,1339.5399999990484,941.1704998878539
57478,30.908465552561506,1339.5599999990484,941.1742009135276
57479,30.908465552561506,1339.5799999990484,941.1779018751505
57480,30.908465552561506,1339.5999999990484,941.1816027727228
57481,30.908465552561506,1339.6199999990483,941.1853036062449
57482,30.908465552561506,1339.6399999990483,941.189004375717
57483,30.908465552561506,1339.6599999990483,941.1927050811394
57484,30.908465552561506,1339.6799999990483,941.1964057225122
57485,30.908465552561506,1339.6999999990483,941.2001062998357
57486,30.908465552561506,1339.7199999990482,941.2038068131104
57487,30.908465552561506,1339.7399999990482,941.2075072623363
57488,30.908465552561506,1339.7599999990482,941.2112076475138
57489,30.908465552561506,1339.7799999990482,941.2149079686432
57490,30.908465552561506,1339.7999999990482,941.2186082257246
57491,30.908465552561506,1339.8199999990482,941.2223084187583
57492,30.908465552561506,1339.8399999990481,941.2260085477448
57493,30.908465552561506,1339.8599999990481,941.229708612684
57494,30.908465552561506,1339.879999999048,941.2334086135764
57495,30.908465552561506,1339.899999999048,941.2371085504222
57496,30.908465552561506,1339.919999999048,941.2408084232218
57497,30.908465552561506,1339.939999999048,941.2445082319751
57498,30.908465552561506,1339.959999999048,941.2482079766827
57499,30.908465552561506,1339.979999999048,941.2519076573448
57500,30.908465552561506,1339.999999999048,941.2556072739674
57501,30.908465552561506,1340.019999999048,941.2593068266237
57502,30.908465552561506,1340.039999999048,941.263006315334
57503,30.908465552561506,1340.059999999048,941.2667057400985
57504,30.908465552561506,1340.079999999048,941.2704051009174
57505,30.908465552561506,1340.099999999048,941.274104397791
57506,30.908465552561506,1340.1199999990479,941.2778036307196
57507,30.908465552561506,1340.1399999990479,941.2815027997035
57508,30.908465552561506,1340.1599999990478,941.2852019047428
57509,30.908465552561506,1340.1799999990478,941.288900945838
57510,30.908465552561506,1340.1999999990478,941.2925999229891
57511,30.908465552561506,1340.2199999990478,941.2962988361966
57512,30.908465552561506,1340.2399999990478,941.2999976854605
57513,30.908465552561506,1340.2599999990477,941.3036964707813
57514,30.908465552561506,1340.2799999990477,941.3073951921592
57515,30.908465552561506,1340.2999999990477,941.3110938495945
57516,30.908465552561506,1340.3199999990477,941.3147924430874
57517,30.908465552561506,1340.3399999990477,941.3184909726382
57518,30.908465552561506,1340.3599999990477,941.3221894382472
57519,30.908465552561506,1340.3799999990476,941.3258878399145
57520,30.908465552561506,1340.3999999990476,941.3295861776405
57521,30.908465552561506,1340.4199999990476,941.3332844514255
57522,30.908465552561506,1340.4399999990476,941.3369826612696
57523,30.908465552561506,1340.4599999990476,941.3406808071733
57524,30.908465552561506,1340.4799999990475,941.3443788891366
57525,30.908465552561506,1340.4999999990475,941.3480769071599
57526,30.908465552561506,1340.5199999990475,941.3517748612435
57527,30.908465552561506,1340.5399999990475,941.3554727513877
57528,30.908465552561506,1340.5599999990475,941.3591705775925
57529,30.908465552561506,1340.5799999990475,941.3628683398584
57530,30.908465552561506,1340.5999999990474,941.3665660381857
57531,30.908465552561506,1340.6199999990474,941.3702636725745
57532,30.908465552561506,1340.6399999990474,941.3739612430252
57533,30.908465552561506,1340.6599999990474,941.377658749538
57534,30.908465552561506,1340.6799999990474,941.3813561921131
57535,30.908465552561506,1340.6999999990473,941.3850535707509
57536,30.908465552561506,1340.7199999990473,941.3887508854515
57537,30.908465552561506,1340.7399999990473,941.3924481362153
57538,30.908465552561506,1340.7599999990473,941.3961453230426
57539,30.908465552561506,1340.7799999990473,941.3998424459335
57540,30.908465552561506,1340.7999999990473,941.4035395048884
57541,30.908465552561506,1340.8199999990472,941.4072364999075
57542,30.908465552561506,1340.8399999990472,941.4109334309911
57543,30.908465552561506,1340.8599999990472,941.4146302981394
57544,30.908465552561506,1340.8799999990472,941.4183271013527
57545,30.908465552561506,1340.8999999990472,941.4220238406313
57546,30.908465552561506,1340.9199999990471,941.4257205159754
57547,30.908465552561506,1340.9399999990471,941.4294171273854
57548,30.908465552561506,1340.959999999047,941.4331136748614
57549,30.908465552561506,1340.979999999047,941.4368101584037
57550,30.908465552561506,1340.999999999047,941.4405065780126
57551,30.908465552561506,1341.019999999047,941.4442029336954
57552,30.908465552561506,1341.039999999047,941.4478992255297
57553,30.908465552561506,1341.059999999047,941.4515954535301
57554,30.908465552561506,1341.079999999047,941.4552916176967
57555,30.908465552561506,1341.099999999047,941.4589877180299
57556,30.908465552561506,1341.119999999047,941.4626837545298
57557,30.908465552561506,1341.139999999047,941.4663797271969
57558,30.908465552561506,1341.159999999047,941.4700756360313
57559,30.908465552561506,1341.179999999047,941.4737714810333
57560,30.908465552561506,1341.199999999047,941.477467262203
57561,30.908465552561506,1341.2199999990469,941.481162979541
57562,30.908465552561506,1341.2399999990469,941.4848586330472
57563,30.908465552561506,1341.2599999990468,941.4885542227222
57564,30.908465552561506,1341.2799999990468,941.4922497485661
57565,30.908465552561506,1341.2999999990468,941.4959452105792
57566,30.908465552561506,1341.3199999990468,941.4996406087618
57567,30.908465552561506,1341.3399999990468,941.503335943114
57568,30.908465552561506,1341.3599999990467,941.5070312136363
57569,30.908465552561506,1341.3799999990467,941.5107264203288
57570,30.908465552561506,1341.3999999990467,941.5144215631917
57571,30.908465552561506,1341.4199999990467,941.5181166422254
57572,30.908465552561506,1341.4399999990467,941.5218116574302
57573,30.908465552561506,1341.4599999990467,941.5255066088064
57574,30.908465552561506,1341.4799999990466,941.5292014963541
57575,30.908465552561506,1341.4999999990466,941.5328963200735
57576,30.908465552561506,1341.5199999990466,941.5365910799651
57577,30.908465552561506,1341.5399999990466,941.5402857760291
57578,30.908465552561506,1341.5599999990466,941.5439804082657
57579,30.908465552561506,1341.5799999990465,941.5476749766752
57580,30.908465552561506,1341.5999999990465,941.5513694812579
57581,30.908465552561506,1341.6199999990465,941.555063922014
57582,30.908465552561506,1341.6399999990465,941.5587582989438
57583,30.908465552561506,1341.6599999990465,941.5624526120475
57584,30.908465552561506,1341.6799999990465,941.5661468613255
57585,30.908465552561506,1341.6999999990464,941.5698410467779
57586,30.908465552561506,1341.7199999990464,941.5735351684051
57587,30.908465552561506,1341.7399999990464,941.5772292262074
57588,30.908465552561506,1341.7599999990464,941.5809232201848
57589,30.908465552561506,1341.7799999990464,941.5846171503379
57590,30.908465552561506,1341.7999999990463,941.5883110166667
57591,30.908465552561506,1341.8199999990463,941.5920048191716
57592,30.908465552561506,1341.8399999990463,941.5956985578529
57593,30.908465552561506,1341.8599999990463,941.5993922327108
57594,30.908465552561506,1341.8799999990463,941.6030858437455
57595,30.908465552561506,1341.8999999990463,941.6067793909573
57596,30.908465552561506,1341.9199999990462,941.6104728743466
57597,30.908465552561506,1341.9399999990462,941.6141662939135
57598,30.908465552561506,1341.9599999990462,941.6178596496584
57599,30.908465552561506,1341.9799999990462,941.6215529415814
57600,30.908465552561506,1341.9999999990462,941.6252461696829
57601,30.908465552561506,1342.0199999990461,941.6289393339631
57602,30.908465552561506,1342.0399999990461,941.632632434431
57603,30.908465552561506,1342.059999999046,941.6363254711745
57604,30.908465552561506,1342.079999999046,941.6400184442026
57605,30.908465552561506,1342.099999999046,941.6437113535156
57606,30.908465552561506,1342.119999999046,941.6474041991138
57607,30.908465552561506,1342.139999999046,941.6510969809974
57608,30.908465552561506,1342.159999999046,941.6547896991667
57609,30.908465552561506,1342.179999999046,941.6584823536219
57610,30.908465552561506,1342.199999999046,941.6621749443634
57611,30.908465552561506,1342.219999999046,941.6658674713914
57612,30.908465552561506,1342.239999999046,941.6695599347061
57613,30.908465552561506,1342.259999999046,941.6732523343078
57614,30.908465552561506,1342.279999999046,941.6769446701968
57615,30.908465552561506,1342.299999999046,941.6806369423734
57616,30.908465552561506,1342.3199999990459,941.6843291508379
57617,30.908465552561506,1342.3399999990459,941.6880212955905
57618,30.908465552561506,1342.3599999990458,941.6917133766314
57619,30.908465552561506,1342.3799999990458,941.6954053939609
57620,30.908465552561506,1342.3999999990458,941.6990973475793
57621,30.908465552561506,1342.4199999990458,941.7027892374869
57622,30.908465552561506,1342.4399999990458,941.7064810636839
57623,30.908465552561506,1342.4599999990457,941.7101728261706
57624,30.908465552561506,1342.4799999990457,941.7138645249473
57625,30.908465552561506,1342.4999999990457,941.7175561600143
57626,30.908465552561506,1342.5199999990457,941.7212477313717
57627,30.908465552561506,1342.5399999990457,941.7249392390199
57628,30.908465552561506,1342.5599999990457,941.7286306829592
57629,30.908465552561506,1342.5799999990456,941.7323220631897
57630,30.908465552561506,1342.5999999990456,941.7360133797118
57631,30.908465552561506,1342.6199999990456,941.7397046325258
57632,30.908465552561506,1342.6399999990456,941.7433958216318
57633,30.908465552561506,1342.6599999990456,941.7470869470302
57634,30.869266346758412,1342.6799999990455,941.7507780087212
57635,30.869266346758412,1342.6999999990455,941.7544690067051
57636,30.869266346758412,1342.7199999990455,941.7581599409822
57637,30.869266346758412,1342.7399999990455,941.7618508115527
57638,30.869266346758412,1342.7599999990455,941.7655416184169
57639,30.869266346758412,1342.7799999990455,941.7692323615751
57640,30.869266346758412,1342.7999999990454,941.7729230410275
57641,30.869266346758412,1342.8199999990454,941.7766136567744
57642,30.869266346758412,1342.8399999990454,941.7803042088161
57643,30.869266346758412,1342.8599999990454,941.7839946971528
57644,30.869266346758412,1342.8799999990454,941.7876851217848
57645,30.869266346758412,1342.8999999990453,941.7913754827123
57646,30.869266346758412,1342.9199999990453,941.7950657799356
57647,30.869266346758412,1342.9399999990453,941.7987560134551
57648,30.869266346758412,1342.9599999990453,941.802446183271
57649,30.869266346758412,1342.9799999990453,941.8061362893834
57650,30.869266346758412,1342.9999999990453,941.8098263317928
57651,30.869266346758412,1343.0199999990452,941.8135163104994
57652,30.869266346758412,1343.0399999990452,941.8172062255034
57653,30.869266346758412,1343.0599999990452,941.8208960768178
57654,30.869266346758412,1343.0799999990452,941.8245858645141
57655,30.869266346758412,1343.0999999990452,941.828275588599
57656,30.869266346758412,1343.1199999990451,941.8319652490727
57657,30.869266346758412,1343.1399999990451,941.8356548459356
57658,30.869266346758412,1343.159999999045,941.8393443791878
57659,30.869266346758412,1343.179999999045,941.8430338488297
57660,30.869266346758412,1343.199999999045,941.8467232548616
57661,30.869266346758412,1343.219999999045,941.8504125972836
57662,30.869266346758412,1343.239999999045,941.8541018760961
57663,30.869266346758412,1343.259999999045,941.8577910912994
57664,30.869266346758412,1343.279999999045,941.8614802428937
57665,30.869266346758412,1343.299999999045,941.8651693308792
57666,30.869266346758412,1343.319999999045,941.8688583552563
57667,30.869266346758412,1343.339999999045,941.8725473160251
57668,30.869266346758412,1343.359999999045,941.8762362131861
57669,30.869266346758412,1343.379999999045,941.8799250467395
57670,30.869266346758412,1343.399999999045,941.8836138166854
57671,30.869266346758412,1343.4199999990449,941.8873025230242
57672,30.869266346758412,1343.4399999990449,941.8909911657562
57673,30.869266346758412,1343.4599999990448,941.8946797448816
57674,30.869266346758412,1343.4799999990448,941.8983682604007
57675,30.869266346758412,1343.4999999990448,941.9020567123139
57676,30.869266346758412,1343.5199999990448,941.9057451006213
57677,30.869266346758412,1343.5399999990448,941.9094334253232
57678,30.869266346758412,1343.5599999990447,941.9131216864198
57679,30.869266346758412,1343.5799999990447,941.9168098839115
57680,30.869266346758412,1343.5999999990447,941.9204980177984
57681,30.869266346758412,1343.6199999990447,941.924186088081
57682,30.869266346758412,1343.6399999990447,941.9278740947594
57683,30.869266346758412,1343.6599999990447,941.9315620378339
57684,30.869266346758412,1343.6799999990446,941.9352499173049
57685,30.869266346758412,1343.6999999990446,941.9389377331725
57686,30.869266346758412,1343.7199999990446,941.942625485437
57687,30.869266346758412,1343.7399999990446,941.9463131740988
57688,30.869266346758412,1343.7599999990446,941.950000799158
57689,30.869266346758412,1343.7799999990445,941.9536883606149
57690,30.869266346758412,1343.7999999990445,941.9573758584698
57691,30.869266346758412,1343.8199999990445,941.9610632927231
57692,30.869266346758412,1343.8399999990445,941.9647506633748
57693,30.869266346758412,1343.8599999990445,941.9684379704254
57694,30.869266346758412,1343.8799999990445,941.9721252138751
57695,30.869266346758412,1343.8999999990444,941.975812393724
57696,30.869266346758412,1343.9199999990444,941.9794995099726
57697,30.869266346758412,1343.9399999990444,941.9831865626211
57698,30.869266346758412,1343.9599999990444,941.9868735516698
57699,30.869266346758412,1343.9799999990444,941.9905604771188
57700,30.869266346758412,1343.9999999990443,941.9942473389686
57701,30.869266346758412,1344.0199999990443,941.9979341372193
57702,30.869266346758412,1344.0399999990443,942.0016208718713
57703,30.869266346758412,1344.0599999990443,942.0053075429247
57704,30.869266346758412,1344.0799999990443,942.0089941503994
57705,30.869266346758412,1344.0999999990443,942.0126806943676
57706,30.869266346758412,1344.1199999990442,942.0163671748355
57707,30.869266346758412,1344.1399999990442,942.0200535918034
57708,30.869266346758412,1344.1599999990442,942.0237399452715
57709,30.869266346758412,1344.1799999990442,942.02742623524
57710,30.869266346758412,1344.1999999990442,942.0311124617092
57711,30.869266346758412,1344.2199999990441,942.0347986246794
57712,30.869266346758412,1344.2399999990441,942.038484724151
57713,30.869266346758412,1344.259999999044,942.042170760124
57714,30.869266346758412,1344.279999999044,942.0458567325988
57715,30.869266346758412,1344.299999999044,942.0495426415758
57716,30.869266346758412,1344.319999999044,942.0532284870552
57717,30.869266346758412,1344.339999999044,942.0569142690372
57718,30.869266346758412,1344.359999999044,942.0605999875221
57719,30.869266346758412,1344.379999999044,942.0642856425102
57720,30.869266346758412,1344.399999999044,942.0679712340017
57721,30.869266346758412,1344.419999999044,942.0716567619969
57722,30.869266346758412,1344.439999999044,942.0753422264961
57723,30.869266346758412,1344.459999999044,942.0790276274995
57724,30.869266346758412,1344.479999999044,942.0827129650074
57725,30.869266346758412,1344.499999999044,942.0863982390201
57726,30.869266346758412,1344.5199999990439,942.0900834495379
57727,30.869266346758412,1344.5399999990439,942.0937685965611
57728,30.869266346758412,1344.5599999990438,942.0974536800898
57729,30.869266346758412,1344.5799999990438,942.1011387001244
57730,30.869266346758412,1344.5999999990438,942.1048236566651
57731,30.869266346758412,1344.6199999990438,942.1085085497123
57732,30.869266346758412,1344.6399999990438,942.1121933792662
57733,30.869266346758412,1344.6599999990437,942.115878145327
57734,30.869266346758412,1344.6799999990437,942.119562847895
57735,30.869266346758412,1344.6999999990437,942.1232474869706
57736,30.869266346758412,1344.7199999990437,942.1269320625539
57737,30.869266346758412,1344.7399999990437,942.1306165746453
57738,30.869266346758412,1344.7599999990437,942.1343010232449
57739,30.869266346758412,1344.7799999990436,942.1379854083532
57740,30.869266346758412,1344.7999999990436,942.1416697299703
57741,30.869266346758412,1344.8199999990436,942.1453539880965
57742,30.869266346758412,1344.8399999990436,942.1490381827322
57743,30.869266346758412,1344.8599999990436,942.1527223138775
57744,30.869266346758412,1344.8799999990435,942.1564063815326
57745,30.869266346758412,1344.8999999990435,942.160090385698
57746,30.869266346758412,1344.9199999990435,942.1637743263739
57747,30.869266346758412,1344.9399999990435,942.1674582035605
57748,30.869266346758412,1344.9599999990435,942.1711420172581
57749,30.869266346758412,1344.9799999990435,942.174825767467
57750,30.869266346758412,1344.9999999990434,942.1785094541875
57751,30.869266346758412,1345.0199999990434,942.1821930774198
57752,30.869266346758412,1345.0399999990434,942.1858766371641
57753,30.869266346758412,1345.0599999990434,942.1895601334209
57754,30.869266346758412,1345.0799999990434,942.1932435661902
57755,30.869266346758412,1345.0999999990433,942.1969269354977
57756,30.869266346758412,1345.1199999990433,942.2006102414111
57757,30.869266346758412,1345.1399999990433,942.2042934839354
57758,30.869266346758412,1345.1599999990433,942.2079766630709
57759,30.869266346758412,1345.1799999990433,942.2116597788178
57760,30.869266346758412,1345.1999999990433,942.2153428311763
57761,30.869266346758412,1345.2199999990432,942.2190258201467
57762,30.869266346758412,1345.2399999990432,942.2227087457294
57763,30.869266346758412,1345.2599999990432,942.2263916079246
57764,30.869266346758412,1345.2799999990432,942.2300744067326
57765,30.869266346758412,1345.2999999990432,942.2337571421536
57766,30.869266346758412,1345.3199999990431,942.237439814188
57767,30.869266346758412,1345.3399999990431,942.2411224228359
57768,30.869266346758412,1345.359999999043,942.2448049680977
57769,30.869266346758412,1345.379999999043,942.2484874499736
57770,30.869266346758412,1345.399999999043,942.252169868464
57771,30.869266346758412,1345.419999999043,942.2558522235689
57772,30.869266346758412,1345.439999999043,942.2595345152889
57773,30.869266346758412,1345.459999999043,942.2632167436241
57774,30.869266346758412,1345.479999999043,942.2668989085747
57775,30.869266346758412,1345.499999999043,942.2705810101411
57776,30.869266346758412,1345.519999999043,942.2742630483235
57777,30.869266346758412,1345.539999999043,942.2779450231222
57778,30.869266346758412,1345.559999999043,942.2816269345376
57779,30.869266346758412,1345.579999999043,942.2853087825698
57780,30.869266346758412,1345.599999999043,942.2889905672191
57781,30.869266346758412,1345.6199999990429,942.2926722884858
57782,30.869266346758412,1345.6399999990429,942.2963539463702
57783,30.869266346758412,1345.6599999990428,942.3000355408725
57784,30.869266346758412,1345.6799999990428,942.303717071993
57785,30.869266346758412,1345.6999999990428,942.3073985397319
57786,30.869266346758412,1345.7199999990428,942.3110799440897
57787,30.869266346758412,1345.7399999990428,942.3147612850664
57788,30.869266346758412,1345.7599999990427,942.3184425626625
57789,30.869266346758412,1345.7799999990427,942.3221237768781
57790,30.869266346758412,1345.7999999990427,942.3258049277136
57791,30.869266346758412,1345.8199999990427,942.3294860151692
57792,30.869266346758412,1345.8399999990427,942.3331670392452
57793,30.869266346758412,1345.8599999990427,942.3368479999418
57794,30.869266346758412,1345.8799999990426,942.3405288972593
57795,30.869266346758412,1345.8999999990426,942.344209731198
57796,30.869266346758412,1345.9199999990426,942.3478905017582
57797,30.869266346758412,1345.9399999990426,942.3515712089402
57798,30.869266346758412,1345.9599999990426,942.3552518527441
57799,30.869266346758412,1345.9799999990425,942.3589324331704
57800,30.869266346758412,1345.9999999990425,942.3626129502192
57801,30.869266346758412,1346.0199999990425,942.3662934038908
57802,30.869266346758412,1346.0399999990425,942.3699737941855
57803,30.869266346758412,1346.0599999990425,942.3736541211036
57804,30.869266346758412,1346.0799999990425,942.3773343846453
57805,30.869266346758412,1346.0999999990424,942.3810145848109
57806,30.869266346758412,1346.1199999990424,942.3846947216318
57807,30.869266346758412,1346.1399999990424,942.3883747951711
57808,30.869266346758412,1346.1599999990424,942.3920548054326
57809,30.869266346758412,1346.1799999990424,942.3957347524166
57810,30.869266346758412,1346.1999999990423,942.3994146361234
57811,30.869266346758412,1346.2199999990423,942.4030944565533
57812,30.869266346758412,1346.2399999990423,942.4067742137064
57813,30.869266346758412,1346.2599999990423,942.4104539075831
57814,30.869266346758412,1346.2799999990423,942.4141335381837
57815,30.869266346758412,1346.2999999990423,942.4178131055085
57816,30.869266346758412,1346.3199999990422,942.4214926095576
57817,30.869266346758412,1346.3399999990422,942.4251720503314
57818,30.869266346758412,1346.3599999990422,942.4288514278302
57819,30.869266346758412,1346.3799999990422,942.4325307420542
57820,30.869266346758412,1346.3999999990422,942.4362099930037
57821,30.869266346758412,1346.4199999990421,942.439889180679
57822,30.869266346758412,1346.4399999990421,942.4435683050802
57823,30.869266346758412,1346.459999999042,942.4472473662079
57824,30.869266346758412,1346.479999999042,942.4509263640622
57825,30.869266346758412,1346.499999999042,942.4546052986433
57826,30.869266346758412,1346.519999999042,942.4582841699515
57827,30.869266346758412,1346.539999999042,942.4619629779872
57828,30.869266346758412,1346.559999999042,942.4656417227507
57829,30.869266346758412,1346.579999999042,942.469320404242
57830,30.869266346758412,1346.599999999042,942.4729990224616
57831,30.869266346758412,1346.619999999042,942.4766775774098
57832,30.869266346758412,1346.639999999042,942.4803560690866
57833,30.869266346758412,1346.659999999042,942.4840344974925
57834,30.869266346758412,1346.679999999042,942.4877128626277
57835,30.869266346758412,1346.699999999042,942.4913911644926
57836,30.869266346758412,1346.7199999990419,942.4950694030873
57837,30.869266346758412,1346.7399999990419,942.4987475784122
57838,30.869266346758412,1346.7599999990418,942.5024256904676
57839,30.869266346758412,1346.7799999990418,942.5061037392536
57840,30.869266346758412,1346.7999999990418,942.5097817247706
57841,30.869266346758412,1346.8199999990418,942.5134596470189
57842,30.869266346758412,1346.8399999990418,942.5171375059986
57843,30.869266346758412,1346.8599999990417,942.5208153017101
57844,30.869266346758412,1346.8799999990417,942.5244930341537
57845,30.869266346758412,1346.8999999990417,942.5281707033296
57846,30.869266346758412,1346.9199999990417,942.5318483092381
57847,30.869266346758412,1346.9399999990417,942.5355258518795
57848,30.869266346758412,1346.9599999990417,942.539203331254
57849,30.869266346758412,1346.9799999990416,942.542880747362
57850,30.869266346758412,1346.9999999990416,942.5465581002037
57851,30.869266346758412,1347.0199999990416,942.5502353897793
57852,30.869266346758412,1347.0399999990416,942.5539126160892
57853,30.869266346758412,1347.0599999990416,942.5575897791335
57854,30.869266346758412,1347.0799999990415,942.5612668789128
57855,30.869266346758412,1347.0999999990415,942.564943915427
57856,30.869266346758412,1347.1199999990415,942.5686208886766
57857,30.869266346758412,1347.1399999990415,942.5722977986986
57858,30.869266346758412,1347.1599999990415,942.5759746455517
57859,30.869266346758412,1347.1799999990415,942.5796514292384
57860,30.869266346758412,1347.1999999990414,942.5833281497592
57861,30.869266346758412,1347.2199999990414,942.5870048071142
57862,30.869266346758412,1347.2399999990414,942.5906814013039
57863,30.869266346758412,1347.2599999990414,942.5943579323283
57864,30.869266346758412,1347.2799999990414,942.5980344001878
57865,30.869266346758412,1347.2999999990413,942.6017108048826
57866,30.869266346758412,1347.3199999990413,942.6053871464131
57867,30.869266346758412,1347.3399999990413,942.6090634247796
57868,30.869266346758412,1347.3599999990413,942.6127396399822
57869,30.869266346758412,1347.3799999990413,942.6164157920214
57870,30.869266346758412,1347.3999999990413,942.6200918808972
57871,30.869266346758412,1347.4199999990412,942.62376790661
57872,30.869266346758412,1347.4399999990412,942.6274438691602
57873,30.869266346758412,1347.4599999990412,942.6311197685479
57874,30.869266346758412,1347.4799999990412,942.6347956047736
57875,30.869266346758412,1347.4999999990412,942.6384713778373
57876,30.869266346758412,1347.5199999990411,942.6421470877393
57877,30.869266346758412,1347.5399999990411,942.64582273448
57878,30.869266346758412,1347.559999999041,942.6494983180597
57879,30.869266346758412,1347.579999999041,942.6531738384787
57880,30.869266346758412,1347.599999999041,942.6568492957371
57881,30.869266346758412,1347.619999999041,942.6605246898353
57882,30.869266346758412,1347.639999999041,942.6642000207735
57883,30.869266346758412,1347.659999999041,942.667875288552
57884,30.869266346758412,1347.679999999041,942.671550493171
57885,30.869266346758412,1347.699999999041,942.675225634631
57886,30.869266346758412,1347.719999999041,942.6789007129321
57887,30.869266346758412,1347.739999999041,942.6825757280747
57888,30.869266346758412,1347.759999999041,942.6862506800588
57889,30.869266346758412,1347.779999999041,942.689925568885
57890,30.869266346758412,1347.799999999041,942.6936003945534
57891,30.869266346758412,1347.8199999990409,942.6972751570643
57892,30.869266346758412,1347.8399999990409,942.700949856418
57893,30.869266346758412,1347.8599999990408,942.7046244926147
57894,30.869266346758412,1347.8799999990408,942.7082990656547
57895,30.869266346758412,1347.8999999990408,942.7119735755384
57896,30.869266346758412,1347.9199999990408,942.715648022266
57897,30.869266346758412,1347.9399999990408,942.7193224058377
57898,30.869266346758412,1347.9599999990407,942.7229967262539
57899,30.869266346758412,1347.9799999990407,942.7266709835147
57900,30.869266346758412,1347.9999999990407,942.7303451776205
57901,30.869266346758412,1348.0199999990407,942.7340193085715
57902,30.869266346758412,1348.0399999990407,942.7376933763682
57903,30.869266346758412,1348.0599999990407,942.7413673810106
57904,30.869266346758412,1348.0799999990406,942.7450413224991
57905,30.869266346758412,1348.0999999990406,942.7487152008339
57906,30.869266346758412,1348.1199999990406,942.7523890160153
57907,30.869266346758412,1348.1399999990406,942.7560627680436
57908,30.869266346758412,1348.1599999990406,942.7597364569644
57909,30.869266346758412,1348.1799999990405,942.7634100828351
57910,30.869266346758412,1348.1999999990405,942.7670836456572
57911,30.869266346758412,1348.2199999990405,942.7707571454309
57912,30.869266346758412,1348.2399999990405,942.7744305821567
57913,30.869266346758412,1348.2599999990405,942.7781039558347
57914,30.869266346758412,1348.2799999990405,942.7817772664653
57915,30.869266346758412,1348.2999999990404,942.7854505140486
57916,30.869266346758412,1348.3199999990404,942.7891236985852
57917,30.869266346758412,1348.3399999990404,942.7927968200751
57918,30.869266346758412,1348.3599999990404,942.7964698785186
57919,30.869266346758412,1348.3799999990404,942.800142873916
57920,30.830149927315986,1348.3999999990403,942.8038158062676
57921,30.830149927315986,1348.4199999990403,942.8074886755737
57922,30.830149927315986,1348.4399999990403,942.8111614818346
57923,30.830149927315986,1348.4599999990403,942.8148342250505
57924,30.830149927315986,1348.4799999990403,942.8185069052217
57925,30.830149927315986,1348.4999999990403,942.8221795223486
57926,30.830149927315986,1348.5199999990402,942.8258520764313
57927,30.830149927315986,1348.5399999990402,942.8295245674701
57928,30.830149927315986,1348.5599999990402,942.8331969954654
57929,30.830149927315986,1348.5799999990402,942.8368693604174
57930,30.830149927315986,1348.5999999990402,942.8405416623262
57931,30.830149927315986,1348.6199999990401,942.8442139011925
57932,30.830149927315986,1348.6399999990401,942.8478860770161
57933,30.830149927315986,1348.65999999904,942.8515581897976
57934,30.830149927315986,1348.67999999904,942.8552302395371
57935,30.830149927315986,1348.69999999904,942.858902226235
57936,30.830149927315986,1348.71999999904,942.8625741498915
57937,30.830149927315986,1348.73999999904,942.866246010507
57938,30.830149927315986,1348.75999999904,942.8699178080816
57939,30.830149927315986,1348.77999999904,942.8735895426157
57940,30.830149927315986,1348.79999999904,942.8772612141096
57941,30.830149927315986,1348.81999999904,942.8809328225634
57942,30.830149927315986,1348.83999999904,942.8846043679775
57943,30.830149927315986,1348.85999999904,942.8882758503522
57944,30.830149927315986,1348.87999999904,942.8919472696878
57945,30.830149927315986,1348.89999999904,942.8956186259844
57946,30.830149927315986,1348.9199999990399,942.8992899192424
57947,30.830149927315986,1348.9399999990399,942.902961149462
57948,30.830149927315986,1348.9599999990398,942.9066323166437
57949,30.830149927315986,1348.9799999990398,942.9103034207875
57950,30.830149927315986,1348.9999999990398,942.9139744618939
57951,30.830149927315986,1349.0199999990398,942.9176454399629
57952,30.830149927315986,1349.0399999990398,942.921316354995
57953,30.830149927315986,1349.0599999990397,942.9249872069905
57954,30.830149927315986,1349.0799999990397,942.9286579959496
57955,30.830149927315986,1349.0999999990397,942.9323287218725
57956,30.830149927315986,1349.1199999990397,942.9359993847596
57957,30.830149927315986,1349.1399999990397,942.9396699846111
57958,30.830149927315986,1349.1599999990397,942.9433405214273
57959,30.830149927315986,1349.1799999990396,942.947010995253
57960,30.830149927315986,1349.1999999990396,942.9506814061334
57961,30.830149927315986,1349.2199999990396,942.9543517540691
57962,30.830149927315986,1349.2399999990396,942.9580220390603
57963,30.830149927315986,1349.2599999990396,942.9616922611074
57964,30.830149927315986,1349.2799999990395,942.9653624202105
57965,30.830149927315986,1349.2999999990395,942.9690325163699
57966,30.830149927315986,1349.3199999990395,942.972702549586
57967,30.830149927315986,1349.3399999990395,942.976372519859
57968,30.830149927315986,1349.3599999990395,942.9800424271891
57969,30.830149927315986,1349.3799999990395,942.9837122715767
57970,30.830149927315986,1349.3999999990394,942.987382053022
57971,30.830149927315986,1349.4199999990394,942.9910517715253
57972,30.830149927315986,1349.4399999990394,942.994721427087
57973,30.830149927315986,1349.4599999990394,942.9983910197072
57974,30.830149927315986,1349.4799999990394,943.0020605493863
57975,30.830149927315986,1349.4999999990393,943.0057300161245
57976,30.830149927315986,1349.5199999990393,943.0093994199221
57977,30.830149927315986,1349.5399999990393,943.0130687607794
57978,30.830149927315986,1349.5599999990393,943.0167380386966
57979,30.830149927315986,1349.5799999990393,943.0204072536741
57980,30.830149927315986,1349.5999999990393,943.024076405712
57981,30.830149927315986,1349.6199999990392,943.0277454948107
57982,30.830149927315986,1349.6399999990392,943.0314145209704
57983,30.830149927315986,1349.6599999990392,943.0350834841915
57984,30.830149927315986,1349.6799999990392,943.0387523844743
57985,30.830149927315986,1349.6999999990392,943.0424212218189
57986,30.830149927315986,1349.7199999990391,943.0460899962258
57987,30.830149927315986,1349.7399999990391,943.049758707695
57988,30.830149927315986,1349.759999999039,943.053427356227
57989,30.830149927315986,1349.779999999039,943.057095941822
57990,30.830149927315986,1349.799999999039,943.0607644644803
57991,30.830149927315986,1349.819999999039,943.0644329242022
57992,30.830149927315986,1349.839999999039,943.0681013209878
57993,30.830149927315986,1349.859999999039,943.0717696548376
57994,30.830149927315986,1349.879999999039,943.0754379257518
57995,30.830149927315986,1349.899999999039,943.0791061337306
57996,30.830149927315986,1349.919999999039,943.0827742787744
57997,30.830149927315986,1349.939999999039,943.0864423608834
57998,30.830149927315986,1349.959999999039,943.0901103800579
57999,30.830149927315986,1349.979999999039,943.0937783362982
58000,30.830149927315986,1349.999999999039,943.0974462296045
58001,30.830149927315986,1350.0199999990389,943.1011140599772
58002,30.830149927315986,1350.0399999990389,943.1047818274166
58003,30.830149927315986,1350.0599999990388,943.1084495319227
58004,30.830149927315986,1350.0799999990388,943.112117173496
58005,30.830149927315986,1350.0999999990388,943.1157847521367
58006,30.830149927315986,1350.1199999990388,943.1194522678452
58007,30.830149927315986,1350.1399999990388,943.1231197206216
58008,30.830149927315986,1350.1599999990387,943.1267871104664
58009,30.830149927315986,1350.1799999990387,943.1304544373806
58010,30.830149927315986,1350.1999999990387,943.1341217014174
58011,30.830149927315986,1350.2199999990387,943.1377889026197
58012,30.830149927315986,1350.2399999990387,943.1414560409881
58013,30.830149927315986,1350.2599999990387,943.1451231165228
58014,30.830149927315986,1350.2799999990386,943.1487901292239
58015,30.830149927315986,1350.2999999990386,943.152457079092
58016,30.830149927315986,1350.3199999990386,943.1561239661271
58017,30.830149927315986,1350.3399999990386,943.1597907903296
58018,30.830149927315986,1350.3599999990386,943.1634575516997
58019,30.830149927315986,1350.3799999990385,943.1671242502377
58020,30.830149927315986,1350.3999999990385,943.170790885944
58021,30.830149927315986,1350.4199999990385,943.1744574588188
58022,30.830149927315986,1350.4399999990385,943.1781239688623
58023,30.830149927315986,1350.4599999990385,943.1817904160749
58024,30.830149927315986,1350.4799999990385,943.1854568004569
58025,30.830149927315986,1350.4999999990384,943.1891231220085
58026,30.830149927315986,1350.5199999990384,943.1927893807299
58027,30.830149927315986,1350.5399999990384,943.1964555766215
58028,30.830149927315986,1350.5599999990384,943.2001217096836
58029,30.830149927315986,1350.5799999990384,943.2037877799163
58030,30.830149927315986,1350.5999999990383,943.2074537873201
58031,30.830149927315986,1350.6199999990383,943.2111197318951
58032,30.830149927315986,1350.6399999990383,943.2147856136418
58033,30.830149927315986,1350.6599999990383,943.2184514325602
58034,30.830149927315986,1350.6799999990383,943.2221171886507
58035,30.830149927315986,1350.6999999990383,943.2257828819137
58036,30.830149927315986,1350.7199999990382,943.2294485123493
58037,30.830149927315986,1350.7399999990382,943.2331140799579
58038,30.830149927315986,1350.7599999990382,943.2367795847397
58039,30.830149927315986,1350.7799999990382,943.2404450266949
58040,30.830149927315986,1350.7999999990382,943.244110405824
58041,30.830149927315986,1350.8199999990381,943.2477757221271
58042,30.830149927315986,1350.8399999990381,943.2514409756046
58043,30.830149927315986,1350.859999999038,943.2551061662567
58044,30.830149927315986,1350.879999999038,943.2587712940838
58045,30.830149927315986,1350.899999999038,943.262436359086
58046,30.830149927315986,1350.919999999038,943.2661013612636
58047,30.830149927315986,1350.939999999038,943.269766300617
58048,30.830149927315986,1350.959999999038,943.2734311771463
58049,30.830149927315986,1350.979999999038,943.277095990852
58050,30.830149927315986,1350.999999999038,943.2807607417342
58051,30.830149927315986,1351.019999999038,943.2844254297933
58052,30.830149927315986,1351.039999999038,943.2880900550294
58053,30.830149927315986,1351.059999999038,943.2917546174431
58054,30.830149927315986,1351.079999999038,943.2954191170344
58055,30.830149927315986,1351.099999999038,943.2990835538036
58056,30.830149927315986,1351.1199999990379,943.302747927751
58057,30.830149927315986,1351.1399999990379,943.306412238877
58058,30.830149927315986,1351.1599999990378,943.3100764871817
58059,30.830149927315986,1351.1799999990378,943.3137406726655
58060,30.830149927315986,1351.1999999990378,943.3174047953308
58061,30.830149927315986,1351.2199999990378,943.3210688552351
58062,30.830149927315986,1351.2399999990378,943.3247328524161
58063,30.830149927315986,1351.2599999990377,943.328396786874
58064,30.830149927315986,1351.2799999990377,943.3320606586091
58065,30.830149927315986,1351.2999999990377,943.3357244676216
58066,30.830149927315986,1351.3199999990377,943.3393882139119
58067,30.830149927315986,1351.3399999990377,943.3430518974802
58068,30.830149927315986,1351.3599999990377,943.3467155183268
58069,30.830149927315986,1351.3799999990376,943.3503790764521
58070,30.830149927315986,1351.3999999990376,943.3540425718562
58071,30.830149927315986,1351.4199999990376,943.3577060045395
58072,30.830149927315986,1351.4399999990376,943.3613693745023
58073,30.830149927315986,1351.4599999990376,943.3650326817448
58074,30.830149927315986,1351.4799999990375,943.3686959262673
58075,30.830149927315986,1351.4999999990375,943.37235910807
58076,30.830149927315986,1351.5199999990375,943.3760222271533
58077,30.830149927315986,1351.5399999990375,943.3796852835175
58078,30.830149927315986,1351.5599999990375,943.3833482771627
58079,30.830149927315986,1351.5799999990375,943.3870112080893
58080,30.830149927315986,1351.5999999990374,943.3906740762976
58081,30.830149927315986,1351.6199999990374,943.3943368817879
58082,30.830149927315986,1351.6399999990374,943.3979996245604
58083,30.830149927315986,1351.6599999990374,943.4016623046155
58084,30.830149927315986,1351.6799999990374,943.4053249219533
58085,30.830149927315986,1351.6999999990373,943.4089874765741
58086,30.830149927315986,1351.7199999990373,943.4126499684784
58087,30.830149927315986,1351.7399999990373,943.4163123976663
58088,30.830149927315986,1351.7599999990373,943.419974764138
58089,30.830149927315986,1351.7799999990373,943.423637067894
58090,30.830149927315986,1351.7999999990373,943.4272993089344
58091,30.830149927315986,1351.8199999990372,943.4309614872595
58092,30.830149927315986,1351.8399999990372,943.4346236028697
58093,30.830149927315986,1351.8599999990372,943.4382856557652
58094,30.830149927315986,1351.8799999990372,943.4419476459462
58095,30.830149927315986,1351.8999999990372,943.4456095734132
58096,30.830149927315986,1351.9199999990371,943.4492714381663
58097,30.830149927315986,1351.9399999990371,943.4529332402058
58098,30.830149927315986,1351.959999999037,943.4565949795319
58099,30.830149927315986,1351.979999999037,943.4602566561451
58100,30.830149927315986,1351.999999999037,943.4639182700456
58101,30.830149927315986,1352.019999999037,943.4675798212336
58102,30.830149927315986,1352.039999999037,943.4712413097094
58103,30.830149927315986,1352.059999999037,943.4749027354733
58104,30.830149927315986,1352.079999999037,943.4785640985256
58105,30.830149927315986,1352.099999999037,943.4822253988665
58106,30.830149927315986,1352.119999999037,943.4858866364964
58107,30.830149927315986,1352.139999999037,943.4895478114155
58108,30.830149927315986,1352.159999999037,943.493208923624
58109,30.830149927315986,1352.179999999037,943.4968699731223
58110,30.830149927315986,1352.199999999037,943.5005309599107
58111,30.830149927315986,1352.2199999990369,943.5041918839928
58112,30.830149927315986,1352.2399999990369,943.5078527454306
58113,30.830149927315986,1352.2599999990368,943.5115135442561
58114,30.830149927315986,1352.2799999990368,943.5151742804696
58115,30.830149927315986,1352.2999999990368,943.5188349540715
58116,30.830149927315986,1352.3199999990368,943.522495565062
58117,30.830149927315986,1352.3399999990368,943.5261561134413
58118,30.830149927315986,1352.3599999990367,943.5298165992098
58119,30.830149927315986,1352.3799999990367,943.5334770223677
58120,30.830149927315986,1352.3999999990367,943.5371373829154
58121,30.830149927315986,1352.4199999990367,943.540797680853
58122,30.830149927315986,1352.4399999990367,943.5444579161809
58123,30.830149927315986,1352.4599999990367,943.5481180888994
58124,30.830149927315986,1352.4799999990366,943.5517781990087
58125,30.830149927315986,1352.4999999990366,943.5554382465092
58126,30.830149927315986,1352.5199999990366,943.559098231401
58127,30.830149927315986,1352.5399999990366,943.5627581536845
58128,30.830149927315986,1352.5599999990366,943.56641801336
58129,30.830149927315986,1352.5799999990365,943.5700778104277
58130,30.830149927315986,1352.5999999990365,943.573737544888
58131,30.830149927315986,1352.6199999990365,943.577397216741
58132,30.830149927315986,1352.6399999990365,943.5810568259872
58133,30.830149927315986,1352.6599999990365,943.5847163726266
58134,30.830149927315986,1352.6799999990365,943.5883758566598
58135,30.830149927315986,1352.6999999990364,943.5920352780869
58136,30.830149927315986,1352.7199999990364,943.5956946369081
58137,30.830149927315986,1352.7399999990364,943.5993539331238
58138,30.830149927315986,1352.7599999990364,943.6030131667343
58139,30.830149927315986,1352.7799999990364,943.6066723377398
58140,30.830149927315986,1352.7999999990363,943.6103314461407
58141,30.830149927315986,1352.8199999990363,943.6139904919371
58142,30.830149927315986,1352.8399999990363,943.6176494751294
58143,30.830149927315986,1352.8599999990363,943.6213083957178
58144,30.830149927315986,1352.8799999990363,943.6249672537028
58145,30.830149927315986,1352.8999999990363,943.6286260490845
58146,30.830149927315986,1352.9199999990362,943.6322847818632
58147,30.830149927315986,1352.9399999990362,943.6359434520391
58148,30.830149927315986,1352.9599999990362,943.6396020596126
58149,30.830149927315986,1352.9799999990362,943.6432606045839
58150,30.830149927315986,1352.9999999990362,943.6469190869534
58151,30.830149927315986,1353.0199999990361,943.6505775067213
58152,30.830149927315986,1353.0399999990361,943.654235863888
58153,30.830149927315986,1353.059999999036,943.6578941584535
58154,30.830149927315986,1353.079999999036,943.6615523904183
58155,30.830149927315986,1353.099999999036,943.6652105597825
58156,30.830149927315986,1353.119999999036,943.6688686665466
58157,30.830149927315986,1353.139999999036,943.6725267107107
58158,30.830149927315986,1353.159999999036,943.6761846922752
58159,30.830149927315986,1353.179999999036,943.6798426112404
58160,30.830149927315986,1353.199999999036,943.6835004676065
58161,30.830149927315986,1353.219999999036,943.6871582613737
58162,30.830149927315986,1353.239999999036,943.6908159925473
58163,30.830149927315986,1353.259999999036,943.6944736611982
58164,30.830149927315986,1353.279999999036,943.6981312673546
58165,30.830149927315986,1353.299999999036,943.7017888110166
58166,30.830149927315986,1353.3199999990359,943.7054462921847
58167,30.830149927315986,1353.3399999990359,943.7091037108589
58168,30.830149927315986,1353.3599999990358,943.7127610670398
58169,30.830149927315986,1353.3799999990358,943.7164183607274
58170,30.830149927315986,1353.3999999990358,943.7200755919222
58171,30.830149927315986,1353.4199999990358,943.7237327606243
58172,30.830149927315986,1353.4399999990358,943.7273898668342
58173,30.830149927315986,1353.4599999990357,943.731046910552
58174,30.830149927315986,1353.4799999990357,943.7347038917779
58175,30.830149927315986,1353.4999999990357,943.7383608105124
58176,30.830149927315986,1353.5199999990357,943.7420176667557
58177,30.830149927315986,1353.5399999990357,943.7456744605081
58178,30.830149927315986,1353.5599999990357,943.7493311917698
58179,30.830149927315986,1353.5799999990356,943.7529878605411
58180,30.830149927315986,1353.5999999990356,943.7566444668223
58181,30.830149927315986,1353.6199999990356,943.7603010106137
58182,30.830149927315986,1353.6399999990356,943.7639574919156
58183,30.830149927315986,1353.6599999990356,943.7676139107282
58184,30.830149927315986,1353.6799999990355,943.7712702670518
58185,30.830149927315986,1353.6999999990355,943.7749265608868
58186,30.830149927315986,1353.7199999990355,943.7785827922334
58187,30.830149927315986,1353.7399999990355,943.7822389610918
58188,30.830149927315986,1353.7599999990355,943.7858950674624
58189,30.830149927315986,1353.7799999990355,943.7895511113454
58190,30.830149927315986,1353.7999999990354,943.7932070927411
58191,30.830149927315986,1353.8199999990354,943.7968630116497
58192,30.830149927315986,1353.8399999990354,943.8005188680717
58193,30.830149927315986,1353.8599999990354,943.8041746620072
58194,30.830149927315986,1353.8799999990354,943.8078303934566
58195,30.830149927315986,1353.8999999990353,943.81148606242
58196,30.830149927315986,1353.9199999990353,943.8151416688979
58197,30.830149927315986,1353.9399999990353,943.8187972128904
58198,30.830149927315986,1353.9599999990353,943.8224526943978
58199,30.830149927315986,1353.9799999990353,943.8261081134206
58200,30.830149927315986,1353.9999999990353,943.8297634699587
58201,30.830149927315986,1354.0199999990352,943.8334187640127
58202,30.830149927315986,1354.0399999990352,943.8370739955827
58203,30.830149927315986,1354.0599999990352,943.8407291646691
58204,30.830149927315986,1354.0799999990352,943.8443842712721
58205,30.830149927315986,1354.0999999990352,943.848039315392
58206,30.7911160496651,1354.1199999990351,943.8516942970291
58207,30.7911160496651,1354.1399999990351,943.8553492161836
58208,30.7911160496651,1354.159999999035,943.859004072856
58209,30.7911160496651,1354.179999999035,943.8626588670463
58210,30.7911160496651,1354.199999999035,943.866313598755
58211,30.7911160496651,1354.219999999035,943.8699682679822
58212,30.7911160496651,1354.239999999035,943.8736228747283
58213,30.7911160496651,1354.259999999035,943.8772774189989
58214,30.7911160496651,1354.279999999035,943.880931900861
58215,30.7911160496651,1354.299999999035,943.8845863203342
58216,30.7911160496651,1354.319999999035,943.8882406774187
58217,30.7911160496651,1354.339999999035,943.8918949721149
58218,30.7911160496651,1354.359999999035,943.8955492044229
58219,30.7911160496651,1354.379999999035,943.8992033743431
58220,30.7911160496651,1354.399999999035,943.9028574818758
58221,30.7911160496651,1354.4199999990349,943.9065115270213
58222,30.7911160496651,1354.4399999990349,943.9101655097797
58223,30.7911160496651,1354.4599999990348,943.9138194301515
58224,30.7911160496651,1354.4799999990348,943.9174732881369
58225,30.7911160496651,1354.4999999990348,943.9211270837361
58226,30.7911160496651,1354.5199999990348,943.9247808169495
58227,30.7911160496651,1354.5399999990348,943.9284344877773
58228,30.7911160496651,1354.5599999990347,943.9320880962198
58229,30.7911160496651,1354.5799999990347,943.9357416422773
58230,30.7911160496651,1354.5999999990347,943.9393951259501
58231,30.7911160496651,1354.6199999990347,943.9430485472385
58232,30.7911160496651,1354.6399999990347,943.9467019061427
58233,30.7911160496651,1354.6599999990347,943.9503552026631
58234,30.7911160496651,1354.6799999990346,943.9540084367999
58235,30.7911160496651,1354.6999999990346,943.9576616085534
58236,30.7911160496651,1354.7199999990346,943.9613147179239
58237,30.7911160496651,1354.7399999990346,943.9649677649115
58238,30.7911160496651,1354.7599999990346,943.9686207495167
58239,30.7911160496651,1354.7799999990345,943.9722736717398
58240,30.7911160496651,1354.7999999990345,943.975926531581
58241,30.7911160496651,1354.8199999990345,943.9795793290405
58242,30.7911160496651,1354.8399999990345,943.9832320641186
58243,30.7911160496651,1354.8599999990345,943.9868847368158
58244,30.7911160496651,1354.8799999990345,943.9905373471322
58245,30.7911160496651,1354.8999999990344,943.9941898950681
58246,30.7911160496651,1354.9199999990344,943.9978423806238
58247,30.7911160496651,1354.9399999990344,944.0014948037995
58248,30.7911160496651,1354.9599999990344,944.0051471645955
58249,30.7911160496651,1354.9799999990344,944.0087994630122
58250,30.7911160496651,1354.9999999990343,944.0124516990498
58251,30.7911160496651,1355.0199999990343,944.0161038727086
58252,30.7911160496651,1355.0399999990343,944.019755983989
58253,30.7911160496651,1355.0599999990343,944.023408032891
58254,30.7911160496651,1355.0799999990343,944.0270600194151
58255,30.7911160496651,1355.0999999990343,944.0307119435615
58256,30.7911160496651,1355.1199999990342,944.0343638053306
58257,30.7911160496651,1355.1399999990342,944.0380156047225
58258,30.7911160496651,1355.1599999990342,944.0416673417376
58259,30.7911160496651,1355.1799999990342,944.0453190163762
58260,30.7911160496651,1355.1999999990342,944.0489706286385
58261,30.7911160496651,1355.2199999990341,944.0526221785248
58262,30.7911160496651,1355.2399999990341,944.0562736660354
58263,30.7911160496651,1355.259999999034,944.0599250911706
58264,30.7911160496651,1355.279999999034,944.0635764539372
58265,30.7911160496651,1355.299999999034,944.0672277544099
58266,30.7911160496651,1355.319999999034,944.0708789926033
58267,30.7911160496651,1355.339999999034,944.0745301685175
58268,30.7911160496651,1355.359999999034,944.0781812821531
58269,30.7911160496651,1355.379999999034,944.0818323335101
58270,30.7911160496651,1355.399999999034,944.0854833225889
58271,30.7911160496651,1355.419999999034,944.0891342493898
58272,30.7911160496651,1355.439999999034,944.092785113913
58273,30.7911160496651,1355.459999999034,944.0964359161588
58274,30.7911160496651,1355.479999999034,944.1000866561276
58275,30.7911160496651,1355.499999999034,944.1037373338196
58276,30.7911160496651,1355.5199999990339,944.1073879492351
58277,30.7911160496651,1355.5399999990339,944.1110385023743
58278,30.7911160496651,1355.5599999990338,944.1146889932376
58279,30.7911160496651,1355.5799999990338,944.1183394218251
58280,30.7911160496651,1355.5999999990338,944.1219897881373
58281,30.7911160496651,1355.6199999990338,944.1256400921743
58282,30.7911160496651,1355.6399999990338,944.1292903339365
58283,30.7911160496651,1355.6599999990337,944.1329405134242
58284,30.7911160496651,1355.6799999990337,944.1365906306376
58285,30.7911160496651,1355.6999999990337,944.1402406855769
58286,30.7911160496651,1355.7199999990337,944.1438906782427
58287,30.7911160496651,1355.7399999990337,944.1475406086349
58288,30.7911160496651,1355.7599999990337,944.1511904767541
58289,30.7911160496651,1355.7799999990336,944.1548402826004
58290,30.7911160496651,1355.7999999990336,944.1584900261741
58291,30.7911160496651,1355.8199999990336,944.1621397074756
58292,30.7911160496651,1355.8399999990336,944.165789326505
58293,30.7911160496651,1355.8599999990336,944.1694388832627
58294,30.7911160496651,1355.8799999990335,944.173088377749
58295,30.7911160496651,1355.8999999990335,944.176737809964
58296,30.7911160496651,1355.9199999990335,944.1803871799083
58297,30.7911160496651,1355.9399999990335,944.1840364875819
58298,30.7911160496651,1355.9599999990335,944.1876857329852
58299,30.7911160496651,1355.9799999990335,944.1913349161184
58300,30.7911160496651,1355.9999999990334,944.1949840369819
58301,30.7911160496651,1356.0199999990334,944.1986330955758
58302,30.7911160496651,1356.0399999990334,944.2022820919005
58303,30.7911160496651,1356.0599999990334,944.2059310259564
58304,30.7911160496651,1356.0799999990334,944.2095798977437
58305,30.7911160496651,1356.0999999990333,944.2132287072625
58306,30.7911160496651,1356.1199999990333,944.2168774545133
58307,30.7911160496651,1356.1399999990333,944.2205261394963
58308,30.7911160496651,1356.1599999990333,944.2241747622118
58309,30.7911160496651,1356.1799999990333,944.22782332266
58310,30.7911160496651,1356.1999999990333,944.2314718208413
58311,30.7911160496651,1356.2199999990332,944.235120256756
58312,30.7911160496651,1356.2399999990332,944.2387686304043
58313,30.7911160496651,1356.2599999990332,944.2424169417865
58314,30.7911160496651,1356.2799999990332,944.2460651909029
58315,30.7911160496651,1356.2999999990332,944.2497133777615
58316,30.7911160496651,1356.3199999990331,944.2533615024417
58317,30.7911160496651,1356.3399999990331,944.2570095649527
58318,30.7911160496651,1356.359999999033,944.2606575652947
58319,30.7911160496651,1356.379999999033,944.2643055034679
58320,30.7911160496651,1356.399999999033,944.2679533794727
58321,30.7911160496651,1356.419999999033,944.2716011933094
58322,30.7911160496651,1356.439999999033,944.2752489449782
58323,30.7911160496651,1356.459999999033,944.2788966344795
58324,30.7911160496651,1356.479999999033,944.2825442618134
58325,30.7911160496651,1356.499999999033,944.2861918269804
58326,30.7911160496651,1356.519999999033,944.2898393299806
58327,30.7911160496651,1356.539999999033,944.2934867708144
58328,30.7911160496651,1356.559999999033,944.297134149482
58329,30.7911160496651,1356.579999999033,944.3007814659836
58330,30.7911160496651,1356.599999999033,944.3044287203197
58331,30.7911160496651,1356.6199999990329,944.3080759124905
58332,30.7911160496651,1356.6399999990329,944.3117230424963
58333,30.7911160496651,1356.6599999990328,944.3153701103373
58334,30.7911160496651,1356.6799999990328,944.3190171160138
58335,30.7911160496651,1356.6999999990328,944.3226640595261
58336,30.7911160496651,1356.7199999990328,944.3263109408746
58337,30.7911160496651,1356.7399999990328,944.3299577600594
58338,30.7911160496651,1356.7599999990327,944.3336045170809
58339,30.7911160496651,1356.7799999990327,944.3372512119392
58340,30.7911160496651,1356.7999999990327,944.3408978446349
58341,30.7911160496651,1356.8199999990327,944.3445444151681
58342,30.7911160496651,1356.8399999990327,944.348190923539
58343,30.7911160496651,1356.8599999990327,944.3518373697481
58344,30.7911160496651,1356.8799999990326,944.3554837537954
58345,30.7911160496651,1356.8999999990326,944.3591300756814
58346,30.7911160496651,1356.9199999990326,944.3627763354064
58347,30.7911160496651,1356.9399999990326,944.3664225329704
58348,30.7911160496651,1356.9599999990326,944.3700686683741
58349,30.7911160496651,1356.9799999990325,944.3737147416175
58350,30.7911160496651,1356.9999999990325,944.377360752701
58351,30.7911160496651,1357.0199999990325,944.3810067016248
58352,30.7911160496651,1357.0399999990325,944.3846525883891
58353,30.7911160496651,1357.0599999990325,944.3882984129945
58354,30.7911160496651,1357.0799999990325,944.3919441754409
58355,30.7911160496651,1357.0999999990324,944.3955898757289
58356,30.7911160496651,1357.1199999990324,944.3992355138586
58357,30.7911160496651,1357.1399999990324,944.4028810898302
58358,30.7911160496651,1357.1599999990324,944.4065266036442
58359,30.7911160496651,1357.1799999990324,944.4101720553008
58360,30.7911160496651,1357.1999999990323,944.4138174448002
58361,30.7911160496651,1357.2199999990323,944.4174627721428
58362,30.7911160496651,1357.2399999990323,944.4211080373288
58363,30.7911160496651,1357.2599999990323,944.4247532403587
58364,30.7911160496651,1357.2799999990323,944.4283983812325
58365,30.7911160496651,1357.2999999990323,944.4320434599505
58366,30.7911160496651,1357.3199999990322,944.4356884765259
58367,30.7911160496651,1357.3399999990322,944.4393334310348
58368,30.7911160496651,1357.3599999990322,944.4429783234845
58369,30.7911160496651,1357.3799999990322,944.4466231538752
58370,30.7911160496651,1357.3999999990322,944.4502679222072
58371,30.7911160496651,1357.4199999990321,944.4539126284809
58372,30.7911160496651,1357.4399999990321,944.4575572726966
58373,30.7911160496651,1357.459999999032,944.4612018548544
58374,30.7911160496651,1357.479999999032,944.4648463749547
58375,30.7911160496651,1357.499999999032,944.4684908329979
58376,30.7911160496651,1357.519999999032,944.472135228984
58377,30.7911160496651,1357.539999999032,944.4757795629135
58378,30.7911160496651,1357.559999999032,944.4794238347866
58379,30.7911160496651,1357.579999999032,944.4830680446037
58380,30.7911160496651,1357.599999999032,944.4867121923648
58381,30.7911160496651,1357.619999999032,944.4903562780705
58382,30.7911160496651,1357.639999999032,944.4940003017209
58383,30.7911160496651,1357.659999999032,944.4976442633164
58384,30.7911160496651,1357.679999999032,944.5012881628571
58385,30.7911160496651,1357.699999999032,944.5049320003435
58386,30.7911160496651,1357.7199999990319,944.5085757757759
58387,30.7911160496651,1357.7399999990319,944.5122194891543
58388,30.7911160496651,1357.7599999990318,944.5158631404793
58389,30.7911160496651,1357.7799999990318,944.5195067297509
58390,30.7911160496651,1357.7999999990318,944.5231502569696
58391,30.7911160496651,1357.8199999990318,944.5267937221356
58392,30.7911160496651,1357.8399999990318,944.5304371252493
58393,30.7911160496651,1357.8599999990317,944.5340804663107
58394,30.7911160496651,1357.8799999990317,944.5377237453204
58395,30.7911160496651,1357.8999999990317,944.5413669622784
58396,30.7911160496651,1357.9199999990317,944.5450101171851
58397,30.7911160496651,1357.9399999990317,944.5486532100409
58398,30.7911160496651,1357.9599999990317,944.552296240846
58399,30.7911160496651,1357.9799999990316,944.5559392096006
58400,30.7911160496651,1357.9999999990316,944.5595821163051
58401,30.7911160496651,1358.0199999990316,944.5632249609598
58402,30.7911160496651,1358.0399999990316,944.5668677435649
58403,30.7911160496651,1358.0599999990316,944.5705104641207
58404,30.7911160496651,1358.0799999990315,944.5741531226275
58405,30.7911160496651,1358.0999999990315,944.5777957190857
58406,30.7911160496651,1358.1199999990315,944.5814382534953
58407,30.7911160496651,1358.1399999990315,944.5850807258568
58408,30.7911160496651,1358.1599999990315,944.5887231361703
58409,30.7911160496651,1358.1799999990315,944.5923654844363
58410,30.7911160496651,1358.1999999990314,944.596007770655
58411,30.7911160496651,1358.2199999990314,944.5996499948267
58412,30.7911160496651,1358.2399999990314,944.6032921569516
58413,30.7911160496651,1358.2599999990314,944.60693425703
58414,30.7911160496651,1358.2799999990314,944.6105762950624
58415,30.7911160496651,1358.2999999990313,944.6142182710488
58416,30.7911160496651,1358.3199999990313,944.6178601849896
58417,30.7911160496651,1358.3399999990313,944.6215020369035
58418,30.7911160496651,1358.3599999990313,944.6251438268621
58419,30.7911160496651,1358.3799999990313,944.6287855548716
58420,30.7911160496651,1358.3999999990313,944.6324272209322
58421,30.7911160496651,1358.4199999990312,944.6360688250442
58422,30.7911160496651,1358.4399999990312,944.6397103672078
58423,30.7911160496651,1358.4599999990312,944.6433518474236
58424,30.7911160496651,1358.4799999990312,944.6469932656915
58425,30.7911160496651,1358.4999999990312,944.650634622012
58426,30.7911160496651,1358.5199999990311,944.6542759163854
58427,30.7911160496651,1358.5399999990311,944.6579171488119
58428,30.7911160496651,1358.559999999031,944.6615583192918
58429,30.7911160496651,1358.579999999031,944.6651994278254
58430,30.7911160496651,1358.599999999031,944.6688404744131
58431,30.7911160496651,1358.619999999031,944.6724814590549
58432,30.7911160496651,1358.639999999031,944.6761223817513
58433,30.7911160496651,1358.659999999031,944.6797632425025
58434,30.7911160496651,1358.679999999031,944.6834040413089
58435,30.7911160496651,1358.699999999031,944.6870447781707
58436,30.7911160496651,1358.719999999031,944.6906854530882
58437,30.7911160496651,1358.739999999031,944.6943260660616
58438,30.7911160496651,1358.759999999031,944.6979666170914
58439,30.7911160496651,1358.779999999031,944.7016071061777
58440,30.7911160496651,1358.799999999031,944.7052475333207
58441,30.7911160496651,1358.8199999990309,944.708887898521
58442,30.7911160496651,1358.8399999990309,944.7125282017786
58443,30.7911160496651,1358.8599999990308,944.7161684430939
58444,30.7911160496651,1358.8799999990308,944.7198086224672
58445,30.7911160496651,1358.8999999990308,944.7234487398987
58446,30.7911160496651,1358.9199999990308,944.7270887953888
58447,30.7911160496651,1358.9399999990308,944.7307287889377
58448,30.7911160496651,1358.9599999990307,944.7343687205456
58449,30.7911160496651,1358.9799999990307,944.738008590213
58450,30.7911160496651,1358.9999999990307,944.74164839794
58451,30.7911160496651,1359.0199999990307,944.7452881437271
58452,30.7911160496651,1359.0399999990307,944.7489278275743
58453,30.7911160496651,1359.0599999990307,944.7525674494822
58454,30.7911160496651,1359.0799999990306,944.7562070094508
58455,30.7911160496651,1359.0999999990306,944.7598465074806
58456,30.7911160496651,1359.1199999990306,944.7634859435717
58457,30.7911160496651,1359.1399999990306,944.7671253177244
58458,30.7911160496651,1359.1599999990306,944.7707646299392
58459,30.7911160496651,1359.1799999990305,944.7744038802161
58460,30.7911160496651,1359.1999999990305,944.7780430685556
58461,30.7911160496651,1359.2199999990305,944.7816821949579
58462,30.7911160496651,1359.2399999990305,944.7853212594232
58463,30.7911160496651,1359.2599999990305,944.788960261952
58464,30.7911160496651,1359.2799999990305,944.7925992025444
58465,30.7911160496651,1359.2999999990304,944.7962380812007
58466,30.7911160496651,1359.3199999990304,944.7998768979213
58467,30.7911160496651,1359.3399999990304,944.8035156527064
58468,30.7911160496651,1359.3599999990304,944.8071543455819
58469,30.7911160496651,1359.3799999990304,944.8107929766189
58470,30.7911160496651,1359.3999999990303,944.8144315458228
58471,30.7911160496651,1359.4199999990303,944.8180700531939
58472,30.7911160496651,1359.4399999990303,944.8217084987325
58473,30.7911160496651,1359.4599999990303,944.8253468824389
58474,30.7911160496651,1359.4799999990303,944.8289852043133
58475,30.7911160496651,1359.4999999990303,944.8326234643561
58476,30.7911160496651,1359.5199999990302,944.8362616625675
58477,30.7911160496651,1359.5399999990302,944.8398997989478
58478,30.7911160496651,1359.5599999990302,944.8435378734973
58479,30.7911160496651,1359.5799999990302,944.8471758862164
58480,30.7911160496651,1359.5999999990302,944.8508138371052
58481,30.7911160496651,1359.6199999990301,944.854451726164
58482,30.7911160496651,1359.6399999990301,944.8580895533933
58483,30.7911160496651,1359.65999999903,944.8617273187931
58484,30.7911160496651,1359.67999999903,944.8653650223639
58485,30.7911160496651,1359.69999999903,944.8690026641059
58486,30.7911160496651,1359.71999999903,944.8726402440194
58487,30.7911160496651,1359.73999999903,944.8762777621047
58488,30.7911160496651,1359.75999999903,944.879915218362
58489,30.7911160496651,1359.77999999903,944.8835526127917
58490,30.7911160496651,1359.79999999903,944.8871899453941
58491,30.7911160496651,1359.81999999903,944.8908272161693
58492,30.7911160496651,1359.83999999903,944.8944644251178
58493,30.752164470164825,1359.85999999903,944.8981015722397
58494,30.752164470164825,1359.87999999903,944.9017386575355
58495,30.752164470164825,1359.89999999903,944.9053756810052
58496,30.752164470164825,1359.9199999990299,944.9090126426494
58497,30.752164470164825,1359.9399999990299,944.9126495424681
58498,30.752164470164825,1359.9599999990298,944.9162863804618
58499,30.752164470164825,1359.9799999990298,944.9199231566307
58500,30.752164470164825,1359.9999999990298,944.9235598709752
58501,30.752164470164825,1360.0199999990298,944.9271965234954
58502,30.752164470164825,1360.0399999990298,944.9308331141916
58503,30.752164470164825,1360.0599999990297,944.9344696430642
58504,30.752164470164825,1360.0799999990297,944.9381061101134
58505,30.752164470164825,1360.0999999990297,944.9417425153396
58506,30.752164470164825,1360.1199999990297,944.945378858743
58507,30.752164470164825,1360.1399999990297,944.9490151403239
58508,30.752164470164825,1360.1599999990297,944.9526513600827
58509,30.752164470164825,1360.1799999990296,944.9562875180194
58510,30.752164470164825,1360.1999999990296,944.9599236141345
58511,30.752164470164825,1360.2199999990296,944.9635596484283
58512,30.752164470164825,1360.2399999990296,944.967195620901
58513,30.752164470164825,1360.2599999990296,944.9708315315528
58514,30.752164470164825,1360.2799999990295,944.9744673803842
58515,30.752164470164825,1360.2999999990295,944.9781031673954
58516,30.752164470164825,1360.3199999990295,944.9817388925866
58517,30.752164470164825,1360.3399999990295,944.9853745559582
58518,30.752164470164825,1360.3599999990295,944.9890101575104
58519,30.752164470164825,1360.3799999990295,944.9926456972709
58520,30.752164470164825,1360.3999999990294,944.9962811752971
58521,30.752164470164825,1360.4199999990294,944.9999165915928
58522,30.752164470164825,1360.4399999990294,945.0035519461582
58523,30.752164470164825,1360.4599999990294,945.0071872389935
58524,30.752164470164825,1360.4799999990294,945.0108224700991
58525,30.752164470164825,1360.4999999990293,945.0144576394753
58526,30.752164470164825,1360.5199999990293,945.0180927471223
58527,30.752164470164825,1360.5399999990293,945.0217277930404
58528,30.752164470164825,1360.5599999990293,945.02536277723
58529,30.752164470164825,1360.5799999990293,945.0289976996913
58530,30.752164470164825,1360.5999999990293,945.0326325604246
58531,30.752164470164825,1360.6199999990292,945.0362673594302
58532,30.752164470164825,1360.6399999990292,945.0399020967084
58533,30.752164470164825,1360.6599999990292,945.0435367722594
58534,30.752164470164825,1360.6799999990292,945.0471713860835
58535,30.752164470164825,1360.6999999990292,945.0508059381812
58536,30.752164470164825,1360.7199999990291,945.0544404285524
58537,30.752164470164825,1360.7399999990291,945.0580748571978
58538,30.752164470164825,1360.759999999029,945.0617092241174
58539,30.752164470164825,1360.779999999029,945.0653435293116
58540,30.752164470164825,1360.799999999029,945.0689777727807
58541,30.752164470164825,1360.819999999029,945.072611954525
58542,30.752164470164825,1360.839999999029,945.0762460745447
58543,30.752164470164825,1360.859999999029,945.0798801328401
58544,30.752164470164825,1360.879999999029,945.0835141294116
58545,30.752164470164825,1360.899999999029,945.0871480642594
58546,30.752164470164825,1360.919999999029,945.0907819373838
58547,30.752164470164825,1360.939999999029,945.0944157487851
58548,30.752164470164825,1360.959999999029,945.0980494984635
58549,30.752164470164825,1360.979999999029,945.1016831864195
58550,30.752164470164825,1360.999999999029,945.1053168126531
58551,30.752164470164825,1361.0199999990289,945.1089503771648
58552,30.752164470164825,1361.0399999990289,945.1125838799549
58553,30.752164470164825,1361.0599999990288,945.1162173210236
58554,30.752164470164825,1361.0799999990288,945.1198507003711
58555,30.752164470164825,1361.0999999990288,945.1234840179978
58556,30.752164470164825,1361.1199999990288,945.1271172739041
58557,30.752164470164825,1361.1399999990288,945.1307504680901
58558,30.752164470164825,1361.1599999990287,945.1343836005561
58559,30.752164470164825,1361.1799999990287,945.1380166713026
58560,30.752164470164825,1361.1999999990287,945.1416496803296
58561,30.752164470164825,1361.2199999990287,945.1452826276375
58562,30.752164470164825,1361.2399999990287,945.1489155132266
58563,30.752164470164825,1361.2599999990287,945.1525483370972
58564,30.752164470164825,1361.2799999990286,945.1561810992496
58565,30.752164470164825,1361.2999999990286,945.159813799684
58566,30.752164470164825,1361.3199999990286,945.1634464384008
58567,30.752164470164825,1361.3399999990286,945.1670790154003
58568,30.752164470164825,1361.3599999990286,945.1707115306826
58569,30.752164470164825,1361.3799999990285,945.1743439842483
58570,30.752164470164825,1361.3999999990285,945.1779763761323
58571,30.752164470164825,1361.4199999990285,945.181608706392
58572,30.752164470164825,1361.4399999990285,945.1852409750303
58573,30.752164470164825,1361.4599999990285,945.1888731820475
58574,30.752164470164825,1361.4799999990285,945.1925053274438
58575,30.752164470164825,1361.4999999990284,945.1961374112194
58576,30.752164470164825,1361.5199999990284,945.1997694333747
58577,30.752164470164825,1361.5399999990284,945.2034013939101
58578,30.752164470164825,1361.5599999990284,945.2070332928257
58579,30.752164470164825,1361.5799999990284,945.2106651301219
58580,30.752164470164825,1361.5999999990283,945.214296905799
58581,30.752164470164825,1361.6199999990283,945.2179286198572
58582,30.752164470164825,1361.6399999990283,945.2215602722968
58583,30.752164470164825,1361.6599999990283,945.2251918631181
58584,30.752164470164825,1361.6799999990283,945.2288233923214
58585,30.752164470164825,1361.6999999990283,945.232454859907
58586,30.752164470164825,1361.7199999990282,945.2360862658752
58587,30.752164470164825,1361.7399999990282,945.2397176102263
58588,30.752164470164825,1361.7599999990282,945.2433488929605
58589,30.752164470164825,1361.7799999990282,945.2469801140782
58590,30.752164470164825,1361.7999999990282,945.2506112735796
58591,30.752164470164825,1361.8199999990281,945.254242371465
58592,30.752164470164825,1361.8399999990281,945.2578734077348
58593,30.752164470164825,1361.859999999028,945.2615043823891
58594,30.752164470164825,1361.879999999028,945.2651352954284
58595,30.752164470164825,1361.899999999028,945.2687661468528
58596,30.752164470164825,1361.919999999028,945.2723969366627
58597,30.752164470164825,1361.939999999028,945.2760276648584
58598,30.752164470164825,1361.959999999028,945.27965833144
58599,30.752164470164825,1361.979999999028,945.2832889364081
58600,30.752164470164825,1361.999999999028,945.2869194797628
58601,30.752164470164825,1362.019999999028,945.2905499615043
58602,30.752164470164825,1362.039999999028,945.2941803816332
58603,30.752164470164825,1362.059999999028,945.2978107401494
58604,30.752164470164825,1362.079999999028,945.3014410370535
58605,30.752164470164825,1362.099999999028,945.3050712723456
58606,30.752164470164825,1362.1199999990279,945.308701446026
58607,30.752164470164825,1362.1399999990279,945.3123315580951
58608,30.752164470164825,1362.1599999990278,945.3159616085533
58609,30.752164470164825,1362.1799999990278,945.3195915974006
58610,30.752164470164825,1362.1999999990278,945.3232215246375
58611,30.752164470164825,1362.2199999990278,945.3268513902641
58612,30.752164470164825,1362.2399999990278,945.3304811942808
58613,30.752164470164825,1362.2599999990277,945.3341109366879
58614,30.752164470164825,1362.2799999990277,945.3377406174857
58615,30.752164470164825,1362.2999999990277,945.3413702366744
58616,30.752164470164825,1362.3199999990277,945.3449997942544
58617,30.752164470164825,1362.3399999990277,945.3486292902259
58618,30.752164470164825,1362.3599999990277,945.3522587245892
58619,30.752164470164825,1362.3799999990276,945.3558880973446
58620,30.752164470164825,1362.3999999990276,945.3595174084925
58621,30.752164470164825,1362.4199999990276,945.3631466580736
58622,30.752164470164825,1362.4399999990276,945.3667758461407
58623,30.752164470164825,1362.4599999990276,945.3704049726957
58624,30.752164470164825,1362.4799999990275,945.3740340377387
58625,30.752164470164825,1362.4999999990275,945.3776630412702
58626,30.752164470164825,1362.5199999990275,945.3812919832903
58627,30.752164470164825,1362.5399999990275,945.3849208637994
58628,30.752164470164825,1362.5599999990275,945.3885496827977
58629,30.752164470164825,1362.5799999990275,945.3921784402855
58630,30.752164470164825,1362.5999999990274,945.3958071362632
58631,30.752164470164825,1362.6199999990274,945.399435770731
58632,30.752164470164825,1362.6399999990274,945.4030643436892
58633,30.752164470164825,1362.6599999990274,945.4066928551381
58634,30.752164470164825,1362.6799999990274,945.410321305078
58635,30.752164470164825,1362.6999999990273,945.4139496935092
58636,30.752164470164825,1362.7199999990273,945.4175780204318
58637,30.752164470164825,1362.7399999990273,945.4212062858464
58638,30.752164470164825,1362.7599999990273,945.4248344897532
58639,30.752164470164825,1362.7799999990273,945.4284626321523
58640,30.752164470164825,1362.7999999990272,945.4320907130442
58641,30.752164470164825,1362.8199999990272,945.4357187324291
58642,30.752164470164825,1362.8399999990272,945.4393466903074
58643,30.752164470164825,1362.8599999990272,945.4429745866793
58644,30.752164470164825,1362.8799999990272,945.446602421545
58645,30.752164470164825,1362.8999999990272,945.4502301949049
58646,30.752164470164825,1362.9199999990271,945.4538579067593
58647,30.752164470164825,1362.9399999990271,945.4574855571084
58648,30.752164470164825,1362.959999999027,945.4611131459526
58649,30.752164470164825,1362.979999999027,945.4647406732921
58650,30.752164470164825,1362.999999999027,945.4683681391273
58651,30.752164470164825,1363.019999999027,945.4719955434583
58652,30.752164470164825,1363.039999999027,945.4756228862856
58653,30.752164470164825,1363.059999999027,945.4792501676094
58654,30.752164470164825,1363.079999999027,945.48287738743
58655,30.752164470164825,1363.099999999027,945.4865045457476
58656,30.752164470164825,1363.119999999027,945.4901316425627
58657,30.752164470164825,1363.139999999027,945.4937586778753
58658,30.752164470164825,1363.159999999027,945.497385651686
58659,30.752164470164825,1363.179999999027,945.5010125639949
58660,30.752164470164825,1363.1999999990269,945.5046394148023
58661,30.752164470164825,1363.2199999990269,945.5082662041086
58662,30.752164470164825,1363.2399999990268,945.511892931914
58663,30.752164470164825,1363.2599999990268,945.5155195982187
58664,30.752164470164825,1363.2799999990268,945.5191462030231
58665,30.752164470164825,1363.2999999990268,945.5227727463275
58666,30.752164470164825,1363.3199999990268,945.5263992281322
58667,30.752164470164825,1363.3399999990268,945.5300256484373
58668,30.752164470164825,1363.3599999990267,945.5336520072434
58669,30.752164470164825,1363.3799999990267,945.5372783045506
58670,30.752164470164825,1363.3999999990267,945.5409045403592
58671,30.752164470164825,1363.4199999990267,945.5445307146695
58672,30.752164470164825,1363.4399999990267,945.5481568275279
58673,30.752164470164825,1363.4599999990266,945.5517828789831
58674,30.752164470164825,1363.4799999990266,945.5554088690354
58675,30.752164470164825,1363.4999999990266,945.5590347976852
58676,30.752164470164825,1363.5199999990266,945.5626606649328
58677,30.752164470164825,1363.5399999990266,945.5662864707783
58678,30.752164470164825,1363.5599999990266,945.5699122152223
58679,30.752164470164825,1363.5799999990265,945.5735378982649
58680,30.752164470164825,1363.5999999990265,945.5771635199064
58681,30.752164470164825,1363.6199999990265,945.5807890801472
58682,30.752164470164825,1363.6399999990265,945.5844145789874
58683,30.752164470164825,1363.6599999990265,945.5880400164275
58684,30.752164470164825,1363.6799999990264,945.5916653924677
58685,30.752164470164825,1363.6999999990264,945.5952907071082
58686,30.752164470164825,1363.7199999990264,945.5989159603495
58687,30.752164470164825,1363.7399999990264,945.6025411521917
58688,30.752164470164825,1363.7599999990264,945.6061662826353
58689,30.752164470164825,1363.7799999990264,945.6097913516803
58690,30.752164470164825,1363.7999999990263,945.6134163593272
58691,30.752164470164825,1363.8199999990263,945.6170413055762
58692,30.752164470164825,1363.8399999990263,945.6206661904276
58693,30.752164470164825,1363.8599999990263,945.6242910138818
58694,30.752164470164825,1363.8799999990263,945.6279157759391
58695,30.752164470164825,1363.8999999990262,945.6315404765995
58696,30.752164470164825,1363.9199999990262,945.6351651158636
58697,30.752164470164825,1363.9399999990262,945.6387896937316
58698,30.752164470164825,1363.9599999990262,945.6424142102038
58699,30.752164470164825,1363.9799999990262,945.6460386652805
58700,30.752164470164825,1363.9999999990262,945.6496630589619
58701,30.752164470164825,1364.0199999990261,945.6532873912483
58702,30.752164470164825,1364.0399999990261,945.6569116621401
58703,30.752164470164825,1364.059999999026,945.6605358716375
58704,30.752164470164825,1364.079999999026,945.6641600197408
58705,30.752164470164825,1364.099999999026,945.6677841064504
58706,30.752164470164825,1364.119999999026,945.6714081317665
58707,30.752164470164825,1364.139999999026,945.6750320956894
58708,30.752164470164825,1364.159999999026,945.6786559982194
58709,30.752164470164825,1364.179999999026,945.6822798393567
58710,30.752164470164825,1364.199999999026,945.6859036191017
58711,30.752164470164825,1364.219999999026,945.6895273374547
58712,30.752164470164825,1364.239999999026,945.6931509944159
58713,30.752164470164825,1364.259999999026,945.6967745899856
58714,30.752164470164825,1364.279999999026,945.7003981241642
58715,30.752164470164825,1364.2999999990259,945.7040215969519
58716,30.752164470164825,1364.3199999990259,945.707645008349
58717,30.752164470164825,1364.3399999990258,945.7112683583558
58718,30.752164470164825,1364.3599999990258,945.7148916469727
58719,30.752164470164825,1364.3799999990258,945.7185148741997
58720,30.752164470164825,1364.3999999990258,945.7221380400374
58721,30.752164470164825,1364.4199999990258,945.725761144486
58722,30.752164470164825,1364.4399999990258,945.7293841875465
58723,30.752164470164825,1364.4599999990257,945.7330071692703
58724,30.752164470164825,1364.4799999990257,945.7366300897005
58725,30.752164470164825,1364.4999999990257,945.7402529488373
58726,30.752164470164825,1364.5199999990257,945.7438757466812
58727,30.752164470164825,1364.5399999990257,945.7474984832323
58728,30.752164470164825,1364.5599999990256,945.7511211584911
58729,30.752164470164825,1364.5799999990256,945.7547437724577
58730,30.752164470164825,1364.5999999990256,945.7583663251324
58731,30.752164470164825,1364.6199999990256,945.7619888165157
58732,30.752164470164825,1364.6399999990256,945.7656112466076
58733,30.752164470164825,1364.6599999990256,945.7692336154086
58734,30.752164470164825,1364.6799999990255,945.7728559229189
58735,30.752164470164825,1364.6999999990255,945.7764781691388
58736,30.752164470164825,1364.7199999990255,945.7801003540687
58737,30.752164470164825,1364.7399999990255,945.7837224777088
58738,30.752164470164825,1364.7599999990255,945.7873445400594
58739,30.752164470164825,1364.7799999990254,945.7909665411207
58740,30.752164470164825,1364.7999999990254,945.7945884808931
58741,30.752164470164825,1364.8199999990254,945.798210359377
58742,30.752164470164825,1364.8399999990254,945.8018321765725
58743,30.752164470164825,1364.8599999990254,945.80545393248
58744,30.752164470164825,1364.8799999990254,945.8090756270997
58745,30.752164470164825,1364.8999999990253,945.812697260432
58746,30.752164470164825,1364.9199999990253,945.816318832477
58747,30.752164470164825,1364.9399999990253,945.8199403432352
58748,30.752164470164825,1364.9599999990253,945.8235617927069
58749,30.752164470164825,1364.9799999990253,945.8271831808922
58750,30.752164470164825,1364.9999999990252,945.8308045077916
58751,30.752164470164825,1365.0199999990252,945.8344257734053
58752,30.752164470164825,1365.0399999990252,945.8380469777336
58753,30.752164470164825,1365.0599999990252,945.8416681207767
58754,30.752164470164825,1365.0799999990252,945.845289202535
58755,30.752164470164825,1365.0999999990252,945.8489102230088
58756,30.752164470164825,1365.1199999990251,945.8525311821984
58757,30.752164470164825,1365.1399999990251,945.856152080104
58758,30.752164470164825,1365.159999999025,945.859772916726
58759,30.752164470164825,1365.179999999025,945.8633936920646
58760,30.752164470164825,1365.199999999025,945.8670144061201
58761,30.752164470164825,1365.219999999025,945.8706350588928
58762,30.752164470164825,1365.239999999025,945.8742556503831
58763,30.752164470164825,1365.259999999025,945.8778761805912
58764,30.752164470164825,1365.279999999025,945.8814966495174
58765,30.752164470164825,1365.299999999025,945.885117057162
58766,30.752164470164825,1365.319999999025,945.8887374035253
58767,30.752164470164825,1365.339999999025,945.8923576886075
58768,30.752164470164825,1365.359999999025,945.895977912409
58769,30.752164470164825,1365.379999999025,945.89959807493
58770,30.752164470164825,1365.3999999990249,945.903218176171
58771,30.752164470164825,1365.4199999990249,945.906838216132
58772,30.752164470164825,1365.4399999990248,945.9104581948135
58773,30.752164470164825,1365.4599999990248,945.9140781122178
58774,30.752164470164825,1365.4799999990248,945.9176979684044
58775,30.752164470164825,1365.4999999990248,945.9213177634133
58776,30.752164470164825,1365.5199999990248,945.9249374972449
58777,30.752164470164825,1365.5399999990248,945.9285571698994
58778,30.752164470164825,1365.5599999990247,945.9321767813772
58779,30.752164470164825,1365.5799999990247,945.9357963316785
58780,30.713294946098024,1365.5999999990247,945.9394158208037
58781,30.713294946098024,1365.6199999990247,945.943035248753
58782,30.713294946098024,1365.6399999990247,945.9466546155267
58783,30.713294946098024,1365.6599999990246,945.9502739211251
58784,30.713294946098024,1365.6799999990246,945.9538931655486
58785,30.713294946098024,1365.6999999990246,945.9575123487974
58786,30.713294946098024,1365.7199999990246,945.9611314708718
58787,30.713294946098024,1365.7399999990246,945.9647505317721
58788,30.713294946098024,1365.7599999990246,945.9683695314985
58789,30.713294946098024,1365.7799999990245,945.9719884700514
58790,30.713294946098024,1365.7999999990245,945.9756073474312
58791,30.713294946098024,1365.8199999990245,945.9792261636379
58792,30.713294946098024,1365.8399999990245,945.9828449186721
58793,30.713294946098024,1365.8599999990245,945.9864636125338
58794,30.713294946098024,1365.8799999990244,945.9900822452236
58795,30.713294946098024,1365.8999999990244,945.9937008167416
58796,30.713294946098024,1365.9199999990244,945.9973193270881
58797,30.713294946098024,1365.9399999990244,946.0009377762635
58798,30.713294946098024,1365.9599999990244,946.004556164268
58799,30.713294946098024,1365.9799999990244,946.008174491102
58800,30.713294946098024,1365.9999999990243,946.0117927567655
58801,30.713294946098024,1366.0199999990243,946.0154109612592
58802,30.713294946098024,1366.0399999990243,946.0190291045832
58803,30.713294946098024,1366.0599999990243,946.0226471867377
58804,30.713294946098024,1366.0799999990243,946.0262652077231
58805,30.713294946098024,1366.0999999990242,946.0298831675398
58806,30.713294946098024,1366.1199999990242,946.0335010661879
58807,30.713294946098024,1366.1399999990242,946.0371189036678
58808,30.713294946098024,1366.1599999990242,946.0407366799797
58809,30.713294946098024,1366.1799999990242,946.044354395124
58810,30.713294946098024,1366.1999999990242,946.0479720491008
58811,30.713294946098024,1366.2199999990241,946.0515896419107
58812,30.713294946098024,1366.2399999990241,946.0552071735539
58813,30.713294946098024,1366.259999999024,946.0588246440306
58814,30.713294946098024,1366.279999999024,946.062442053341
58815,30.713294946098024,1366.299999999024,946.0660594014856
58816,30.713294946098024,1366.319999999024,946.0696766884646
58817,30.713294946098024,1366.339999999024,946.0732939142783
58818,30.713294946098024,1366.359999999024,946.0769110789271
58819,30.713294946098024,1366.379999999024,946.0805281824111
58820,30.713294946098024,1366.399999999024,946.0841452247306
58821,30.713294946098024,1366.419999999024,946.0877622058861
58822,30.713294946098024,1366.439999999024,946.0913791258777
58823,30.713294946098024,1366.459999999024,946.0949959847057
58824,30.713294946098024,1366.479999999024,946.0986127823735
58825,30.713294946098024,1366.4999999990239,946.1022295189359
58826,30.713294946098024,1366.5199999990239,946.1058461944226
58827,30.713294946098024,1366.5399999990238,946.1094628088338
58828,30.713294946098024,1366.5599999990238,946.1130793621696
58829,30.713294946098024,1366.5799999990238,946.1166958544305
58830,30.713294946098024,1366.5999999990238,946.1203122856168
58831,30.713294946098024,1366.6199999990238,946.1239286557287
58832,30.713294946098024,1366.6399999990238,946.1275449647666
58833,30.713294946098024,1366.6599999990237,946.1311612127307
58834,30.713294946098024,1366.6799999990237,946.1347773996214
58835,30.713294946098024,1366.6999999990237,946.1383935254389
58836,30.713294946098024,1366.7199999990237,946.1420095901835
58837,30.713294946098024,1366.7399999990237,946.1456255938556
58838,30.713294946098024,1366.7599999990236,946.1492415364553
58839,30.713294946098024,1366.7799999990236,946.152857417983
58840,30.713294946098024,1366.7999999990236,946.156473238439
58841,30.713294946098024,1366.8199999990236,946.1600889978237
58842,30.713294946098024,1366.8399999990236,946.1637046961372
58843,30.713294946098024,1366.8599999990236,946.1673203333798
58844,30.713294946098024,1366.8799999990235,946.170935909552
58845,30.713294946098024,1366.8999999990235,946.1745514246539
58846,30.713294946098024,1366.9199999990235,946.1781668786859
58847,30.713294946098024,1366.9399999990235,946.1817822716483
58848,30.713294946098024,1366.9599999990235,946.1853976035413
58849,30.713294946098024,1366.9799999990234,946.1890128743653
58850,30.713294946098024,1366.9999999990234,946.1926280841205
58851,30.713294946098024,1367.0199999990234,946.1962432328073
58852,30.713294946098024,1367.0399999990234,946.199858320426
58853,30.713294946098024,1367.0599999990234,946.2034733469767
58854,30.713294946098024,1367.0799999990234,946.2070883124599
58855,30.713294946098024,1367.0999999990233,946.2107032168757
58856,30.713294946098024,1367.1199999990233,946.2143180602245
58857,30.713294946098024,1367.1399999990233,946.2179328425067
58858,30.713294946098024,1367.1599999990233,946.2215475637224
58859,30.713294946098024,1367.1799999990233,946.2251622238721
58860,30.713294946098024,1367.1999999990232,946.228776822956
58861,30.713294946098024,1367.2199999990232,946.2323913609744
58862,30.713294946098024,1367.2399999990232,946.2360058379275
58863,30.713294946098024,1367.2599999990232,946.2396202538156
58864,30.713294946098024,1367.2799999990232,946.2432346086391
58865,30.713294946098024,1367.2999999990232,946.2468489023984
58866,30.713294946098024,1367.3199999990231,946.2504631350936
58867,30.713294946098024,1367.3399999990231,946.254077306725
58868,30.713294946098024,1367.359999999023,946.2576914172929
58869,30.713294946098024,1367.379999999023,946.2613054667977
58870,30.713294946098024,1367.399999999023,946.2649194552396
58871,30.713294946098024,1367.419999999023,946.2685333826189
58872,30.713294946098024,1367.439999999023,946.272147248936
58873,30.713294946098024,1367.459999999023,946.2757610541911
58874,30.713294946098024,1367.479999999023,946.2793747983845
58875,30.713294946098024,1367.499999999023,946.2829884815208
58876,30.713294946098024,1367.519999999023,946.2866021036635
58877,30.713294946098024,1367.539999999023,946.2902156648391
58878,30.713294946098024,1367.559999999023,946.2938291650478
58879,30.713294946098024,1367.579999999023,946.2974426042898
58880,30.713294946098024,1367.5999999990229,946.3010559825655
58881,30.713294946098024,1367.6199999990229,946.3046692998752
58882,30.713294946098024,1367.6399999990228,946.3082825562191
58883,30.713294946098024,1367.6599999990228,946.3118957515976
58884,30.713294946098024,1367.6799999990228,946.315508886011
58885,30.713294946098024,1367.6999999990228,946.3191219594595
58886,30.713294946098024,1367.7199999990228,946.3227349719434
58887,30.713294946098024,1367.7399999990228,946.3263479234631
58888,30.713294946098024,1367.7599999990227,946.3299608140188
58889,30.713294946098024,1367.7799999990227,946.3335736436109
58890,30.713294946098024,1367.7999999990227,946.3371864122396
58891,30.713294946098024,1367.8199999990227,946.3407991199052
58892,30.713294946098024,1367.8399999990227,946.3444117666081
58893,30.713294946098024,1367.8599999990226,946.3480243523485
58894,30.713294946098024,1367.8799999990226,946.3516368771267
58895,30.713294946098024,1367.8999999990226,946.3552493409429
58896,30.713294946098024,1367.9199999990226,946.3588617437977
58897,30.713294946098024,1367.9399999990226,946.362474085691
58898,30.713294946098024,1367.9599999990226,946.3660863666234
58899,30.713294946098024,1367.9799999990225,946.3696985865952
58900,30.713294946098024,1367.9999999990225,946.3733107456064
58901,30.713294946098024,1368.0199999990225,946.3769228436576
58902,30.713294946098024,1368.0399999990225,946.3805348807489
58903,30.713294946098024,1368.0599999990225,946.3841468568806
58904,30.713294946098024,1368.0799999990224,946.3877587720532
58905,30.713294946098024,1368.0999999990224,946.3913706262668
58906,30.713294946098024,1368.1199999990224,946.3949824195219
58907,30.713294946098024,1368.1399999990224,946.3985941518184
58908,30.713294946098024,1368.1599999990224,946.402205823157
58909,30.713294946098024,1368.1799999990224,946.4058174335379
58910,30.713294946098024,1368.1999999990223,946.4094289829612
58911,30.713294946098024,1368.2199999990223,946.4130404714274
58912,30.713294946098024,1368.2399999990223,946.4166518989367
58913,30.713294946098024,1368.2599999990223,946.4202632654894
58914,30.713294946098024,1368.2799999990223,946.4238745710859
58915,30.713294946098024,1368.2999999990222,946.4274858157264
58916,30.713294946098024,1368.3199999990222,946.4310969994112
58917,30.713294946098024,1368.3399999990222,946.4347081221406
58918,30.713294946098024,1368.3599999990222,946.4383191839149
58919,30.713294946098024,1368.3799999990222,946.4419301847344
58920,30.713294946098024,1368.3999999990222,946.4455411245993
58921,30.713294946098024,1368.4199999990221,946.4491520035101
58922,30.713294946098024,1368.4399999990221,946.452762821467
58923,30.713294946098024,1368.459999999022,946.4563735784702
58924,30.713294946098024,1368.479999999022,946.4599842745201
58925,30.713294946098024,1368.499999999022,946.463594909617
58926,30.713294946098024,1368.519999999022,946.4672054837664
58927,30.713294946098024,1368.539999999022,946.4708159970367
58928,30.713294946098024,1368.559999999022,946.4744264494484
58929,30.713294946098024,1368.579999999022,946.478036841002
58930,30.713294946098024,1368.599999999022,946.4816471716977
58931,30.713294946098024,1368.619999999022,946.4852574415357
58932,30.713294946098024,1368.639999999022,946.4888676505165
58933,30.713294946098024,1368.659999999022,946.4924777986402
58934,30.713294946098024,1368.679999999022,946.4960878859072
58935,30.713294946098024,1368.6999999990219,946.4996979123177
58936,30.713294946098024,1368.7199999990219,946.5033078778722
58937,30.713294946098024,1368.7399999990218,946.5069177825709
58938,30.713294946098024,1368.7599999990218,946.510527626414
58939,30.713294946098024,1368.7799999990218,946.5141374094019
58940,30.713294946098024,1368.7999999990218,946.5177471315349
58941,30.713294946098024,1368.8199999990218,946.5213567928132
58942,30.713294946098024,1368.8399999990218,946.5249663932372
58943,30.713294946098024,1368.8599999990217,946.528575932807
58944,30.713294946098024,1368.8799999990217,946.5321854115232
58945,30.713294946098024,1368.8999999990217,946.5357948293858
58946,30.713294946098024,1368.9199999990217,946.5394041863954
58947,30.713294946098024,1368.9399999990217,946.543013482552
58948,30.713294946098024,1368.9599999990216,946.5466227178562
58949,30.713294946098024,1368.9799999990216,946.550231892308
58950,30.713294946098024,1368.9999999990216,946.5538410059079
58951,30.713294946098024,1369.0199999990216,946.5574500586561
58952,30.713294946098024,1369.0399999990216,946.5610590505529
58953,30.713294946098024,1369.0599999990216,946.5646679815986
58954,30.713294946098024,1369.0799999990215,946.5682768517936
58955,30.713294946098024,1369.0999999990215,946.571885661138
58956,30.713294946098024,1369.1199999990215,946.5754944096323
58957,30.713294946098024,1369.1399999990215,946.5791030972766
58958,30.713294946098024,1369.1599999990215,946.5827117240714
58959,30.713294946098024,1369.1799999990214,946.5863202900168
58960,30.713294946098024,1369.1999999990214,946.5899287951133
58961,30.713294946098024,1369.2199999990214,946.5935372393611
58962,30.713294946098024,1369.2399999990214,946.5971456227604
58963,30.713294946098024,1369.2599999990214,946.6007539453117
58964,30.713294946098024,1369.2799999990214,946.604362207015
58965,30.713294946098024,1369.2999999990213,946.6079704078709
58966,30.713294946098024,1369.3199999990213,946.6115785478795
58967,30.713294946098024,1369.3399999990213,946.6151866270412
58968,30.713294946098024,1369.3599999990213,946.6187946453563
58969,30.713294946098024,1369.3799999990213,946.622402602825
58970,30.713294946098024,1369.3999999990212,946.6260104994476
58971,30.713294946098024,1369.4199999990212,946.6296183352244
58972,30.713294946098024,1369.4399999990212,946.6332261101559
58973,30.713294946098024,1369.4599999990212,946.6368338242421
58974,30.713294946098024,1369.4799999990212,946.6404414774835
58975,30.713294946098024,1369.4999999990212,946.6440490698803
58976,30.713294946098024,1369.5199999990211,946.6476566014329
58977,30.713294946098024,1369.5399999990211,946.6512640721479
58978,30.713294946098024,1369.559999999021,946.6548714820981
58979,30.713294946098024,1369.579999999021,946.6584788312986
58980,30.713294946098024,1369.599999999021,946.6620861197497
58981,30.713294946098024,1369.619999999021,946.6656933474517
58982,30.713294946098024,1369.639999999021,946.6693005144049
58983,30.713294946098024,1369.659999999021,946.6729076206096
58984,30.713294946098024,1369.679999999021,946.6765146660662
58985,30.713294946098024,1369.699999999021,946.6801216507748
58986,30.713294946098024,1369.719999999021,946.6837285747359
58987,30.713294946098024,1369.739999999021,946.6873354379497
58988,30.713294946098024,1369.759999999021,946.6909422404166
58989,30.713294946098024,1369.779999999021,946.6945489821367
58990,30.713294946098024,1369.7999999990209,946.6981556631104
58991,30.713294946098024,1369.8199999990209,946.701762283338
58992,30.713294946098024,1369.8399999990208,946.7053688428198
58993,30.713294946098024,1369.8599999990208,946.7089753415561
58994,30.713294946098024,1369.8799999990208,946.7125817795471
58995,30.713294946098024,1369.8999999990208,946.7161881567932
58996,30.713294946098024,1369.9199999990208,946.7197944732948
58997,30.713294946098024,1369.9399999990208,946.723400729052
58998,30.713294946098024,1369.9599999990207,946.7270069240651
58999,30.713294946098024,1369.9799999990207,946.7306130583345
59000,30.713294946098024,1369.9999999990207,946.7342191318605
59001,30.713294946098024,1370.0199999990207,946.7378251446434
59002,30.713294946098024,1370.0399999990207,946.7414310966834
59003,30.713294946098024,1370.0599999990206,946.7450369879809
59004,30.713294946098024,1370.0799999990206,946.7486428185362
59005,30.713294946098024,1370.0999999990206,946.7522485883494
59006,30.713294946098024,1370.1199999990206,946.755854297421
59007,30.713294946098024,1370.1399999990206,946.7594599457514
59008,30.713294946098024,1370.1599999990206,946.7630655333406
59009,30.713294946098024,1370.1799999990205,946.7666710601891
59010,30.713294946098024,1370.1999999990205,946.7702765262972
59011,30.713294946098024,1370.2199999990205,946.773881931665
59012,30.713294946098024,1370.2399999990205,946.777487276293
59013,30.713294946098024,1370.2599999990205,946.7810925601814
59014,30.713294946098024,1370.2799999990204,946.7846977833306
59015,30.713294946098024,1370.2999999990204,946.7883029457407
59016,30.713294946098024,1370.3199999990204,946.7919080474122
59017,30.713294946098024,1370.3399999990204,946.7955130883453
59018,30.713294946098024,1370.3599999990204,946.7991180685403
59019,30.713294946098024,1370.3799999990204,946.8027229879975
59020,30.713294946098024,1370.3999999990203,946.8063278467173
59021,30.713294946098024,1370.4199999990203,946.8099326446999
59022,30.713294946098024,1370.4399999990203,946.8135373819455
59023,30.713294946098024,1370.4599999990203,946.8171420584545
59024,30.713294946098024,1370.4799999990203,946.8207466742272
59025,30.713294946098024,1370.4999999990202,946.8243512292639
59026,30.713294946098024,1370.5199999990202,946.827955723565
59027,30.713294946098024,1370.5399999990202,946.8315601571305
59028,30.713294946098024,1370.5599999990202,946.835164529969
59029,30.713294946098024,1370.5799999990202,946.838768842163
59030,30.713294946098024,1370.5999999990202,946.8423730937226
59031,30.713294946098024,1370.6199999990201,946.8459772846483
59032,30.713294946098024,1370.6399999990201,946.8495814149403
59033,30.713294946098024,1370.65999999902,946.853185484599
59034,30.713294946098024,1370.67999999902,946.8567894936245
59035,30.713294946098024,1370.69999999902,946.8603934420173
59036,30.713294946098024,1370.71999999902,946.8639973297776
59037,30.713294946098024,1370.73999999902,946.8676011569057
59038,30.713294946098024,1370.75999999902,946.8712049234019
59039,30.713294946098024,1370.77999999902,946.8748086292666
59040,30.713294946098024,1370.79999999902,946.8784122744999
59041,30.713294946098024,1370.81999999902,946.8820158591022
59042,30.713294946098024,1370.83999999902,946.8856193830738
59043,30.713294946098024,1370.85999999902,946.8892228464151
59044,30.713294946098024,1370.87999999902,946.8928262491263
59045,30.713294946098024,1370.8999999990199,946.8964295912076
59046,30.713294946098024,1370.9199999990199,946.9000328726595
59047,30.713294946098024,1370.9399999990198,946.9036360934821
59048,30.713294946098024,1370.9599999990198,946.9072392536758
59049,30.713294946098024,1370.9799999990198,946.9108423532409
59050,30.713294946098024,1370.9999999990198,946.9144453921778
59051,30.713294946098024,1371.0199999990198,946.9180483704865
59052,30.713294946098024,1371.0399999990198,946.9216512881676
59053,30.713294946098024,1371.0599999990197,946.9252541452213
59054,30.713294946098024,1371.0799999990197,946.9288569416478
59055,30.713294946098024,1371.0999999990197,946.9324596774476
59056,30.713294946098024,1371.1199999990197,946.9360623526208
59057,30.713294946098024,1371.1399999990197,946.9396649671677
59058,30.713294946098024,1371.1599999990196,946.9432675210887
59059,30.713294946098024,1371.1799999990196,946.9468700143841
59060,30.713294946098024,1371.1999999990196,946.9504724470542
59061,30.713294946098024,1371.2199999990196,946.9540748190992
59062,30.713294946098024,1371.2399999990196,946.9576771305195
59063,30.713294946098024,1371.2599999990196,946.9612793813153
59064,30.713294946098024,1371.2799999990195,946.964881571487
59065,30.713294946098024,1371.2999999990195,946.9684837010349
59066,30.713294946098024,1371.3199999990195,946.9720857699592
59067,30.713294946098024,1371.3399999990195,946.9756877782603
59068,30.713294946098024,1371.3599999990195,946.9792897259384
59069,30.67450723566722,1371.3799999990194,946.9828916129939
59070,30.67450723566722,1371.3999999990194,946.9864934394269
59071,30.67450723566722,1371.4199999990194,946.9900952052379
59072,30.67450723566722,1371.4399999990194,946.9936969104272
59073,30.67450723566722,1371.4599999990194,946.9972985549949
59074,30.67450723566722,1371.4799999990194,947.0009001389416
59075,30.67450723566722,1371.4999999990193,947.0045016622673
59076,30.67450723566722,1371.5199999990193,947.0081031249725
59077,30.67450723566722,1371.5399999990193,947.0117045270574
59078,30.67450723566722,1371.5599999990193,947.0153058685223
59079,30.67450723566722,1371.5799999990193,947.0189071493785
59080,30.67450723566722,1371.5999999990192,947.0225083696955
59081,30.67450723566722,1371.6199999990192,947.0261095294802
59082,30.67450723566722,1371.6399999990192,947.0297106287328
59083,30.67450723566722,1371.6599999990192,947.0333116674536
59084,30.67450723566722,1371.6799999990192,947.0369126456429
59085,30.67450723566722,1371.6999999990192,947.040513563301
59086,30.67450723566722,1371.7199999990191,947.0441144204283
59087,30.67450723566722,1371.7399999990191,947.0477152170249
59088,30.67450723566722,1371.759999999019,947.0513159530914
59089,30.67450723566722,1371.779999999019,947.0549166286278
59090,30.67450723566722,1371.799999999019,947.0585172436345
59091,30.67450723566722,1371.819999999019,947.0621177981118
59092,30.67450723566722,1371.839999999019,947.0657182920601
59093,30.67450723566722,1371.859999999019,947.0693187254795
59094,30.67450723566722,1371.879999999019,947.0729190983706
59095,30.67450723566722,1371.899999999019,947.0765194107333
59096,30.67450723566722,1371.919999999019,947.0801196625682
59097,30.67450723566722,1371.939999999019,947.0837198538756
59098,30.67450723566722,1371.959999999019,947.0873199846556
59099,30.67450723566722,1371.979999999019,947.0909200549086
59100,30.67450723566722,1371.9999999990189,947.0945200646348
59101,30.67450723566722,1372.0199999990189,947.0981200138347
59102,30.67450723566722,1372.0399999990188,947.1017199025084
59103,30.67450723566722,1372.0599999990188,947.1053197306563
59104,30.67450723566722,1372.0799999990188,947.1089194982787
59105,30.67450723566722,1372.0999999990188,947.112519205376
59106,30.67450723566722,1372.1199999990188,947.1161188519483
59107,30.67450723566722,1372.1399999990188,947.119718437996
59108,30.67450723566722,1372.1599999990187,947.1233179635193
59109,30.67450723566722,1372.1799999990187,947.1269174285186
59110,30.67450723566722,1372.1999999990187,947.1305168329942
59111,30.67450723566722,1372.2199999990187,947.1341161769463
59112,30.67450723566722,1372.2399999990187,947.1377154603754
59113,30.67450723566722,1372.2599999990186,947.1413146832816
59114,30.67450723566722,1372.2799999990186,947.1449138456653
59115,30.67450723566722,1372.2999999990186,947.1485129475268
59116,30.67450723566722,1372.3199999990186,947.1521119888663
59117,30.67450723566722,1372.3399999990186,947.1557109696842
59118,30.67450723566722,1372.3599999990186,947.1593098899807
59119,30.67450723566722,1372.3799999990185,947.1629087497562
59120,30.67450723566722,1372.3999999990185,947.1665075490109
59121,30.67450723566722,1372.4199999990185,947.1701062877452
59122,30.67450723566722,1372.4399999990185,947.1737049659592
59123,30.67450723566722,1372.4599999990185,947.1773035836535
59124,30.67450723566722,1372.4799999990184,947.1809021408283
59125,30.67450723566722,1372.4999999990184,947.1845006374837
59126,30.67450723566722,1372.5199999990184,947.1880990736202
59127,30.67450723566722,1372.5399999990184,947.191697449238
59128,30.67450723566722,1372.5599999990184,947.1952957643374
59129,30.67450723566722,1372.5799999990184,947.1988940189187
59130,30.67450723566722,1372.5999999990183,947.2024922129995
59131,30.67450723566722,1372.6199999990183,947.2060903466495
59132,30.67450723566722,1372.6399999990183,947.209688419875
59133,30.67450723566722,1372.6599999990183,947.2132864326762
59134,30.67450723566722,1372.6799999990183,947.2168843850535
59135,30.67450723566722,1372.6999999990182,947.2204822770071
59136,30.67450723566722,1372.7199999990182,947.2240801085375
59137,30.67450723566722,1372.7399999990182,947.2276778796447
59138,30.67450723566722,1372.7599999990182,947.2312755903292
59139,30.67450723566722,1372.7799999990182,947.2348732405914
59140,30.67450723566722,1372.7999999990182,947.2384708304313
59141,30.67450723566722,1372.8199999990181,947.2420683598493
59142,30.67450723566722,1372.8399999990181,947.2456658288459
59143,30.67450723566722,1372.859999999018,947.2492632374211
59144,30.67450723566722,1372.879999999018,947.2528605855754
59145,30.67450723566722,1372.899999999018,947.256457873309
59146,30.67450723566722,1372.919999999018,947.2600551006224
59147,30.67450723566722,1372.939999999018,947.2636522675156
59148,30.67450723566722,1372.959999999018,947.267249373989
59149,30.67450723566722,1372.979999999018,947.270846420043
59150,30.67450723566722,1372.999999999018,947.2744434056777
59151,30.67450723566722,1373.019999999018,947.2780403308936
59152,30.67450723566722,1373.039999999018,947.281637195691
59153,30.67450723566722,1373.059999999018,947.2852340000701
59154,30.67450723566722,1373.079999999018,947.2888307440312
59155,30.67450723566722,1373.0999999990179,947.2924274275747
59156,30.67450723566722,1373.1199999990179,947.2960240507008
59157,30.67450723566722,1373.1399999990178,947.2996206134098
59158,30.67450723566722,1373.1599999990178,947.3032171157021
59159,30.67450723566722,1373.1799999990178,947.3068135575778
59160,30.67450723566722,1373.1999999990178,947.3104099390374
59161,30.67450723566722,1373.2199999990178,947.3140062600811
59162,30.67450723566722,1373.2399999990178,947.3176025207092
59163,30.67450723566722,1373.2599999990177,947.3211987209221
59164,30.67450723566722,1373.2799999990177,947.32479486072
59165,30.67450723566722,1373.2999999990177,947.3283909401032
59166,30.67450723566722,1373.3199999990177,947.331986959072
59167,30.67450723566722,1373.3399999990177,947.3355829176267
59168,30.67450723566722,1373.3599999990176,947.3391788157676
59169,30.67450723566722,1373.3799999990176,947.342774653495
59170,30.67450723566722,1373.3999999990176,947.3463704308092
59171,30.67450723566722,1373.4199999990176,947.3499661477106
59172,30.67450723566722,1373.4399999990176,947.3535618041993
59173,30.67450723566722,1373.4599999990176,947.3571574002758
59174,30.67450723566722,1373.4799999990175,947.3607529359402
59175,30.67450723566722,1373.4999999990175,947.364348411193
59176,30.67450723566722,1373.5199999990175,947.3679438260343
59177,30.67450723566722,1373.5399999990175,947.3715391804645
59178,30.67450723566722,1373.5599999990175,947.375134474484
59179,30.67450723566722,1373.5799999990174,947.3787297080929
59180,30.67450723566722,1373.5999999990174,947.3823248812917
59181,30.67450723566722,1373.6199999990174,947.3859199941031
59182,30.67450723566722,1373.6399999990174,947.3895150465928
59183,30.67450723566722,1373.6599999990174,947.3931100387659
59184,30.67450723566722,1373.6799999990174,947.3967049706226
59185,30.67450723566722,1373.6999999990173,947.4002998421633
59186,30.67450723566722,1373.7199999990173,947.4038946533883
59187,30.67450723566722,1373.7399999990173,947.4074894042977
59188,30.67450723566722,1373.7599999990173,947.4110840948921
59189,30.67450723566722,1373.7799999990173,947.4146787251716
59190,30.67450723566722,1373.7999999990172,947.4182732951365
59191,30.67450723566722,1373.8199999990172,947.4218678047872
59192,30.67450723566722,1373.8399999990172,947.4254622541239
59193,30.67450723566722,1373.8599999990172,947.429056643147
59194,30.67450723566722,1373.8799999990172,947.4326509718567
59195,30.67450723566722,1373.8999999990172,947.4362452402534
59196,30.67450723566722,1373.9199999990171,947.4398394483372
59197,30.67450723566722,1373.9399999990171,947.4434335961087
59198,30.67450723566722,1373.959999999017,947.447027683568
59199,30.67450723566722,1373.979999999017,947.4506217107154
59200,30.67450723566722,1373.999999999017,947.4542156775512
59201,30.67450723566722,1374.019999999017,947.4578095840759
59202,30.67450723566722,1374.039999999017,947.4614034302896
59203,30.67450723566722,1374.059999999017,947.4649972161926
59204,30.67450723566722,1374.079999999017,947.4685909417854
59205,30.67450723566722,1374.099999999017,947.472184607068
59206,30.67450723566722,1374.119999999017,947.475778212041
59207,30.67450723566722,1374.139999999017,947.4793717567044
59208,30.67450723566722,1374.159999999017,947.4829652410587
59209,30.67450723566722,1374.179999999017,947.4865586651041
59210,30.67450723566722,1374.1999999990169,947.490152028841
59211,30.67450723566722,1374.2199999990169,947.4937453322696
59212,30.67450723566722,1374.2399999990168,947.4973385753902
59213,30.67450723566722,1374.2599999990168,947.5009317582033
59214,30.67450723566722,1374.2799999990168,947.5045248807089
59215,30.67450723566722,1374.2999999990168,947.5081179429075
59216,30.67450723566722,1374.3199999990168,947.5117109447992
59217,30.67450723566722,1374.3399999990168,947.5153038863846
59218,30.67450723566722,1374.3599999990167,947.5188967676637
59219,30.67450723566722,1374.3799999990167,947.522489588637
59220,30.67450723566722,1374.3999999990167,947.5260823493047
59221,30.67450723566722,1374.4199999990167,947.5296750496672
59222,30.67450723566722,1374.4399999990167,947.5332676897247
59223,30.67450723566722,1374.4599999990166,947.5368602694775
59224,30.67450723566722,1374.4799999990166,947.540452788926
59225,30.67450723566722,1374.4999999990166,947.5440452480705
59226,30.67450723566722,1374.5199999990166,947.5476376469111
59227,30.67450723566722,1374.5399999990166,947.5512299854482
59228,30.67450723566722,1374.5599999990166,947.5548222636822
59229,30.67450723566722,1374.5799999990165,947.5584144816133
59230,30.67450723566722,1374.5999999990165,947.5620066392419
59231,30.67450723566722,1374.6199999990165,947.5655987365682
59232,30.67450723566722,1374.6399999990165,947.5691907736206
59233,30.67450723566722,1374.6599999990165,947.5727827504603
59234,30.67450723566722,1374.6799999990164,947.5763746670914
59235,30.67450723566722,1374.6999999990164,947.5799665235141
59236,30.67450723566722,1374.7199999990164,947.5835583197288
59237,30.67450723566722,1374.7399999990164,947.5871500557357
59238,30.67450723566722,1374.7599999990164,947.5907417315351
59239,30.67450723566722,1374.7799999990164,947.5943333471273
59240,30.67450723566722,1374.7999999990163,947.5979249025127
59241,30.67450723566722,1374.8199999990163,947.6015163976914
59242,30.67450723566722,1374.8399999990163,947.6051078326639
59243,30.67450723566722,1374.8599999990163,947.6086992074304
59244,30.67450723566722,1374.8799999990163,947.6122905219912
59245,30.67450723566722,1374.8999999990162,947.6158817763467
59246,30.67450723566722,1374.9199999990162,947.6194729704971
59247,30.67450723566722,1374.9399999990162,947.6230641044427
59248,30.67450723566722,1374.9599999990162,947.6266551781839
59249,30.67450723566722,1374.9799999990162,947.630246191721
59250,30.67450723566722,1374.9999999990162,947.6338371450541
59251,30.67450723566722,1375.0199999990161,947.6374280381838
59252,30.67450723566722,1375.0399999990161,947.6410188711101
59253,30.67450723566722,1375.059999999016,947.6446096438334
59254,30.67450723566722,1375.079999999016,947.6482003563541
59255,30.67450723566722,1375.099999999016,947.6517910086724
59256,30.67450723566722,1375.119999999016,947.6553816007886
59257,30.67450723566722,1375.139999999016,947.6589721327031
59258,30.67450723566722,1375.159999999016,947.662562604416
59259,30.67450723566722,1375.179999999016,947.6661530159279
59260,30.67450723566722,1375.199999999016,947.6697433672389
59261,30.67450723566722,1375.219999999016,947.6733336583493
59262,30.67450723566722,1375.239999999016,947.6769238892595
59263,30.67450723566722,1375.259999999016,947.6805140599697
59264,30.67450723566722,1375.279999999016,947.6841041704803
59265,30.67450723566722,1375.2999999990159,947.6876942207915
59266,30.67450723566722,1375.3199999990159,947.6912842109036
59267,30.67450723566722,1375.3399999990158,947.694874140817
59268,30.67450723566722,1375.3599999990158,947.6984640105319
59269,30.67450723566722,1375.3799999990158,947.7020538200487
59270,30.67450723566722,1375.3999999990158,947.7056435693677
59271,30.67450723566722,1375.4199999990158,947.709233258489
59272,30.67450723566722,1375.4399999990158,947.7128228874132
59273,30.67450723566722,1375.4599999990157,947.7164124561403
59274,30.67450723566722,1375.4799999990157,947.7200019646708
59275,30.67450723566722,1375.4999999990157,947.723591413005
59276,30.67450723566722,1375.5199999990157,947.727180801143
59277,30.67450723566722,1375.5399999990157,947.7307701290854
59278,30.67450723566722,1375.5599999990156,947.7343593968322
59279,30.67450723566722,1375.5799999990156,947.737948604384
59280,30.67450723566722,1375.5999999990156,947.7415377517408
59281,30.67450723566722,1375.6199999990156,947.7451268389032
59282,30.67450723566722,1375.6399999990156,947.7487158658712
59283,30.67450723566722,1375.6599999990156,947.7523048326789
59284,30.67450723566722,1375.6799999990155,947.755893739383
59285,30.67450723566722,1375.6999999990155,947.7594825859866
59286,30.67450723566722,1375.7199999990155,947.7630713724898
59287,30.67450723566722,1375.7399999990155,947.766660098893
59288,30.67450723566722,1375.7599999990155,947.7702487651965
59289,30.67450723566722,1375.7799999990154,947.7738373714005
59290,30.67450723566722,1375.7999999990154,947.7774259175055
59291,30.67450723566722,1375.8199999990154,947.7810144035117
59292,30.67450723566722,1375.8399999990154,947.7846028294193
59293,30.67450723566722,1375.8599999990154,947.7881911952287
59294,30.67450723566722,1375.8799999990154,947.7917795009403
59295,30.67450723566722,1375.8999999990153,947.7953677465542
59296,30.67450723566722,1375.9199999990153,947.7989559320708
59297,30.67450723566722,1375.9399999990153,947.8025440574904
59298,30.67450723566722,1375.9599999990153,947.8061321228133
59299,30.67450723566722,1375.9799999990153,947.8097201280399
59300,30.67450723566722,1375.9999999990152,947.8133080731703
59301,30.67450723566722,1376.0199999990152,947.816895958205
59302,30.67450723566722,1376.0399999990152,947.8204837831441
59303,30.67450723566722,1376.0599999990152,947.8240715479881
59304,30.67450723566722,1376.0799999990152,947.8276592527371
59305,30.67450723566722,1376.0999999990152,947.8312468973916
59306,30.67450723566722,1376.1199999990151,947.8348344819517
59307,30.67450723566722,1376.1399999990151,947.8384220064179
59308,30.67450723566722,1376.159999999015,947.8420094707903
59309,30.67450723566722,1376.179999999015,947.8455968750695
59310,30.67450723566722,1376.199999999015,947.8491842192556
59311,30.67450723566722,1376.219999999015,947.8527715033489
59312,30.67450723566722,1376.239999999015,947.8563587273496
59313,30.67450723566722,1376.259999999015,947.8599458912582
59314,30.67450723566722,1376.279999999015,947.8635329950749
59315,30.67450723566722,1376.299999999015,947.8671200388001
59316,30.67450723566722,1376.319999999015,947.870707022434
59317,30.67450723566722,1376.339999999015,947.8742939459769
59318,30.67450723566722,1376.359999999015,947.8778808094291
59319,30.67450723566722,1376.379999999015,947.8814676127911
59320,30.67450723566722,1376.3999999990149,947.8850543560629
59321,30.67450723566722,1376.4199999990149,947.888641039245
59322,30.67450723566722,1376.4399999990148,947.8922276623376
59323,30.67450723566722,1376.4599999990148,947.895814225341
59324,30.67450723566722,1376.4799999990148,947.8994007282556
59325,30.67450723566722,1376.4999999990148,947.9029871710816
59326,30.67450723566722,1376.5199999990148,947.9065735538194
59327,30.67450723566722,1376.5399999990148,947.9101598764692
59328,30.67450723566722,1376.5599999990147,947.9137461390313
59329,30.67450723566722,1376.5799999990147,947.9173323415062
59330,30.67450723566722,1376.5999999990147,947.9209184838938
59331,30.67450723566722,1376.6199999990147,947.9245045661949
59332,30.67450723566722,1376.6399999990147,947.9280905884094
59333,30.67450723566722,1376.6599999990146,947.9316765505378
59334,30.67450723566722,1376.6799999990146,947.9352624526219
59335,30.67450723566722,1376.6999999990146,947.9388482947181
59336,30.67450723566722,1376.7199999990146,947.942434076828
59337,30.67450723566722,1376.7399999990146,947.9460197989521
59338,30.67450723566722,1376.7599999990146,947.9496054610905
59339,30.67450723566722,1376.7799999990145,947.9531910632437
59340,30.67450723566722,1376.7999999990145,947.9567766054118
59341,30.67450723566722,1376.8199999990145,947.9603620875954
59342,30.67450723566722,1376.8399999990145,947.9639475097946
59343,30.67450723566722,1376.8599999990145,947.9675328720097
59344,30.67450723566722,1376.8799999990144,947.9711181742409
59345,30.67450723566722,1376.8999999990144,947.9747034164888
59346,30.67450723566722,1376.9199999990144,947.9782885987535
59347,30.67450723566722,1376.9399999990144,947.9818737210353
59348,30.67450723566722,1376.9599999990144,947.9854587833346
59349,30.67450723566722,1376.9799999990144,947.9890437856516
59350,30.67450723566722,1376.9999999990143,947.9926287279866
59351,30.67450723566722,1377.0199999990143,947.99621361034
59352,30.67450723566722,1377.0399999990143,947.999798432712
59353,30.67450723566722,1377.0599999990143,948.0033831951031
59354,30.67450723566722,1377.0799999990143,948.0069678975134
59355,30.67450723566722,1377.0999999990142,948.0105525399432
59356,30.67450723566722,1377.1199999990142,948.0141371223929
59357,30.67450723566722,1377.1399999990142,948.0177216448627
59358,30.63580109799019,1377.1599999990142,948.0213061073531
59359,30.63580109799019,1377.1799999990142,948.0248905098642
59360,30.63580109799019,1377.1999999990142,948.0284748523965
59361,30.63580109799019,1377.2199999990141,948.03205913495
59362,30.63580109799019,1377.2399999990141,948.0356433575253
59363,30.63580109799019,1377.259999999014,948.0392275201225
59364,30.63580109799019,1377.279999999014,948.0428116227421
59365,30.63580109799019,1377.299999999014,948.0463956653842
59366,30.63580109799019,1377.319999999014,948.0499796480493
59367,30.63580109799019,1377.339999999014,948.0535635707375
59368,30.63580109799019,1377.359999999014,948.0571474334492
59369,30.63580109799019,1377.379999999014,948.0607312361848
59370,30.63580109799019,1377.399999999014,948.0643149789445
59371,30.63580109799019,1377.419999999014,948.0678986617286
59372,30.63580109799019,1377.439999999014,948.0714822845374
59373,30.63580109799019,1377.459999999014,948.0750658473712
59374,30.63580109799019,1377.479999999014,948.0786493502303
59375,30.63580109799019,1377.4999999990139,948.082232793115
59376,30.63580109799019,1377.5199999990139,948.0858161760257
59377,30.63580109799019,1377.5399999990138,948.0893994989626
59378,30.63580109799019,1377.5599999990138,948.092982761926
59379,30.63580109799019,1377.5799999990138,948.0965659649163
59380,30.63580109799019,1377.5999999990138,948.1001491079337
59381,30.63580109799019,1377.6199999990138,948.1037321909786
59382,30.63580109799019,1377.6399999990138,948.1073152140511
59383,30.63580109799019,1377.6599999990137,948.1108981771517
59384,30.63580109799019,1377.6799999990137,948.1144810802807
59385,30.63580109799019,1377.6999999990137,948.1180639234793
59386,30.63580109799019,1377.7199999990137,948.1216467067919
59387,30.63580109799019,1377.7399999990137,948.1252294302192
59388,30.63580109799019,1377.7599999990136,948.1288120937613
59389,30.63580109799019,1377.7799999990136,948.1323946974187
59390,30.63580109799019,1377.7999999990136,948.1359772411917
59391,30.63580109799019,1377.8199999990136,948.1395597250805
59392,30.63580109799019,1377.8399999990136,948.1431421490855
59393,30.63580109799019,1377.8599999990136,948.146724513207
59394,30.63580109799019,1377.8799999990135,948.1503068174452
59395,30.63580109799019,1377.8999999990135,948.1538890618004
59396,30.63580109799019,1377.9199999990135,948.1574712462731
59397,30.63580109799019,1377.9399999990135,948.1610533708634
59398,30.63580109799019,1377.9599999990135,948.1646354355718
59399,30.63580109799019,1377.9799999990134,948.1682174403984
59400,30.63580109799019,1377.9999999990134,948.1717993853437
59401,30.63580109799019,1378.0199999990134,948.1753812704078
59402,30.63580109799019,1378.0399999990134,948.1789630955911
59403,30.63580109799019,1378.0599999990134,948.182544860894
59404,30.63580109799019,1378.0799999990134,948.1861265663167
59405,30.63580109799019,1378.0999999990133,948.1897082118595
59406,30.63580109799019,1378.1199999990133,948.1932897975228
59407,30.63580109799019,1378.1399999990133,948.1968713233067
59408,30.63580109799019,1378.1599999990133,948.2004527892117
59409,30.63580109799019,1378.1799999990133,948.204034195238
59410,30.63580109799019,1378.1999999990132,948.207615541386
59411,30.63580109799019,1378.2199999990132,948.2111968276558
59412,30.63580109799019,1378.2399999990132,948.214778054048
59413,30.63580109799019,1378.2599999990132,948.2183592205628
59414,30.63580109799019,1378.2799999990132,948.2219403272004
59415,30.63580109799019,1378.2999999990132,948.2255213739611
59416,30.63580109799019,1378.3199999990131,948.2291023608453
59417,30.63580109799019,1378.3399999990131,948.2326832878533
59418,30.63580109799019,1378.359999999013,948.2362641549854
59419,30.63580109799019,1378.379999999013,948.2398449622418
59420,30.63580109799019,1378.399999999013,948.243425709623
59421,30.63580109799019,1378.419999999013,948.2470063971291
59422,30.63580109799019,1378.439999999013,948.2505870247605
59423,30.63580109799019,1378.459999999013,948.2541675925175
59424,30.63580109799019,1378.479999999013,948.2577481004005
59425,30.63580109799019,1378.499999999013,948.2613285484097
59426,30.63580109799019,1378.519999999013,948.2649089365453
59427,30.63580109799019,1378.539999999013,948.2684892648078
59428,30.63580109799019,1378.559999999013,948.2720695331974
59429,30.63580109799019,1378.579999999013,948.2756497417143
59430,30.63580109799019,1378.5999999990129,948.279229890359
59431,30.63580109799019,1378.6199999990129,948.2828099791318
59432,30.63580109799019,1378.6399999990128,948.2863900080329
59433,30.63580109799019,1378.6599999990128,948.2899699770626
59434,30.63580109799019,1378.6799999990128,948.2935498862213
59435,30.63580109799019,1378.6999999990128,948.2971297355099
59436,30.63580109799019,1378.7199999990128,948.3007095249775
59437,30.63580109799019,1378.7399999990128,948.3042892546666
59438,30.63580109799019,1378.7599999990127,948.3078689245776
59439,30.63580109799019,1378.7799999990127,948.3114485347107
59440,30.63580109799019,1378.7999999990127,948.3150280850663
59441,30.63580109799019,1378.8199999990127,948.3186075756446
59442,30.63580109799019,1378.8399999990127,948.322187006446
59443,30.63580109799019,1378.8599999990126,948.3257663774708
59444,30.63580109799019,1378.8799999990126,948.3293456887193
59445,30.63580109799019,1378.8999999990126,948.3329249401917
59446,30.63580109799019,1378.9199999990126,948.3365041318884
59447,30.63580109799019,1378.9399999990126,948.3400832638098
59448,30.63580109799019,1378.9599999990126,948.343662335956
59449,30.63580109799019,1378.9799999990125,948.3472413483274
59450,30.63580109799019,1378.9999999990125,948.3508203009244
59451,30.63580109799019,1379.0199999990125,948.3543991937471
59452,30.63580109799019,1379.0399999990125,948.357978026796
59453,30.63580109799019,1379.0599999990125,948.3615568000713
59454,30.63580109799019,1379.0799999990124,948.3651355135734
59455,30.63580109799019,1379.0999999990124,948.3687141673024
59456,30.63580109799019,1379.1199999990124,948.3722927612588
59457,30.63580109799019,1379.1399999990124,948.3758712954428
59458,30.63580109799019,1379.1599999990124,948.3794497698549
59459,30.63580109799019,1379.1799999990124,948.3830281844952
59460,30.63580109799019,1379.1999999990123,948.386606539364
59461,30.63580109799019,1379.2199999990123,948.3901848344617
59462,30.63580109799019,1379.2399999990123,948.3937630697886
59463,30.63580109799019,1379.2599999990123,948.397341245345
59464,30.63580109799019,1379.2799999990123,948.4009193611312
59465,30.63580109799019,1379.2999999990122,948.4044974171475
59466,30.63580109799019,1379.3199999990122,948.4080754133942
59467,30.63580109799019,1379.3399999990122,948.4116533498715
59468,30.63580109799019,1379.3599999990122,948.4152312265799
59469,30.63580109799019,1379.3799999990122,948.4188090435196
59470,30.63580109799019,1379.3999999990122,948.4223868006909
59471,30.63580109799019,1379.4199999990121,948.4259644980941
59472,30.63580109799019,1379.4399999990121,948.4295421357295
59473,30.63580109799019,1379.459999999012,948.4331197135975
59474,30.63580109799019,1379.479999999012,948.4366972316984
59475,30.63580109799019,1379.499999999012,948.4402746900324
59476,30.63580109799019,1379.519999999012,948.4438520885999
59477,30.63580109799019,1379.539999999012,948.4474294274011
59478,30.63580109799019,1379.559999999012,948.4510067064364
59479,30.63580109799019,1379.579999999012,948.4545839257061
59480,30.63580109799019,1379.599999999012,948.4581610852103
59481,30.63580109799019,1379.619999999012,948.4617381849497
59482,30.63580109799019,1379.639999999012,948.4653152249242
59483,30.63580109799019,1379.659999999012,948.4688922051344
59484,30.63580109799019,1379.679999999012,948.4724691255805
59485,30.63580109799019,1379.6999999990119,948.4760459862628
59486,30.63580109799019,1379.7199999990119,948.4796227871833
59487,30.63580109799019,1379.7399999990118,948.4831995283955
59488,30.63580109799019,1379.7599999990118,948.4867762099366
59489,30.63580109799019,1379.7799999990118,948.4903528318067
59490,30.63580109799019,1379.7999999990118,948.4939293940064
59491,30.63580109799019,1379.8199999990118,948.4975058965358
59492,30.63580109799019,1379.8399999990118,948.5010823393953
59493,30.63580109799019,1379.8599999990117,948.5046587225852
59494,30.63580109799019,1379.8799999990117,948.5082350461057
59495,30.63580109799019,1379.8999999990117,948.5118113099572
59496,30.63580109799019,1379.9199999990117,948.5153875141401
59497,30.63580109799019,1379.9399999990117,948.5189636586546
59498,30.63580109799019,1379.9599999990116,948.5225397435009
59499,30.63580109799019,1379.9799999990116,948.5261157686795
59500,30.63580109799019,1379.9999999990116,948.5296917341906
59501,30.63580109799019,1380.0199999990116,948.5332676400345
59502,30.63580109799019,1380.0399999990116,948.5368434862116
59503,30.63580109799019,1380.0599999990116,948.5404192727221
59504,30.63580109799019,1380.0799999990115,948.5439949995664
59505,30.63580109799019,1380.0999999990115,948.5475706667447
59506,30.63580109799019,1380.1199999990115,948.5511462742575
59507,30.63580109799019,1380.1399999990115,948.5547218221049
59508,30.63580109799019,1380.1599999990115,948.5582973102872
59509,30.63580109799019,1380.1799999990114,948.5618727388048
59510,30.63580109799019,1380.1999999990114,948.5654481076581
59511,30.63580109799019,1380.2199999990114,948.5690234168472
59512,30.63580109799019,1380.2399999990114,948.5725986663725
59513,30.63580109799019,1380.2599999990114,948.5761738562344
59514,30.63580109799019,1380.2799999990114,948.5797489864331
59515,30.63580109799019,1380.2999999990113,948.5833240569689
59516,30.63580109799019,1380.3199999990113,948.5868990678421
59517,30.63580109799019,1380.3399999990113,948.590474019053
59518,30.63580109799019,1380.3599999990113,948.5940489106019
59519,30.63580109799019,1380.3799999990113,948.5976237424893
59520,30.63580109799019,1380.3999999990112,948.6011985147153
59521,30.63580109799019,1380.4199999990112,948.6047732272802
59522,30.63580109799019,1380.4399999990112,948.6083478801845
59523,30.63580109799019,1380.4599999990112,948.6119224734283
59524,30.63580109799019,1380.4799999990112,948.615497007012
59525,30.63580109799019,1380.4999999990112,948.6190714809359
59526,30.63580109799019,1380.5199999990111,948.6226458952002
59527,30.63580109799019,1380.5399999990111,948.6262202498053
59528,30.63580109799019,1380.559999999011,948.6297945447516
59529,30.63580109799019,1380.579999999011,948.6333687800392
59530,30.63580109799019,1380.599999999011,948.6369429556686
59531,30.63580109799019,1380.619999999011,948.64051707164
59532,30.63580109799019,1380.639999999011,948.6440911279537
59533,30.63580109799019,1380.659999999011,948.6476651246101
59534,30.63580109799019,1380.679999999011,948.6512390616093
59535,30.63580109799019,1380.699999999011,948.6548129389519
59536,30.63580109799019,1380.719999999011,948.6583867566379
59537,30.63580109799019,1380.739999999011,948.6619605146708
59538,30.63580109799019,1380.759999999011,948.6655342131081
59539,30.63580109799019,1380.779999999011,948.6691078519816
59540,30.63580109799019,1380.7999999990109,948.6726814312917
59541,30.63580109799019,1380.8199999990109,948.6762549510387
59542,30.63580109799019,1380.8399999990108,948.6798284112228
59543,30.63580109799019,1380.8599999990108,948.6834018118444
59544,30.63580109799019,1380.8799999990108,948.6869751529039
59545,30.63580109799019,1380.8999999990108,948.6905484344014
59546,30.63580109799019,1380.9199999990108,948.6941216563373
59547,30.63580109799019,1380.9399999990108,948.697694818712
59548,30.63580109799019,1380.9599999990107,948.7012679215256
59549,30.63580109799019,1380.9799999990107,948.7048409647787
59550,30.63580109799019,1380.9999999990107,948.7084139484713
59551,30.63580109799019,1381.0199999990107,948.7119868726038
59552,30.63580109799019,1381.0399999990107,948.7155597371766
59553,30.63580109799019,1381.0599999990106,948.71913254219
59554,30.63580109799019,1381.0799999990106,948.7227052876442
59555,30.63580109799019,1381.0999999990106,948.7262779735396
59556,30.63580109799019,1381.1199999990106,948.7298505998765
59557,30.63580109799019,1381.1399999990106,948.7334231666553
59558,30.63580109799019,1381.1599999990106,948.7369956738761
59559,30.63580109799019,1381.1799999990105,948.7405681215394
59560,30.63580109799019,1381.1999999990105,948.7441405096453
59561,30.63580109799019,1381.2199999990105,948.7477128381942
59562,30.63580109799019,1381.2399999990105,948.7512851071864
59563,30.63580109799019,1381.2599999990105,948.7548573166223
59564,30.63580109799019,1381.2799999990104,948.7584294665021
59565,30.63580109799019,1381.2999999990104,948.7620015568262
59566,30.63580109799019,1381.3199999990104,948.7655735875949
59567,30.63580109799019,1381.3399999990104,948.7691455588084
59568,30.63580109799019,1381.3599999990104,948.7727174704671
59569,30.63580109799019,1381.3799999990104,948.7762893225713
59570,30.63580109799019,1381.3999999990103,948.7798611151212
59571,30.63580109799019,1381.4199999990103,948.7834328481173
59572,30.63580109799019,1381.4399999990103,948.7870045215598
59573,30.63580109799019,1381.4599999990103,948.790576135449
59574,30.63580109799019,1381.4799999990103,948.7941476897852
59575,30.63580109799019,1381.4999999990102,948.7977191845687
59576,30.63580109799019,1381.5199999990102,948.8012906197998
59577,30.63580109799019,1381.5399999990102,948.8048619954789
59578,30.63580109799019,1381.5599999990102,948.8084333116062
59579,30.63580109799019,1381.5799999990102,948.8120045681821
59580,30.63580109799019,1381.5999999990102,948.8155757652069
59581,30.63580109799019,1381.6199999990101,948.8191469026807
59582,30.63580109799019,1381.6399999990101,948.8227179806041
59583,30.63580109799019,1381.65999999901,948.8262889989772
59584,30.63580109799019,1381.67999999901,948.8298599578005
59585,30.63580109799019,1381.69999999901,948.8334308570742
59586,30.63580109799019,1381.71999999901,948.8370016967986
59587,30.63580109799019,1381.73999999901,948.8405724769739
59588,30.63580109799019,1381.75999999901,948.8441431976045
59589,30.63580109799019,1381.77999999901,948.8477138587524
59590,30.63580109799019,1381.79999999901,948.8512844604442
59591,30.63580109799019,1381.81999999901,948.85485500268
59592,30.63580109799019,1381.83999999901,948.8584254854601
59593,30.63580109799019,1381.85999999901,948.8619959087849
59594,30.63580109799019,1381.87999999901,948.8655662726547
59595,30.63580109799019,1381.8999999990099,948.8691365770699
59596,30.63580109799019,1381.9199999990099,948.8727068220306
59597,30.63580109799019,1381.9399999990098,948.8762770075373
59598,30.63580109799019,1381.9599999990098,948.8798471335901
59599,30.63580109799019,1381.9799999990098,948.8834172001896
59600,30.63580109799019,1381.9999999990098,948.8869872073358
59601,30.63580109799019,1382.0199999990098,948.8905571550292
59602,30.63580109799019,1382.0399999990098,948.89412704327
59603,30.63580109799019,1382.0599999990097,948.8976968720586
59604,30.63580109799019,1382.0799999990097,948.9012666413953
59605,30.63580109799019,1382.0999999990097,948.9048363512803
59606,30.63580109799019,1382.1199999990097,948.9084060017141
59607,30.63580109799019,1382.1399999990097,948.9119755926969
59608,30.63580109799019,1382.1599999990096,948.915545124229
59609,30.63580109799019,1382.1799999990096,948.9191145963107
59610,30.63580109799019,1382.1999999990096,948.9226840089423
59611,30.63580109799019,1382.2199999990096,948.9262533621242
59612,30.63580109799019,1382.2399999990096,948.9298226558566
59613,30.63580109799019,1382.2599999990096,948.9333918901399
59614,30.63580109799019,1382.2799999990095,948.9369610649743
59615,30.63580109799019,1382.2999999990095,948.9405301803602
59616,30.63580109799019,1382.3199999990095,948.9440992362978
59617,30.63580109799019,1382.3399999990095,948.9476682327876
59618,30.63580109799019,1382.3599999990095,948.9512371698297
59619,30.63580109799019,1382.3799999990094,948.9548060474245
59620,30.63580109799019,1382.3999999990094,948.9583748655724
59621,30.63580109799019,1382.4199999990094,948.9619436242735
59622,30.63580109799019,1382.4399999990094,948.9655123235284
59623,30.63580109799019,1382.4599999990094,948.9690809633371
59624,30.63580109799019,1382.4799999990094,948.9726495437001
59625,30.63580109799019,1382.4999999990093,948.9762180646176
59626,30.63580109799019,1382.5199999990093,948.9797865260899
59627,30.63580109799019,1382.5399999990093,948.9833549281175
59628,30.63580109799019,1382.5599999990093,948.9869232707006
59629,30.63580109799019,1382.5799999990093,948.9904915538394
59630,30.63580109799019,1382.5999999990092,948.9940597775344
59631,30.63580109799019,1382.6199999990092,948.9976279417857
59632,30.63580109799019,1382.6399999990092,949.0011960465937
59633,30.63580109799019,1382.6599999990092,949.0047640919587
59634,30.63580109799019,1382.6799999990092,949.008332077881
59635,30.63580109799019,1382.6999999990092,949.011900004361
59636,30.63580109799019,1382.7199999990091,949.015467871399
59637,30.63580109799019,1382.7399999990091,949.0190356789951
59638,30.63580109799019,1382.759999999009,949.0226034271499
59639,30.63580109799019,1382.779999999009,949.0261711158689
59640,30.63580109799019,1382.799999999009,949.029738745223
59641,30.63580109799019,1382.819999999009,949.0333063152347
59642,30.63580109799019,1382.839999999009,949.0368738259041
59643,30.63580109799019,1382.859999999009,949.0404412772317
59644,30.63580109799019,1382.879999999009,949.0440086692178
59645,30.63580109799019,1382.899999999009,949.0475760018626
59646,30.63580109799019,1382.919999999009,949.0511432751665
59647,30.63580109799019,1382.939999999009,949.0547104891298
59648,30.59717629309586,1382.959999999009,949.0582776437527
59649,30.59717629309586,1382.979999999009,949.0618447390357
59650,30.59717629309586,1382.9999999990089,949.065411774979
59651,30.59717629309586,1383.0199999990089,949.0689787515829
59652,30.59717629309586,1383.0399999990088,949.0725456688477
59653,30.59717629309586,1383.0599999990088,949.0761125267737
59654,30.59717629309586,1383.0799999990088,949.0796793253613
59655,30.59717629309586,1383.0999999990088,949.0832460646108
59656,30.59717629309586,1383.1199999990088,949.0868127445224
59657,30.59717629309586,1383.1399999990088,949.0903793650965
59658,30.59717629309586,1383.1599999990087,949.0939459263334
59659,30.59717629309586,1383.1799999990087,949.0975124282334
59660,30.59717629309586,1383.1999999990087,949.1010788707968
59661,30.59717629309586,1383.2199999990087,949.1046452540238
59662,30.59717629309586,1383.2399999990087,949.1082115779149
59663,30.59717629309586,1383.2599999990086,949.1117778424702
59664,30.59717629309586,1383.2799999990086,949.1153440476903
59665,30.59717629309586,1383.2999999990086,949.1189101935753
59666,30.59717629309586,1383.3199999990086,949.1224762801255
59667,30.59717629309586,1383.3399999990086,949.1260423073413
59668,30.59717629309586,1383.3599999990086,949.1296082752231
59669,30.59717629309586,1383.3799999990085,949.133174183771
59670,30.59717629309586,1383.3999999990085,949.1367400329854
59671,30.59717629309586,1383.4199999990085,949.1403058228666
59672,30.59717629309586,1383.4399999990085,949.1438715534149
59673,30.59717629309586,1383.4599999990085,949.1474372246306
59674,30.59717629309586,1383.4799999990084,949.1510028365141
59675,30.59717629309586,1383.4999999990084,949.1545683890655
59676,30.59717629309586,1383.5199999990084,949.1581338822854
59677,30.59717629309586,1383.5399999990084,949.1616993161739
59678,30.59717629309586,1383.5599999990084,949.1652646907313
59679,30.59717629309586,1383.5799999990084,949.1688300059581
59680,30.59717629309586,1383.5999999990083,949.1723952618544
59681,30.59717629309586,1383.6199999990083,949.1759604584206
59682,30.59717629309586,1383.6399999990083,949.179525595657
59683,30.59717629309586,1383.6599999990083,949.1830906735639
59684,30.59717629309586,1383.6799999990083,949.1866556921417
59685,30.59717629309586,1383.6999999990082,949.1902206513905
59686,30.59717629309586,1383.7199999990082,949.1937855513108
59687,30.59717629309586,1383.7399999990082,949.1973503919029
59688,30.59717629309586,1383.7599999990082,949.200915173167
59689,30.59717629309586,1383.7799999990082,949.2044798951035
59690,30.59717629309586,1383.7999999990082,949.2080445577183
59691,30.59717629309586,1383.8199999990081,949.2116091610764
59692,30.59717629309586,1383.8399999990081,949.2151737051922
59693,30.59717629309586,1383.859999999008,949.2187381900661
59694,30.59717629309586,1383.879999999008,949.2223026156984
59695,30.59717629309586,1383.899999999008,949.2258669820893
59696,30.59717629309586,1383.919999999008,949.2294312892392
59697,30.59717629309586,1383.939999999008,949.2329955371483
59698,30.59717629309586,1383.959999999008,949.2365597258171
59699,30.59717629309586,1383.979999999008,949.2401238552457
59700,30.59717629309586,1383.999999999008,949.2436879254345
59701,30.59717629309586,1384.019999999008,949.2472519363838
59702,30.59717629309586,1384.039999999008,949.2508158880939
59703,30.59717629309586,1384.059999999008,949.2543797805653
59704,30.59717629309586,1384.079999999008,949.257943613798
59705,30.59717629309586,1384.0999999990079,949.2615073877926
59706,30.59717629309586,1384.1199999990079,949.2650711025491
59707,30.59717629309586,1384.1399999990078,949.2686347580681
59708,30.59717629309586,1384.1599999990078,949.2721983543497
59709,30.59717629309586,1384.1799999990078,949.2757618913944
59710,30.59717629309586,1384.1999999990078,949.2793253692023
59711,30.59717629309586,1384.2199999990078,949.2828887877738
59712,30.59717629309586,1384.2399999990078,949.2864521471092
59713,30.59717629309586,1384.2599999990077,949.2900154472089
59714,30.59717629309586,1384.2799999990077,949.2935786880732
59715,30.59717629309586,1384.2999999990077,949.2971418697024
59716,30.59717629309586,1384.3199999990077,949.3007049920967
59717,30.59717629309586,1384.3399999990077,949.3042680552564
59718,30.59717629309586,1384.3599999990076,949.307831059182
59719,30.59717629309586,1384.3799999990076,949.3113940038737
59720,30.59717629309586,1384.3999999990076,949.3149568893317
59721,30.59717629309586,1384.4199999990076,949.3185197155565
59722,30.59717629309586,1384.4399999990076,949.3220824825482
59723,30.59717629309586,1384.4599999990076,949.3256451903073
59724,30.59717629309586,1384.4799999990075,949.3292078388341
59725,30.59717629309586,1384.4999999990075,949.3327704281288
59726,30.59717629309586,1384.5199999990075,949.3363329581917
59727,30.59717629309586,1384.5399999990075,949.3398954290233
59728,30.59717629309586,1384.5599999990075,949.3434578406237
59729,30.59717629309586,1384.5799999990074,949.3470201929933
59730,30.59717629309586,1384.5999999990074,949.3505824861325
59731,30.59717629309586,1384.6199999990074,949.3541447200414
59732,30.59717629309586,1384.6399999990074,949.3577068947205
59733,30.59717629309586,1384.6599999990074,949.3612690101701
59734,30.59717629309586,1384.6799999990074,949.3648310663904
59735,30.59717629309586,1384.6999999990073,949.3683930633816
59736,30.59717629309586,1384.7199999990073,949.3719550011443
59737,30.59717629309586,1384.7399999990073,949.3755168796787
59738,30.59717629309586,1384.7599999990073,949.379078698985
59739,30.59717629309586,1384.7799999990073,949.3826404590636
59740,30.59717629309586,1384.7999999990072,949.3862021599149
59741,30.59717629309586,1384.8199999990072,949.3897638015461
59742,30.59717629309586,1384.8399999990072,949.3933253840315
59743,30.59717629309586,1384.8599999990072,949.3968869073813
59744,30.59717629309586,1384.8799999990072,949.4004483715955
59745,30.59717629309586,1384.8999999990072,949.4040097766747
59746,30.59717629309586,1384.9199999990071,949.4075711226191
59747,30.59717629309586,1384.9399999990071,949.4111324094289
59748,30.59717629309586,1384.959999999007,949.4146936371046
59749,30.59717629309586,1384.979999999007,949.4182548056465
59750,30.59717629309586,1384.999999999007,949.4218159150547
59751,30.59717629309586,1385.019999999007,949.4253769653297
59752,30.59717629309586,1385.039999999007,949.4289379564718
59753,30.59717629309586,1385.059999999007,949.4324988884813
59754,30.59717629309586,1385.079999999007,949.4360597613584
59755,30.59717629309586,1385.099999999007,949.4396205751035
59756,30.59717629309586,1385.119999999007,949.4431813297169
59757,30.59717629309586,1385.139999999007,949.446742025199
59758,30.59717629309586,1385.159999999007,949.4503026615499
59759,30.59717629309586,1385.179999999007,949.4538632387702
59760,30.59717629309586,1385.1999999990069,949.45742375686
59761,30.59717629309586,1385.2199999990069,949.4609842158196
59762,30.59717629309586,1385.2399999990068,949.4645446156494
59763,30.59717629309586,1385.2599999990068,949.4681049563496
59764,30.59717629309586,1385.2799999990068,949.4716652379207
59765,30.59717629309586,1385.2999999990068,949.4752254603628
59766,30.59717629309586,1385.3199999990068,949.4787856236763
59767,30.59717629309586,1385.3399999990067,949.4823457278617
59768,30.59717629309586,1385.3599999990067,949.4859057729191
59769,30.59717629309586,1385.3799999990067,949.4894657588487
59770,30.59717629309586,1385.3999999990067,949.4930256856511
59771,30.59717629309586,1385.4199999990067,949.4965855533264
59772,30.59717629309586,1385.4399999990067,949.5001453618751
59773,30.59717629309586,1385.4599999990066,949.5037051112972
59774,30.59717629309586,1385.4799999990066,949.5072648015934
59775,30.59717629309586,1385.4999999990066,949.5108244327637
59776,30.59717629309586,1385.5199999990066,949.5143840048084
59777,30.59717629309586,1385.5399999990066,949.5179435177281
59778,30.59717629309586,1385.5599999990065,949.5215029715229
59779,30.59717629309586,1385.5799999990065,949.5250623661931
59780,30.59717629309586,1385.5999999990065,949.5286217017391
59781,30.59717629309586,1385.6199999990065,949.5321809781611
59782,30.59717629309586,1385.6399999990065,949.5357401954597
59783,30.59717629309586,1385.6599999990065,949.5392993536349
59784,30.59717629309586,1385.6799999990064,949.542858452687
59785,30.59717629309586,1385.6999999990064,949.5464174926166
59786,30.59717629309586,1385.7199999990064,949.5499764734237
59787,30.59717629309586,1385.7399999990064,949.5535353951088
59788,30.59717629309586,1385.7599999990064,949.5570942576721
59789,30.59717629309586,1385.7799999990063,949.560653061114
59790,30.59717629309586,1385.7999999990063,949.5642118054348
59791,30.59717629309586,1385.8199999990063,949.5677704906346
59792,30.59717629309586,1385.8399999990063,949.5713291167248
59793,30.59717629309586,1385.8599999990063,949.5748876837786
59794,30.59717629309586,1385.8799999990063,949.5784461918032
59795,30.59717629309586,1385.8999999990062,949.582004640799
59796,30.59717629309586,1385.9199999990062,949.5855630307663
59797,30.59717629309586,1385.9399999990062,949.5891213617053
59798,30.59717629309586,1385.9599999990062,949.5926796336165
59799,30.59717629309586,1385.9799999990062,949.5962378465001
59800,30.59717629309586,1385.9999999990061,949.5997960003564
59801,30.59717629309586,1386.0199999990061,949.6033540951858
59802,30.59717629309586,1386.039999999006,949.6069121309885
59803,30.59717629309586,1386.059999999006,949.6104701077649
59804,30.59717629309586,1386.079999999006,949.6140280255152
59805,30.59717629309586,1386.099999999006,949.6175858842398
59806,30.59717629309586,1386.119999999006,949.6211436839391
59807,30.59717629309586,1386.139999999006,949.6247014246131
59808,30.59717629309586,1386.159999999006,949.6282591062625
59809,30.59717629309586,1386.179999999006,949.6318167288873
59810,30.59717629309586,1386.199999999006,949.635374292488
59811,30.59717629309586,1386.219999999006,949.6389317970649
59812,30.59717629309586,1386.239999999006,949.6424892426182
59813,30.59717629309586,1386.259999999006,949.6460466291484
59814,30.59717629309586,1386.279999999006,949.6496039566556
59815,30.59717629309586,1386.2999999990059,949.6531612251403
59816,30.59717629309586,1386.3199999990059,949.6567184346026
59817,30.59717629309586,1386.3399999990058,949.660275585043
59818,30.59717629309586,1386.3599999990058,949.6638326764618
59819,30.59717629309586,1386.3799999990058,949.6673897088591
59820,30.59717629309586,1386.3999999990058,949.6709466822355
59821,30.59717629309586,1386.4199999990058,949.6745035965911
59822,30.59717629309586,1386.4399999990057,949.6780604519263
59823,30.59717629309586,1386.4599999990057,949.6816172482414
59824,30.59717629309586,1386.4799999990057,949.6851739855367
59825,30.59717629309586,1386.4999999990057,949.6887306638125
59826,30.59717629309586,1386.5199999990057,949.6922872830692
59827,30.59717629309586,1386.5399999990057,949.695843843307
59828,30.59717629309586,1386.5599999990056,949.6994003445262
59829,30.59717629309586,1386.5799999990056,949.7029567867272
59830,30.59717629309586,1386.5999999990056,949.7065131699103
59831,30.59717629309586,1386.6199999990056,949.7100694940758
59832,30.59717629309586,1386.6399999990056,949.713625759224
59833,30.59717629309586,1386.6599999990055,949.7171819653552
59834,30.59717629309586,1386.6799999990055,949.7207381124697
59835,30.59717629309586,1386.6999999990055,949.7242942005679
59836,30.59717629309586,1386.7199999990055,949.72785022965
59837,30.59717629309586,1386.7399999990055,949.7314061997164
59838,30.59717629309586,1386.7599999990055,949.7349621107674
59839,30.59717629309586,1386.7799999990054,949.7385179628033
59840,30.59717629309586,1386.7999999990054,949.7420737558243
59841,30.59717629309586,1386.8199999990054,949.7456294898309
59842,30.59717629309586,1386.8399999990054,949.7491851648233
59843,30.59717629309586,1386.8599999990054,949.7527407808179
59844,30.59717629309586,1386.8799999990053,949.7562963378839
59845,30.59717629309586,1386.8999999990053,949.7598518360273
59846,30.59717629309586,1386.9199999990053,949.7634072752486
59847,30.59717629309586,1386.9399999990053,949.766962655548
59848,30.59717629309586,1386.9599999990053,949.7705179769258
59849,30.59717629309586,1386.9799999990053,949.7740732393825
59850,30.59717629309586,1386.9999999990052,949.7776284429182
59851,30.59717629309586,1387.0199999990052,949.7811835875333
59852,30.59717629309586,1387.0399999990052,949.784738673228
59853,30.59717629309586,1387.0599999990052,949.7882937000028
59854,30.59717629309586,1387.0799999990052,949.7918486678578
59855,30.59717629309586,1387.0999999990051,949.7954035767935
59856,30.59717629309586,1387.1199999990051,949.7989584268103
59857,30.59717629309586,1387.139999999005,949.8025132179082
59858,30.59717629309586,1387.159999999005,949.8060679500877
59859,30.59717629309586,1387.179999999005,949.8096226233491
59860,30.59717629309586,1387.199999999005,949.8131772376928
59861,30.59717629309586,1387.219999999005,949.816731793119
59862,30.59717629309586,1387.239999999005,949.8202862896279
59863,30.59717629309586,1387.259999999005,949.82384072722
59864,30.59717629309586,1387.279999999005,949.8273951058956
59865,30.59717629309586,1387.299999999005,949.8309494256549
59866,30.59717629309586,1387.319999999005,949.8345036864984
59867,30.59717629309586,1387.339999999005,949.8380578884262
59868,30.59717629309586,1387.359999999005,949.8416120314387
59869,30.59717629309586,1387.379999999005,949.8451661155362
59870,30.59717629309586,1387.3999999990049,949.8487201407191
59871,30.59717629309586,1387.4199999990049,949.8522741069876
59872,30.59717629309586,1387.4399999990048,949.855828014342
59873,30.59717629309586,1387.4599999990048,949.8593818627827
59874,30.59717629309586,1387.4799999990048,949.86293565231
59875,30.59717629309586,1387.4999999990048,949.8664893829241
59876,30.59717629309586,1387.5199999990048,949.8700430546255
59877,30.59717629309586,1387.5399999990047,949.8735966674144
59878,30.59717629309586,1387.5599999990047,949.8771502212911
59879,30.59717629309586,1387.5799999990047,949.880703716256
59880,30.59717629309586,1387.5999999990047,949.8842571523094
59881,30.59717629309586,1387.6199999990047,949.8878105294515
59882,30.59717629309586,1387.6399999990047,949.8913638476827
59883,30.59717629309586,1387.6599999990046,949.8949171070033
59884,30.59717629309586,1387.6799999990046,949.8984703074135
59885,30.59717629309586,1387.6999999990046,949.9020234489138
59886,30.59717629309586,1387.7199999990046,949.9055765315045
59887,30.59717629309586,1387.7399999990046,949.9091295551858
59888,30.59717629309586,1387.7599999990045,949.912682519958
59889,30.59717629309586,1387.7799999990045,949.9162354258215
59890,30.59717629309586,1387.7999999990045,949.9197882727765
59891,30.59717629309586,1387.8199999990045,949.9233410608234
59892,30.59717629309586,1387.8399999990045,949.9268937899626
59893,30.59717629309586,1387.8599999990045,949.9304464601943
59894,30.59717629309586,1387.8799999990044,949.9339990715412
59895,30.59717629309586,1387.8999999990044,949.9375516240708
59896,30.59717629309586,1387.9199999990044,949.9411041177884
59897,30.59717629309586,1387.9399999990044,949.9446565526945
59898,30.59717629309586,1387.9599999990044,949.9482089287892
59899,30.59717629309586,1387.9799999990043,949.9517612460729
59900,30.59717629309586,1387.9999999990043,949.955313504546
59901,30.59717629309586,1388.0199999990043,949.9588657042086
59902,30.59717629309586,1388.0399999990043,949.9624178450612
59903,30.59717629309586,1388.0599999990043,949.965969927104
59904,30.59717629309586,1388.0799999990043,949.9695219503374
59905,30.59717629309586,1388.0999999990042,949.9730739147616
59906,30.59717629309586,1388.1199999990042,949.976625820377
59907,30.59717629309586,1388.1399999990042,949.9801776671839
59908,30.59717629309586,1388.1599999990042,949.9837294551826
59909,30.59717629309586,1388.1799999990042,949.9872811843734
59910,30.59717629309586,1388.1999999990041,949.9908328547566
59911,30.59717629309586,1388.2199999990041,949.9943844663326
59912,30.59717629309586,1388.239999999004,949.9979360191016
59913,30.59717629309586,1388.259999999004,950.0014875131743
59914,30.59717629309586,1388.279999999004,950.005038949782
59915,30.59717629309586,1388.299999999004,950.0085903291638
59916,30.59717629309586,1388.319999999004,950.0121416513198
59917,30.59717629309586,1388.339999999004,950.0156929162506
59918,30.59717629309586,1388.359999999004,950.0192441239566
59919,30.59717629309586,1388.379999999004,950.0227952744381
59920,30.59717629309586,1388.399999999004,950.0263463676956
59921,30.59717629309586,1388.419999999004,950.0298974037295
59922,30.59717629309586,1388.439999999004,950.0334483825401
59923,30.59717629309586,1388.459999999004,950.0369993041279
59924,30.59717629309586,1388.479999999004,950.0405501684934
59925,30.59717629309586,1388.4999999990039,950.0441009756369
59926,30.59717629309586,1388.5199999990039,950.0476517255587
59927,30.59717629309586,1388.5399999990038,950.0512024182593
59928,30.59717629309586,1388.5599999990038,950.0547530537392
59929,30.59717629309586,1388.5799999990038,950.0583036319987
59930,30.59717629309586,1388.5999999990038,950.0618541530382
59931,30.59717629309586,1388.6199999990038,950.0654046168581
59932,30.59717629309586,1388.6399999990037,950.0689550234589
59933,30.59717629309586,1388.6599999990037,950.0725053728409
59934,30.59717629309586,1388.6799999990037,950.0760556650044
59935,30.59717629309586,1388.6999999990037,950.0796058999501
59936,30.59717629309586,1388.7199999990037,950.0831560776783
59937,30.59717629309586,1388.7399999990037,950.0867061981893
59938,30.59717629309586,1388.7599999990036,950.0902562614835
59939,30.59717629309586,1388.7799999990036,950.0938062675615
59940,30.59717629309586,1388.7999999990036,950.0973562164235
59941,30.59717629309586,1388.8199999990036,950.1009061080699
59942,30.59717629309586,1388.8399999990036,950.1044559425013
59943,30.59717629309586,1388.8599999990035,950.108005719718
59944,30.558632581919987,1388.8799999990035,950.1115554397203
59945,30.558632581919987,1388.8999999990035,950.1151051025349
59946,30.558632581919987,1388.9199999990035,950.1186547082212
59947,30.558632581919987,1388.9399999990035,950.1222042567832
59948,30.558632581919987,1388.9599999990035,950.1257537482213
59949,30.558632581919987,1388.9799999990034,950.129303182536
59950,30.558632581919987,1388.9999999990034,950.1328525597276
59951,30.558632581919987,1389.0199999990034,950.1364018797965
59952,30.558632581919987,1389.0399999990034,950.1399511427431
59953,30.558632581919987,1389.0599999990034,950.143500348568
59954,30.558632581919987,1389.0799999990033,950.1470494972714
59955,30.558632581919987,1389.0999999990033,950.1505985888538
59956,30.558632581919987,1389.1199999990033,950.1541476233156
59957,30.558632581919987,1389.1399999990033,950.1576966006572
59958,30.558632581919987,1389.1599999990033,950.1612455208791
59959,30.558632581919987,1389.1799999990033,950.1647943839816
59960,30.558632581919987,1389.1999999990032,950.1683431899653
59961,30.558632581919987,1389.2199999990032,950.1718919388304
59962,30.558632581919987,1389.2399999990032,950.1754406305773
59963,30.558632581919987,1389.2599999990032,950.1789892652066
59964,30.558632581919987,1389.2799999990032,950.1825378427186
59965,30.558632581919987,1389.2999999990031,950.1860863631136
59966,30.558632581919987,1389.3199999990031,950.1896348263923
59967,30.558632581919987,1389.339999999003,950.1931832325549
59968,30.558632581919987,1389.359999999003,950.1967315816019
59969,30.558632581919987,1389.379999999003,950.2002798735335
59970,30.558632581919987,1389.399999999003,950.2038281083504
59971,30.558632581919987,1389.419999999003,950.2073762860529
59972,30.558632581919987,1389.439999999003,950.2109244066413
59973,30.558632581919987,1389.459999999003,950.2144724701162
59974,30.558632581919987,1389.479999999003,950.2180204764779
59975,30.558632581919987,1389.499999999003,950.2215684257269
59976,30.558632581919987,1389.519999999003,950.2251163178636
59977,30.558632581919987,1389.539999999003,950.2286641528883
59978,30.558632581919987,1389.559999999003,950.2322119308014
59979,30.558632581919987,1389.579999999003,950.2357596516035
59980,30.558632581919987,1389.5999999990029,950.2393073152949
59981,30.558632581919987,1389.6199999990029,950.242854921876
59982,30.558632581919987,1389.6399999990028,950.2464024713472
59983,30.558632581919987,1389.6599999990028,950.249949963709
59984,30.558632581919987,1389.6799999990028,950.2534973989617
59985,30.558632581919987,1389.6999999990028,950.2570447771058
59986,30.558632581919987,1389.7199999990028,950.2605920981416
59987,30.558632581919987,1389.7399999990027,950.2641393620696
59988,30.558632581919987,1389.7599999990027,950.2676865688902
59989,30.558632581919987,1389.7799999990027,950.2712337186039
59990,30.558632581919987,1389.7999999990027,950.2747808112109
59991,30.558632581919987,1389.8199999990027,950.2783278467118
59992,30.558632581919987,1389.8399999990027,950.2818748251069
59993,30.558632581919987,1389.8599999990026,950.2854217463968
59994,30.558632581919987,1389.8799999990026,950.2889686105816
59995,30.558632581919987,1389.8999999990026,950.292515417662
59996,30.558632581919987,1389.9199999990026,950.2960621676691
59997,30.558632581919987,1389.9399999990026,950.2996088606569
59998,30.558632581919987,1389.9599999990025,950.3031554966285
59999,30.558632581919987,1389.9799999990025,950.3067020755842
60000,30.558632581919987,1389.9999999990025,950.3102485975244
60001,30.558632581919987,1390.0199999990025,950.3137950624496
60002,30.558632581919987,1390.0399999990025,950.3173414703601
60003,30.558632581919987,1390.0599999990025,950.3208878212564
60004,30.558632581919987,1390.0799999990024,950.324434115139
60005,30.558632581919987,1390.0999999990024,950.3279803520081
60006,30.558632581919987,1390.1199999990024,950.3315265318643
60007,30.558632581919987,1390.1399999990024,950.3350726547078
60008,30.558632581919987,1390.1599999990024,950.3386187205392
60009,30.558632581919987,1390.1799999990023,950.3421647293588
60010,30.558632581919987,1390.1999999990023,950.3457106811671
60011,30.558632581919987,1390.2199999990023,950.3492565759645
60012,30.558632581919987,1390.2399999990023,950.3528024137514
60013,30.558632581919987,1390.2599999990023,950.3563481945282
60014,30.558632581919987,1390.2799999990023,950.3598939182953
60015,30.558632581919987,1390.2999999990022,950.363439585053
60016,30.558632581919987,1390.3199999990022,950.3669851948019
60017,30.558632581919987,1390.3399999990022,950.3705307475424
60018,30.558632581919987,1390.3599999990022,950.3740762432748
60019,30.558632581919987,1390.3799999990022,950.3776216819995
60020,30.558632581919987,1390.3999999990021,950.381167063717
60021,30.558632581919987,1390.4199999990021,950.3847123884277
60022,30.558632581919987,1390.439999999002,950.388257656132
60023,30.558632581919987,1390.459999999002,950.3918028668304
60024,30.558632581919987,1390.479999999002,950.3953480205231
60025,30.558632581919987,1390.499999999002,950.3988931172107
60026,30.558632581919987,1390.519999999002,950.4024381568935
60027,30.558632581919987,1390.539999999002,950.405983139572
60028,30.558632581919987,1390.559999999002,950.4095280652465
60029,30.558632581919987,1390.579999999002,950.4130729339175
60030,30.558632581919987,1390.599999999002,950.4166177455854
60031,30.558632581919987,1390.619999999002,950.4201625002506
60032,30.558632581919987,1390.639999999002,950.4237071979135
60033,30.558632581919987,1390.659999999002,950.4272518385745
60034,30.558632581919987,1390.679999999002,950.430796422234
60035,30.558632581919987,1390.6999999990019,950.4343409488926
60036,30.558632581919987,1390.7199999990019,950.4378854185504
60037,30.558632581919987,1390.7399999990018,950.441429831208
60038,30.558632581919987,1390.7599999990018,950.4449741868658
60039,30.558632581919987,1390.7799999990018,950.4485184855241
60040,30.558632581919987,1390.7999999990018,950.4520627271835
60041,30.558632581919987,1390.8199999990018,950.4556069118443
60042,30.558632581919987,1390.8399999990017,950.4591510395069
60043,30.558632581919987,1390.8599999990017,950.4626951101717
60044,30.558632581919987,1390.8799999990017,950.4662391238392
60045,30.558632581919987,1390.8999999990017,950.4697830805096
60046,30.558632581919987,1390.9199999990017,950.4733269801836
60047,30.558632581919987,1390.9399999990017,950.4768708228986
60048,30.558632581919987,1390.9599999990016,950.480414608706
60049,30.558632581919987,1390.9799999990016,950.4839583376079
60050,30.558632581919987,1390.9999999990016,950.4875020096046
60051,30.558632581919987,1391.0199999990016,950.4910456246965
60052,30.558632581919987,1391.0399999990016,950.4945891828843
60053,30.558632581919987,1391.0599999990015,950.4981326841681
60054,30.558632581919987,1391.0799999990015,950.5016761285485
60055,30.558632581919987,1391.0999999990015,950.5052195160258
60056,30.558632581919987,1391.1199999990015,950.5087628466005
60057,30.558632581919987,1391.1399999990015,950.5123061202729
60058,30.558632581919987,1391.1599999990015,950.5158493370435
60059,30.558632581919987,1391.1799999990014,950.5193924969127
60060,30.558632581919987,1391.1999999990014,950.5229355998808
60061,30.558632581919987,1391.2199999990014,950.5264786459484
60062,30.558632581919987,1391.2399999990014,950.5300216351158
60063,30.558632581919987,1391.2599999990014,950.5335645673833
60064,30.558632581919987,1391.2799999990013,950.5371074427516
60065,30.558632581919987,1391.2999999990013,950.5406502612209
60066,30.558632581919987,1391.3199999990013,950.5441930227917
60067,30.558632581919987,1391.3399999990013,950.5477357274643
60068,30.558632581919987,1391.3599999990013,950.5512783752393
60069,30.558632581919987,1391.3799999990013,950.5548209661171
60070,30.558632581919987,1391.3999999990012,950.5583635000979
60071,30.558632581919987,1391.4199999990012,950.5619059771823
60072,30.558632581919987,1391.4399999990012,950.5654483973706
60073,30.558632581919987,1391.4599999990012,950.5689907606633
60074,30.558632581919987,1391.4799999990012,950.5725330670607
60075,30.558632581919987,1391.4999999990011,950.5760753165633
60076,30.558632581919987,1391.5199999990011,950.5796175091716
60077,30.558632581919987,1391.539999999001,950.5831596448859
60078,30.558632581919987,1391.559999999001,950.5867017237066
60079,30.558632581919987,1391.579999999001,950.5902437456341
60080,30.558632581919987,1391.599999999001,950.5937857106688
60081,30.558632581919987,1391.619999999001,950.5973276188113
60082,30.558632581919987,1391.639999999001,950.6008694700618
60083,30.558632581919987,1391.659999999001,950.6044112644207
60084,30.558632581919987,1391.679999999001,950.6079530018886
60085,30.558632581919987,1391.699999999001,950.6114946824658
60086,30.558632581919987,1391.719999999001,950.6150363061528
60087,30.558632581919987,1391.739999999001,950.6185778729498
60088,30.558632581919987,1391.759999999001,950.6221193828574
60089,30.558632581919987,1391.779999999001,950.6256608358759
60090,30.558632581919987,1391.7999999990009,950.6292022320058
60091,30.558632581919987,1391.8199999990009,950.6327435712475
60092,30.558632581919987,1391.8399999990008,950.6362848536014
60093,30.558632581919987,1391.8599999990008,950.6398260790679
60094,30.558632581919987,1391.8799999990008,950.6433672476475
60095,30.558632581919987,1391.8999999990008,950.6469083593404
60096,30.558632581919987,1391.9199999990008,950.6504494141471
60097,30.558632581919987,1391.9399999990007,950.6539904120682
60098,30.558632581919987,1391.9599999990007,950.6575313531463
60099,30.558632581919987,1391.9799999990007,950.6610722374288
60100,30.558632581919987,1391.9999999990007,950.6646130649167
60101,30.558632581919987,1392.0199999990007,950.6681538356103
60102,30.558632581919987,1392.0399999990007,950.67169454951
60103,30.558632581919987,1392.0599999990006,950.6752352066163
60104,30.558632581919987,1392.0799999990006,950.6787758069296
60105,30.558632581919987,1392.0999999990006,950.6823163504503
60106,30.558632581919987,1392.1199999990006,950.6858568371787
60107,30.558632581919987,1392.1399999990006,950.6893972671153
60108,30.558632581919987,1392.1599999990005,950.6929376402605
60109,30.558632581919987,1392.1799999990005,950.6964779566149
60110,30.558632581919987,1392.1999999990005,950.7000182161787
60111,30.558632581919987,1392.2199999990005,950.7035584189523
60112,30.558632581919987,1392.2399999990005,950.7070985649362
60113,30.558632581919987,1392.2599999990005,950.7106386541309
60114,30.558632581919987,1392.2799999990004,950.7141786865366
60115,30.558632581919987,1392.2999999990004,950.7177186621539
60116,30.558632581919987,1392.3199999990004,950.7212585809831
60117,30.558632581919987,1392.3399999990004,950.7247984430246
60118,30.558632581919987,1392.3599999990004,950.7283382482789
60119,30.558632581919987,1392.3799999990003,950.7318779967463
60120,30.558632581919987,1392.3999999990003,950.7354176884274
60121,30.558632581919987,1392.4199999990003,950.7389573233226
60122,30.558632581919987,1392.4399999990003,950.742496901432
60123,30.558632581919987,1392.4599999990003,950.7460364227563
60124,30.558632581919987,1392.4799999990003,950.7495758872959
60125,30.558632581919987,1392.4999999990002,950.7531152950512
60126,30.558632581919987,1392.5199999990002,950.7566546460225
60127,30.558632581919987,1392.5399999990002,950.7601939402103
60128,30.558632581919987,1392.5599999990002,950.763733177615
60129,30.558632581919987,1392.5799999990002,950.7672723582369
60130,30.558632581919987,1392.5999999990001,950.7708114820766
60131,30.558632581919987,1392.6199999990001,950.7743505491345
60132,30.558632581919987,1392.639999999,950.7778895594109
60133,30.558632581919987,1392.659999999,950.7814285129064
60134,30.558632581919987,1392.679999999,950.7849674096211
60135,30.558632581919987,1392.699999999,950.7885062495557
60136,30.558632581919987,1392.719999999,950.7920450327105
60137,30.558632581919987,1392.739999999,950.7955837590858
60138,30.558632581919987,1392.759999999,950.7991224286823
60139,30.558632581919987,1392.779999999,950.8026610415001
60140,30.558632581919987,1392.799999999,950.8061995975398
60141,30.558632581919987,1392.819999999,950.8097380968018
60142,30.558632581919987,1392.839999999,950.8132765392864
60143,30.558632581919987,1392.859999999,950.8168149249942
60144,30.558632581919987,1392.879999999,950.8203532539255
60145,30.558632581919987,1392.8999999989999,950.8238915260807
60146,30.558632581919987,1392.9199999989999,950.8274297414603
60147,30.558632581919987,1392.9399999989998,950.8309679000646
60148,30.558632581919987,1392.9599999989998,950.8345060018946
60149,30.558632581919987,1392.9799999989998,950.8380440469979
60150,30.558632581919987,1392.9999999989998,950.8415820354171
60151,30.558632581919987,1393.0199999989998,950.8451199671525
60152,30.558632581919987,1393.0399999989997,950.8486578422047
60153,30.558632581919987,1393.0599999989997,950.852195660574
60154,30.558632581919987,1393.0799999989997,950.8557334222608
60155,30.558632581919987,1393.0999999989997,950.8592711272655
60156,30.558632581919987,1393.1199999989997,950.8628087755886
60157,30.558632581919987,1393.1399999989997,950.8663463672304
60158,30.558632581919987,1393.1599999989996,950.8698839021915
60159,30.558632581919987,1393.1799999989996,950.8734213804722
60160,30.558632581919987,1393.1999999989996,950.8769588020729
60161,30.558632581919987,1393.2199999989996,950.8804961669939
60162,30.558632581919987,1393.2399999989996,950.8840334752358
60163,30.558632581919987,1393.2599999989995,950.887570726799
60164,30.558632581919987,1393.2799999989995,950.8911079216839
60165,30.558632581919987,1393.2999999989995,950.8946450598909
60166,30.558632581919987,1393.3199999989995,950.8981821414203
60167,30.558632581919987,1393.3399999989995,950.9017191662726
60168,30.558632581919987,1393.3599999989995,950.9052561344483
60169,30.558632581919987,1393.3799999989994,950.9087930459478
60170,30.558632581919987,1393.3999999989994,950.9123299007715
60171,30.558632581919987,1393.4199999989994,950.9158666989197
60172,30.558632581919987,1393.4399999989994,950.9194034403929
60173,30.558632581919987,1393.4599999989994,950.9229401251915
60174,30.558632581919987,1393.4799999989993,950.9264767533159
60175,30.558632581919987,1393.4999999989993,950.9300133247665
60176,30.558632581919987,1393.5199999989993,950.9335498395437
60177,30.558632581919987,1393.5399999989993,950.9370862976481
60178,30.558632581919987,1393.5599999989993,950.9406226990799
60179,30.558632581919987,1393.5799999989993,950.9441590438396
60180,30.558632581919987,1393.5999999989992,950.9476953319275
60181,30.558632581919987,1393.6199999989992,950.9512315633443
60182,30.558632581919987,1393.6399999989992,950.9547677380901
60183,30.558632581919987,1393.6599999989992,950.9583038561656
60184,30.558632581919987,1393.6799999989992,950.961839917571
60185,30.558632581919987,1393.6999999989991,950.9653759223067
60186,30.558632581919987,1393.7199999989991,950.9689118703733
60187,30.558632581919987,1393.739999998999,950.972447761771
60188,30.558632581919987,1393.759999998999,950.9759835965004
60189,30.558632581919987,1393.779999998999,950.9795193745618
60190,30.558632581919987,1393.799999998999,950.9830550959557
60191,30.558632581919987,1393.819999998999,950.9865907606824
60192,30.558632581919987,1393.839999998999,950.9901263687424
60193,30.558632581919987,1393.859999998999,950.993661920136
60194,30.558632581919987,1393.879999998999,950.9971974148638
60195,30.558632581919987,1393.899999998999,951.000732852926
60196,30.558632581919987,1393.919999998999,951.0042682343233
60197,30.558632581919987,1393.939999998999,951.0078035590558
60198,30.558632581919987,1393.959999998999,951.0113388271241
60199,30.558632581919987,1393.979999998999,951.0148740385303
60200,30.558632581919987,1393.9999999989989,951.0184091933298
60201,30.558632581919987,1394.0199999989989,951.0219442915626
60202,30.558632581919987,1394.0399999989988,951.0254793332291
60203,30.558632581919987,1394.0599999989988,951.0290143183296
60204,30.558632581919987,1394.0799999989988,951.0325492468646
60205,30.558632581919987,1394.0999999989988,951.0360841188345
60206,30.558632581919987,1394.1199999989988,951.0396189342398
60207,30.558632581919987,1394.1399999989987,951.0431536930807
60208,30.558632581919987,1394.1599999989987,951.0466883953578
60209,30.558632581919987,1394.1799999989987,951.0502230410715
60210,30.558632581919987,1394.1999999989987,951.0537576302221
60211,30.558632581919987,1394.2199999989987,951.0572921628101
60212,30.558632581919987,1394.2399999989987,951.0608266388359
60213,30.558632581919987,1394.2599999989986,951.0643610583
60214,30.558632581919987,1394.2799999989986,951.0678954212028
60215,30.558632581919987,1394.2999999989986,951.0714297275446
60216,30.558632581919987,1394.3199999989986,951.0749639773259
60217,30.558632581919987,1394.3399999989986,951.078498170547
60218,30.558632581919987,1394.3599999989985,951.0820323072085
60219,30.558632581919987,1394.3799999989985,951.0855663873106
60220,30.558632581919987,1394.3999999989985,951.0891004108538
60221,30.558632581919987,1394.4199999989985,951.0926343778386
60222,30.558632581919987,1394.4399999989985,951.0961682882654
60223,30.558632581919987,1394.4599999989985,951.0997021421346
60224,30.558632581919987,1394.4799999989984,951.1032359394466
60225,30.558632581919987,1394.4999999989984,951.1067696802018
60226,30.558632581919987,1394.5199999989984,951.1103033644006
60227,30.558632581919987,1394.5399999989984,951.1138369920434
60228,30.558632581919987,1394.5599999989984,951.1173705631306
60229,30.558632581919987,1394.5799999989983,951.1209040776628
60230,30.558632581919987,1394.5999999989983,951.1244375356401
60231,30.558632581919987,1394.6199999989983,951.1279709370633
60232,30.558632581919987,1394.6399999989983,951.1315042819325
60233,30.558632581919987,1394.6599999989983,951.1350375702483
60234,30.558632581919987,1394.6799999989983,951.138570802011
60235,30.558632581919987,1394.6999999989982,951.142103977221
60236,30.52016972630109,1394.7199999989982,951.1456370958789
60237,30.52016972630109,1394.7399999989982,951.1491701579849
60238,30.52016972630109,1394.7599999989982,951.1527031635395
60239,30.52016972630109,1394.7799999989982,951.1562361125432
60240,30.52016972630109,1394.7999999989981,951.1597690049963
60241,30.52016972630109,1394.8199999989981,951.1633018408992
60242,30.52016972630109,1394.839999998998,951.1668346202524
60243,30.52016972630109,1394.859999998998,951.1703673430562
60244,30.52016972630109,1394.879999998998,951.1739000093112
60245,30.52016972630109,1394.899999998998,951.1774326190176
60246,30.52016972630109,1394.919999998998,951.180965172176
60247,30.52016972630109,1394.939999998998,951.1844976687867
60248,30.52016972630109,1394.959999998998,951.1880301088502
60249,30.52016972630109,1394.979999998998,951.1915624923668
60250,30.52016972630109,1394.999999998998,951.1950948193395
60251,30.52016972630109,1395.019999998998,951.1986270898202
60252,30.52016972630109,1395.039999998998,951.2021593038386
60253,30.52016972630109,1395.059999998998,951.205691461395
60254,30.52016972630109,1395.079999998998,951.2092235624898
60255,30.52016972630109,1395.0999999989979,951.2127556071235
60256,30.52016972630109,1395.1199999989979,951.2162875952965
60257,30.52016972630109,1395.1399999989978,951.2198195270092
60258,30.52016972630109,1395.1599999989978,951.2233514022621
60259,30.52016972630109,1395.1799999989978,951.2268832210555
60260,30.52016972630109,1395.1999999989978,951.2304149833898
60261,30.52016972630109,1395.2199999989978,951.2339466892655
60262,30.52016972630109,1395.2399999989977,951.237478338683
60263,30.52016972630109,1395.2599999989977,951.2410099316427
60264,30.52016972630109,1395.2799999989977,951.2445414681449
60265,30.52016972630109,1395.2999999989977,951.2480729481903
60266,30.52016972630109,1395.3199999989977,951.2516043717791
60267,30.52016972630109,1395.3399999989977,951.2551357389117
60268,30.52016972630109,1395.3599999989976,951.2586670495886
60269,30.52016972630109,1395.3799999989976,951.2621983038101
60270,30.52016972630109,1395.3999999989976,951.2657295015769
60271,30.52016972630109,1395.4199999989976,951.2692606428891
60272,30.52016972630109,1395.4399999989976,951.2727917277473
60273,30.52016972630109,1395.4599999989975,951.2763227561518
60274,30.52016972630109,1395.4799999989975,951.279853728103
60275,30.52016972630109,1395.4999999989975,951.2833846436015
60276,30.52016972630109,1395.5199999989975,951.2869155026475
60277,30.52016972630109,1395.5399999989975,951.2904463052415
60278,30.52016972630109,1395.5599999989975,951.293977051384
60279,30.52016972630109,1395.5799999989974,951.2975077410753
60280,30.52016972630109,1395.5999999989974,951.3010383743158
60281,30.52016972630109,1395.6199999989974,951.304568951106
60282,30.52016972630109,1395.6399999989974,951.3080994714463
60283,30.52016972630109,1395.6599999989974,951.3116299353371
60284,30.52016972630109,1395.6799999989973,951.3151603427789
60285,30.52016972630109,1395.6999999989973,951.3186906937719
60286,30.52016972630109,1395.7199999989973,951.3222209883168
60287,30.52016972630109,1395.7399999989973,951.3257512264137
60288,30.52016972630109,1395.7599999989973,951.3292814080631
60289,30.52016972630109,1395.7799999989973,951.3328115332656
60290,30.52016972630109,1395.7999999989972,951.3363416020215
60291,30.52016972630109,1395.8199999989972,951.3398716143313
60292,30.52016972630109,1395.8399999989972,951.3434015701952
60293,30.52016972630109,1395.8599999989972,951.3469314696138
60294,30.52016972630109,1395.8799999989972,951.3504613125874
60295,30.52016972630109,1395.8999999989971,951.3539910991165
60296,30.52016972630109,1395.9199999989971,951.3575208292015
60297,30.52016972630109,1395.939999998997,951.3610505028428
60298,30.52016972630109,1395.959999998997,951.3645801200407
60299,30.52016972630109,1395.979999998997,951.3681096807959
60300,30.52016972630109,1395.999999998997,951.3716391851086
60301,30.52016972630109,1396.019999998997,951.375168632983
60302,30.52016972630109,1396.039999998997,951.3786980244786
60303,30.52016972630109,1396.059999998997,951.3822273596217
60304,30.52016972630109,1396.079999998997,951.3857566384128
60305,30.52016972630109,1396.099999998997,951.3892858608523
60306,30.52016972630109,1396.119999998997,951.3928150269405
60307,30.52016972630109,1396.139999998997,951.3963441366781
60308,30.52016972630109,1396.159999998997,951.3998731900651
60309,30.52016972630109,1396.179999998997,951.4034021871023
60310,30.52016972630109,1396.1999999989969,951.4069311277899
60311,30.52016972630109,1396.2199999989969,951.4104600121284
60312,30.52016972630109,1396.2399999989968,951.4139888401182
60313,30.52016972630109,1396.2599999989968,951.4175176117598
60314,30.52016972630109,1396.2799999989968,951.4210463270534
60315,30.52016972630109,1396.2999999989968,951.4245749859997
60316,30.52016972630109,1396.3199999989968,951.4281035885989
60317,30.52016972630109,1396.3399999989967,951.4316321348515
60318,30.52016972630109,1396.3599999989967,951.4351606247578
60319,30.52016972630109,1396.3799999989967,951.4386890583185
60320,30.52016972630109,1396.3999999989967,951.4422174355336
60321,30.52016972630109,1396.4199999989967,951.4457457564039
60322,30.52016972630109,1396.4399999989967,951.4492740209296
60323,30.52016972630109,1396.4599999989966,951.4528022291112
60324,30.52016972630109,1396.4799999989966,951.456330380949
60325,30.52016972630109,1396.4999999989966,951.4598584764435
60326,30.52016972630109,1396.5199999989966,951.4633865155952
60327,30.52016972630109,1396.5399999989966,951.4669144984044
60328,30.52016972630109,1396.5599999989965,951.4704424248716
60329,30.52016972630109,1396.5799999989965,951.4739702949972
60330,30.52016972630109,1396.5999999989965,951.4774981087816
60331,30.52016972630109,1396.6199999989965,951.4810258662251
60332,30.52016972630109,1396.6399999989965,951.4845535673282
60333,30.52016972630109,1396.6599999989965,951.4880812120914
60334,30.52016972630109,1396.6799999989964,951.491608800515
60335,30.52016972630109,1396.6999999989964,951.4951363325995
60336,30.52016972630109,1396.7199999989964,951.4986638083452
60337,30.52016972630109,1396.7399999989964,951.5021912277526
60338,30.52016972630109,1396.7599999989964,951.5057185908222
60339,30.52016972630109,1396.7799999989963,951.5092458975543
60340,30.52016972630109,1396.7999999989963,951.5127731479492
60341,30.52016972630109,1396.8199999989963,951.5163003420076
60342,30.52016972630109,1396.8399999989963,951.5198274797298
60343,30.52016972630109,1396.8599999989963,951.5233545611161
60344,30.52016972630109,1396.8799999989963,951.526881586167
60345,30.52016972630109,1396.8999999989962,951.5304085548828
60346,30.52016972630109,1396.9199999989962,951.5339354672641
60347,30.52016972630109,1396.9399999989962,951.5374623233113
60348,30.52016972630109,1396.9599999989962,951.5409891230247
60349,30.52016972630109,1396.9799999989962,951.5445158664048
60350,30.52016972630109,1396.9999999989961,951.548042553452
60351,30.52016972630109,1397.0199999989961,951.5515691841666
60352,30.52016972630109,1397.039999998996,951.555095758554
60353,30.52016972630109,1397.059999998996,951.5586222766777
60354,30.52016972630109,1397.079999998996,951.5621487385589
60355,30.52016972630109,1397.099999998996,951.5656751441979
60356,30.52016972630109,1397.119999998996,951.5692014935953
60357,30.52016972630109,1397.139999998996,951.5727277867514
60358,30.52016972630109,1397.159999998996,951.5762540236667
60359,30.52016972630109,1397.179999998996,951.5797802043415
60360,30.52016972630109,1397.199999998996,951.5833063287764
60361,30.52016972630109,1397.219999998996,951.5868323969717
60362,30.52016972630109,1397.239999998996,951.5903584089277
60363,30.52016972630109,1397.259999998996,951.593884364645
60364,30.52016972630109,1397.279999998996,951.5974102641238
60365,30.52016972630109,1397.2999999989959,951.6009361073648
60366,30.52016972630109,1397.3199999989959,951.6044618943682
60367,30.52016972630109,1397.3399999989958,951.6079876251346
60368,30.52016972630109,1397.3599999989958,951.6115132996642
60369,30.52016972630109,1397.3799999989958,951.6150389179576
60370,30.52016972630109,1397.3999999989958,951.618564480015
60371,30.52016972630109,1397.4199999989958,951.6220899858371
60372,30.52016972630109,1397.4399999989957,951.6256154354242
60373,30.52016972630109,1397.4599999989957,951.6291408287766
60374,30.52016972630109,1397.4799999989957,951.6326661658949
60375,30.52016972630109,1397.4999999989957,951.6361914467793
60376,30.52016972630109,1397.5199999989957,951.6397166714304
60377,30.52016972630109,1397.5399999989957,951.6432418398485
60378,30.52016972630109,1397.5599999989956,951.6467669520342
60379,30.52016972630109,1397.5799999989956,951.6502920079878
60380,30.52016972630109,1397.5999999989956,951.6538170077097
60381,30.52016972630109,1397.6199999989956,951.6573419512002
60382,30.52016972630109,1397.6399999989956,951.6608668384599
60383,30.52016972630109,1397.6599999989955,951.6643916694892
60384,30.52016972630109,1397.6799999989955,951.6679164442884
60385,30.52016972630109,1397.6999999989955,951.6714411628581
60386,30.52016972630109,1397.7199999989955,951.6749658251985
60387,30.52016972630109,1397.7399999989955,951.6784904313101
60388,30.52016972630109,1397.7599999989955,951.6820149811934
60389,30.52016972630109,1397.7799999989954,951.6855394748488
60390,30.52016972630109,1397.7999999989954,951.6890639122767
60391,30.52016972630109,1397.8199999989954,951.6925882934773
60392,30.52016972630109,1397.8399999989954,951.6961126184514
60393,30.52016972630109,1397.8599999989954,951.6996368871991
60394,30.52016972630109,1397.8799999989953,951.7031610997209
60395,30.52016972630109,1397.8999999989953,951.7066852560173
60396,30.52016972630109,1397.9199999989953,951.7102093560886
60397,30.52016972630109,1397.9399999989953,951.7137333999353
60398,30.52016972630109,1397.9599999989953,951.7172573875579
60399,30.52016972630109,1397.9799999989953,951.7207813189566
60400,30.52016972630109,1397.9999999989952,951.724305194132
60401,30.52016972630109,1398.0199999989952,951.7278290130844
60402,30.52016972630109,1398.0399999989952,951.7313527758142
60403,30.52016972630109,1398.0599999989952,951.7348764823278
60404,30.52016972630109,1398.0799999989952,951.7384001326928
60405,30.52016972630109,1398.0999999989951,951.7419237269253
60406,30.52016972630109,1398.1199999989951,951.7454472650255
60407,30.52016972630109,1398.139999998995,951.748970746994
60408,30.52016972630109,1398.159999998995,951.7524941728312
60409,30.52016972630109,1398.179999998995,951.7560175425375
60410,30.52016972630109,1398.199999998995,951.7595408561133
60411,30.52016972630109,1398.219999998995,951.7630641135589
60412,30.52016972630109,1398.239999998995,951.7665873148749
60413,30.52016972630109,1398.259999998995,951.7701104600616
60414,30.52016972630109,1398.279999998995,951.7736335491194
60415,30.52016972630109,1398.299999998995,951.7771565820487
60416,30.52016972630109,1398.319999998995,951.7806795588501
60417,30.52016972630109,1398.339999998995,951.784202479524
60418,30.52016972630109,1398.359999998995,951.7877253440706
60419,30.52016972630109,1398.379999998995,951.7912481524905
60420,30.52016972630109,1398.3999999989949,951.7947709047841
60421,30.52016972630109,1398.4199999989949,951.7982936009516
60422,30.52016972630109,1398.4399999989948,951.8018162409937
60423,30.52016972630109,1398.4599999989948,951.8053388249108
60424,30.52016972630109,1398.4799999989948,951.8088613527032
60425,30.52016972630109,1398.4999999989948,951.8123838243713
60426,30.52016972630109,1398.5199999989948,951.8159062399155
60427,30.52016972630109,1398.5399999989947,951.8194285993363
60428,30.52016972630109,1398.5599999989947,951.8229509026341
60429,30.52016972630109,1398.5799999989947,951.8264731498094
60430,30.52016972630109,1398.5999999989947,951.8299953408625
60431,30.52016972630109,1398.6199999989947,951.8335174757939
60432,30.52016972630109,1398.6399999989947,951.8370395546038
60433,30.52016972630109,1398.6599999989946,951.8405615772929
60434,30.52016972630109,1398.6799999989946,951.8440835438614
60435,30.52016972630109,1398.6999999989946,951.8476054543099
60436,30.52016972630109,1398.7199999989946,951.8511273086388
60437,30.52016972630109,1398.7399999989946,951.8546491068483
60438,30.52016972630109,1398.7599999989945,951.858170848939
60439,30.52016972630109,1398.7799999989945,951.8616925349114
60440,30.52016972630109,1398.7999999989945,951.8652141647657
60441,30.52016972630109,1398.8199999989945,951.8687357385024
60442,30.52016972630109,1398.8399999989945,951.872257256122
60443,30.52016972630109,1398.8599999989945,951.8757787176248
60444,30.52016972630109,1398.8799999989944,951.8793001230114
60445,30.52016972630109,1398.8999999989944,951.882821472282
60446,30.52016972630109,1398.9199999989944,951.8863427654371
60447,30.52016972630109,1398.9399999989944,951.8898640024771
60448,30.52016972630109,1398.9599999989944,951.8933851834024
60449,30.52016972630109,1398.9799999989943,951.8969063082135
60450,30.52016972630109,1398.9999999989943,951.9004273769108
60451,30.52016972630109,1399.0199999989943,951.9039483894946
60452,30.52016972630109,1399.0399999989943,951.9074693459655
60453,30.52016972630109,1399.0599999989943,951.9109902463238
60454,30.52016972630109,1399.0799999989943,951.9145110905766
60455,30.52016972630109,1399.0999999989942,951.9180318787962
60456,30.52016972630109,1399.1199999989942,951.9215526109932
60457,30.52016972630109,1399.1399999989942,951.925073287168
60458,30.52016972630109,1399.1599999989942,951.9285939073208
60459,30.52016972630109,1399.1799999989942,951.9321144714522
60460,30.52016972630109,1399.1999999989941,951.9356349795627
60461,30.52016972630109,1399.2199999989941,951.9391554316526
60462,30.52016972630109,1399.239999998994,951.9426758277223
60463,30.52016972630109,1399.259999998994,951.9461961677722
60464,30.52016972630109,1399.279999998994,951.9497164518028
60465,30.52016972630109,1399.299999998994,951.9532366798145
60466,30.52016972630109,1399.319999998994,951.9567568518077
60467,30.52016972630109,1399.339999998994,951.9602769677828
60468,30.52016972630109,1399.359999998994,951.9637970277403
60469,30.52016972630109,1399.379999998994,951.9673170316805
60470,30.52016972630109,1399.399999998994,951.970836979604
60471,30.52016972630109,1399.419999998994,951.974356871511
60472,30.52016972630109,1399.439999998994,951.9778767074021
60473,30.52016972630109,1399.459999998994,951.9813964872775
60474,30.52016972630109,1399.479999998994,951.9849162111378
60475,30.52016972630109,1399.4999999989939,951.9884358789834
60476,30.52016972630109,1399.5199999989939,951.9919554908147
60477,30.52016972630109,1399.5399999989938,951.9954750466321
60478,30.52016972630109,1399.5599999989938,951.998994546436
60479,30.52016972630109,1399.5799999989938,952.0025139902269
60480,30.52016972630109,1399.5999999989938,952.0060333780052
60481,30.52016972630109,1399.6199999989938,952.0095527097712
60482,30.52016972630109,1399.6399999989937,952.0130719855255
60483,30.52016972630109,1399.6599999989937,952.0165912052682
60484,30.52016972630109,1399.6799999989937,952.0201103690001
60485,30.52016972630109,1399.6999999989937,952.0236294767215
60486,30.52016972630109,1399.7199999989937,952.0271485284326
60487,30.52016972630109,1399.7399999989937,952.0306675241341
60488,30.52016972630109,1399.7599999989936,952.0341864638262
60489,30.52016972630109,1399.7799999989936,952.0377053475096
60490,30.52016972630109,1399.7999999989936,952.0412241751844
60491,30.52016972630109,1399.8199999989936,952.0447429468512
60492,30.52016972630109,1399.8399999989936,952.0482616625104
60493,30.52016972630109,1399.8599999989935,952.0517803221624
60494,30.52016972630109,1399.8799999989935,952.0552989258075
60495,30.52016972630109,1399.8999999989935,952.0588174734463
60496,30.52016972630109,1399.9199999989935,952.0623359650791
60497,30.52016972630109,1399.9399999989935,952.0658544007064
60498,30.52016972630109,1399.9599999989935,952.0693727803285
60499,30.52016972630109,1399.9799999989934,952.0728911039461
60500,30.52016972630109,1399.9999999989934,952.0764093715593
60501,30.52016972630109,1400.0199999989934,952.0799275831686
60502,30.52016972630109,1400.0399999989934,952.0834457387745
60503,30.52016972630109,1400.0599999989934,952.0869638383773
60504,30.52016972630109,1400.0799999989933,952.0904818819776
60505,30.52016972630109,1400.0999999989933,952.093999869586
60506,30.52016972630109,1400.1199999989933,952.0975178012797
60507,30.52016972630109,1400.1399999989933,952.1010356770663
60508,30.52016972630109,1400.1599999989933,952.1045534969463
60509,30.52016972630109,1400.1799999989933,952.1080712609202
60510,30.52016972630109,1400.1999999989932,952.1115889689883
60511,30.52016972630109,1400.2199999989932,952.115106621151
60512,30.52016972630109,1400.2399999989932,952.1186242174088
60513,30.52016972630109,1400.2599999989932,952.122141757762
60514,30.52016972630109,1400.2799999989932,952.1256592422112
60515,30.52016972630109,1400.2999999989931,952.1291766707568
60516,30.52016972630109,1400.3199999989931,952.132694043399
60517,30.52016972630109,1400.339999998993,952.1362113601385
60518,30.52016972630109,1400.359999998993,952.1397286209756
60519,30.52016972630109,1400.379999998993,952.1432458259106
60520,30.52016972630109,1400.399999998993,952.1467629749442
60521,30.52016972630109,1400.419999998993,952.1502800680765
60522,30.52016972630109,1400.439999998993,952.1537971053082
60523,30.52016972630109,1400.459999998993,952.1573140866394
60524,30.52016972630109,1400.479999998993,952.1608310120708
60525,30.52016972630109,1400.499999998993,952.1643478816028
60526,30.52016972630109,1400.519999998993,952.1678646952356
60527,30.52016972630109,1400.539999998993,952.1713814529699
60528,30.48178748897617,1400.559999998993,952.1748981548059
60529,30.48178748897617,1400.579999998993,952.1784148007441
60530,30.48178748897617,1400.5999999989929,952.1819313907849
60531,30.48178748897617,1400.6199999989929,952.1854479249288
60532,30.48178748897617,1400.6399999989928,952.1889644031761
60533,30.48178748897617,1400.6599999989928,952.1924808255274
60534,30.48178748897617,1400.6799999989928,952.1959971919829
60535,30.48178748897617,1400.6999999989928,952.1995135025431
60536,30.48178748897617,1400.7199999989928,952.2030297572085
60537,30.48178748897617,1400.7399999989927,952.2065459559794
60538,30.48178748897617,1400.7599999989927,952.2100620988564
60539,30.48178748897617,1400.7799999989927,952.2135781858397
60540,30.48178748897617,1400.7999999989927,952.2170942169298
60541,30.48178748897617,1400.8199999989927,952.2206101921272
60542,30.48178748897617,1400.8399999989927,952.2241261114322
60543,30.48178748897617,1400.8599999989926,952.2276419748453
60544,30.48178748897617,1400.8799999989926,952.2311577823668
60545,30.48178748897617,1400.8999999989926,952.2346735339974
60546,30.48178748897617,1400.9199999989926,952.2381892297371
60547,30.48178748897617,1400.9399999989926,952.2417048695867
60548,30.48178748897617,1400.9599999989925,952.2452204535464
60549,30.48178748897617,1400.9799999989925,952.2487359816166
60550,30.48178748897617,1400.9999999989925,952.252251453798
60551,30.48178748897617,1401.0199999989925,952.2557668700907
60552,30.48178748897617,1401.0399999989925,952.2592822304953
60553,30.48178748897617,1401.0599999989925,952.262797535012
60554,30.48178748897617,1401.0799999989924,952.2663127836415
60555,30.48178748897617,1401.0999999989924,952.2698279763841
60556,30.48178748897617,1401.1199999989924,952.273343113254
60557,30.48178748897617,1401.1399999989924,952.2768581943134
60558,30.48178748897617,1401.1599999989924,952.2803732195682
60559,30.48178748897617,1401.1799999989923,952.2838881890189
60560,30.48178748897617,1401.1999999989923,952.2874031026656
60561,30.48178748897617,1401.2199999989923,952.2909179605091
60562,30.48178748897617,1401.2399999989923,952.2944327625496
60563,30.48178748897617,1401.2599999989923,952.2979475087876
60564,30.48178748897617,1401.2799999989923,952.3014621992235
60565,30.48178748897617,1401.2999999989922,952.3049768338577
60566,30.48178748897617,1401.3199999989922,952.3084914126906
60567,30.48178748897617,1401.3399999989922,952.3120059357227
60568,30.48178748897617,1401.3599999989922,952.3155204029543
60569,30.48178748897617,1401.3799999989922,952.319034814386
60570,30.48178748897617,1401.3999999989921,952.3225491700181
60571,30.48178748897617,1401.4199999989921,952.326063469851
60572,30.48178748897617,1401.439999998992,952.3295777138851
60573,30.48178748897617,1401.459999998992,952.3330919021209
60574,30.48178748897617,1401.479999998992,952.3366060345589
60575,30.48178748897617,1401.499999998992,952.3401201111994
60576,30.48178748897617,1401.519999998992,952.3436341320429
60577,30.48178748897617,1401.539999998992,952.3471480970896
60578,30.48178748897617,1401.559999998992,952.3506620063403
60579,30.48178748897617,1401.579999998992,952.3541758597951
60580,30.48178748897617,1401.599999998992,952.3576896574544
60581,30.48178748897617,1401.619999998992,952.3612033993188
60582,30.48178748897617,1401.639999998992,952.3647170853887
60583,30.48178748897617,1401.659999998992,952.3682307156645
60584,30.48178748897617,1401.679999998992,952.3717442901466
60585,30.48178748897617,1401.6999999989919,952.3752578088354
60586,30.48178748897617,1401.7199999989919,952.3787712717314
60587,30.48178748897617,1401.7399999989918,952.3822846788348
60588,30.48178748897617,1401.7599999989918,952.3857980301462
60589,30.48178748897617,1401.7799999989918,952.3893113256661
60590,30.48178748897617,1401.7999999989918,952.3928245653948
60591,30.48178748897617,1401.8199999989918,952.3963377493327
60592,30.48178748897617,1401.8399999989917,952.3998508774803
60593,30.48178748897617,1401.8599999989917,952.403363949838
60594,30.48178748897617,1401.8799999989917,952.4068769664061
60595,30.48178748897617,1401.8999999989917,952.4103899271852
60596,30.48178748897617,1401.9199999989917,952.4139028321756
60597,30.48178748897617,1401.9399999989917,952.4174156813777
60598,30.48178748897617,1401.9599999989916,952.420928474792
60599,30.48178748897617,1401.9799999989916,952.424441212419
60600,30.48178748897617,1401.9999999989916,952.427953894259
60601,30.48178748897617,1402.0199999989916,952.4314665203124
60602,30.48178748897617,1402.0399999989916,952.4349790905796
60603,30.48178748897617,1402.0599999989915,952.4384916050611
60604,30.48178748897617,1402.0799999989915,952.4420040637574
60605,30.48178748897617,1402.0999999989915,952.4455164666687
60606,30.48178748897617,1402.1199999989915,952.4490288137955
60607,30.48178748897617,1402.1399999989915,952.4525411051584
60608,30.48178748897617,1402.1599999989915,952.4560533408205
60609,30.48178748897617,1402.1799999989914,952.459565520787
60610,30.48178748897617,1402.1999999989914,952.4630776450584
60611,30.48178748897617,1402.2199999989914,952.4665897136351
60612,30.48178748897617,1402.2399999989914,952.4701017265176
60613,30.48178748897617,1402.2599999989914,952.473613683706
60614,30.48178748897617,1402.2799999989913,952.4771255852011
60615,30.48178748897617,1402.2999999989913,952.4806374310031
60616,30.48178748897617,1402.3199999989913,952.4841492211125
60617,30.48178748897617,1402.3399999989913,952.4876609555297
60618,30.48178748897617,1402.3599999989913,952.4911726342551
60619,30.48178748897617,1402.3799999989913,952.4946842572892
60620,30.48178748897617,1402.3999999989912,952.4981958246324
60621,30.48178748897617,1402.4199999989912,952.501707336285
60622,30.48178748897617,1402.4399999989912,952.5052187922475
60623,30.48178748897617,1402.4599999989912,952.5087301925205
60624,30.48178748897617,1402.4799999989912,952.5122415371042
60625,30.48178748897617,1402.4999999989911,952.515752825999
60626,30.48178748897617,1402.5199999989911,952.5192640592055
60627,30.48178748897617,1402.539999998991,952.522775236724
60628,30.48178748897617,1402.559999998991,952.5262863585549
60629,30.48178748897617,1402.579999998991,952.5297974246987
60630,30.48178748897617,1402.599999998991,952.5333084351557
60631,30.48178748897617,1402.619999998991,952.5368193899264
60632,30.48178748897617,1402.639999998991,952.5403302890113
60633,30.48178748897617,1402.659999998991,952.5438411324108
60634,30.48178748897617,1402.679999998991,952.5473519201252
60635,30.48178748897617,1402.699999998991,952.5508626521549
60636,30.48178748897617,1402.719999998991,952.5543733285006
60637,30.48178748897617,1402.739999998991,952.5578839491624
60638,30.48178748897617,1402.759999998991,952.5613945141408
60639,30.48178748897617,1402.779999998991,952.5649050234364
60640,30.48178748897617,1402.7999999989909,952.5684154770494
60641,30.48178748897617,1402.8199999989909,952.5719258749804
60642,30.48178748897617,1402.8399999989908,952.5754362172296
60643,30.48178748897617,1402.8599999989908,952.5789465037976
60644,30.48178748897617,1402.8799999989908,952.5824567346848
60645,30.48178748897617,1402.8999999989908,952.5859669098916
60646,30.48178748897617,1402.9199999989908,952.5894770294184
60647,30.48178748897617,1402.9399999989907,952.5929870932656
60648,30.48178748897617,1402.9599999989907,952.5964971014337
60649,30.48178748897617,1402.9799999989907,952.600007053923
60650,30.48178748897617,1402.9999999989907,952.6035169507342
60651,30.48178748897617,1403.0199999989907,952.6070267918674
60652,30.48178748897617,1403.0399999989907,952.6105365773232
60653,30.48178748897617,1403.0599999989906,952.6140463071018
60654,30.48178748897617,1403.0799999989906,952.617555981204
60655,30.48178748897617,1403.0999999989906,952.6210655996299
60656,30.48178748897617,1403.1199999989906,952.62457516238
60657,30.48178748897617,1403.1399999989906,952.6280846694548
60658,30.48178748897617,1403.1599999989905,952.6315941208799
60659,30.48178748897617,1403.1799999989905,952.6351035167144
60660,30.48178748897617,1403.1999999989905,952.6386128569626
60661,30.48178748897617,1403.2199999989905,952.6421221416249
60662,30.48178748897617,1403.2399999989905,952.6456313707017
60663,30.48178748897617,1403.2599999989905,952.6491405441934
60664,30.48178748897617,1403.2799999989904,952.6526496621005
60665,30.48178748897617,1403.2999999989904,952.6561587244234
60666,30.48178748897617,1403.3199999989904,952.6596677311625
60667,30.48178748897617,1403.3399999989904,952.6631766823182
60668,30.48178748897617,1403.3599999989904,952.6666855778909
60669,30.48178748897617,1403.3799999989903,952.6701944178811
60670,30.48178748897617,1403.3999999989903,952.6737032022892
60671,30.48178748897617,1403.4199999989903,952.6772119311156
60672,30.48178748897617,1403.4399999989903,952.6807206043608
60673,30.48178748897617,1403.4599999989903,952.684229222025
60674,30.48178748897617,1403.4799999989903,952.6877377841089
60675,30.48178748897617,1403.4999999989902,952.6912462906128
60676,30.48178748897617,1403.5199999989902,952.694754741537
60677,30.48178748897617,1403.5399999989902,952.6982631368821
60678,30.48178748897617,1403.5599999989902,952.7017714766486
60679,30.48178748897617,1403.5799999989902,952.7052797608367
60680,30.48178748897617,1403.5999999989901,952.7087879894468
60681,30.48178748897617,1403.6199999989901,952.7122961624796
60682,30.48178748897617,1403.63999999899,952.7158042799352
60683,30.48178748897617,1403.65999999899,952.7193123418143
60684,30.48178748897617,1403.67999999899,952.7228203481171
60685,30.48178748897617,1403.69999999899,952.7263282988441
60686,30.48178748897617,1403.71999999899,952.7298361939958
60687,30.48178748897617,1403.73999999899,952.7333440335725
60688,30.48178748897617,1403.75999999899,952.7368518175747
60689,30.48178748897617,1403.77999999899,952.7403595460028
60690,30.48178748897617,1403.79999999899,952.7438672188572
60691,30.48178748897617,1403.81999999899,952.7473748361384
60692,30.48178748897617,1403.83999999899,952.7508823978468
60693,30.48178748897617,1403.85999999899,952.7543899039828
60694,30.48178748897617,1403.87999999899,952.7578973545467
60695,30.48178748897617,1403.8999999989899,952.7614047495391
60696,30.48178748897617,1403.9199999989899,952.7649120889604
60697,30.48178748897617,1403.9399999989898,952.7684193728109
60698,30.48178748897617,1403.9599999989898,952.7719266010911
60699,30.48178748897617,1403.9799999989898,952.7754337738014
60700,30.48178748897617,1403.9999999989898,952.7789408909423
60701,30.48178748897617,1404.0199999989898,952.7824479525142
60702,30.48178748897617,1404.0399999989897,952.7859549585174
60703,30.48178748897617,1404.0599999989897,952.7894619089525
60704,30.48178748897617,1404.0799999989897,952.7929688038198
60705,30.48178748897617,1404.0999999989897,952.7964756431197
60706,30.48178748897617,1404.1199999989897,952.7999824268527
60707,30.48178748897617,1404.1399999989897,952.8034891550192
60708,30.48178748897617,1404.1599999989896,952.8069958276195
60709,30.48178748897617,1404.1799999989896,952.8105024446846
60710,30.48178748897617,1404.1999999989896,952.8140090062697
60711,30.48178748897617,1404.2199999989896,952.8175155123778
60712,30.48178748897617,1404.2399999989896,952.8210219630093
60713,30.48178748897617,1404.2599999989895,952.8245283581649
60714,30.48178748897617,1404.2799999989895,952.8280346978447
60715,30.48178748897617,1404.2999999989895,952.8315409820493
60716,30.48178748897617,1404.3199999989895,952.8350472107791
60717,30.48178748897617,1404.3399999989895,952.8385533840344
60718,30.48178748897617,1404.3599999989895,952.8420595018158
60719,30.48178748897617,1404.3799999989894,952.8455655641236
60720,30.48178748897617,1404.3999999989894,952.8490715709582
60721,30.48178748897617,1404.4199999989894,952.8525775223202
60722,30.48178748897617,1404.4399999989894,952.8560834182099
60723,30.48178748897617,1404.4599999989894,952.8595892586277
60724,30.48178748897617,1404.4799999989893,952.863095043574
60725,30.48178748897617,1404.4999999989893,952.8666007730494
60726,30.48178748897617,1404.5199999989893,952.8701064470541
60727,30.48178748897617,1404.5399999989893,952.8736120655886
60728,30.48178748897617,1404.5599999989893,952.8771176286534
60729,30.48178748897617,1404.5799999989893,952.8806231362489
60730,30.48178748897617,1404.5999999989892,952.8841285883755
60731,30.48178748897617,1404.6199999989892,952.8876339850335
60732,30.48178748897617,1404.6399999989892,952.8911393262235
60733,30.48178748897617,1404.6599999989892,952.8946446119459
60734,30.48178748897617,1404.6799999989892,952.898149842201
60735,30.48178748897617,1404.6999999989891,952.9016550169893
60736,30.48178748897617,1404.7199999989891,952.9051601363112
60737,30.48178748897617,1404.739999998989,952.9086652001672
60738,30.48178748897617,1404.759999998989,952.9121702085577
60739,30.48178748897617,1404.779999998989,952.915675161483
60740,30.48178748897617,1404.799999998989,952.9191800589438
60741,30.48178748897617,1404.819999998989,952.9226849009402
60742,30.48178748897617,1404.839999998989,952.9261896874729
60743,30.48178748897617,1404.859999998989,952.9296944185421
60744,30.48178748897617,1404.879999998989,952.9331990941483
60745,30.48178748897617,1404.899999998989,952.936703714292
60746,30.48178748897617,1404.919999998989,952.9402082789735
60747,30.48178748897617,1404.939999998989,952.9437127881932
60748,30.48178748897617,1404.959999998989,952.9472172419518
60749,30.48178748897617,1404.979999998989,952.9507216402494
60750,30.48178748897617,1404.9999999989889,952.9542259830865
60751,30.48178748897617,1405.0199999989889,952.9577302704637
60752,30.48178748897617,1405.0399999989888,952.9612345023812
60753,30.48178748897617,1405.0599999989888,952.9647386788395
60754,30.48178748897617,1405.0799999989888,952.968242799839
60755,30.48178748897617,1405.0999999989888,952.9717468653802
60756,30.48178748897617,1405.1199999989888,952.9752508754634
60757,30.48178748897617,1405.1399999989887,952.9787548300892
60758,30.48178748897617,1405.1599999989887,952.9822587292579
60759,30.48178748897617,1405.1799999989887,952.9857625729699
60760,30.48178748897617,1405.1999999989887,952.9892663612613
60761,30.48178748897617,1405.2199999989887,952.9927700941834
60762,30.48178748897617,1405.2399999989887,952.996273771738
60763,30.48178748897617,1405.2599999989886,952.9997773939256
60764,30.48178748897617,1405.2799999989886,953.0032809607467
60765,30.48178748897617,1405.2999999989886,953.0067844722016
60766,30.48178748897617,1405.3199999989886,953.0102879282908
60767,30.48178748897617,1405.3399999989886,953.0137913290148
60768,30.48178748897617,1405.3599999989885,953.0172946743739
60769,30.48178748897617,1405.3799999989885,953.0207979643686
60770,30.48178748897617,1405.3999999989885,953.0243011989993
60771,30.48178748897617,1405.4199999989885,953.0278043782664
60772,30.48178748897617,1405.4399999989885,953.0313075021704
60773,30.48178748897617,1405.4599999989885,953.0348105707117
60774,30.48178748897617,1405.4799999989884,953.0383135838906
60775,30.48178748897617,1405.4999999989884,953.0418165417077
60776,30.48178748897617,1405.5199999989884,953.0453194441633
60777,30.48178748897617,1405.5399999989884,953.0488222912579
60778,30.48178748897617,1405.5599999989884,953.052325082992
60779,30.48178748897617,1405.5799999989883,953.0558278193657
60780,30.48178748897617,1405.5999999989883,953.0593305003798
60781,30.48178748897617,1405.6199999989883,953.0628331260345
60782,30.48178748897617,1405.6399999989883,953.0663356963304
60783,30.48178748897617,1405.6599999989883,953.0698382112677
60784,30.48178748897617,1405.6799999989883,953.0733406708468
60785,30.48178748897617,1405.6999999989882,953.0768430750684
60786,30.48178748897617,1405.7199999989882,953.0803454239327
60787,30.48178748897617,1405.7399999989882,953.0838477174403
60788,30.48178748897617,1405.7599999989882,953.0873499555915
60789,30.48178748897617,1405.7799999989882,953.0908521383868
60790,30.48178748897617,1405.7999999989881,953.0943542658265
60791,30.48178748897617,1405.8199999989881,953.0978563379111
60792,30.48178748897617,1405.839999998988,953.1013583546411
60793,30.48178748897617,1405.859999998988,953.1048603160168
60794,30.48178748897617,1405.879999998988,953.1083622220386
60795,30.48178748897617,1405.899999998988,953.1118640727071
60796,30.48178748897617,1405.919999998988,953.1153658680226
60797,30.48178748897617,1405.939999998988,953.1188676079855
60798,30.48178748897617,1405.959999998988,953.1223692925963
60799,30.48178748897617,1405.979999998988,953.1258709218554
60800,30.48178748897617,1405.999999998988,953.1293724957632
60801,30.48178748897617,1406.019999998988,953.13287401432
60802,30.48178748897617,1406.039999998988,953.1363754775265
60803,30.48178748897617,1406.059999998988,953.1398768853829
60804,30.48178748897617,1406.079999998988,953.1433782378898
60805,30.48178748897617,1406.0999999989879,953.1468795350474
60806,30.48178748897617,1406.1199999989879,953.1503807768564
60807,30.48178748897617,1406.1399999989878,953.1538819633171
60808,30.48178748897617,1406.1599999989878,953.1573830944297
60809,30.48178748897617,1406.1799999989878,953.160884170195
60810,30.48178748897617,1406.1999999989878,953.1643851906132
60811,30.48178748897617,1406.2199999989878,953.1678861557285
60812,30.48178748897617,1406.2399999989877,953.1713870655914
60813,30.48178748897617,1406.2599999989877,953.1748879202029
60814,30.48178748897617,1406.2799999989877,953.1783887195634
60815,30.48178748897617,1406.2999999989877,953.1818894636734
60816,30.48178748897617,1406.3199999989877,953.1853901525334
60817,30.48178748897617,1406.3399999989877,953.1888907861436
60818,30.48178748897617,1406.3599999989876,953.1923913645046
60819,30.48178748897617,1406.3799999989876,953.1958918876168
60820,30.48178748897617,1406.3999999989876,953.1993923554805
60821,30.48178748897617,1406.4199999989876,953.2028927680963
60822,30.44348563357665,1406.4399999989876,953.2063931254645
60823,30.44348563357665,1406.4599999989875,953.2098934275856
60824,30.44348563357665,1406.4799999989875,953.21339367446
60825,30.44348563357665,1406.4999999989875,953.2168938660881
60826,30.44348563357665,1406.5199999989875,953.2203940024704
60827,30.44348563357665,1406.5399999989875,953.2238940836072
60828,30.44348563357665,1406.5599999989875,953.227394109499
60829,30.44348563357665,1406.5799999989874,953.2308940801462
60830,30.44348563357665,1406.5999999989874,953.2343939955492
60831,30.44348563357665,1406.6199999989874,953.2378938557085
60832,30.44348563357665,1406.6399999989874,953.2413936606246
60833,30.44348563357665,1406.6599999989874,953.2448934102977
60834,30.44348563357665,1406.6799999989873,953.2483931047284
60835,30.44348563357665,1406.6999999989873,953.2518927439171
60836,30.44348563357665,1406.7199999989873,953.2553923278641
60837,30.44348563357665,1406.7399999989873,953.25889185657
60838,30.44348563357665,1406.7599999989873,953.2623913300351
60839,30.44348563357665,1406.7799999989873,953.26589074826
60840,30.44348563357665,1406.7999999989872,953.2693901112448
60841,30.44348563357665,1406.8199999989872,953.2728894189902
60842,30.44348563357665,1406.8399999989872,953.2763886714965
60843,30.44348563357665,1406.8599999989872,953.2798878687643
60844,30.44348563357665,1406.8799999989872,953.2833870107937
60845,30.44348563357665,1406.8999999989871,953.2868860975855
60846,30.44348563357665,1406.9199999989871,953.2903851291398
60847,30.44348563357665,1406.939999998987,953.2938841054572
60848,30.44348563357665,1406.959999998987,953.2973830265381
60849,30.44348563357665,1406.979999998987,953.3008818923829
60850,30.44348563357665,1406.999999998987,953.304380702992
60851,30.44348563357665,1407.019999998987,953.307879458366
60852,30.44348563357665,1407.039999998987,953.311378158505
60853,30.44348563357665,1407.059999998987,953.3148768034097
60854,30.44348563357665,1407.079999998987,953.3183753930804
60855,30.44348563357665,1407.099999998987,953.3218739275176
60856,30.44348563357665,1407.119999998987,953.3253724067216
60857,30.44348563357665,1407.139999998987,953.328870830693
60858,30.44348563357665,1407.159999998987,953.332369199432
60859,30.44348563357665,1407.179999998987,953.3358675129393
60860,30.44348563357665,1407.1999999989869,953.3393657712152
60861,30.44348563357665,1407.2199999989869,953.3428639742604
60862,30.44348563357665,1407.2399999989868,953.3463621221173
60863,30.44348563357665,1407.2599999989868,953.349860214825
60864,30.44348563357665,1407.2799999989868,953.3533582523838
60865,30.44348563357665,1407.2999999989868,953.3568562347943
60866,30.44348563357665,1407.3199999989868,953.3603541620569
60867,30.44348563357665,1407.3399999989867,953.3638520341718
60868,30.44348563357665,1407.3599999989867,953.3673498511397
60869,30.44348563357665,1407.3799999989867,953.3708476129608
60870,30.44348563357665,1407.3999999989867,953.3743453196357
60871,30.44348563357665,1407.4199999989867,953.3778429711648
60872,30.44348563357665,1407.4399999989867,953.3813405675485
60873,30.44348563357665,1407.4599999989866,953.3848381087871
60874,30.44348563357665,1407.4799999989866,953.3883355948811
60875,30.44348563357665,1407.4999999989866,953.391833025831
60876,30.44348563357665,1407.5199999989866,953.3953304016372
60877,30.44348563357665,1407.5399999989866,953.3988277223002
60878,30.44348563357665,1407.5599999989865,953.4023249878203
60879,30.44348563357665,1407.5799999989865,953.4058221981979
60880,30.44348563357665,1407.5999999989865,953.4093193534336
60881,30.44348563357665,1407.6199999989865,953.4128164535276
60882,30.44348563357665,1407.6399999989865,953.4163134984805
60883,30.44348563357665,1407.6599999989865,953.4198104882926
60884,30.44348563357665,1407.6799999989864,953.4233074229644
60885,30.44348563357665,1407.6999999989864,953.4268043024964
60886,30.44348563357665,1407.7199999989864,953.4303011268889
60887,30.44348563357665,1407.7399999989864,953.4337978961424
60888,30.44348563357665,1407.7599999989864,953.4372946102574
60889,30.44348563357665,1407.7799999989863,953.4407912692341
60890,30.44348563357665,1407.7999999989863,953.444287873073
60891,30.44348563357665,1407.8199999989863,953.4477844217746
60892,30.44348563357665,1407.8399999989863,953.4512809153393
60893,30.44348563357665,1407.8599999989863,953.4547773537676
60894,30.44348563357665,1407.8799999989862,953.4582737370597
60895,30.44348563357665,1407.8999999989862,953.4617700652162
60896,30.44348563357665,1407.9199999989862,953.4652663382376
60897,30.44348563357665,1407.9399999989862,953.4687625561243
60898,30.44348563357665,1407.9599999989862,953.4722587188766
60899,30.44348563357665,1407.9799999989862,953.475754826495
60900,30.44348563357665,1407.9999999989861,953.4792508789798
60901,30.44348563357665,1408.0199999989861,953.4827468763316
60902,30.44348563357665,1408.039999998986,953.4862428185507
60903,30.44348563357665,1408.059999998986,953.4897387056377
60904,30.44348563357665,1408.079999998986,953.4932345375928
60905,30.44348563357665,1408.099999998986,953.4967303144166
60906,30.44348563357665,1408.119999998986,953.5002260361094
60907,30.44348563357665,1408.139999998986,953.5037217026718
60908,30.44348563357665,1408.159999998986,953.507217314104
60909,30.44348563357665,1408.179999998986,953.5107128704066
60910,30.44348563357665,1408.199999998986,953.5142083715799
60911,30.44348563357665,1408.219999998986,953.5177038176244
60912,30.44348563357665,1408.239999998986,953.5211992085419
60913,30.44348563357665,1408.259999998986,953.5246945443822
60914,30.44348563357665,1408.2799999989859,953.528189825182
60915,30.44348563357665,1408.2999999989859,953.5316850509419
60916,30.44348563357665,1408.3199999989858,953.535180221662
60917,30.44348563357665,1408.3399999989858,953.5386753373431
60918,30.44348563357665,1408.3599999989858,953.5421703979854
60919,30.44348563357665,1408.3799999989858,953.5456654035893
60920,30.44348563357665,1408.3999999989858,953.5491603541553
60921,30.44348563357665,1408.4199999989858,953.5526552496839
60922,30.44348563357665,1408.4399999989857,953.5561500901754
60923,30.44348563357665,1408.4599999989857,953.5596448756303
60924,30.44348563357665,1408.4799999989857,953.563139606049
60925,30.44348563357665,1408.4999999989857,953.566634281432
60926,30.44348563357665,1408.5199999989857,953.5701289017796
60927,30.44348563357665,1408.5399999989856,953.5736234670924
60928,30.44348563357665,1408.5599999989856,953.5771179773707
60929,30.44348563357665,1408.5799999989856,953.5806124326149
60930,30.44348563357665,1408.5999999989856,953.5841068328255
60931,30.44348563357665,1408.6199999989856,953.5876011780028
60932,30.44348563357665,1408.6399999989856,953.5910954681475
60933,30.44348563357665,1408.6599999989855,953.5945897032598
60934,30.44348563357665,1408.6799999989855,953.5980838833401
60935,30.44348563357665,1408.6999999989855,953.601578008389
60936,30.44348563357665,1408.7199999989855,953.6050720784068
60937,30.44348563357665,1408.7399999989855,953.608566093394
60938,30.44348563357665,1408.7599999989854,953.6120600533509
60939,30.44348563357665,1408.7799999989854,953.615553958278
60940,30.44348563357665,1408.7999999989854,953.6190478081759
60941,30.44348563357665,1408.8199999989854,953.6225416030447
60942,30.44348563357665,1408.8399999989854,953.6260353428852
60943,30.44348563357665,1408.8599999989854,953.6295290276975
60944,30.44348563357665,1408.8799999989853,953.6330226574821
60945,30.44348563357665,1408.8999999989853,953.6365162322396
60946,30.44348563357665,1408.9199999989853,953.6400097519703
60947,30.44348563357665,1408.9399999989853,953.6435032166746
60948,30.44348563357665,1408.9599999989853,953.6469966263529
60949,30.44348563357665,1408.9799999989852,953.6504899810058
60950,30.44348563357665,1408.9999999989852,953.6539832806335
60951,30.44348563357665,1409.0199999989852,953.6574765252366
60952,30.44348563357665,1409.0399999989852,953.6609697148155
60953,30.44348563357665,1409.0599999989852,953.6644628493705
60954,30.44348563357665,1409.0799999989852,953.6679559289021
60955,30.44348563357665,1409.0999999989851,953.6714489534107
60956,30.44348563357665,1409.1199999989851,953.6749419228969
60957,30.44348563357665,1409.139999998985,953.678434837361
60958,30.44348563357665,1409.159999998985,953.6819276968034
60959,30.44348563357665,1409.179999998985,953.6854205012246
60960,30.44348563357665,1409.199999998985,953.6889132506249
60961,30.44348563357665,1409.219999998985,953.6924059450048
60962,30.44348563357665,1409.239999998985,953.6958985843647
60963,30.44348563357665,1409.259999998985,953.6993911687076
60964,30.44348563357665,1409.279999998985,953.7028836980872
60965,30.44348563357665,1409.299999998985,953.7063761725353
60966,30.44348563357665,1409.319999998985,953.7098685920522
60967,30.44348563357665,1409.339999998985,953.7133609566383
60968,30.44348563357665,1409.359999998985,953.7168532662942
60969,30.44348563357665,1409.3799999989849,953.7203455210201
60970,30.44348563357665,1409.3999999989849,953.7238377208167
60971,30.44348563357665,1409.4199999989848,953.7273298656843
60972,30.44348563357665,1409.4399999989848,953.7308219556232
60973,30.44348563357665,1409.4599999989848,953.7343139906341
60974,30.44348563357665,1409.4799999989848,953.7378059707172
60975,30.44348563357665,1409.4999999989848,953.741297895873
60976,30.44348563357665,1409.5199999989848,953.744789766102
60977,30.44348563357665,1409.5399999989847,953.7482815814046
60978,30.44348563357665,1409.5599999989847,953.7517733417811
60979,30.44348563357665,1409.5799999989847,953.7552650472321
60980,30.44348563357665,1409.5999999989847,953.7587566977579
60981,30.44348563357665,1409.6199999989847,953.762248293359
60982,30.44348563357665,1409.6399999989846,953.7657398340358
60983,30.44348563357665,1409.6599999989846,953.7692313197887
60984,30.44348563357665,1409.6799999989846,953.7727227506182
60985,30.44348563357665,1409.6999999989846,953.7762141265247
60986,30.44348563357665,1409.7199999989846,953.7797054475086
60987,30.44348563357665,1409.7399999989846,953.7831967135703
60988,30.44348563357665,1409.7599999989845,953.7866879247103
60989,30.44348563357665,1409.7799999989845,953.7901790809291
60990,30.44348563357665,1409.7999999989845,953.793670182227
60991,30.44348563357665,1409.8199999989845,953.7971612286043
60992,30.44348563357665,1409.8399999989845,953.8006522200617
60993,30.44348563357665,1409.8599999989844,953.8041431565995
60994,30.44348563357665,1409.8799999989844,953.8076340382181
60995,30.44348563357665,1409.8999999989844,953.811124864918
60996,30.44348563357665,1409.9199999989844,953.8146156366996
60997,30.44348563357665,1409.9399999989844,953.8181063535633
60998,30.44348563357665,1409.9599999989844,953.8215970155095
60999,30.44348563357665,1409.9799999989843,953.8250876225387
61000,30.44348563357665,1409.9999999989843,953.8285781746514
61001,30.44348563357665,1410.0199999989843,953.8320686718479
61002,30.44348563357665,1410.0399999989843,953.8355591141286
61003,30.44348563357665,1410.0599999989843,953.8390495014941
61004,30.44348563357665,1410.0799999989842,953.8425398339446
61005,30.44348563357665,1410.0999999989842,953.8460301114807
61006,30.44348563357665,1410.1199999989842,953.8495203341027
61007,30.44348563357665,1410.1399999989842,953.8530105018111
61008,30.44348563357665,1410.1599999989842,953.8565006146064
61009,30.44348563357665,1410.1799999989842,953.8599906724888
61010,30.44348563357665,1410.1999999989841,953.863480675459
61011,30.44348563357665,1410.2199999989841,953.8669706235172
61012,30.44348563357665,1410.239999998984,953.870460516664
61013,30.44348563357665,1410.259999998984,953.8739503548998
61014,30.44348563357665,1410.279999998984,953.8774401382284
61015,30.44348563357665,1410.299999998984,953.8809298667079
61016,30.44348563357665,1410.319999998984,953.8844195403648
61017,30.44348563357665,1410.339999998984,953.8879091591995
61018,30.44348563357665,1410.359999998984,953.8913987232124
61019,30.44348563357665,1410.379999998984,953.8948882324041
61020,30.44348563357665,1410.399999998984,953.8983776867749
61021,30.44348563357665,1410.419999998984,953.9018670863253
61022,30.44348563357665,1410.439999998984,953.9053564310557
61023,30.44348563357665,1410.459999998984,953.9088457209664
61024,30.44348563357665,1410.4799999989839,953.912334956058
61025,30.44348563357665,1410.4999999989839,953.9158241363308
61026,30.44348563357665,1410.5199999989838,953.9193132617853
61027,30.44348563357665,1410.5399999989838,953.922802332422
61028,30.44348563357665,1410.5599999989838,953.9262913482412
61029,30.44348563357665,1410.5799999989838,953.9297803092434
61030,30.44348563357665,1410.5999999989838,953.933269215429
61031,30.44348563357665,1410.6199999989838,953.9367580667986
61032,30.44348563357665,1410.6399999989837,953.9402468633523
61033,30.44348563357665,1410.6599999989837,953.9437356050908
61034,30.44348563357665,1410.6799999989837,953.9472242920143
61035,30.44348563357665,1410.6999999989837,953.9507129241234
61036,30.44348563357665,1410.7199999989837,953.9542015014185
61037,30.44348563357665,1410.7399999989836,953.9576900239001
61038,30.44348563357665,1410.7599999989836,953.9611784915685
61039,30.44348563357665,1410.7799999989836,953.9646669044241
61040,30.44348563357665,1410.7999999989836,953.9681552624675
61041,30.44348563357665,1410.8199999989836,953.971643565699
61042,30.44348563357665,1410.8399999989836,953.975131814119
61043,30.44348563357665,1410.8599999989835,953.978620007728
61044,30.44348563357665,1410.8799999989835,953.9821081465263
61045,30.44348563357665,1410.8999999989835,953.9855962305146
61046,30.44348563357665,1410.9199999989835,953.9890842596932
61047,30.44348563357665,1410.9399999989835,953.9925722340624
61048,30.44348563357665,1410.9599999989834,953.9960601536228
61049,30.44348563357665,1410.9799999989834,953.9995480183748
61050,30.44348563357665,1410.9999999989834,954.0030358283186
61051,30.44348563357665,1411.0199999989834,954.006523583455
61052,30.44348563357665,1411.0399999989834,954.0100112837841
61053,30.44348563357665,1411.0599999989834,954.0134989293066
61054,30.44348563357665,1411.0799999989833,954.0169865200228
61055,30.44348563357665,1411.0999999989833,954.020474055933
61056,30.44348563357665,1411.1199999989833,954.0239615370378
61057,30.44348563357665,1411.1399999989833,954.0274489633376
61058,30.44348563357665,1411.1599999989833,954.0309363348329
61059,30.44348563357665,1411.1799999989832,954.034423651524
61060,30.44348563357665,1411.1999999989832,954.0379109134113
61061,30.44348563357665,1411.2199999989832,954.0413981204954
61062,30.44348563357665,1411.2399999989832,954.0448852727766
61063,30.44348563357665,1411.2599999989832,954.0483723702554
61064,30.44348563357665,1411.2799999989832,954.0518594129321
61065,30.44348563357665,1411.2999999989831,954.0553464008119
61066,30.44348563357665,1411.3199999989831,954.0588333339581
61067,30.44348563357665,1411.339999998983,954.0623202123925
61068,30.44348563357665,1411.359999998983,954.0658070361155
61069,30.44348563357665,1411.379999998983,954.0692938051277
61070,30.44348563357665,1411.399999998983,954.0727805194293
61071,30.44348563357665,1411.419999998983,954.076267179021
61072,30.44348563357665,1411.439999998983,954.079753783903
61073,30.44348563357665,1411.459999998983,954.0832403340758
61074,30.44348563357665,1411.479999998983,954.0867268295398
61075,30.44348563357665,1411.499999998983,954.0902132702954
61076,30.44348563357665,1411.519999998983,954.0936996563432
61077,30.44348563357665,1411.539999998983,954.0971859876835
61078,30.44348563357665,1411.559999998983,954.1006722643167
61079,30.44348563357665,1411.5799999989829,954.1041584862434
61080,30.44348563357665,1411.5999999989829,954.1076446534638
61081,30.44348563357665,1411.6199999989828,954.1111307659785
61082,30.44348563357665,1411.6399999989828,954.1146168237877
61083,30.44348563357665,1411.6599999989828,954.1181028268921
61084,30.44348563357665,1411.6799999989828,954.121588775292
61085,30.44348563357665,1411.6999999989828,954.1250746689878
61086,30.44348563357665,1411.7199999989828,954.1285605079801
61087,30.44348563357665,1411.7399999989827,954.132046292269
61088,30.44348563357665,1411.7599999989827,954.1355320218553
61089,30.44348563357665,1411.7799999989827,954.1390176967392
61090,30.44348563357665,1411.7999999989827,954.1425033169212
61091,30.44348563357665,1411.8199999989827,954.1459888824016
61092,30.44348563357665,1411.8399999989826,954.149474393181
61093,30.44348563357665,1411.8599999989826,954.1529598492598
61094,30.44348563357665,1411.8799999989826,954.1564452506383
61095,30.44348563357665,1411.8999999989826,954.159930597317
61096,30.44348563357665,1411.9199999989826,954.1634158892964
61097,30.44348563357665,1411.9399999989826,954.1669011265769
61098,30.44348563357665,1411.9599999989825,954.170386309159
61099,30.44348563357665,1411.9799999989825,954.1738714370429
61100,30.44348563357665,1411.9999999989825,954.1773565102292
61101,30.44348563357665,1412.0199999989825,954.1808415287182
61102,30.44348563357665,1412.0399999989825,954.1843264925105
61103,30.44348563357665,1412.0599999989824,954.1878114016064
61104,30.44348563357665,1412.0799999989824,954.1912962560064
61105,30.44348563357665,1412.0999999989824,954.1947810557108
61106,30.44348563357665,1412.1199999989824,954.1982658007202
61107,30.44348563357665,1412.1399999989824,954.2017504910349
61108,30.44348563357665,1412.1599999989824,954.2052351266553
61109,30.44348563357665,1412.1799999989823,954.2087197075821
61110,30.44348563357665,1412.1999999989823,954.2122042338154
61111,30.44348563357665,1412.2199999989823,954.2156887053559
61112,30.44348563357665,1412.2399999989823,954.2191731222038
61113,30.44348563357665,1412.2599999989823,954.2226574843595
61114,30.44348563357665,1412.2799999989822,954.2261417918236
61115,30.44348563357665,1412.2999999989822,954.2296260445964
61116,30.405263924624236,1412.3199999989822,954.2331102426842
61117,30.405263924624236,1412.3399999989822,954.236594386155
61118,30.405263924624236,1412.3599999989822,954.2400784750257
61119,30.405263924624236,1412.3799999989822,954.2435625092966
61120,30.405263924624236,1412.3999999989821,954.2470464889681
61121,30.405263924624236,1412.4199999989821,954.2505304140407
61122,30.405263924624236,1412.439999998982,954.2540142845148
61123,30.405263924624236,1412.459999998982,954.257498100391
61124,30.405263924624236,1412.479999998982,954.2609818616695
61125,30.405263924624236,1412.499999998982,954.2644655683508
61126,30.405263924624236,1412.519999998982,954.2679492204355
61127,30.405263924624236,1412.539999998982,954.2714328179238
61128,30.405263924624236,1412.559999998982,954.2749163608163
61129,30.405263924624236,1412.579999998982,954.2783998491134
61130,30.405263924624236,1412.599999998982,954.2818832828154
61131,30.405263924624236,1412.619999998982,954.2853666619229
61132,30.405263924624236,1412.639999998982,954.2888499864363
61133,30.405263924624236,1412.659999998982,954.292333256356
61134,30.405263924624236,1412.6799999989819,954.2958164716823
61135,30.405263924624236,1412.6999999989819,954.2992996324159
61136,30.405263924624236,1412.7199999989818,954.3027827385571
61137,30.405263924624236,1412.7399999989818,954.3062657901063
61138,30.405263924624236,1412.7599999989818,954.3097487870639
61139,30.405263924624236,1412.7799999989818,954.3132317294304
61140,30.405263924624236,1412.7999999989818,954.3167146172062
61141,30.405263924624236,1412.8199999989818,954.3201974503919
61142,30.405263924624236,1412.8399999989817,954.3236802289878
61143,30.405263924624236,1412.8599999989817,954.3271629529943
61144,30.405263924624236,1412.8799999989817,954.3306456224118
61145,30.405263924624236,1412.8999999989817,954.3341282372409
61146,30.405263924624236,1412.9199999989817,954.3376107974818
61147,30.405263924624236,1412.9399999989816,954.3410933031352
61148,30.405263924624236,1412.9599999989816,954.3445757542013
61149,30.405263924624236,1412.9799999989816,954.3480581506806
61150,30.405263924624236,1412.9999999989816,954.3515404925736
61151,30.405263924624236,1413.0199999989816,954.3550227798806
61152,30.405263924624236,1413.0399999989816,954.3585050126022
61153,30.405263924624236,1413.0599999989815,954.3619871907388
61154,30.405263924624236,1413.0799999989815,954.3654693142907
61155,30.405263924624236,1413.0999999989815,954.3689513832585
61156,30.405263924624236,1413.1199999989815,954.3724333976426
61157,30.405263924624236,1413.1399999989815,954.3759153574433
61158,30.405263924624236,1413.1599999989814,954.3793972626612
61159,30.405263924624236,1413.1799999989814,954.3828791132967
61160,30.405263924624236,1413.1999999989814,954.3863609093501
61161,30.405263924624236,1413.2199999989814,954.389842650822
61162,30.405263924624236,1413.2399999989814,954.3933243377127
61163,30.405263924624236,1413.2599999989814,954.3968059700227
61164,30.405263924624236,1413.2799999989813,954.4002875477523
61165,30.405263924624236,1413.2999999989813,954.4037690709022
61166,30.405263924624236,1413.3199999989813,954.4072505394726
61167,30.405263924624236,1413.3399999989813,954.4107319534702
61168,30.405263924624236,1413.3599999989813,954.4142133129611
61169,30.405263924624236,1413.3799999989812,954.4176946179557
61170,30.405263924624236,1413.3999999989812,954.4211758684545
61171,30.405263924624236,1413.4199999989812,954.424657064458
61172,30.405263924624236,1413.4399999989812,954.4281382059664
61173,30.405263924624236,1413.4599999989812,954.4316192929804
61174,30.405263924624236,1413.4799999989812,954.4351003255002
61175,30.405263924624236,1413.4999999989811,954.4385813035265
61176,30.405263924624236,1413.5199999989811,954.4420622270594
61177,30.405263924624236,1413.539999998981,954.4455430960996
61178,30.405263924624236,1413.559999998981,954.4490239106475
61179,30.405263924624236,1413.579999998981,954.4525046707034
61180,30.405263924624236,1413.599999998981,954.4559853762678
61181,30.405263924624236,1413.619999998981,954.4594660273411
61182,30.405263924624236,1413.639999998981,954.4629466239238
61183,30.405263924624236,1413.659999998981,954.4664271660163
61184,30.405263924624236,1413.679999998981,954.469907653619
61185,30.405263924624236,1413.699999998981,954.4733880867324
61186,30.405263924624236,1413.719999998981,954.4768684653568
61187,30.405263924624236,1413.739999998981,954.4803487894928
61188,30.405263924624236,1413.759999998981,954.4838290591408
61189,30.405263924624236,1413.7799999989809,954.4873092743012
61190,30.405263924624236,1413.7999999989809,954.4907894349743
61191,30.405263924624236,1413.8199999989808,954.4942695411607
61192,30.405263924624236,1413.8399999989808,954.4977495928608
61193,30.405263924624236,1413.8599999989808,954.501229590075
61194,30.405263924624236,1413.8799999989808,954.5047095328038
61195,30.405263924624236,1413.8999999989808,954.5081894210475
61196,30.405263924624236,1413.9199999989808,954.5116692548066
61197,30.405263924624236,1413.9399999989807,954.5151490340817
61198,30.405263924624236,1413.9599999989807,954.518628758873
61199,30.405263924624236,1413.9799999989807,954.522108429181
61200,30.405263924624236,1413.9999999989807,954.5255880450061
61201,30.405263924624236,1414.0199999989807,954.5290676063488
61202,30.405263924624236,1414.0399999989806,954.5325471132095
61203,30.405263924624236,1414.0599999989806,954.5360265655886
61204,30.405263924624236,1414.0799999989806,954.5395059634866
61205,30.405263924624236,1414.0999999989806,954.5429853069039
61206,30.405263924624236,1414.1199999989806,954.5464645958409
61207,30.405263924624236,1414.1399999989806,954.549943830298
61208,30.405263924624236,1414.1599999989805,954.5534230102758
61209,30.405263924624236,1414.1799999989805,954.5569021357745
61210,30.405263924624236,1414.1999999989805,954.5603812067948
61211,30.405263924624236,1414.2199999989805,954.5638602233369
61212,30.405263924624236,1414.2399999989805,954.5673391854014
61213,30.405263924624236,1414.2599999989804,954.5708180929886
61214,30.405263924624236,1414.2799999989804,954.5742969460989
61215,30.405263924624236,1414.2999999989804,954.5777757447329
61216,30.405263924624236,1414.3199999989804,954.5812544888909
61217,30.405263924624236,1414.3399999989804,954.5847331785734
61218,30.405263924624236,1414.3599999989804,954.5882118137896
61219,30.405263924624236,1414.3799999989803,954.5916903946104
61220,30.405263924624236,1414.3999999989803,954.5951689210431
61221,30.405263924624236,1414.4199999989803,954.5986473930881
61222,30.405263924624236,1414.4399999989803,954.6021258107457
61223,30.405263924624236,1414.4599999989803,954.6056041740165
61224,30.405263924624236,1414.4799999989802,954.6090824829009
61225,30.405263924624236,1414.4999999989802,954.6125607373993
61226,30.405263924624236,1414.5199999989802,954.6160389375123
61227,30.405263924624236,1414.5399999989802,954.61951708324
61228,30.405263924624236,1414.5599999989802,954.6229951745831
61229,30.405263924624236,1414.5799999989802,954.626473211542
61230,30.405263924624236,1414.5999999989801,954.6299511941171
61231,30.405263924624236,1414.6199999989801,954.6334291223087
61232,30.405263924624236,1414.63999999898,954.6369069961174
61233,30.405263924624236,1414.65999999898,954.6403848155436
61234,30.405263924624236,1414.67999999898,954.6438625805877
61235,30.405263924624236,1414.69999999898,954.6473402912501
61236,30.405263924624236,1414.71999999898,954.6508179475313
61237,30.405263924624236,1414.73999999898,954.6542955494318
61238,30.405263924624236,1414.75999999898,954.6577730969519
61239,30.405263924624236,1414.77999999898,954.6612505900921
61240,30.405263924624236,1414.79999999898,954.6647280288528
61241,30.405263924624236,1414.81999999898,954.6682054132344
61242,30.405263924624236,1414.83999999898,954.6716827432374
61243,30.405263924624236,1414.85999999898,954.6751600188622
61244,30.405263924624236,1414.8799999989799,954.6786372401093
61245,30.405263924624236,1414.8999999989799,954.682114406979
61246,30.405263924624236,1414.9199999989798,954.6855915194719
61247,30.405263924624236,1414.9399999989798,954.6890685775883
61248,30.405263924624236,1414.9599999989798,954.6925455813287
61249,30.405263924624236,1414.9799999989798,954.6960225306934
61250,30.405263924624236,1414.9999999989798,954.699499425683
61251,30.405263924624236,1415.0199999989798,954.7029762662979
61252,30.405263924624236,1415.0399999989797,954.7064530525386
61253,30.405263924624236,1415.0599999989797,954.7099297844053
61254,30.405263924624236,1415.0799999989797,954.7134064618986
61255,30.405263924624236,1415.0999999989797,954.7168830850188
61256,30.405263924624236,1415.1199999989797,954.7203596537665
61257,30.405263924624236,1415.1399999989796,954.7238361681422
61258,30.405263924624236,1415.1599999989796,954.727312628146
61259,30.405263924624236,1415.1799999989796,954.7307890337787
61260,30.405263924624236,1415.1999999989796,954.7342653850405
61261,30.405263924624236,1415.2199999989796,954.737741681932
61262,30.405263924624236,1415.2399999989796,954.7412179244534
61263,30.405263924624236,1415.2599999989795,954.7446941126053
61264,30.405263924624236,1415.2799999989795,954.7481702463881
61265,30.405263924624236,1415.2999999989795,954.7516463258022
61266,30.405263924624236,1415.3199999989795,954.7551223508481
61267,30.405263924624236,1415.3399999989795,954.7585983215262
61268,30.405263924624236,1415.3599999989794,954.7620742378368
61269,30.405263924624236,1415.3799999989794,954.7655500997945
61270,30.405263924624236,1415.3999999989794,954.7690259074658
61271,30.405263924624236,1415.4199999989794,954.7725016608571
61272,30.405263924624236,1415.4399999989794,954.7759773599688
61273,30.405263924624236,1415.4599999989794,954.7794530048013
61274,30.405263924624236,1415.4799999989793,954.7829285953551
61275,30.405263924624236,1415.4999999989793,954.7864041316305
61276,30.405263924624236,1415.5199999989793,954.7898796136282
61277,30.405263924624236,1415.5399999989793,954.7933550413484
61278,30.405263924624236,1415.5599999989793,954.7968304147915
61279,30.405263924624236,1415.5799999989792,954.8003057339581
61280,30.405263924624236,1415.5999999989792,954.8037809988485
61281,30.405263924624236,1415.6199999989792,954.8072562094633
61282,30.405263924624236,1415.6399999989792,954.8107313658028
61283,30.405263924624236,1415.6599999989792,954.8142064678674
61284,30.405263924624236,1415.6799999989792,954.8176815156577
61285,30.405263924624236,1415.6999999989791,954.821156509174
61286,30.405263924624236,1415.7199999989791,954.8246314484168
61287,30.405263924624236,1415.739999998979,954.8281063333864
61288,30.405263924624236,1415.759999998979,954.8315811640833
61289,30.405263924624236,1415.779999998979,954.835055940508
61290,30.405263924624236,1415.799999998979,954.838530662661
61291,30.405263924624236,1415.819999998979,954.8420053305426
61292,30.405263924624236,1415.839999998979,954.8454799441532
61293,30.405263924624236,1415.859999998979,954.8489545034934
61294,30.405263924624236,1415.879999998979,954.8524290085634
61295,30.405263924624236,1415.899999998979,954.8559034593638
61296,30.405263924624236,1415.919999998979,954.8593778558951
61297,30.405263924624236,1415.939999998979,954.8628521981576
61298,30.405263924624236,1415.959999998979,954.8663264861517
61299,30.405263924624236,1415.9799999989789,954.869800719878
61300,30.405263924624236,1415.9999999989789,954.8732748993367
61301,30.405263924624236,1416.0199999989788,954.8767490245284
61302,30.405263924624236,1416.0399999989788,954.8802230954535
61303,30.405263924624236,1416.0599999989788,954.8836971121125
61304,30.405263924624236,1416.0799999989788,954.8871710745058
61305,30.405263924624236,1416.0999999989788,954.8906449826337
61306,30.405263924624236,1416.1199999989788,954.8941188364968
61307,30.405263924624236,1416.1399999989787,954.8975926360954
61308,30.405263924624236,1416.1599999989787,954.90106638143
61309,30.405263924624236,1416.1799999989787,954.9045400725012
61310,30.405263924624236,1416.1999999989787,954.9080137093091
61311,30.405263924624236,1416.2199999989787,954.9114872918544
61312,30.405263924624236,1416.2399999989786,954.9149608201375
61313,30.405263924624236,1416.2599999989786,954.9184342941587
61314,30.405263924624236,1416.2799999989786,954.9219077139185
61315,30.405263924624236,1416.2999999989786,954.9253810794173
61316,30.405263924624236,1416.3199999989786,954.9288543906556
61317,30.405263924624236,1416.3399999989786,954.9323276476338
61318,30.405263924624236,1416.3599999989785,954.9358008503523
61319,30.405263924624236,1416.3799999989785,954.9392739988116
61320,30.405263924624236,1416.3999999989785,954.942747093031
61321,30.405263924624236,1416.4199999989785,954.9462201330733
61322,30.405263924624236,1416.4399999989785,954.9496931189436
61323,30.405263924624236,1416.4599999989784,954.9531660506425
61324,30.405263924624236,1416.4799999989784,954.9566389281703
61325,30.405263924624236,1416.4999999989784,954.9601117515274
61326,30.405263924624236,1416.5199999989784,954.9635845207143
61327,30.405263924624236,1416.5399999989784,954.9670572357314
61328,30.405263924624236,1416.5599999989784,954.9705298965793
61329,30.405263924624236,1416.5799999989783,954.9740025032581
61330,30.405263924624236,1416.5999999989783,954.9774750557685
61331,30.405263924624236,1416.6199999989783,954.9809475541109
61332,30.405263924624236,1416.6399999989783,954.9844199982857
61333,30.405263924624236,1416.6599999989783,954.9878923882933
61334,30.405263924624236,1416.6799999989782,954.9913647241342
61335,30.405263924624236,1416.6999999989782,954.9948370058088
61336,30.405263924624236,1416.7199999989782,954.9983092333175
61337,30.405263924624236,1416.7399999989782,955.0017814066608
61338,30.405263924624236,1416.7599999989782,955.0052535258392
61339,30.405263924624236,1416.7799999989782,955.0087255908529
61340,30.405263924624236,1416.7999999989781,955.0121976017026
61341,30.405263924624236,1416.8199999989781,955.0156695583886
61342,30.405263924624236,1416.839999998978,955.0191414609113
61343,30.405263924624236,1416.859999998978,955.0226133092712
61344,30.405263924624236,1416.879999998978,955.0260851034686
61345,30.405263924624236,1416.899999998978,955.0295568435042
61346,30.405263924624236,1416.919999998978,955.0330285293783
61347,30.405263924624236,1416.939999998978,955.0365001610912
61348,30.405263924624236,1416.959999998978,955.0399717386435
61349,30.405263924624236,1416.979999998978,955.0434432620357
61350,30.405263924624236,1416.999999998978,955.046914731268
61351,30.405263924624236,1417.019999998978,955.0503861463409
61352,30.405263924624236,1417.039999998978,955.053857507255
61353,30.405263924624236,1417.059999998978,955.0573288140106
61354,30.405263924624236,1417.0799999989779,955.0608000666082
61355,30.405263924624236,1417.0999999989779,955.0642712650481
61356,30.405263924624236,1417.1199999989778,955.0677424093309
61357,30.405263924624236,1417.1399999989778,955.0712134994569
61358,30.405263924624236,1417.1599999989778,955.0746845354266
61359,30.405263924624236,1417.1799999989778,955.0781555172405
61360,30.405263924624236,1417.1999999989778,955.0816264448989
61361,30.405263924624236,1417.2199999989778,955.0850973184023
61362,30.405263924624236,1417.2399999989777,955.0885681377512
61363,30.405263924624236,1417.2599999989777,955.0920389029459
61364,30.405263924624236,1417.2799999989777,955.0955096139869
61365,30.405263924624236,1417.2999999989777,955.0989802708747
61366,30.405263924624236,1417.3199999989777,955.1024508736097
61367,30.405263924624236,1417.3399999989776,955.1059214221922
61368,30.405263924624236,1417.3599999989776,955.1093919166227
61369,30.405263924624236,1417.3799999989776,955.1128623569017
61370,30.405263924624236,1417.3999999989776,955.1163327430296
61371,30.405263924624236,1417.4199999989776,955.1198030750327
61372,30.405263924624236,1417.4399999989776,955.1232733529736
61373,30.405263924624236,1417.4599999989775,955.1267435768567
61374,30.405263924624236,1417.4799999989775,955.1302137466826
61375,30.405263924624236,1417.4999999989775,955.1336838624517
61376,30.405263924624236,1417.5199999989775,955.1371539241644
61377,30.405263924624236,1417.5399999989775,955.1406239318211
61378,30.405263924624236,1417.5599999989774,955.1440938854223
61379,30.405263924624236,1417.5799999989774,955.1475637849685
61380,30.405263924624236,1417.5999999989774,955.15103363046
61381,30.405263924624236,1417.6199999989774,955.1545034218973
61382,30.405263924624236,1417.6399999989774,955.1579731592808
61383,30.405263924624236,1417.6599999989774,955.161442842611
61384,30.405263924624236,1417.6799999989773,955.1649124718883
61385,30.405263924624236,1417.6999999989773,955.1683820471131
61386,30.405263924624236,1417.7199999989773,955.1718515682859
61387,30.405263924624236,1417.7399999989773,955.1753210354071
61388,30.405263924624236,1417.7599999989773,955.1787904484772
61389,30.405263924624236,1417.7799999989772,955.1822598074965
61390,30.405263924624236,1417.7999999989772,955.1857291124655
61391,30.405263924624236,1417.8199999989772,955.1891983633848
61392,30.405263924624236,1417.8399999989772,955.1926675602546
61393,30.405263924624236,1417.8599999989772,955.1961367030754
61394,30.405263924624236,1417.8799999989772,955.1996057918476
61395,30.405263924624236,1417.8999999989771,955.2030748265718
61396,30.405263924624236,1417.9199999989771,955.2065438072483
61397,30.405263924624236,1417.939999998977,955.2100127338775
61398,30.405263924624236,1417.959999998977,955.2134816064599
61399,30.405263924624236,1417.979999998977,955.2169504249961
61400,30.405263924624236,1417.999999998977,955.2204191894863
61401,30.405263924624236,1418.019999998977,955.2238878999309
61402,30.405263924624236,1418.039999998977,955.2273565563305
61403,30.405263924624236,1418.059999998977,955.2308251586855
61404,30.405263924624236,1418.079999998977,955.2342937069964
61405,30.405263924624236,1418.099999998977,955.2377622012634
61406,30.405263924624236,1418.119999998977,955.2412306414872
61407,30.405263924624236,1418.139999998977,955.244699027668
61408,30.405263924624236,1418.159999998977,955.2481673598065
61409,30.405263924624236,1418.1799999989769,955.251635637903
61410,30.405263924624236,1418.1999999989769,955.2551038619578
61411,30.36712212752681,1418.2199999989768,955.2585720319715
61412,30.36712212752681,1418.2399999989768,955.2620401479445
61413,30.36712212752681,1418.2599999989768,955.2655082098772
61414,30.36712212752681,1418.2799999989768,955.2689762177702
61415,30.36712212752681,1418.2999999989768,955.2724441716236
61416,30.36712212752681,1418.3199999989768,955.2759120714383
61417,30.36712212752681,1418.3399999989767,955.2793799172143
61418,30.36712212752681,1418.3599999989767,955.2828477089523
61419,30.36712212752681,1418.3799999989767,955.2863154466527
61420,30.36712212752681,1418.3999999989767,955.2897831303158
61421,30.36712212752681,1418.4199999989767,955.2932507599421
61422,30.36712212752681,1418.4399999989766,955.2967183355586
61423,30.36712212752681,1418.4599999989766,955.3001858572148
61424,30.36712212752681,1418.4799999989766,955.303653324914
61425,30.36712212752681,1418.4999999989766,955.3071207386563
61426,30.36712212752681,1418.5199999989766,955.3105880984423
61427,30.36712212752681,1418.5399999989766,955.3140554042724
61428,30.36712212752681,1418.5599999989765,955.3175226561469
61429,30.36712212752681,1418.5799999989765,955.3209898540665
61430,30.36712212752681,1418.5999999989765,955.3244569980315
61431,30.36712212752681,1418.6199999989765,955.3279240880423
61432,30.36712212752681,1418.6399999989765,955.3313911240995
61433,30.36712212752681,1418.6599999989764,955.3348581062033
61434,30.36712212752681,1418.6799999989764,955.3383250343544
61435,30.36712212752681,1418.6999999989764,955.341791908553
61436,30.36712212752681,1418.7199999989764,955.3452587287996
61437,30.36712212752681,1418.7399999989764,955.3487254950948
61438,30.36712212752681,1418.7599999989764,955.3521922074387
61439,30.36712212752681,1418.7799999989763,955.3556588658321
61440,30.36712212752681,1418.7999999989763,955.3591254702752
61441,30.36712212752681,1418.8199999989763,955.3625920207686
61442,30.36712212752681,1418.8399999989763,955.3660585173126
61443,30.36712212752681,1418.8599999989763,955.3695249599076
61444,30.36712212752681,1418.8799999989762,955.3729913485543
61445,30.36712212752681,1418.8999999989762,955.3764576832529
61446,30.36712212752681,1418.9199999989762,955.3799239640039
61447,30.36712212752681,1418.9399999989762,955.3833901908076
61448,30.36712212752681,1418.9599999989762,955.3868563636647
61449,30.36712212752681,1418.9799999989762,955.3903224825755
61450,30.36712212752681,1418.9999999989761,955.3937885475403
61451,30.36712212752681,1419.0199999989761,955.3972545585598
61452,30.36712212752681,1419.039999998976,955.4007205156342
61453,30.36712212752681,1419.059999998976,955.4041864187642
61454,30.36712212752681,1419.079999998976,955.4076522679501
61455,30.36712212752681,1419.099999998976,955.4111180631922
61456,30.36712212752681,1419.119999998976,955.4145838044911
61457,30.36712212752681,1419.139999998976,955.4180494918472
61458,30.36712212752681,1419.159999998976,955.421515125261
61459,30.36712212752681,1419.179999998976,955.4249807047328
61460,30.36712212752681,1419.199999998976,955.4284462302631
61461,30.36712212752681,1419.219999998976,955.4319117018524
61462,30.36712212752681,1419.239999998976,955.435377119501
61463,30.36712212752681,1419.259999998976,955.4388424832096
61464,30.36712212752681,1419.2799999989759,955.4423077929782
61465,30.36712212752681,1419.2999999989759,955.4457730488076
61466,30.36712212752681,1419.3199999989758,955.4492382506982
61467,30.36712212752681,1419.3399999989758,955.4527033986502
61468,30.36712212752681,1419.3599999989758,955.4561684926643
61469,30.36712212752681,1419.3799999989758,955.4596335327409
61470,30.36712212752681,1419.3999999989758,955.4630985188803
61471,30.36712212752681,1419.4199999989758,955.4665634510831
61472,30.36712212752681,1419.4399999989757,955.4700283293495
61473,30.36712212752681,1419.4599999989757,955.4734931537138
61474,30.36712212752681,1419.4799999989757,955.4769579242259
61475,30.36712212752681,1419.4999999989757,955.4804226408878
61476,30.36712212752681,1419.5199999989757,955.4838873037
61477,30.36712212752681,1419.5399999989756,955.4873519126631
61478,30.36712212752681,1419.5599999989756,955.4908164677774
61479,30.36712212752681,1419.5799999989756,955.4942809690434
61480,30.36712212752681,1419.5999999989756,955.4977454164614
61481,30.36712212752681,1419.6199999989756,955.5012098100319
61482,30.36712212752681,1419.6399999989756,955.5046741497554
61483,30.36712212752681,1419.6599999989755,955.5081384356323
61484,30.36712212752681,1419.6799999989755,955.511602667663
61485,30.36712212752681,1419.6999999989755,955.5150668458481
61486,30.36712212752681,1419.7199999989755,955.5185309701877
61487,30.36712212752681,1419.7399999989755,955.5219950406826
61488,30.36712212752681,1419.7599999989754,955.525459057333
61489,30.36712212752681,1419.7799999989754,955.5289230201395
61490,30.36712212752681,1419.7999999989754,955.5323869291024
61491,30.36712212752681,1419.8199999989754,955.5358507842221
61492,30.36712212752681,1419.8399999989754,955.5393145854993
61493,30.36712212752681,1419.8599999989754,955.5427783329342
61494,30.36712212752681,1419.8799999989753,955.5462420265272
61495,30.36712212752681,1419.8999999989753,955.549705666279
61496,30.36712212752681,1419.9199999989753,955.5531692521898
61497,30.36712212752681,1419.9399999989753,955.5566327842602
61498,30.36712212752681,1419.9599999989753,955.5600962624904
61499,30.36712212752681,1419.9799999989752,955.5635596868811
61500,30.36712212752681,1419.9999999989752,955.5670230574326
61501,30.36712212752681,1420.0199999989752,955.5704863741454
61502,30.36712212752681,1420.0399999989752,955.5739496370198
61503,30.36712212752681,1420.0599999989752,955.5774128460564
61504,30.36712212752681,1420.0799999989752,955.5808760012555
61505,30.36712212752681,1420.0999999989751,955.5843391026177
61506,30.36712212752681,1420.1199999989751,955.5878021501434
61507,30.36712212752681,1420.139999998975,955.591265143833
61508,30.36712212752681,1420.159999998975,955.5947280836868
61509,30.36712212752681,1420.179999998975,955.5981909697055
61510,30.36712212752681,1420.199999998975,955.6016538018893
61511,30.36712212752681,1420.219999998975,955.6051165802387
61512,30.36712212752681,1420.239999998975,955.6085793047542
61513,30.36712212752681,1420.259999998975,955.6120419754363
61514,30.36712212752681,1420.279999998975,955.6155045922853
61515,30.36712212752681,1420.299999998975,955.6189671553017
61516,30.36712212752681,1420.319999998975,955.6224296644858
61517,30.36712212752681,1420.339999998975,955.6258921198382
61518,30.36712212752681,1420.359999998975,955.6293545213593
61519,30.36712212752681,1420.3799999989749,955.6328168690496
61520,30.36712212752681,1420.3999999989749,955.6362791629094
61521,30.36712212752681,1420.4199999989748,955.6397414029393
61522,30.36712212752681,1420.4399999989748,955.6432035891396
61523,30.36712212752681,1420.4599999989748,955.6466657215108
61524,30.36712212752681,1420.4799999989748,955.650127800092
61525,30.36712212752681,1420.4999999989748,955.6535898249292
61526,30.36712212752681,1420.5199999989748,955.6570517960236
61527,30.36712212752681,1420.5399999989747,955.6605137133754
61528,30.36712212752681,1420.5599999989747,955.6639755769852
61529,30.36712212752681,1420.5799999989747,955.6674373868534
61530,30.36712212752681,1420.5999999989747,955.6708991429805
61531,30.36712212752681,1420.6199999989747,955.6743608453669
61532,30.36712212752681,1420.6399999989746,955.6778224940131
61533,30.36712212752681,1420.6599999989746,955.6812840889194
61534,30.36712212752681,1420.6799999989746,955.6847456300864
61535,30.36712212752681,1420.6999999989746,955.6882071175144
61536,30.36712212752681,1420.7199999989746,955.6916685512039
61537,30.36712212752681,1420.7399999989746,955.6951299311553
61538,30.36712212752681,1420.7599999989745,955.698591257369
61539,30.36712212752681,1420.7799999989745,955.7020525298456
61540,30.36712212752681,1420.7999999989745,955.7055137485854
61541,30.36712212752681,1420.8199999989745,955.7089749135889
61542,30.36712212752681,1420.8399999989745,955.7124360248565
61543,30.36712212752681,1420.8599999989744,955.7158970823887
61544,30.36712212752681,1420.8799999989744,955.7193580861858
61545,30.36712212752681,1420.8999999989744,955.7228190362484
61546,30.36712212752681,1420.9199999989744,955.7262799325769
61547,30.36712212752681,1420.9399999989744,955.7297407751716
61548,30.36712212752681,1420.9599999989744,955.7332015640332
61549,30.36712212752681,1420.9799999989743,955.7366622991618
61550,30.36712212752681,1420.9999999989743,955.7401229805581
61551,30.36712212752681,1421.0199999989743,955.7435836082225
61552,30.36712212752681,1421.0399999989743,955.7470441821553
61553,30.36712212752681,1421.0599999989743,955.750504702357
61554,30.36712212752681,1421.0799999989742,955.7539651688281
61555,30.36712212752681,1421.0999999989742,955.757425581569
61556,30.36712212752681,1421.1199999989742,955.7608859405802
61557,30.36712212752681,1421.1399999989742,955.764346245862
61558,30.36712212752681,1421.1599999989742,955.767806497415
61559,30.36712212752681,1421.1799999989742,955.7712666952395
61560,30.36712212752681,1421.1999999989741,955.774726839336
61561,30.36712212752681,1421.2199999989741,955.778186929705
61562,30.36712212752681,1421.239999998974,955.7816469663469
61563,30.36712212752681,1421.259999998974,955.7851069492621
61564,30.36712212752681,1421.279999998974,955.788566878451
61565,30.36712212752681,1421.299999998974,955.792026753914
61566,30.36712212752681,1421.319999998974,955.7954865756517
61567,30.36712212752681,1421.339999998974,955.7989463436644
61568,30.36712212752681,1421.359999998974,955.8024060579526
61569,30.36712212752681,1421.379999998974,955.8058657185168
61570,30.36712212752681,1421.399999998974,955.8093253253572
61571,30.36712212752681,1421.419999998974,955.8127848784745
61572,30.36712212752681,1421.439999998974,955.8162443778691
61573,30.36712212752681,1421.459999998974,955.8197038235413
61574,30.36712212752681,1421.4799999989739,955.823163215492
61575,30.36712212752681,1421.4999999989739,955.826622553765
61576,30.36712212752681,1421.5199999989738,955.830081838402
61577,30.36712212752681,1421.5399999989738,955.8335410694034
61578,30.36712212752681,1421.5599999989738,955.8370002467697
61579,30.36712212752681,1421.5799999989738,955.8404593705012
61580,30.36712212752681,1421.5999999989738,955.8439184405985
61581,30.36712212752681,1421.6199999989738,955.847377457062
61582,30.36712212752681,1421.6399999989737,955.8508364198921
61583,30.36712212752681,1421.6599999989737,955.8542953290892
61584,30.36712212752681,1421.6799999989737,955.8577541846538
61585,30.36712212752681,1421.6999999989737,955.8612129865863
61586,30.36712212752681,1421.7199999989737,955.8646717348872
61587,30.36712212752681,1421.7399999989736,955.8681304295569
61588,30.36712212752681,1421.7599999989736,955.8715890705959
61589,30.36712212752681,1421.7799999989736,955.8750476580044
61590,30.36712212752681,1421.7999999989736,955.8785061917831
61591,30.36712212752681,1421.8199999989736,955.8819646719323
61592,30.36712212752681,1421.8399999989736,955.8854230984526
61593,30.36712212752681,1421.8599999989735,955.8888814713443
61594,30.36712212752681,1421.8799999989735,955.8923397906079
61595,30.36712212752681,1421.8999999989735,955.8957980562438
61596,30.36712212752681,1421.9199999989735,955.8992562682524
61597,30.36712212752681,1421.9399999989735,955.9027144266342
61598,30.36712212752681,1421.9599999989734,955.9061725313896
61599,30.36712212752681,1421.9799999989734,955.9096305825192
61600,30.36712212752681,1421.9999999989734,955.9130885800232
61601,30.36712212752681,1422.0199999989734,955.9165465239022
61602,30.36712212752681,1422.0399999989734,955.9200044141566
61603,30.36712212752681,1422.0599999989734,955.9234622507867
61604,30.36712212752681,1422.0799999989733,955.9269200337931
61605,30.36712212752681,1422.0999999989733,955.9303777631761
61606,30.36712212752681,1422.1199999989733,955.9338354389363
61607,30.36712212752681,1422.1399999989733,955.937293061074
61608,30.36712212752681,1422.1599999989733,955.9407506295897
61609,30.36712212752681,1422.1799999989732,955.9442081444839
61610,30.36712212752681,1422.1999999989732,955.947665605757
61611,30.36712212752681,1422.2199999989732,955.9511230134094
61612,30.36712212752681,1422.2399999989732,955.9545803674416
61613,30.36712212752681,1422.2599999989732,955.958037667854
61614,30.36712212752681,1422.2799999989732,955.961494914647
61615,30.36712212752681,1422.2999999989731,955.9649521078211
61616,30.36712212752681,1422.3199999989731,955.9684092473767
61617,30.36712212752681,1422.339999998973,955.9718663333142
61618,30.36712212752681,1422.359999998973,955.9753233656342
61619,30.36712212752681,1422.379999998973,955.9787803443369
61620,30.36712212752681,1422.399999998973,955.9822372694229
61621,30.36712212752681,1422.419999998973,955.9856941408925
61622,30.36712212752681,1422.439999998973,955.9891509587463
61623,30.36712212752681,1422.459999998973,955.9926077229848
61624,30.36712212752681,1422.479999998973,955.9960644336082
61625,30.36712212752681,1422.499999998973,955.9995210906184
61626,30.36712212752681,1422.519999998973,956.0029776940632
61627,30.36712212752681,1422.539999998973,956.0064342439795
61628,30.36712212752681,1422.559999998973,956.0098907403675
61629,30.36712212752681,1422.5799999989729,956.0133471832278
61630,30.36712212752681,1422.5999999989729,956.0168035725608
61631,30.36712212752681,1422.6199999989728,956.0202599083669
61632,30.36712212752681,1422.6399999989728,956.0237161906467
61633,30.36712212752681,1422.6599999989728,956.0271724194005
61634,30.36712212752681,1422.6799999989728,956.0306285946286
61635,30.36712212752681,1422.6999999989728,956.0340847163317
61636,30.36712212752681,1422.7199999989728,956.03754078451
61637,30.36712212752681,1422.7399999989727,956.0409967991642
61638,30.36712212752681,1422.7599999989727,956.0444527602946
61639,30.36712212752681,1422.7799999989727,956.0479086679015
61640,30.36712212752681,1422.7999999989727,956.0513645219856
61641,30.36712212752681,1422.8199999989727,956.0548203225472
61642,30.36712212752681,1422.8399999989726,956.0582760695868
61643,30.36712212752681,1422.8599999989726,956.0617317631047
61644,30.36712212752681,1422.8799999989726,956.0651874031015
61645,30.36712212752681,1422.8999999989726,956.0686429895776
61646,30.36712212752681,1422.9199999989726,956.0720985225335
61647,30.36712212752681,1422.9399999989726,956.0755540019694
61648,30.36712212752681,1422.9599999989725,956.0790094278859
61649,30.36712212752681,1422.9799999989725,956.0824648002834
61650,30.36712212752681,1422.9999999989725,956.0859201191624
61651,30.36712212752681,1423.0199999989725,956.0893753845234
61652,30.36712212752681,1423.0399999989725,956.0928305963666
61653,30.36712212752681,1423.0599999989724,956.0962857546928
61654,30.36712212752681,1423.0799999989724,956.099740859502
61655,30.36712212752681,1423.0999999989724,956.103195910795
61656,30.36712212752681,1423.1199999989724,956.1066509085721
61657,30.36712212752681,1423.1399999989724,956.1101058528337
61658,30.36712212752681,1423.1599999989724,956.1135607435804
61659,30.36712212752681,1423.1799999989723,956.1170155808123
61660,30.36712212752681,1423.1999999989723,956.1204703645302
61661,30.36712212752681,1423.2199999989723,956.1239250947343
61662,30.36712212752681,1423.2399999989723,956.1273797714252
61663,30.36712212752681,1423.2599999989723,956.1308343946033
61664,30.36712212752681,1423.2799999989722,956.134288964269
61665,30.36712212752681,1423.2999999989722,956.1377434804227
61666,30.36712212752681,1423.3199999989722,956.141197943065
61667,30.36712212752681,1423.3399999989722,956.1446523521961
61668,30.36712212752681,1423.3599999989722,956.1481067078166
61669,30.36712212752681,1423.3799999989722,956.1515610099269
61670,30.36712212752681,1423.3999999989721,956.1550152585274
61671,30.36712212752681,1423.4199999989721,956.1584694536186
61672,30.36712212752681,1423.439999998972,956.161923595201
61673,30.36712212752681,1423.459999998972,956.1653776832749
61674,30.36712212752681,1423.479999998972,956.1688317178407
61675,30.36712212752681,1423.499999998972,956.172285698899
61676,30.36712212752681,1423.519999998972,956.1757396264526
61677,30.36712212752681,1423.539999998972,956.1791935005572
61678,30.36712212752681,1423.559999998972,956.1826473212466
61679,30.36712212752681,1423.579999998972,956.1861010885212
61680,30.36712212752681,1423.599999998972,956.1895548023816
61681,30.36712212752681,1423.619999998972,956.1930084628282
61682,30.36712212752681,1423.639999998972,956.1964620698614
61683,30.36712212752681,1423.659999998972,956.1999156234815
61684,30.36712212752681,1423.6799999989719,956.2033691236892
61685,30.36712212752681,1423.6999999989719,956.2068225704847
61686,30.36712212752681,1423.7199999989718,956.2102759638686
61687,30.36712212752681,1423.7399999989718,956.2137293038413
61688,30.36712212752681,1423.7599999989718,956.2171825904032
61689,30.36712212752681,1423.7799999989718,956.2206358235547
61690,30.36712212752681,1423.7999999989718,956.2240890032964
61691,30.36712212752681,1423.8199999989718,956.2275421296285
61692,30.36712212752681,1423.8399999989717,956.2309952025516
61693,30.36712212752681,1423.8599999989717,956.2344482220661
61694,30.36712212752681,1423.8799999989717,956.2379011881725
61695,30.36712212752681,1423.8999999989717,956.2413541008711
61696,30.36712212752681,1423.9199999989717,956.2448069601626
61697,30.36712212752681,1423.9399999989716,956.2482597660471
61698,30.36712212752681,1423.9599999989716,956.2517125185253
61699,30.36712212752681,1423.9799999989716,956.2551652175976
61700,30.36712212752681,1423.9999999989716,956.2586178632642
61701,30.36712212752681,1424.0199999989716,956.2620704555259
61702,30.36712212752681,1424.0399999989716,956.2655229943829
61703,30.36712212752681,1424.0599999989715,956.2689754798356
61704,30.36712212752681,1424.0799999989715,956.2724279118846
61705,30.36712212752681,1424.0999999989715,956.2758802905303
61706,30.36712212752681,1424.1199999989715,956.279332615773
61707,30.329060008574373,1424.1399999989715,956.2827848876133
61708,30.329060008574373,1424.1599999989714,956.2862371060515
61709,30.329060008574373,1424.1799999989714,956.2896892710883
61710,30.329060008574373,1424.1999999989714,956.2931413827239
61711,30.329060008574373,1424.2199999989714,956.2965934409588
61712,30.329060008574373,1424.2399999989714,956.3000454457933
61713,30.329060008574373,1424.2599999989714,956.3034973972282
61714,30.329060008574373,1424.2799999989713,956.3069492952636
61715,30.329060008574373,1424.2999999989713,956.3104011399001
61716,30.329060008574373,1424.3199999989713,956.3138529311381
61717,30.329060008574373,1424.3399999989713,956.317304668978
61718,30.329060008574373,1424.3599999989713,956.3207563534202
61719,30.329060008574373,1424.3799999989712,956.3242079844653
61720,30.329060008574373,1424.3999999989712,956.3276595621136
61721,30.329060008574373,1424.4199999989712,956.3311110863656
61722,30.329060008574373,1424.4399999989712,956.3345625572217
61723,30.329060008574373,1424.4599999989712,956.3380139746824
61724,30.329060008574373,1424.4799999989712,956.3414653387481
61725,30.329060008574373,1424.4999999989711,956.3449166494192
61726,30.329060008574373,1424.5199999989711,956.3483679066962
61727,30.329060008574373,1424.539999998971,956.3518191105826
61728,30.329060008574373,1424.559999998971,956.3552702611298
61729,30.329060008574373,1424.579999998971,956.3587213583626
61730,30.329060008574373,1424.599999998971,956.3621724022812
61731,30.329060008574373,1424.619999998971,956.3656233928862
61732,30.329060008574373,1424.639999998971,956.3690743301779
61733,30.329060008574373,1424.659999998971,956.3725252141569
61734,30.329060008574373,1424.679999998971,956.3759760448235
61735,30.329060008574373,1424.699999998971,956.3794268221782
61736,30.329060008574373,1424.719999998971,956.3828775462214
61737,30.329060008574373,1424.739999998971,956.3863282169535
61738,30.329060008574373,1424.759999998971,956.3897788343751
61739,30.329060008574373,1424.7799999989709,956.3932293984865
61740,30.329060008574373,1424.7999999989709,956.3966799092882
61741,30.329060008574373,1424.8199999989708,956.4001303667807
61742,30.329060008574373,1424.8399999989708,956.4035807709643
61743,30.329060008574373,1424.8599999989708,956.4070311218394
61744,30.329060008574373,1424.8799999989708,956.4104814194067
61745,30.329060008574373,1424.8999999989708,956.4139316636664
61746,30.329060008574373,1424.9199999989708,956.417381854619
61747,30.329060008574373,1424.9399999989707,956.4208319922649
61748,30.329060008574373,1424.9599999989707,956.4242820766046
61749,30.329060008574373,1424.9799999989707,956.4277321076386
61750,30.329060008574373,1424.9999999989707,956.4311820853671
61751,30.329060008574373,1425.0199999989707,956.4346320097909
61752,30.329060008574373,1425.0399999989706,956.4380818809102
61753,30.329060008574373,1425.0599999989706,956.4415316987254
61754,30.329060008574373,1425.0799999989706,956.444981463237
61755,30.329060008574373,1425.0999999989706,956.4484311744455
61756,30.329060008574373,1425.1199999989706,956.4518808323513
61757,30.329060008574373,1425.1399999989706,956.4553304369548
61758,30.329060008574373,1425.1599999989705,956.4587799882564
61759,30.329060008574373,1425.1799999989705,956.4622294862567
61760,30.329060008574373,1425.1999999989705,956.465678930956
61761,30.329060008574373,1425.2199999989705,956.4691283223548
61762,30.329060008574373,1425.2399999989705,956.4725776604535
61763,30.329060008574373,1425.2599999989704,956.4760269452524
61764,30.329060008574373,1425.2799999989704,956.4794761767523
61765,30.329060008574373,1425.2999999989704,956.4829253549534
61766,30.329060008574373,1425.3199999989704,956.4863744798562
61767,30.329060008574373,1425.3399999989704,956.489823551461
61768,30.329060008574373,1425.3599999989704,956.4932725697684
61769,30.329060008574373,1425.3799999989703,956.4967215347787
61770,30.329060008574373,1425.3999999989703,956.5001704464925
61771,30.329060008574373,1425.4199999989703,956.5036193049101
61772,30.329060008574373,1425.4399999989703,956.507068110032
61773,30.329060008574373,1425.4599999989703,956.5105168618586
61774,30.329060008574373,1425.4799999989702,956.5139655603904
61775,30.329060008574373,1425.4999999989702,956.5174142056278
61776,30.329060008574373,1425.5199999989702,956.5208627975712
61777,30.329060008574373,1425.5399999989702,956.5243113362211
61778,30.329060008574373,1425.5599999989702,956.5277598215822
61779,30.329060008574373,1425.5799999989702,956.5312082537139
61780,30.329060008574373,1425.5999999989701,956.5346566326375
61781,30.329060008574373,1425.6199999989701,956.5381049583535
61782,30.329060008574373,1425.63999999897,956.5415532308624
61783,30.329060008574373,1425.65999999897,956.5450014501645
61784,30.329060008574373,1425.67999999897,956.5484496162603
61785,30.329060008574373,1425.69999999897,956.5518977291503
61786,30.329060008574373,1425.71999999897,956.5553457888348
61787,30.329060008574373,1425.73999999897,956.5587937953144
61788,30.329060008574373,1425.75999999897,956.5622417485894
61789,30.329060008574373,1425.77999999897,956.5656896486603
61790,30.329060008574373,1425.79999999897,956.5691374955276
61791,30.329060008574373,1425.81999999897,956.5725852891917
61792,30.329060008574373,1425.83999999897,956.576033029653
61793,30.329060008574373,1425.85999999897,956.5794807169119
61794,30.329060008574373,1425.8799999989699,956.5829283509689
61795,30.329060008574373,1425.8999999989699,956.5863759318245
61796,30.329060008574373,1425.9199999989698,956.589823459479
61797,30.329060008574373,1425.9399999989698,956.593270933933
61798,30.329060008574373,1425.9599999989698,956.5967183551868
61799,30.329060008574373,1425.9799999989698,956.6001657232409
61800,30.329060008574373,1425.9999999989698,956.6036130380958
61801,30.329060008574373,1426.0199999989698,956.6070602997518
61802,30.329060008574373,1426.0399999989697,956.6105075082094
61803,30.329060008574373,1426.0599999989697,956.613954663469
61804,30.329060008574373,1426.0799999989697,956.6174017655312
61805,30.329060008574373,1426.0999999989697,956.6208488143963
61806,30.329060008574373,1426.1199999989697,956.6242958100646
61807,30.329060008574373,1426.1399999989696,956.6277427525368
61808,30.329060008574373,1426.1599999989696,956.6311896418133
61809,30.329060008574373,1426.1799999989696,956.6346364778944
61810,30.329060008574373,1426.1999999989696,956.6380832607807
61811,30.329060008574373,1426.2199999989696,956.6415299904725
61812,30.329060008574373,1426.2399999989696,956.6449766669703
61813,30.329060008574373,1426.2599999989695,956.6484232902744
61814,30.329060008574373,1426.2799999989695,956.6518698603854
61815,30.329060008574373,1426.2999999989695,956.6553163773037
61816,30.329060008574373,1426.3199999989695,956.6587628410298
61817,30.329060008574373,1426.3399999989695,956.662209251564
61818,30.329060008574373,1426.3599999989694,956.665655608907
61819,30.329060008574373,1426.3799999989694,956.6691019130589
61820,30.329060008574373,1426.3999999989694,956.6725481640203
61821,30.329060008574373,1426.4199999989694,956.6759943617917
61822,30.329060008574373,1426.4399999989694,956.6794405063735
61823,30.329060008574373,1426.4599999989694,956.682886597766
61824,30.329060008574373,1426.4799999989693,956.6863326359698
61825,30.329060008574373,1426.4999999989693,956.6897786209853
61826,30.329060008574373,1426.5199999989693,956.6932245528129
61827,30.329060008574373,1426.5399999989693,956.6966704314531
61828,30.329060008574373,1426.5599999989693,956.7001162569062
61829,30.329060008574373,1426.5799999989692,956.703562029178
61830,30.329060008574373,1426.5999999989692,956.707007748332
61831,30.329060008574373,1426.6199999989692,956.7104534143846
61832,30.329060008574373,1426.6399999989692,956.7138990273361
61833,30.329060008574373,1426.6599999989692,956.7173445871871
61834,30.329060008574373,1426.6799999989692,956.7207900939379
61835,30.329060008574373,1426.6999999989691,956.724235547589
61836,30.329060008574373,1426.7199999989691,956.727680948141
61837,30.329060008574373,1426.739999998969,956.7311262955942
61838,30.329060008574373,1426.759999998969,956.7345715899489
61839,30.329060008574373,1426.779999998969,956.7380168312058
61840,30.329060008574373,1426.799999998969,956.7414620193651
61841,30.329060008574373,1426.819999998969,956.7449071544274
61842,30.329060008574373,1426.839999998969,956.7483522363931
61843,30.329060008574373,1426.859999998969,956.7517972652627
61844,30.329060008574373,1426.879999998969,956.7552422410365
61845,30.329060008574373,1426.899999998969,956.7586871637151
61846,30.329060008574373,1426.919999998969,956.7621320332987
61847,30.329060008574373,1426.939999998969,956.765576849788
61848,30.329060008574373,1426.959999998969,956.7690216131832
61849,30.329060008574373,1426.9799999989689,956.772466323485
61850,30.329060008574373,1426.9999999989689,956.7759109806937
61851,30.329060008574373,1427.0199999989688,956.7793555848097
61852,30.329060008574373,1427.0399999989688,956.7828001358334
61853,30.329060008574373,1427.0599999989688,956.7862446337655
61854,30.329060008574373,1427.0799999989688,956.7896890786062
61855,30.329060008574373,1427.0999999989688,956.793133470356
61856,30.329060008574373,1427.1199999989688,956.7965778090154
61857,30.329060008574373,1427.1399999989687,956.8000220945847
61858,30.329060008574373,1427.1599999989687,956.8034663270645
61859,30.329060008574373,1427.1799999989687,956.8069105064551
61860,30.329060008574373,1427.1999999989687,956.810354632757
61861,30.329060008574373,1427.2199999989687,956.8137987059707
61862,30.329060008574373,1427.2399999989686,956.8172427260965
61863,30.329060008574373,1427.2599999989686,956.820686693135
61864,30.329060008574373,1427.2799999989686,956.8241306070865
61865,30.329060008574373,1427.2999999989686,956.8275744679515
61866,30.329060008574373,1427.3199999989686,956.8310182757305
61867,30.329060008574373,1427.3399999989686,956.8344620304238
61868,30.329060008574373,1427.3599999989685,956.8379057320319
61869,30.329060008574373,1427.3799999989685,956.8413493805552
61870,30.329060008574373,1427.3999999989685,956.8447929759943
61871,30.329060008574373,1427.4199999989685,956.8482365183495
61872,30.329060008574373,1427.4399999989685,956.8516800076212
61873,30.329060008574373,1427.4599999989684,956.85512344381
61874,30.329060008574373,1427.4799999989684,956.8585668269162
61875,30.329060008574373,1427.4999999989684,956.8620101569403
61876,30.329060008574373,1427.5199999989684,956.8654534338827
61877,30.329060008574373,1427.5399999989684,956.8688966577439
61878,30.329060008574373,1427.5599999989684,956.8723398285243
61879,30.329060008574373,1427.5799999989683,956.8757829462244
61880,30.329060008574373,1427.5999999989683,956.8792260108507
61881,30.329060008574373,1427.6199999989683,956.882669022471
61882,30.329060008574373,1427.6399999989683,956.8861119810964
61883,30.329060008574373,1427.6599999989683,956.8895548867276
61884,30.329060008574373,1427.6799999989682,956.892997739365
61885,30.329060008574373,1427.6999999989682,956.8964405390091
61886,30.329060008574373,1427.7199999989682,956.8998832856602
61887,30.329060008574373,1427.7399999989682,956.9033259793188
61888,30.329060008574373,1427.7599999989682,956.9067686199853
61889,30.329060008574373,1427.7799999989682,956.9102112076603
61890,30.329060008574373,1427.7999999989681,956.913653742344
61891,30.329060008574373,1427.8199999989681,956.917096224037
61892,30.329060008574373,1427.839999998968,956.9205386527397
61893,30.329060008574373,1427.859999998968,956.9239810284524
61894,30.329060008574373,1427.879999998968,956.9274233511759
61895,30.329060008574373,1427.899999998968,956.9308656209104
61896,30.329060008574373,1427.919999998968,956.9343078376563
61897,30.329060008574373,1427.939999998968,956.9377500014141
61898,30.329060008574373,1427.959999998968,956.9411921121842
61899,30.329060008574373,1427.979999998968,956.9446341699671
61900,30.329060008574373,1427.999999998968,956.9480761747633
61901,30.329060008574373,1428.019999998968,956.9515181265731
61902,30.329060008574373,1428.039999998968,956.954960025397
61903,30.329060008574373,1428.059999998968,956.9584018712354
61904,30.329060008574373,1428.0799999989679,956.9618436640889
61905,30.329060008574373,1428.0999999989679,956.9652854039578
61906,30.329060008574373,1428.1199999989678,956.9687270908425
61907,30.329060008574373,1428.1399999989678,956.9721687247436
61908,30.329060008574373,1428.1599999989678,956.9756103056615
61909,30.329060008574373,1428.1799999989678,956.9790518335965
61910,30.329060008574373,1428.1999999989678,956.9824933085491
61911,30.329060008574373,1428.2199999989678,956.9859347305198
61912,30.329060008574373,1428.2399999989677,956.9893760995091
61913,30.329060008574373,1428.2599999989677,956.9928174155173
61914,30.329060008574373,1428.2799999989677,956.9962586785448
61915,30.329060008574373,1428.2999999989677,956.9996998885922
61916,30.329060008574373,1428.3199999989677,957.0031410456598
61917,30.329060008574373,1428.3399999989676,957.0065821497482
61918,30.329060008574373,1428.3599999989676,957.0100232008576
61919,30.329060008574373,1428.3799999989676,957.0134641989887
61920,30.329060008574373,1428.3999999989676,957.0169051441418
61921,30.329060008574373,1428.4199999989676,957.0203460363174
61922,30.329060008574373,1428.4399999989676,957.0237868755158
61923,30.329060008574373,1428.4599999989675,957.0272276617377
61924,30.329060008574373,1428.4799999989675,957.0306683949833
61925,30.329060008574373,1428.4999999989675,957.0341090752531
61926,30.329060008574373,1428.5199999989675,957.0375497025476
61927,30.329060008574373,1428.5399999989675,957.0409902768672
61928,30.329060008574373,1428.5599999989674,957.0444307982124
61929,30.329060008574373,1428.5799999989674,957.0478712665836
61930,30.329060008574373,1428.5999999989674,957.0513116819811
61931,30.329060008574373,1428.6199999989674,957.0547520444136
61932,30.329060008574373,1428.6399999989674,957.058192353951
61933,30.329060008574373,1428.6599999989674,957.0616326106006
61934,30.329060008574373,1428.6799999989673,957.0650728143628
61935,30.329060008574373,1428.6999999989673,957.068512965238
61936,30.329060008574373,1428.7199999989673,957.0719530632268
61937,30.329060008574373,1428.7399999989673,957.0753931083295
61938,30.329060008574373,1428.7599999989673,957.0788331005467
61939,30.329060008574373,1428.7799999989672,957.0822730398787
61940,30.329060008574373,1428.7999999989672,957.085712926326
61941,30.329060008574373,1428.8199999989672,957.089152759889
61942,30.329060008574373,1428.8399999989672,957.0925925405681
61943,30.329060008574373,1428.8599999989672,957.096032268364
61944,30.329060008574373,1428.8799999989672,957.0994719432767
61945,30.329060008574373,1428.8999999989671,957.1029115653071
61946,30.329060008574373,1428.9199999989671,957.1063511344553
61947,30.329060008574373,1428.939999998967,957.109790650722
61948,30.329060008574373,1428.959999998967,957.1132301141074
61949,30.329060008574373,1428.979999998967,957.1166695246121
61950,30.329060008574373,1428.999999998967,957.1201088822365
61951,30.329060008574373,1429.019999998967,957.1235481869811
61952,30.329060008574373,1429.039999998967,957.1269874388462
61953,30.329060008574373,1429.059999998967,957.1304266378323
61954,30.329060008574373,1429.079999998967,957.1338657839399
61955,30.329060008574373,1429.099999998967,957.1373048771694
61956,30.329060008574373,1429.119999998967,957.1407439175213
61957,30.329060008574373,1429.139999998967,957.1441829049959
61958,30.329060008574373,1429.159999998967,957.1476218395937
61959,30.329060008574373,1429.1799999989669,957.1510607213153
61960,30.329060008574373,1429.1999999989669,957.154499550161
61961,30.329060008574373,1429.2199999989668,957.1579383261312
61962,30.329060008574373,1429.2399999989668,957.1613770492264
61963,30.329060008574373,1429.2599999989668,957.1648157194471
61964,30.329060008574373,1429.2799999989668,957.1682543367937
61965,30.329060008574373,1429.2999999989668,957.1716929012665
61966,30.329060008574373,1429.3199999989668,957.1751314128661
61967,30.329060008574373,1429.3399999989667,957.1785698715929
61968,30.329060008574373,1429.3599999989667,957.1820082774474
61969,30.329060008574373,1429.3799999989667,957.18544663043
61970,30.329060008574373,1429.3999999989667,957.188884930541
61971,30.329060008574373,1429.4199999989667,957.1923231777811
61972,30.329060008574373,1429.4399999989666,957.1957613721505
61973,30.329060008574373,1429.4599999989666,957.1991995136499
61974,30.329060008574373,1429.4799999989666,957.2026376022795
61975,30.329060008574373,1429.4999999989666,957.2060756380399
61976,30.329060008574373,1429.5199999989666,957.2095136209315
61977,30.329060008574373,1429.5399999989666,957.2129515509546
61978,30.329060008574373,1429.5599999989665,957.2163894281098
61979,30.329060008574373,1429.5799999989665,957.2198272523975
61980,30.329060008574373,1429.5999999989665,957.2232650238182
61981,30.329060008574373,1429.6199999989665,957.2267027423721
61982,30.329060008574373,1429.6399999989665,957.2301404080739
61983,30.329060008574373,1429.6599999989664,957.2335780209942
61984,30.329060008574373,1429.6799999989664,957.2370155811398
61985,30.329060008574373,1429.6999999989664,957.240453088511
61986,30.329060008574373,1429.7199999989664,957.2438905431084
61987,30.329060008574373,1429.7399999989664,957.2473279449324
61988,30.329060008574373,1429.7599999989664,957.2507652939835
61989,30.329060008574373,1429.7799999989663,957.254202590262
61990,30.329060008574373,1429.7999999989663,957.2576398337684
61991,30.329060008574373,1429.8199999989663,957.2610770245032
61992,30.329060008574373,1429.8399999989663,957.2645141624668
61993,30.329060008574373,1429.8599999989663,957.2679512476595
61994,30.329060008574373,1429.8799999989662,957.2713882800821
61995,30.329060008574373,1429.8999999989662,957.2748252597347
61996,30.329060008574373,1429.9199999989662,957.278262186618
61997,30.329060008574373,1429.9399999989662,957.2816990607323
61998,30.329060008574373,1429.9599999989662,957.2851358820781
61999,30.329060008574373,1429.9799999989662,957.2885726506557
62000,30.329060008574373,1429.9999999989661,957.2920093664658
62001,30.329060008574373,1430.0199999989661,957.2954460295086
62002,30.329060008574373,1430.039999998966,957.2988826397848
62003,30.329060008574373,1430.059999998966,957.3023191972945
62004,30.291077334934982,1430.079999998966,957.3057557020385
62005,30.291077334934982,1430.099999998966,957.309192154017
62006,30.291077334934982,1430.119999998966,957.3126285532305
62007,30.291077334934982,1430.139999998966,957.3160648996795
62008,30.291077334934982,1430.159999998966,957.3195011933644
62009,30.291077334934982,1430.179999998966,957.3229374342857
62010,30.291077334934982,1430.199999998966,957.3263736224437
62011,30.291077334934982,1430.219999998966,957.329809757839
62012,30.291077334934982,1430.239999998966,957.333245840472
62013,30.291077334934982,1430.259999998966,957.3366818703432
62014,30.291077334934982,1430.2799999989659,957.340117847453
62015,30.291077334934982,1430.2999999989659,957.3435537718018
62016,30.291077334934982,1430.3199999989658,957.3469896433901
62017,30.291077334934982,1430.3399999989658,957.3504254622183
62018,30.291077334934982,1430.3599999989658,957.3538612282867
62019,30.291077334934982,1430.3799999989658,957.3572969415961
62020,30.291077334934982,1430.3999999989658,957.3607326021468
62021,30.291077334934982,1430.4199999989657,957.3641682099391
62022,30.291077334934982,1430.4399999989657,957.3676037649734
62023,30.291077334934982,1430.4599999989657,957.3710392672504
62024,30.291077334934982,1430.4799999989657,957.3744747167704
62025,30.291077334934982,1430.4999999989657,957.3779101135339
62026,30.291077334934982,1430.5199999989657,957.3813454575412
62027,30.291077334934982,1430.5399999989656,957.384780748793
62028,30.291077334934982,1430.5599999989656,957.3882159872895
62029,30.291077334934982,1430.5799999989656,957.3916511730313
62030,30.291077334934982,1430.5999999989656,957.3950863060187
62031,30.291077334934982,1430.6199999989656,957.3985213862522
62032,30.291077334934982,1430.6399999989655,957.4019564137324
62033,30.291077334934982,1430.6599999989655,957.4053913884762
62034,30.291077334934982,1430.6799999989655,957.4088263105415
62035,30.291077334934982,1430.6999999989655,957.412261179933
62036,30.291077334934982,1430.7199999989655,957.4156959966513
62037,30.291077334934982,1430.7399999989655,957.4191307606967
62038,30.291077334934982,1430.7599999989654,957.4225654720699
62039,30.291077334934982,1430.7799999989654,957.4260001307712
62040,30.291077334934982,1430.7999999989654,957.429434736801
62041,30.291077334934982,1430.8199999989654,957.4328692901597
62042,30.291077334934982,1430.8399999989654,957.4363037908479
62043,30.291077334934982,1430.8599999989653,957.439738238866
62044,30.291077334934982,1430.8799999989653,957.4431726342144
62045,30.291077334934982,1430.8999999989653,957.4466069768936
62046,30.291077334934982,1430.9199999989653,957.450041266904
62047,30.291077334934982,1430.9399999989653,957.4534755042461
62048,30.291077334934982,1430.9599999989653,957.4569096889203
62049,30.291077334934982,1430.9799999989652,957.460343820927
62050,30.291077334934982,1430.9999999989652,957.4637779002669
62051,30.291077334934982,1431.0199999989652,957.4672119269402
62052,30.291077334934982,1431.0399999989652,957.4706459009474
62053,30.291077334934982,1431.0599999989652,957.4740798222889
62054,30.291077334934982,1431.0799999989651,957.4775136909652
62055,30.291077334934982,1431.0999999989651,957.4809475069768
62056,30.291077334934982,1431.119999998965,957.4843812703241
62057,30.291077334934982,1431.139999998965,957.4878149810074
62058,30.291077334934982,1431.159999998965,957.4912486390274
62059,30.291077334934982,1431.179999998965,957.4946822443844
62060,30.291077334934982,1431.199999998965,957.4981157970789
62061,30.291077334934982,1431.219999998965,957.5015492971113
62062,30.291077334934982,1431.239999998965,957.504982744482
62063,30.291077334934982,1431.259999998965,957.5084161391917
62064,30.291077334934982,1431.279999998965,957.5118494812406
62065,30.291077334934982,1431.299999998965,957.5152827706291
62066,30.291077334934982,1431.319999998965,957.5187160073579
62067,30.291077334934982,1431.339999998965,957.5221491914272
62068,30.291077334934982,1431.359999998965,957.5255823228375
62069,30.291077334934982,1431.3799999989649,957.5290154015894
62070,30.291077334934982,1431.3999999989649,957.5324484276832
62071,30.291077334934982,1431.4199999989648,957.5358814011195
62072,30.291077334934982,1431.4399999989648,957.5393143218986
62073,30.291077334934982,1431.4599999989648,957.5427471900209
62074,30.291077334934982,1431.4799999989648,957.546180005487
62075,30.291077334934982,1431.4999999989648,957.5496127682973
62076,30.291077334934982,1431.5199999989647,957.5530454784522
62077,30.291077334934982,1431.5399999989647,957.5564781359521
62078,30.291077334934982,1431.5599999989647,957.5599107407976
62079,30.291077334934982,1431.5799999989647,957.5633432929891
62080,30.291077334934982,1431.5999999989647,957.566775792527
62081,30.291077334934982,1431.6199999989647,957.5702082394117
62082,30.291077334934982,1431.6399999989646,957.5736406336438
62083,30.291077334934982,1431.6599999989646,957.5770729752236
62084,30.291077334934982,1431.6799999989646,957.5805052641742
62085,30.291077334934982,1431.6999999989646,957.5839375005534
62086,30.291077334934982,1431.7199999989646,957.5873696843651
62087,30.291077334934982,1431.7399999989645,957.5908018156099
62088,30.291077334934982,1431.7599999989645,957.5942338942883
62089,30.291077334934982,1431.7799999989645,957.5976659204008
62090,30.291077334934982,1431.7999999989645,957.6010978939477
62091,30.291077334934982,1431.8199999989645,957.6045298149295
62092,30.291077334934982,1431.8399999989645,957.6079616833466
62093,30.291077334934982,1431.8599999989644,957.6113934991995
62094,30.291077334934982,1431.8799999989644,957.6148252624887
62095,30.291077334934982,1431.8999999989644,957.6182569732146
62096,30.291077334934982,1431.9199999989644,957.6216886313775
62097,30.291077334934982,1431.9399999989644,957.6251202369782
62098,30.291077334934982,1431.9599999989643,957.6285517900169
62099,30.291077334934982,1431.9799999989643,957.6319832904941
62100,30.291077334934982,1431.9999999989643,957.6354147384102
62101,30.291077334934982,1432.0199999989643,957.6388461337657
62102,30.291077334934982,1432.0399999989643,957.642277476561
62103,30.291077334934982,1432.0599999989643,957.6457087667966
62104,30.291077334934982,1432.0799999989642,957.6491400044729
62105,30.291077334934982,1432.0999999989642,957.6525711895904
62106,30.291077334934982,1432.1199999989642,957.6560023221496
62107,30.291077334934982,1432.1399999989642,957.6594334021507
62108,30.291077334934982,1432.1599999989642,957.6628644295945
62109,30.291077334934982,1432.1799999989641,957.6662954044812
62110,30.291077334934982,1432.1999999989641,957.6697263268113
62111,30.291077334934982,1432.219999998964,957.6731571965853
62112,30.291077334934982,1432.239999998964,957.6765880138036
62113,30.291077334934982,1432.259999998964,957.6800187784665
62114,30.291077334934982,1432.279999998964,957.6834494905748
62115,30.291077334934982,1432.299999998964,957.6868801501288
62116,30.291077334934982,1432.319999998964,957.6903107571288
62117,30.291077334934982,1432.339999998964,957.6937413115754
62118,30.291077334934982,1432.359999998964,957.697171813469
62119,30.291077334934982,1432.379999998964,957.7006022628101
62120,30.291077334934982,1432.399999998964,957.704032659599
62121,30.291077334934982,1432.419999998964,957.7074630038362
62122,30.291077334934982,1432.439999998964,957.7108932955223
62123,30.291077334934982,1432.459999998964,957.7143235346575
62124,30.291077334934982,1432.4799999989639,957.7177537212425
62125,30.291077334934982,1432.4999999989639,957.7211838552776
62126,30.291077334934982,1432.5199999989638,957.7246139367633
62127,30.291077334934982,1432.5399999989638,957.7280439657
62128,30.291077334934982,1432.5599999989638,957.7314739420882
62129,30.291077334934982,1432.5799999989638,957.7349038659283
62130,30.291077334934982,1432.5999999989638,957.7383337372208
62131,30.291077334934982,1432.6199999989637,957.7417635559661
62132,30.291077334934982,1432.6399999989637,957.7451933221647
62133,30.291077334934982,1432.6599999989637,957.748623035817
62134,30.291077334934982,1432.6799999989637,957.7520526969234
62135,30.291077334934982,1432.6999999989637,957.7554823055121
62136,30.291077334934982,1432.7199999989637,957.7589118616366
62137,30.291077334934982,1432.7399999989636,957.7623413653001
62138,30.291077334934982,1432.7599999989636,957.7657708165032
62139,30.291077334934982,1432.7799999989636,957.7692002152462
62140,30.291077334934982,1432.7999999989636,957.7726295615296
62141,30.291077334934982,1432.8199999989636,957.7760588553538
62142,30.291077334934982,1432.8399999989635,957.7794880967193
62143,30.291077334934982,1432.8599999989635,957.7829172856266
62144,30.291077334934982,1432.8799999989635,957.786346422076
62145,30.291077334934982,1432.8999999989635,957.789775506068
62146,30.291077334934982,1432.9199999989635,957.7932045376033
62147,30.291077334934982,1432.9399999989635,957.796633516682
62148,30.291077334934982,1432.9599999989634,957.8000624433048
62149,30.291077334934982,1432.9799999989634,957.803491317472
62150,30.291077334934982,1432.9999999989634,957.8069201391841
62151,30.291077334934982,1433.0199999989634,957.8103489084415
62152,30.291077334934982,1433.0399999989634,957.8137776252447
62153,30.291077334934982,1433.0599999989633,957.8172062895941
62154,30.291077334934982,1433.0799999989633,957.8206349014902
62155,30.291077334934982,1433.0999999989633,957.8240634609334
62156,30.291077334934982,1433.1199999989633,957.8274919679243
62157,30.291077334934982,1433.1399999989633,957.8309204224631
62158,30.291077334934982,1433.1599999989633,957.8343488245505
62159,30.291077334934982,1433.1799999989632,957.8377771741867
62160,30.291077334934982,1433.1999999989632,957.8412054713724
62161,30.291077334934982,1433.2199999989632,957.8446337161079
62162,30.291077334934982,1433.2399999989632,957.8480619083937
62163,30.291077334934982,1433.2599999989632,957.8514900482302
62164,30.291077334934982,1433.2799999989631,957.8549181356178
62165,30.291077334934982,1433.2999999989631,957.8583461705571
62166,30.291077334934982,1433.319999998963,957.8617741530485
62167,30.291077334934982,1433.339999998963,957.8652020830924
62168,30.291077334934982,1433.359999998963,957.8686299606893
62169,30.291077334934982,1433.379999998963,957.8720577858396
62170,30.291077334934982,1433.399999998963,957.8754855585438
62171,30.291077334934982,1433.419999998963,957.8789132788023
62172,30.291077334934982,1433.439999998963,957.8823409466156
62173,30.291077334934982,1433.459999998963,957.885768561984
62174,30.291077334934982,1433.479999998963,957.8891961249082
62175,30.291077334934982,1433.499999998963,957.8926236353884
62176,30.291077334934982,1433.519999998963,957.8960510934253
62177,30.291077334934982,1433.539999998963,957.8994784990191
62178,30.291077334934982,1433.559999998963,957.9029058521704
62179,30.291077334934982,1433.5799999989629,957.9063331528796
62180,30.291077334934982,1433.5999999989629,957.9097604011472
62181,30.291077334934982,1433.6199999989628,957.9131875969736
62182,30.291077334934982,1433.6399999989628,957.9166147403591
62183,30.291077334934982,1433.6599999989628,957.9200418313045
62184,30.291077334934982,1433.6799999989628,957.92346886981
62185,30.291077334934982,1433.6999999989628,957.9268958558761
62186,30.291077334934982,1433.7199999989627,957.9303227895358
62187,30.291077334934982,1433.7399999989627,957.9337496708387
62188,30.291077334934982,1433.7599999989627,957.9371764997869
62189,30.291077334934982,1433.7799999989627,957.9406032763811
62190,30.291077334934982,1433.7999999989627,957.9440300006216
62191,30.291077334934982,1433.8199999989627,957.947456672509
62192,30.291077334934982,1433.8399999989626,957.9508832920436
62193,30.291077334934982,1433.8599999989626,957.9543098592259
62194,30.291077334934982,1433.8799999989626,957.9577363740564
62195,30.291077334934982,1433.8999999989626,957.9611628365354
62196,30.291077334934982,1433.9199999989626,957.9645892466635
62197,30.291077334934982,1433.9399999989625,957.9680156044411
62198,30.291077334934982,1433.9599999989625,957.9714419098686
62199,30.291077334934982,1433.9799999989625,957.9748681629466
62200,30.291077334934982,1433.9999999989625,957.9782943636753
62201,30.291077334934982,1434.0199999989625,957.9817205120554
62202,30.291077334934982,1434.0399999989625,957.9851466080872
62203,30.291077334934982,1434.0599999989624,957.9885726517713
62204,30.291077334934982,1434.0799999989624,957.991998643108
62205,30.291077334934982,1434.0999999989624,957.9954245820978
62206,30.291077334934982,1434.1199999989624,957.9988504687412
62207,30.291077334934982,1434.1399999989624,958.0022763030387
62208,30.291077334934982,1434.1599999989623,958.0057020849905
62209,30.291077334934982,1434.1799999989623,958.0091278145973
62210,30.291077334934982,1434.1999999989623,958.0125534918594
62211,30.291077334934982,1434.2199999989623,958.0159791167773
62212,30.291077334934982,1434.2399999989623,958.0194046893515
62213,30.291077334934982,1434.2599999989623,958.0228302095824
62214,30.291077334934982,1434.2799999989622,958.0262556774704
62215,30.291077334934982,1434.2999999989622,958.029681093016
62216,30.291077334934982,1434.3199999989622,958.0331064562198
62217,30.291077334934982,1434.3399999989622,958.036531767082
62218,30.291077334934982,1434.3599999989622,958.0399570256031
62219,30.291077334934982,1434.3799999989621,958.0433822317837
62220,30.291077334934982,1434.3999999989621,958.0468073856241
62221,30.291077334934982,1434.419999998962,958.0502324871248
62222,30.291077334934982,1434.439999998962,958.0536575362863
62223,30.291077334934982,1434.459999998962,958.057082533109
62224,30.291077334934982,1434.479999998962,958.0605074775933
62225,30.291077334934982,1434.499999998962,958.0639323697397
62226,30.291077334934982,1434.519999998962,958.0673572095487
62227,30.291077334934982,1434.539999998962,958.0707819970207
62228,30.291077334934982,1434.559999998962,958.0742067321562
62229,30.291077334934982,1434.579999998962,958.0776314149556
62230,30.291077334934982,1434.599999998962,958.0810560454192
62231,30.291077334934982,1434.619999998962,958.0844806235477
62232,30.291077334934982,1434.639999998962,958.0879051493415
62233,30.291077334934982,1434.659999998962,958.0913296228009
62234,30.291077334934982,1434.6799999989619,958.0947540439265
62235,30.291077334934982,1434.6999999989619,958.0981784127187
62236,30.291077334934982,1434.7199999989618,958.1016027291779
62237,30.291077334934982,1434.7399999989618,958.1050269933421
62238,30.291077334934982,1434.7599999989618,958.1084512052569
62239,30.291077334934982,1434.7799999989618,958.1118753649234
62240,30.291077334934982,1434.7999999989618,958.1152994723424
62241,30.291077334934982,1434.8199999989617,958.118723527514
62242,30.291077334934982,1434.8399999989617,958.1221475304388
62243,30.291077334934982,1434.8599999989617,958.1255714811173
62244,30.291077334934982,1434.8799999989617,958.1289953795499
62245,30.291077334934982,1434.8999999989617,958.1324192257371
62246,30.291077334934982,1434.9199999989617,958.1358430196792
62247,30.291077334934982,1434.9399999989616,958.1392667613768
62248,30.291077334934982,1434.9599999989616,958.1426904508303
62249,30.291077334934982,1434.9799999989616,958.1461140880401
62250,30.291077334934982,1434.9999999989616,958.1495376730069
62251,30.291077334934982,1435.0199999989616,958.1529612057309
62252,30.291077334934982,1435.0399999989615,958.1563846862126
62253,30.291077334934982,1435.0599999989615,958.1598081144524
62254,30.291077334934982,1435.0799999989615,958.1632314904508
62255,30.291077334934982,1435.0999999989615,958.1666548142083
62256,30.291077334934982,1435.1199999989615,958.1700780857253
62257,30.291077334934982,1435.1399999989615,958.1735013050023
62258,30.291077334934982,1435.1599999989614,958.1769244720398
62259,30.291077334934982,1435.1799999989614,958.180347586838
62260,30.291077334934982,1435.1999999989614,958.1837706493976
62261,30.291077334934982,1435.2199999989614,958.187193659719
62262,30.291077334934982,1435.2399999989614,958.1906166178027
62263,30.291077334934982,1435.2599999989613,958.1940395236489
62264,30.291077334934982,1435.2799999989613,958.1974623772584
62265,30.291077334934982,1435.2999999989613,958.2008851786313
62266,30.291077334934982,1435.3199999989613,958.2043079277684
62267,30.291077334934982,1435.3399999989613,958.2077306246698
62268,30.291077334934982,1435.3599999989613,958.2111532693363
62269,30.291077334934982,1435.3799999989612,958.214575861768
62270,30.291077334934982,1435.3999999989612,958.2179984019656
62271,30.291077334934982,1435.4199999989612,958.2214208899295
62272,30.291077334934982,1435.4399999989612,958.2248433256601
62273,30.291077334934982,1435.4599999989612,958.2282657091579
62274,30.291077334934982,1435.4799999989611,958.2316880404234
62275,30.291077334934982,1435.4999999989611,958.2351103194569
62276,30.291077334934982,1435.519999998961,958.238532546259
62277,30.291077334934982,1435.539999998961,958.24195472083
62278,30.291077334934982,1435.559999998961,958.2453768431704
62279,30.291077334934982,1435.579999998961,958.2487989132808
62280,30.291077334934982,1435.599999998961,958.2522209311614
62281,30.291077334934982,1435.619999998961,958.2556428968129
62282,30.291077334934982,1435.639999998961,958.2590648102356
62283,30.291077334934982,1435.659999998961,958.26248667143
62284,30.291077334934982,1435.679999998961,958.2659084803965
62285,30.291077334934982,1435.699999998961,958.2693302371356
62286,30.291077334934982,1435.719999998961,958.2727519416477
62287,30.291077334934982,1435.739999998961,958.2761735939334
62288,30.291077334934982,1435.759999998961,958.2795951940385
62289,30.291077334934982,1435.7799999989609,958.2830167420074
62290,30.291077334934982,1435.7999999989609,958.2864382378406
62291,30.291077334934982,1435.8199999989608,958.2898596815385
62292,30.291077334934982,1435.8399999989608,958.2932810731015
62293,30.291077334934982,1435.8599999989608,958.2967024125302
62294,30.291077334934982,1435.8799999989608,958.3001236998249
62295,30.291077334934982,1435.8999999989608,958.3035449349861
62296,30.291077334934982,1435.9199999989607,958.3069661180143
62297,30.291077334934982,1435.9399999989607,958.3103872489099
62298,30.291077334934982,1435.9599999989607,958.3138083276734
62299,30.291077334934982,1435.9799999989607,958.3172293543053
62300,30.291077334934982,1435.9999999989607,958.3206503288059
62301,30.291077334934982,1436.0199999989607,958.3240712511757
62302,30.253173874650745,1436.0399999989606,958.3274921214152
62303,30.253173874650745,1436.0599999989606,958.3309129395248
62304,30.253173874650745,1436.0799999989606,958.334333705505
62305,30.253173874650745,1436.0999999989606,958.3377544193562
62306,30.253173874650745,1436.1199999989606,958.3411750810789
62307,30.253173874650745,1436.1399999989605,958.3445956906735
62308,30.253173874650745,1436.1599999989605,958.3480162481405
62309,30.253173874650745,1436.1799999989605,958.3514367534804
62310,30.253173874650745,1436.1999999989605,958.3548572066935
62311,30.253173874650745,1436.2199999989605,958.3582776077803
62312,30.253173874650745,1436.2399999989605,958.3616979567414
62313,30.253173874650745,1436.2599999989604,958.3651182535771
62314,30.253173874650745,1436.2799999989604,958.3685384982879
62315,30.253173874650745,1436.2999999989604,958.3719586908742
62316,30.253173874650745,1436.3199999989604,958.3753788313365
62317,30.253173874650745,1436.3399999989604,958.3787989196753
62318,30.253173874650745,1436.3599999989603,958.382218955891
62319,30.253173874650745,1436.3799999989603,958.385638939984
62320,30.253173874650745,1436.3999999989603,958.3890588719548
62321,30.253173874650745,1436.4199999989603,958.3924787518039
62322,30.253173874650745,1436.4399999989603,958.3958985795316
62323,30.253173874650745,1436.4599999989603,958.3993183551385
62324,30.253173874650745,1436.4799999989602,958.402738078625
62325,30.253173874650745,1436.4999999989602,958.4061577499916
62326,30.253173874650745,1436.5199999989602,958.4095773692387
62327,30.253173874650745,1436.5399999989602,958.4129969363668
62328,30.253173874650745,1436.5599999989602,958.4164164513762
62329,30.253173874650745,1436.5799999989601,958.4198359142675
62330,30.253173874650745,1436.5999999989601,958.4232553250412
62331,30.253173874650745,1436.61999999896,958.4266746836976
62332,30.253173874650745,1436.63999999896,958.4300939902371
62333,30.253173874650745,1436.65999999896,958.4335132446603
62334,30.253173874650745,1436.67999999896,958.4369324469676
62335,30.253173874650745,1436.69999999896,958.4403515971595
62336,30.253173874650745,1436.71999999896,958.4437706952364
62337,30.253173874650745,1436.73999999896,958.4471897411987
62338,30.253173874650745,1436.75999999896,958.450608735048
62339,30.253173874650745,1436.77999999896,958.4540276768267
62340,30.253173874650745,1436.79999999896,958.4574465665681
62341,30.253173874650745,1436.81999999896,958.4608654042728
62342,30.253173874650745,1436.83999999896,958.464284189941
62343,30.253173874650745,1436.85999999896,958.4677029235735
62344,30.253173874650745,1436.8799999989599,958.4711216051704
62345,30.253173874650745,1436.8999999989599,958.4745402347324
62346,30.253173874650745,1436.9199999989598,958.4779588122599
62347,30.253173874650745,1436.9399999989598,958.4813773377532
62348,30.253173874650745,1436.9599999989598,958.484795811213
62349,30.253173874650745,1436.9799999989598,958.4882142326395
62350,30.253173874650745,1436.9999999989598,958.4916326020333
62351,30.253173874650745,1437.0199999989597,958.4950509193949
62352,30.253173874650745,1437.0399999989597,958.4984691847246
62353,30.253173874650745,1437.0599999989597,958.501887398023
62354,30.253173874650745,1437.0799999989597,958.5053055592904
62355,30.253173874650745,1437.0999999989597,958.5087236685273
62356,30.253173874650745,1437.1199999989597,958.5121417257342
62357,30.253173874650745,1437.1399999989596,958.5155597309115
62358,30.253173874650745,1437.1599999989596,958.5189776840597
62359,30.253173874650745,1437.1799999989596,958.5223955851792
62360,30.253173874650745,1437.1999999989596,958.5258134342705
62361,30.253173874650745,1437.2199999989596,958.529231231334
62362,30.253173874650745,1437.2399999989595,958.5326489763703
62363,30.253173874650745,1437.2599999989595,958.5360666693797
62364,30.253173874650745,1437.2799999989595,958.5394843103627
62365,30.253173874650745,1437.2999999989595,958.5429018993198
62366,30.253173874650745,1437.3199999989595,958.5463194362512
62367,30.253173874650745,1437.3399999989595,958.5497369211577
62368,30.253173874650745,1437.3599999989594,958.5531543540395
62369,30.253173874650745,1437.3799999989594,958.5565717348971
62370,30.253173874650745,1437.3999999989594,958.5599890637311
62371,30.253173874650745,1437.4199999989594,958.5634063405419
62372,30.253173874650745,1437.4399999989594,958.5668235653297
62373,30.253173874650745,1437.4599999989593,958.5702407380953
62374,30.253173874650745,1437.4799999989593,958.5736578588389
62375,30.253173874650745,1437.4999999989593,958.5770749275612
62376,30.253173874650745,1437.5199999989593,958.5804919442623
62377,30.253173874650745,1437.5399999989593,958.583908908943
62378,30.253173874650745,1437.5599999989593,958.5873258216036
62379,30.253173874650745,1437.5799999989592,958.5907426822445
62380,30.253173874650745,1437.5999999989592,958.5941594908662
62381,30.253173874650745,1437.6199999989592,958.5975762474692
62382,30.253173874650745,1437.6399999989592,958.6009929520538
62383,30.253173874650745,1437.6599999989592,958.6044096046206
62384,30.253173874650745,1437.6799999989591,958.60782620517
62385,30.253173874650745,1437.6999999989591,958.6112427537025
62386,30.253173874650745,1437.719999998959,958.6146592502186
62387,30.253173874650745,1437.739999998959,958.6180756947185
62388,30.253173874650745,1437.759999998959,958.6214920872029
62389,30.253173874650745,1437.779999998959,958.6249084276742
62390,30.253173874650745,1437.799999998959,958.6283247161822
62391,30.253173874650745,1437.819999998959,958.6317409527582
62392,30.253173874650745,1437.839999998959,958.6351571374025
62393,30.253173874650745,1437.859999998959,958.6385732701157
62394,30.253173874650745,1437.879999998959,958.6419893508981
62395,30.253173874650745,1437.899999998959,958.6454053797504
62396,30.253173874650745,1437.919999998959,958.6488213566728
62397,30.253173874650745,1437.939999998959,958.6522372816659
62398,30.253173874650745,1437.959999998959,958.65565315473
62399,30.253173874650745,1437.9799999989589,958.6590689758657
62400,30.253173874650745,1437.9999999989589,958.6624847450735
62401,30.253173874650745,1438.0199999989588,958.6659004623536
62402,30.253173874650745,1438.0399999989588,958.6693161277068
62403,30.253173874650745,1438.0599999989588,958.6727317411332
62404,30.253173874650745,1438.0799999989588,958.6761473026335
62405,30.253173874650745,1438.0999999989588,958.679562812208
62406,30.253173874650745,1438.1199999989587,958.6829782698572
62407,30.253173874650745,1438.1399999989587,958.6863936755816
62408,30.253173874650745,1438.1599999989587,958.6898090293816
62409,30.253173874650745,1438.1799999989587,958.6932243312577
62410,30.253173874650745,1438.1999999989587,958.6966395812103
62411,30.253173874650745,1438.2199999989587,958.70005477924
62412,30.253173874650745,1438.2399999989586,958.703469925347
62413,30.253173874650745,1438.2599999989586,958.7068850195319
62414,30.253173874650745,1438.2799999989586,958.7103000617951
62415,30.253173874650745,1438.2999999989586,958.7137150521371
62416,30.253173874650745,1438.3199999989586,958.7171299905583
62417,30.253173874650745,1438.3399999989585,958.7205448770592
62418,30.253173874650745,1438.3599999989585,958.7239597116402
62419,30.253173874650745,1438.3799999989585,958.7273744943018
62420,30.253173874650745,1438.3999999989585,958.7307892250444
62421,30.253173874650745,1438.4199999989585,958.7342039038685
62422,30.253173874650745,1438.4399999989585,958.7376185307746
62423,30.253173874650745,1438.4599999989584,958.7410331057631
62424,30.253173874650745,1438.4799999989584,958.7444476288345
62425,30.253173874650745,1438.4999999989584,958.7478620999891
62426,30.253173874650745,1438.5199999989584,958.7512765192275
62427,30.253173874650745,1438.5399999989584,958.7546908865502
62428,30.253173874650745,1438.5599999989583,958.7581052019574
62429,30.253173874650745,1438.5799999989583,958.7615194654497
62430,30.253173874650745,1438.5999999989583,958.7649336770277
62431,30.253173874650745,1438.6199999989583,958.7683478366915
62432,30.253173874650745,1438.6399999989583,958.7717619444419
62433,30.253173874650745,1438.6599999989583,958.7751760002792
62434,30.253173874650745,1438.6799999989582,958.7785900042038
62435,30.253173874650745,1438.6999999989582,958.7820039562163
62436,30.253173874650745,1438.7199999989582,958.7854178563169
62437,30.253173874650745,1438.7399999989582,958.7888317045064
62438,30.253173874650745,1438.7599999989582,958.7922455007849
62439,30.253173874650745,1438.7799999989581,958.7956592451532
62440,30.253173874650745,1438.7999999989581,958.7990729376145
62441,30.253173874650745,1438.819999998958,958.8024865782226
62442,30.253173874650745,1438.839999998958,958.8059001670036
62443,30.253173874650745,1438.859999998958,958.8093137039583
62444,30.253173874650745,1438.879999998958,958.812727189087
62445,30.253173874650745,1438.899999998958,958.8161406223901
62446,30.253173874650745,1438.919999998958,958.8195540038681
62447,30.253173874650745,1438.939999998958,958.8229673335214
62448,30.253173874650745,1438.959999998958,958.8263806113506
62449,30.253173874650745,1438.979999998958,958.8297938373561
62450,30.253173874650745,1438.999999998958,958.8332070115382
62451,30.253173874650745,1439.019999998958,958.8366201338976
62452,30.253173874650745,1439.039999998958,958.8400332044345
62453,30.253173874650745,1439.059999998958,958.8434462231495
62454,30.253173874650745,1439.0799999989579,958.846859190043
62455,30.253173874650745,1439.0999999989579,958.8502721051154
62456,30.253173874650745,1439.1199999989578,958.8536849683674
62457,30.253173874650745,1439.1399999989578,958.8570977797991
62458,30.253173874650745,1439.1599999989578,958.8605105394112
62459,30.253173874650745,1439.1799999989578,958.8639232472041
62460,30.253173874650745,1439.1999999989578,958.8673359031782
62461,30.253173874650745,1439.2199999989577,958.8707485073339
62462,30.253173874650745,1439.2399999989577,958.8741610596719
62463,30.253173874650745,1439.2599999989577,958.8775735601924
62464,30.253173874650745,1439.2799999989577,958.880986008896
62465,30.253173874650745,1439.2999999989577,958.884398405783
62466,30.253173874650745,1439.3199999989577,958.887810750854
62467,30.253173874650745,1439.3399999989576,958.8912230441093
62468,30.253173874650745,1439.3599999989576,958.8946352855496
62469,30.253173874650745,1439.3799999989576,958.8980474751752
62470,30.253173874650745,1439.3999999989576,958.9014596129865
62471,30.253173874650745,1439.4199999989576,958.904871698984
62472,30.253173874650745,1439.4399999989575,958.9082837331682
62473,30.253173874650745,1439.4599999989575,958.9116957155395
62474,30.253173874650745,1439.4799999989575,958.9151076460984
62475,30.253173874650745,1439.4999999989575,958.9185195248452
62476,30.253173874650745,1439.5199999989575,958.9219313517806
62477,30.253173874650745,1439.5399999989575,958.9253431269047
62478,30.253173874650745,1439.5599999989574,958.9287548502183
62479,30.253173874650745,1439.5799999989574,958.9321665217217
62480,30.253173874650745,1439.5999999989574,958.9355781414154
62481,30.253173874650745,1439.6199999989574,958.9389897092998
62482,30.253173874650745,1439.6399999989574,958.9424012253753
62483,30.253173874650745,1439.6599999989573,958.9458126896425
62484,30.253173874650745,1439.6799999989573,958.9492241021018
62485,30.253173874650745,1439.6999999989573,958.9526354627536
62486,30.253173874650745,1439.7199999989573,958.9560467715984
62487,30.253173874650745,1439.7399999989573,958.9594580286366
62488,30.253173874650745,1439.7599999989573,958.9628692338687
62489,30.253173874650745,1439.7799999989572,958.9662803872951
62490,30.253173874650745,1439.7999999989572,958.9696914889163
62491,30.253173874650745,1439.8199999989572,958.9731025387367
62492,30.253173874650745,1439.8399999989572,958.9765135368139
62493,30.253173874650745,1439.8599999989572,958.9799244831693
62494,30.253173874650745,1439.8799999989571,958.9833353778033
62495,30.253173874650745,1439.8999999989571,958.9867462207164
62496,30.253173874650745,1439.919999998957,958.9901570119092
62497,30.253173874650745,1439.939999998957,958.993567751382
62498,30.253173874650745,1439.959999998957,958.9969784391352
62499,30.253173874650745,1439.979999998957,959.0003890751694
62500,30.253173874650745,1439.999999998957,959.003799659485
62501,30.253173874650745,1440.019999998957,959.0072101920824
62502,30.253173874650745,1440.039999998957,959.0106206729621
62503,30.253173874650745,1440.059999998957,959.0140311021245
62504,30.253173874650745,1440.079999998957,959.0174414795702
62505,30.253173874650745,1440.099999998957,959.0208518052995
62506,30.253173874650745,1440.119999998957,959.0242620793128
62507,30.253173874650745,1440.139999998957,959.0276723016108
62508,30.253173874650745,1440.159999998957,959.0310824721937
62509,30.253173874650745,1440.1799999989569,959.0344925910621
62510,30.253173874650745,1440.1999999989569,959.0379026582164
62511,30.253173874650745,1440.2199999989568,959.041312673657
62512,30.253173874650745,1440.2399999989568,959.0447226373844
62513,30.253173874650745,1440.2599999989568,959.0481325493992
62514,30.253173874650745,1440.2799999989568,959.0515424097016
62515,30.253173874650745,1440.2999999989568,959.0549522182922
62516,30.253173874650745,1440.3199999989567,959.0583619751715
62517,30.253173874650745,1440.3399999989567,959.0617716803398
62518,30.253173874650745,1440.3599999989567,959.0651813337977
62519,30.253173874650745,1440.3799999989567,959.0685909355454
62520,30.253173874650745,1440.3999999989567,959.0720004855837
62521,30.253173874650745,1440.4199999989567,959.0754099839128
62522,30.253173874650745,1440.4399999989566,959.0788194305333
62523,30.253173874650745,1440.4599999989566,959.0822288254456
62524,30.253173874650745,1440.4799999989566,959.08563816865
62525,30.253173874650745,1440.4999999989566,959.0890474601472
62526,30.253173874650745,1440.5199999989566,959.0924566999375
62527,30.253173874650745,1440.5399999989565,959.0958658880215
62528,30.253173874650745,1440.5599999989565,959.0992750243995
62529,30.253173874650745,1440.5799999989565,959.102684109072
62530,30.253173874650745,1440.5999999989565,959.1060931420395
62531,30.253173874650745,1440.6199999989565,959.1095021233024
62532,30.253173874650745,1440.6399999989565,959.1129110528611
62533,30.253173874650745,1440.6599999989564,959.1163199307161
62534,30.253173874650745,1440.6799999989564,959.119728756868
62535,30.253173874650745,1440.6999999989564,959.123137531317
62536,30.253173874650745,1440.7199999989564,959.1265462540637
62537,30.253173874650745,1440.7399999989564,959.1299549251084
62538,30.253173874650745,1440.7599999989563,959.1333635444519
62539,30.253173874650745,1440.7799999989563,959.1367721120943
62540,30.253173874650745,1440.7999999989563,959.1401806280362
62541,30.253173874650745,1440.8199999989563,959.143589092278
62542,30.253173874650745,1440.8399999989563,959.1469975048252
62543,30.253173874650745,1440.8599999989563,959.150405865739
62544,30.253173874650745,1440.8799999989562,959.1538141750361
62545,30.253173874650745,1440.8999999989562,959.157222432717
62546,30.253173874650745,1440.9199999989562,959.1606306387821
62547,30.253173874650745,1440.9399999989562,959.1640387932318
62548,30.253173874650745,1440.9599999989562,959.1674468960667
62549,30.253173874650745,1440.9799999989561,959.1708549472871
62550,30.253173874650745,1440.9999999989561,959.1742629468936
62551,30.253173874650745,1441.019999998956,959.1776708948864
62552,30.253173874650745,1441.039999998956,959.1810787912663
62553,30.253173874650745,1441.059999998956,959.1844866360335
62554,30.253173874650745,1441.079999998956,959.1878944291885
62555,30.253173874650745,1441.099999998956,959.1913021707319
62556,30.253173874650745,1441.119999998956,959.1947098606639
62557,30.253173874650745,1441.139999998956,959.1981174989852
62558,30.253173874650745,1441.159999998956,959.2015250856961
62559,30.253173874650745,1441.179999998956,959.2049326207971
62560,30.253173874650745,1441.199999998956,959.2083401042886
62561,30.253173874650745,1441.219999998956,959.2117475361712
62562,30.253173874650745,1441.239999998956,959.2151549164452
62563,30.253173874650745,1441.259999998956,959.2185622451111
62564,30.253173874650745,1441.2799999989559,959.2219695221694
62565,30.253173874650745,1441.2999999989559,959.2253767476204
62566,30.253173874650745,1441.3199999989558,959.2287839214648
62567,30.253173874650745,1441.3399999989558,959.2321910437029
62568,30.253173874650745,1441.3599999989558,959.2355981143351
62569,30.253173874650745,1441.3799999989558,959.239005133362
62570,30.253173874650745,1441.3999999989558,959.2424121007839
62571,30.253173874650745,1441.4199999989557,959.2458190166013
62572,30.253173874650745,1441.4399999989557,959.2492258808148
62573,30.253173874650745,1441.4599999989557,959.2526326934247
62574,30.253173874650745,1441.4799999989557,959.2560394544315
62575,30.253173874650745,1441.4999999989557,959.2594461638356
62576,30.253173874650745,1441.5199999989557,959.2628528216375
62577,30.253173874650745,1441.5399999989556,959.2662594278377
62578,30.253173874650745,1441.5599999989556,959.2696659824365
62579,30.253173874650745,1441.5799999989556,959.2730724854346
62580,30.253173874650745,1441.5999999989556,959.2764789368322
62581,30.253173874650745,1441.6199999989556,959.2798853366298
62582,30.253173874650745,1441.6399999989555,959.283291684828
62583,30.253173874650745,1441.6599999989555,959.2866979814271
62584,30.253173874650745,1441.6799999989555,959.2901042264276
62585,30.253173874650745,1441.6999999989555,959.29351041983
62586,30.253173874650745,1441.7199999989555,959.2969165616347
62587,30.253173874650745,1441.7399999989555,959.3003226518422
62588,30.253173874650745,1441.7599999989554,959.3037286904529
62589,30.253173874650745,1441.7799999989554,959.3071346774673
62590,30.253173874650745,1441.7999999989554,959.3105406128858
62591,30.253173874650745,1441.8199999989554,959.3139464967089
62592,30.253173874650745,1441.8399999989554,959.3173523289371
62593,30.253173874650745,1441.8599999989553,959.320758109577
62594,30.253173874650745,1441.8799999989553,959.3241638386972
62595,30.253173874650745,1441.8999999989553,959.3275695163103
62596,30.253173874650745,1441.9199999989553,959.3309751424166
62597,30.253173874650745,1441.9399999989553,959.3343807170166
62598,30.253173874650745,1441.9599999989553,959.3377862401107
62599,30.253173874650745,1441.9799999989552,959.3411917116995
62600,30.215349396633755,1441.9999999989552,959.3445971317833
62601,30.215349396633755,1442.0199999989552,959.3480025003627
62602,30.215349396633755,1442.0399999989552,959.3514078174379
62603,30.215349396633755,1442.0599999989552,959.3548130830096
62604,30.215349396633755,1442.0799999989551,959.3582182970781
62605,30.215349396633755,1442.0999999989551,959.361623459644
62606,30.215349396633755,1442.119999998955,959.3650285707076
62607,30.215349396633755,1442.139999998955,959.3684336302695
62608,30.215349396633755,1442.159999998955,959.37183863833
62609,30.215349396633755,1442.179999998955,959.3752435948896
62610,30.215349396633755,1442.199999998955,959.3786484999489
62611,30.215349396633755,1442.219999998955,959.3820533535081
62612,30.215349396633755,1442.239999998955,959.3854581555679
62613,30.215349396633755,1442.259999998955,959.3888629061286
62614,30.215349396633755,1442.279999998955,959.3922676051906
62615,30.215349396633755,1442.299999998955,959.3956722527545
62616,30.215349396633755,1442.319999998955,959.3990768488206
62617,30.215349396633755,1442.339999998955,959.4024813933896
62618,30.215349396633755,1442.359999998955,959.4058858864618
62619,30.215349396633755,1442.3799999989549,959.4092903280375
62620,30.215349396633755,1442.3999999989549,959.4126947181173
62621,30.215349396633755,1442.4199999989548,959.4160990567018
62622,30.215349396633755,1442.4399999989548,959.4195033437912
62623,30.215349396633755,1442.4599999989548,959.4229075793861
62624,30.215349396633755,1442.4799999989548,959.4263117634869
62625,30.215349396633755,1442.4999999989548,959.429715896094
62626,30.215349396633755,1442.5199999989547,959.433119977208
62627,30.215349396633755,1442.5399999989547,959.4365240068292
62628,30.215349396633755,1442.5599999989547,959.4399279849582
62629,30.215349396633755,1442.5799999989547,959.4433319115954
62630,30.215349396633755,1442.5999999989547,959.4467357867411
62631,30.215349396633755,1442.6199999989547,959.4501396103959
62632,30.215349396633755,1442.6399999989546,959.4535433825603
62633,30.215349396633755,1442.6599999989546,959.4569471032346
62634,30.215349396633755,1442.6799999989546,959.4603507724194
62635,30.215349396633755,1442.6999999989546,959.463754390115
62636,30.215349396633755,1442.7199999989546,959.467157956322
62637,30.215349396633755,1442.7399999989545,959.4705614710407
62638,30.215349396633755,1442.7599999989545,959.4739649342716
62639,30.215349396633755,1442.7799999989545,959.4773683460153
62640,30.215349396633755,1442.7999999989545,959.4807717062721
62641,30.215349396633755,1442.8199999989545,959.4841750150425
62642,30.215349396633755,1442.8399999989545,959.4875782723269
62643,30.215349396633755,1442.8599999989544,959.4909814781258
62644,30.215349396633755,1442.8799999989544,959.4943846324462
62645,30.215349396633755,1442.8999999989544,959.4977877353508
62646,30.215349396633755,1442.9199999989544,959.5011907868463
62647,30.215349396633755,1442.9399999989544,959.5045937869331
62648,30.215349396633755,1442.9599999989543,959.5079967356116
62649,30.215349396633755,1442.9799999989543,959.5113996328823
62650,30.215349396633755,1442.9999999989543,959.5148024787458
62651,30.215349396633755,1443.0199999989543,959.5182052732023
62652,30.215349396633755,1443.0399999989543,959.5216080162523
62653,30.215349396633755,1443.0599999989543,959.5250107078964
62654,30.215349396633755,1443.0799999989542,959.528413348135
62655,30.215349396633755,1443.0999999989542,959.5318159369685
62656,30.215349396633755,1443.1199999989542,959.5352184743974
62657,30.215349396633755,1443.1399999989542,959.5386209604221
62658,30.215349396633755,1443.1599999989542,959.5420233950431
62659,30.215349396633755,1443.1799999989541,959.5454257782609
62660,30.215349396633755,1443.1999999989541,959.5488281100759
62661,30.215349396633755,1443.219999998954,959.5522303904885
62662,30.215349396633755,1443.239999998954,959.5556326194992
62663,30.215349396633755,1443.259999998954,959.5590347971084
62664,30.215349396633755,1443.279999998954,959.5624369233167
62665,30.215349396633755,1443.299999998954,959.5658389981244
62666,30.215349396633755,1443.319999998954,959.569241021532
62667,30.215349396633755,1443.339999998954,959.57264299354
62668,30.215349396633755,1443.359999998954,959.5760449141487
62669,30.215349396633755,1443.379999998954,959.5794467833588
62670,30.215349396633755,1443.399999998954,959.5828486011706
62671,30.215349396633755,1443.419999998954,959.5862503675845
62672,30.215349396633755,1443.439999998954,959.589652082601
62673,30.215349396633755,1443.459999998954,959.5930537462206
62674,30.215349396633755,1443.4799999989539,959.5964553584437
62675,30.215349396633755,1443.4999999989539,959.5998569192708
62676,30.215349396633755,1443.5199999989538,959.6032584287024
62677,30.215349396633755,1443.5399999989538,959.6066598867388
62678,30.215349396633755,1443.5599999989538,959.6100612933806
62679,30.215349396633755,1443.5799999989538,959.6134626486281
62680,30.215349396633755,1443.5999999989538,959.6168639524819
62681,30.215349396633755,1443.6199999989537,959.6202652049424
62682,30.215349396633755,1443.6399999989537,959.62366640601
62683,30.215349396633755,1443.6599999989537,959.6270675556852
62684,30.215349396633755,1443.6799999989537,959.6304686539685
62685,30.215349396633755,1443.6999999989537,959.6338697008603
62686,30.215349396633755,1443.7199999989537,959.637270696361
62687,30.215349396633755,1443.7399999989536,959.6406716404712
62688,30.215349396633755,1443.7599999989536,959.6440725331912
62689,30.215349396633755,1443.7799999989536,959.6474733745215
62690,30.215349396633755,1443.7999999989536,959.6508741644626
62691,30.215349396633755,1443.8199999989536,959.6542749030149
62692,30.215349396633755,1443.8399999989535,959.6576755901789
62693,30.215349396633755,1443.8599999989535,959.661076225955
62694,30.215349396633755,1443.8799999989535,959.6644768103436
62695,30.215349396633755,1443.8999999989535,959.6678773433571
62696,30.215349396633755,1443.9199999989535,959.6712778250596
62697,30.215349396633755,1443.9399999989535,959.6746782554574
62698,30.215349396633755,1443.9599999989534,959.6780786345508
62699,30.215349396633755,1443.9799999989534,959.6814789623404
62700,30.215349396633755,1443.9999999989534,959.6848792388265
62701,30.215349396633755,1444.0199999989534,959.6882794640096
62702,30.215349396633755,1444.0399999989534,959.6916796378903
62703,30.215349396633755,1444.0599999989533,959.6950797604688
62704,30.215349396633755,1444.0799999989533,959.6984798317458
62705,30.215349396633755,1444.0999999989533,959.7018798517215
62706,30.215349396633755,1444.1199999989533,959.7052798203965
62707,30.215349396633755,1444.1399999989533,959.7086797377714
62708,30.215349396633755,1444.1599999989533,959.7120796038464
62709,30.215349396633755,1444.1799999989532,959.7154794186221
62710,30.215349396633755,1444.1999999989532,959.7188791820988
62711,30.215349396633755,1444.2199999989532,959.7222788942771
62712,30.215349396633755,1444.2399999989532,959.7256785551574
62713,30.215349396633755,1444.2599999989532,959.7290781647403
62714,30.215349396633755,1444.2799999989531,959.732477723026
62715,30.215349396633755,1444.2999999989531,959.7358772300151
62716,30.215349396633755,1444.319999998953,959.7392766857081
62717,30.215349396633755,1444.339999998953,959.7426760901053
62718,30.215349396633755,1444.359999998953,959.7460754432072
62719,30.215349396633755,1444.379999998953,959.7494747450144
62720,30.215349396633755,1444.399999998953,959.7528739955271
62721,30.215349396633755,1444.419999998953,959.756273194746
62722,30.215349396633755,1444.439999998953,959.7596723426714
62723,30.215349396633755,1444.459999998953,959.7630714393038
62724,30.215349396633755,1444.479999998953,959.7664704846436
62725,30.215349396633755,1444.499999998953,959.7698694786914
62726,30.215349396633755,1444.519999998953,959.7732684214475
62727,30.215349396633755,1444.539999998953,959.7766673129124
62728,30.215349396633755,1444.559999998953,959.7800661530866
62729,30.215349396633755,1444.5799999989529,959.7834649419706
62730,30.215349396633755,1444.5999999989529,959.7868636795646
62731,30.215349396633755,1444.6199999989528,959.7902623658692
62732,30.215349396633755,1444.6399999989528,959.793661000885
62733,30.215349396633755,1444.6599999989528,959.7970595846123
62734,30.215349396633755,1444.6799999989528,959.8004581170516
62735,30.215349396633755,1444.6999999989528,959.8038565982033
62736,30.215349396633755,1444.7199999989527,959.8072550280679
62737,30.215349396633755,1444.7399999989527,959.8106534066458
62738,30.215349396633755,1444.7599999989527,959.8140517339375
62739,30.215349396633755,1444.7799999989527,959.8174500099435
62740,30.215349396633755,1444.7999999989527,959.8208482346641
62741,30.215349396633755,1444.8199999989527,959.8242464081
62742,30.215349396633755,1444.8399999989526,959.8276445302514
62743,30.215349396633755,1444.8599999989526,959.831042601119
62744,30.215349396633755,1444.8799999989526,959.8344406207029
62745,30.215349396633755,1444.8999999989526,959.8378385890039
62746,30.215349396633755,1444.9199999989526,959.841236506039
62747,30.215349396633755,1444.9399999989525,959.8446343718687
62748,30.215349396633755,1444.9599999989525,959.8480321864981
62749,30.215349396633755,1444.9799999989525,959.8514299499278
62750,30.215349396633755,1444.9999999989525,959.8548276621583
62751,30.215349396633755,1445.0199999989525,959.8582253231899
62752,30.215349396633755,1445.0399999989525,959.8616229330231
62753,30.215349396633755,1445.0599999989524,959.8650204916585
62754,30.215349396633755,1445.0799999989524,959.8684179990963
62755,30.215349396633755,1445.0999999989524,959.8718154553371
62756,30.215349396633755,1445.1199999989524,959.8752128603815
62757,30.215349396633755,1445.1399999989524,959.8786102142296
62758,30.215349396633755,1445.1599999989523,959.8820075168821
62759,30.215349396633755,1445.1799999989523,959.8854047683395
62760,30.215349396633755,1445.1999999989523,959.8888019686021
62761,30.215349396633755,1445.2199999989523,959.8921991176704
62762,30.215349396633755,1445.2399999989523,959.895596215545
62763,30.215349396633755,1445.2599999989523,959.8989932622261
62764,30.215349396633755,1445.2799999989522,959.9023902577143
62765,30.215349396633755,1445.2999999989522,959.9057872020101
62766,30.215349396633755,1445.3199999989522,959.9091840951138
62767,30.215349396633755,1445.3399999989522,959.912580937026
62768,30.215349396633755,1445.3599999989522,959.9159777277471
62769,30.215349396633755,1445.3799999989521,959.9193744672775
62770,30.215349396633755,1445.3999999989521,959.9227711556177
62771,30.215349396633755,1445.419999998952,959.9261677927682
62772,30.215349396633755,1445.439999998952,959.9295643787294
62773,30.215349396633755,1445.459999998952,959.9329609135018
62774,30.215349396633755,1445.479999998952,959.9363573970858
62775,30.215349396633755,1445.499999998952,959.9397538294819
62776,30.215349396633755,1445.519999998952,959.9431502106905
62777,30.215349396633755,1445.539999998952,959.9465465407121
62778,30.215349396633755,1445.559999998952,959.9499428195471
62779,30.215349396633755,1445.579999998952,959.953339047196
62780,30.215349396633755,1445.599999998952,959.9567352236593
62781,30.215349396633755,1445.619999998952,959.9601313489374
62782,30.215349396633755,1445.639999998952,959.9635274230307
62783,30.215349396633755,1445.659999998952,959.9669234459396
62784,30.215349396633755,1445.6799999989519,959.9703194176649
62785,30.215349396633755,1445.6999999989519,959.9737153382067
62786,30.215349396633755,1445.7199999989518,959.9771112075656
62787,30.215349396633755,1445.7399999989518,959.980507025742
62788,30.215349396633755,1445.7599999989518,959.9839027927363
62789,30.215349396633755,1445.7799999989518,959.9872985085491
62790,30.215349396633755,1445.7999999989518,959.9906941731808
62791,30.215349396633755,1445.8199999989517,959.9940897866319
62792,30.215349396633755,1445.8399999989517,959.9974853489027
62793,30.215349396633755,1445.8599999989517,960.0008808600694
62794,30.215349396633755,1445.8799999989517,960.0042763213096
62795,30.215349396633755,1445.8999999989517,960.0076717331203
62796,30.215349396633755,1445.9199999989517,960.0110670955021
62797,30.215349396633755,1445.9399999989516,960.0144624084771
62798,30.215349396633755,1445.9599999989516,960.0178576721022
62799,30.215349396633755,1445.9799999989516,960.0212528863817
62800,30.215349396633755,1445.9999999989516,960.0246480513163
62801,30.215349396633755,1446.0199999989516,960.0280431669064
62802,30.215349396633755,1446.0399999989515,960.0314382331527
62803,30.215349396633755,1446.0599999989515,960.0348332500558
62804,30.215349396633755,1446.0799999989515,960.0382282176163
62805,30.215349396633755,1446.0999999989515,960.0416231358346
62806,30.215349396633755,1446.1199999989515,960.0450180047113
62807,30.215349396633755,1446.1399999989515,960.0484128242471
62808,30.215349396633755,1446.1599999989514,960.0518075944424
62809,30.215349396633755,1446.1799999989514,960.0552023152978
62810,30.215349396633755,1446.1999999989514,960.058596986814
62811,30.215349396633755,1446.2199999989514,960.0619916089914
62812,30.215349396633755,1446.2399999989514,960.0653861818307
62813,30.215349396633755,1446.2599999989513,960.0687807053324
62814,30.215349396633755,1446.2799999989513,960.0721751794971
62815,30.215349396633755,1446.2999999989513,960.0755696043253
62816,30.215349396633755,1446.3199999989513,960.0789639798177
62817,30.215349396633755,1446.3399999989513,960.0823583059747
62818,30.215349396633755,1446.3599999989513,960.0857525827969
62819,30.215349396633755,1446.3799999989512,960.0891468102849
62820,30.215349396633755,1446.3999999989512,960.0925409884393
62821,30.215349396633755,1446.4199999989512,960.0959351172606
62822,30.215349396633755,1446.4399999989512,960.0993291967495
62823,30.215349396633755,1446.4599999989512,960.1027232269065
62824,30.215349396633755,1446.4799999989511,960.106117207732
62825,30.215349396633755,1446.4999999989511,960.1095111392268
62826,30.215349396633755,1446.519999998951,960.1129050213914
62827,30.215349396633755,1446.539999998951,960.1162988542262
62828,30.215349396633755,1446.559999998951,960.119692637732
62829,30.215349396633755,1446.579999998951,960.1230863719093
62830,30.215349396633755,1446.599999998951,960.1264800567586
62831,30.215349396633755,1446.619999998951,960.1298736922805
62832,30.215349396633755,1446.639999998951,960.1332672784756
62833,30.215349396633755,1446.659999998951,960.1366608153444
62834,30.215349396633755,1446.679999998951,960.1400543028875
62835,30.215349396633755,1446.699999998951,960.1434477411055
62836,30.215349396633755,1446.719999998951,960.146841129999
62837,30.215349396633755,1446.739999998951,960.1502344695684
62838,30.215349396633755,1446.759999998951,960.1536277598144
62839,30.215349396633755,1446.7799999989509,960.1570210007376
62840,30.215349396633755,1446.7999999989509,960.1604141923384
62841,30.215349396633755,1446.8199999989508,960.1638073346174
62842,30.215349396633755,1446.8399999989508,960.1672004275754
62843,30.215349396633755,1446.8599999989508,960.1705934712127
62844,30.215349396633755,1446.8799999989508,960.17398646553
62845,30.215349396633755,1446.8999999989508,960.1773794105278
62846,30.215349396633755,1446.9199999989507,960.1807723062067
62847,30.215349396633755,1446.9399999989507,960.1841651525673
62848,30.215349396633755,1446.9599999989507,960.1875579496366
62849,30.215349396633755,1446.9799999989507,960.1909506974677
62850,30.215349396633755,1446.9999999989507,960.194343396064
62851,30.215349396633755,1447.0199999989507,960.1977360454263
62852,30.215349396633755,1447.0399999989506,960.201128645555
62853,30.215349396633755,1447.0599999989506,960.2045211964505
62854,30.215349396633755,1447.0799999989506,960.2079136981137
62855,30.215349396633755,1447.0999999989506,960.2113061505449
62856,30.215349396633755,1447.1199999989506,960.2146985537449
62857,30.215349396633755,1447.1399999989505,960.2180909077141
62858,30.215349396633755,1447.1599999989505,960.2214832124531
62859,30.215349396633755,1447.1799999989505,960.2248754679625
62860,30.215349396633755,1447.1999999989505,960.2282676742429
62861,30.215349396633755,1447.2199999989505,960.2316598312948
62862,30.215349396633755,1447.2399999989505,960.2350519391188
62863,30.215349396633755,1447.2599999989504,960.2384439977154
62864,30.215349396633755,1447.2799999989504,960.2418360070852
62865,30.215349396633755,1447.2999999989504,960.2452279672289
62866,30.215349396633755,1447.3199999989504,960.2486198781469
62867,30.215349396633755,1447.3399999989504,960.2520117398398
62868,30.215349396633755,1447.3599999989503,960.2554035523082
62869,30.215349396633755,1447.3799999989503,960.2587953155527
62870,30.215349396633755,1447.3999999989503,960.2621870295737
62871,30.215349396633755,1447.4199999989503,960.265578694372
62872,30.215349396633755,1447.4399999989503,960.268970309948
62873,30.215349396633755,1447.4599999989503,960.2723618763024
62874,30.215349396633755,1447.4799999989502,960.2757533934357
62875,30.215349396633755,1447.4999999989502,960.2791448613484
62876,30.215349396633755,1447.5199999989502,960.2825362800412
62877,30.215349396633755,1447.5399999989502,960.2859276495145
62878,30.215349396633755,1447.5599999989502,960.289318969769
62879,30.215349396633755,1447.5799999989501,960.2927102408053
62880,30.215349396633755,1447.5999999989501,960.2961014626238
62881,30.215349396633755,1447.61999999895,960.2994926352252
62882,30.215349396633755,1447.63999999895,960.30288375861
62883,30.215349396633755,1447.65999999895,960.3062748327789
62884,30.215349396633755,1447.67999999895,960.3096658577323
62885,30.215349396633755,1447.69999999895,960.3130568334708
62886,30.215349396633755,1447.71999999895,960.3164477599951
62887,30.215349396633755,1447.73999999895,960.3198386373056
62888,30.215349396633755,1447.75999999895,960.3232294654028
62889,30.215349396633755,1447.77999999895,960.3266202442876
62890,30.215349396633755,1447.79999999895,960.3300109739603
62891,30.215349396633755,1447.81999999895,960.3334016544216
62892,30.215349396633755,1447.83999999895,960.3367922856719
62893,30.215349396633755,1447.85999999895,960.3401828677119
62894,30.215349396633755,1447.8799999989499,960.343573400542
62895,30.215349396633755,1447.8999999989499,960.3469638841631
62896,30.215349396633755,1447.9199999989498,960.3503543185755
62897,30.215349396633755,1447.9399999989498,960.3537447037797
62898,30.215349396633755,1447.9599999989498,960.3571350397766
62899,30.215349396633755,1447.9799999989498,960.3605253266005
62900,30.215349396633755,1447.9999999989498,960.3639155643051
62901,30.215349396633755,1448.0199999989497,960.367305752893
62902,30.215349396633755,1448.0399999989497,960.3706958923649
62903,30.215349396633755,1448.0599999989497,960.3740859827212
62904,30.177603670662204,1448.0799999989497,960.3774760239626
62905,30.177603670662204,1448.0999999989497,960.3808660160895
62906,30.177603670662204,1448.1199999989497,960.3842559591027
62907,30.177603670662204,1448.1399999989496,960.3876458530026
62908,30.177603670662204,1448.1599999989496,960.3910356977898
62909,30.177603670662204,1448.1799999989496,960.3944254934648
62910,30.177603670662204,1448.1999999989496,960.3978152400283
62911,30.177603670662204,1448.2199999989496,960.4012049374809
62912,30.177603670662204,1448.2399999989495,960.404594585823
62913,30.177603670662204,1448.2599999989495,960.4079841850553
62914,30.177603670662204,1448.2799999989495,960.4113737351782
62915,30.177603670662204,1448.2999999989495,960.4147632361925
62916,30.177603670662204,1448.3199999989495,960.4181526880985
62917,30.177603670662204,1448.3399999989495,960.421542090897
62918,30.177603670662204,1448.3599999989494,960.4249314445884
62919,30.177603670662204,1448.3799999989494,960.4283207491734
62920,30.177603670662204,1448.3999999989494,960.4317100046525
62921,30.177603670662204,1448.4199999989494,960.4350992110262
62922,30.177603670662204,1448.4399999989494,960.4384883682952
62923,30.177603670662204,1448.4599999989493,960.44187747646
62924,30.177603670662204,1448.4799999989493,960.4452665355212
62925,30.177603670662204,1448.4999999989493,960.4486555454794
62926,30.177603670662204,1448.5199999989493,960.452044506335
62927,30.177603670662204,1448.5399999989493,960.4554334180888
62928,30.177603670662204,1448.5599999989493,960.4588222807412
62929,30.177603670662204,1448.5799999989492,960.4622110942928
62930,30.177603670662204,1448.5999999989492,960.4655998587442
62931,30.177603670662204,1448.6199999989492,960.468988574096
62932,30.177603670662204,1448.6399999989492,960.4723772403487
62933,30.177603670662204,1448.6599999989492,960.4757658575028
62934,30.177603670662204,1448.6799999989491,960.4791544255589
62935,30.177603670662204,1448.6999999989491,960.4825429445177
62936,30.177603670662204,1448.719999998949,960.4859314143797
62937,30.177603670662204,1448.739999998949,960.4893198351455
62938,30.177603670662204,1448.759999998949,960.4927082068155
62939,30.177603670662204,1448.779999998949,960.4960965293903
62940,30.177603670662204,1448.799999998949,960.4994848028707
62941,30.177603670662204,1448.819999998949,960.5028730272571
62942,30.177603670662204,1448.839999998949,960.50626120255
62943,30.177603670662204,1448.859999998949,960.5096493287501
62944,30.177603670662204,1448.879999998949,960.513037405858
62945,30.177603670662204,1448.899999998949,960.516425433874
62946,30.177603670662204,1448.919999998949,960.519813412799
62947,30.177603670662204,1448.939999998949,960.5232013426332
62948,30.177603670662204,1448.959999998949,960.5265892233775
62949,30.177603670662204,1448.9799999989489,960.5299770550324
62950,30.177603670662204,1448.9999999989489,960.5333648376317
62951,30.177603670662204,1449.0199999989488,960.5367525712171
62952,30.177603670662204,1449.0399999989488,960.5401402557903
62953,30.177603670662204,1449.0599999989488,960.5435278913518
62954,30.177603670662204,1449.0799999989488,960.5469154779021
62955,30.177603670662204,1449.0999999989488,960.5503030154418
62956,30.177603670662204,1449.1199999989487,960.5536905039716
62957,30.177603670662204,1449.1399999989487,960.5570779434918
62958,30.177603670662204,1449.1599999989487,960.5604653340032
62959,30.177603670662204,1449.1799999989487,960.5638526755063
62960,30.177603670662204,1449.1999999989487,960.5672399680016
62961,30.177603670662204,1449.2199999989487,960.5706272114898
62962,30.177603670662204,1449.2399999989486,960.5740144059713
62963,30.177603670662204,1449.2599999989486,960.5774015514468
62964,30.177603670662204,1449.2799999989486,960.5807886479168
62965,30.177603670662204,1449.2999999989486,960.584175695382
62966,30.177603670662204,1449.3199999989486,960.5875626938428
62967,30.177603670662204,1449.3399999989485,960.5909496432997
62968,30.177603670662204,1449.3599999989485,960.5943365437535
62969,30.177603670662204,1449.3799999989485,960.5977233952046
62970,30.177603670662204,1449.3999999989485,960.6011101976537
62971,30.177603670662204,1449.4199999989485,960.6044969511013
62972,30.177603670662204,1449.4399999989485,960.6078836555479
62973,30.177603670662204,1449.4599999989484,960.6112703109941
62974,30.177603670662204,1449.4799999989484,960.6146569174406
62975,30.177603670662204,1449.4999999989484,960.6180434748878
62976,30.177603670662204,1449.5199999989484,960.6214299833364
62977,30.177603670662204,1449.5399999989484,960.6248164427868
62978,30.177603670662204,1449.5599999989483,960.6282028532397
62979,30.177603670662204,1449.5799999989483,960.6315892146956
62980,30.177603670662204,1449.5999999989483,960.6349755271551
62981,30.177603670662204,1449.6199999989483,960.6383617906189
62982,30.177603670662204,1449.6399999989483,960.6417480050874
62983,30.177603670662204,1449.6599999989483,960.6451341705612
62984,30.177603670662204,1449.6799999989482,960.6485202870408
62985,30.177603670662204,1449.6999999989482,960.6519063545269
62986,30.177603670662204,1449.7199999989482,960.65529237302
62987,30.177603670662204,1449.7399999989482,960.6586783425206
62988,30.177603670662204,1449.7599999989482,960.6620642630294
62989,30.177603670662204,1449.7799999989481,960.6654501345469
62990,30.177603670662204,1449.7999999989481,960.6688359570736
62991,30.177603670662204,1449.819999998948,960.6722217306102
62992,30.177603670662204,1449.839999998948,960.6756074551572
62993,30.177603670662204,1449.859999998948,960.6789931307152
62994,30.177603670662204,1449.879999998948,960.6823787572847
62995,30.177603670662204,1449.899999998948,960.6857643348663
62996,30.177603670662204,1449.919999998948,960.6891498634607
62997,30.177603670662204,1449.939999998948,960.6925353430681
62998,30.177603670662204,1449.959999998948,960.6959207736894
62999,30.177603670662204,1449.979999998948,960.6993061553251
63000,30.177603670662204,1449.999999998948,960.7026914879757
